"Index","Mass","Calibrated_Mass","Calculated_Mass","Peak_Height","Peak_Area","Resolving_Power","S_N","Ion_Charge","Error_ppm","Error_Score","Isotopologue_Similarity","Confidence_Score","DBE","OtoC_ratio","HtoC_ratio","Heteroatom_Class","Ion_Type","Is_Isotopologue","Mono_Isotopic_Index","Molecular_Formula","C","H","O","N","P","S","13C","33S","34S"
"16","236.107198","236.107371541","236.107436206","1608504.1","-9999","672458.3","26.57","-1","-0.273882504","0.986481447","0","0.591888868","1","0.375","2.375","N3 S1 O3","de-protonated","0","-9999","C8 H19 O3 N3 S1","8","19","3","3","-9999","1","-9999","-9999","-9999"
"26","257.079254","257.079419433","257.079563495","570554.3","-9999","972772.6","7.9","-1","-0.560379905","0.944613397","0","0.566768038","0","0.875","2.375","P1 O7","de-protonated","0","-9999","C8 H19 O7 P1","8","19","7","-9999","1","-9999","-9999","-9999","-9999"
"27","257.079632","257.079797433","257.079563495","519226.3","-9999","1002938.8","7.01","-1","0.909981445","0.86049151","0","0.516294906","0","0.875","2.375","P1 O7","de-protonated","0","-9999","C8 H19 O7 P1","8","19","7","-9999","1","-9999","-9999","-9999","-9999"
"33","263.082593","263.082756112","263.082601182","894274.6","-9999","632971.7","13.38","-1","0.58890245","0.93901154","0","0.563406924","12","0.125","0.75","N2 O2","de-protonated","0","-9999","C16 H12 O2 N2","16","12","2","2","-9999","-9999","-9999","-9999","-9999"
"34","265.134644","265.134806319","265.134636756","668855.5","-9999","698934.2","9.44","-1","0.639535011","0.928473513","0","0.557084108","10","0.058823529","1.058823529","N2 O1","de-protonated","0","-9999","C17 H18 O1 N2","17","18","1","2","-9999","-9999","-9999","-9999","-9999"
"38","268.039849","268.040010196","268.039750568","546818.4","-9999","562789.6","7.35","-1","0.968616928","0.843463576","0","0.506078145","7","0.4","1.1","N3 S1 O4","de-protonated","0","-9999","C10 H11 O4 N3 S1","10","11","4","3","-9999","1","-9999","-9999","-9999"
"40","269.035229","269.035389811","269.035650989","533039.9","-9999","819938.6","7.07","-1","-0.970792681","0.842818021","0","0.505690813","16","0.117647059","0.352941176","N2 O2","de-protonated","0","-9999","C17 H6 O2 N2","17","6","2","2","-9999","-9999","-9999","-9999","-9999"
"63","285.1006","285.100754601","285.100967646","572365.9","-9999","782647.2","7.57","-1","-0.747261749","0.903642945","0","0.542185767","5","0.333333333","1.583333333","N2 P1 O4","de-protonated","0","-9999","C12 H19 O4 N2 P1","12","19","4","2","1","-9999","-9999","-9999","-9999"
"66","285.136927","285.137081587","285.137353155","1165009.1","-9999","677672.9","17.48","-1","-0.952412717","0.848241169","0","0.508944702","4","0.230769231","1.769230769","N2 P1 O3","de-protonated","0","-9999","C13 H23 O3 N2 P1","13","23","3","2","1","-9999","-9999","-9999","-9999"
"69","289.038004","289.038157078","289.038367388","601130.7","-9999","746314.4","8","-1","-0.727617434","0.908406006","0","0.545043603","10","0.307692308","0.846153846","N2 P1 O4","de-protonated","0","-9999","C13 H11 O4 N2 P1","13","11","4","2","1","-9999","-9999","-9999","-9999"
"70","289.123084","289.123237046","289.123403367","685618.1","-9999","831562.2","9.4","-1","-0.575261062","0.941721252","0","0.56503275100000006","12","0.1","0.9","O2","de-protonated","0","-9999","C20 H18 O2","20","18","2","-9999","-9999","-9999","-9999","-9999","-9999"
"72","289.131836","289.131989042","289.132267775","880306.9","-9999","815399.9","12.63","-1","-0.964030724","0.844821187","0","0.506892712","3","0.333333333","1.916666667","N2 P1 O4","de-protonated","0","-9999","C12 H23 O4 N2 P1","12","23","4","2","1","-9999","-9999","-9999","-9999"
"73","291.053691","291.053843299","291.054017452","837211.6","-9999","738124.3","11.84","-1","-0.598353029","0.937101751","0","0.562261051","9","0.307692308","1","N2 P1 O4","de-protonated","0","-9999","C13 H13 O4 N2 P1","13","13","4","2","1","-9999","-9999","-9999","-9999"
"74","291.090096","291.090248285","291.090402962","900702.8","-9999","783492.6","12.88","-1","-0.531369207","0.950057639","0","0.570034584","8","0.214285714","1.214285714","N2 P1 O3","de-protonated","0","-9999","C14 H17 O3 N2 P1","14","17","3","2","1","-9999","-9999","-9999","-9999"
"75","291.101273","291.101425281","291.10116832","730079.7","-9999","724070","10.07","-1","0.882719104","0.868156267","0","0.52089376","2","0.076923077","1.923076923","S2 P1 O1","de-protonated","0","-9999","C13 H25 O1 P1 S2","13","25","1","-9999","1","2","-9999","-9999","-9999"
"75","291.101273","291.101425281","291.101636351","730079.7","-9999","724070","10.07","-1","-0.725073518","0.90901534","0","0.545409204","8","0.153846154","1.307692308","N4 P1 O2","de-protonated","0","-9999","C13 H17 O2 N4 P1","13","17","2","4","1","-9999","-9999","-9999","-9999"
"77","293.033028","293.033179534","293.033282007","831880.9","-9999","642136.5","11.75","-1","-0.349698667","0.978055163","0","0.586833098","9","0.416666667","0.916666667","N2 P1 O5","de-protonated","0","-9999","C12 H11 O5 N2 P1","12","11","5","2","1","-9999","-9999","-9999","-9999"
"78","293.06932","293.06947152","293.069667517","991372.1","-9999","604116","14.38","-1","-0.668771797","0.92205172","0","0.553231032","8","0.307692308","1.153846154","N2 P1 O4","de-protonated","0","-9999","C13 H15 O4 N2 P1","13","15","4","2","1","-9999","-9999","-9999","-9999"
"79","293.105963","293.106114506","293.106053026","585679.4","-9999","550601.6","7.68","-1","0.209752598","0.992048736","0","0.595229241","7","0.214285714","1.357142857","N2 P1 O3","de-protonated","0","-9999","C14 H19 O3 N2 P1","14","19","3","2","1","-9999","-9999","-9999","-9999"
"80","293.116994","293.117145502","293.117286415","839312.3","-9999","698107.6","11.87","-1","-0.480742026","0.958931983","0","0.57535919","7","0.153846154","1.461538462","N4 P1 O2","de-protonated","0","-9999","C13 H19 O2 N4 P1","13","19","2","4","1","-9999","-9999","-9999","-9999"
"81","293.17852","293.178671478","293.178824045","52819092","-9999","530764.6","869.45","-1","-0.520388857","0.964132602","0.983311943","0.971804338","5","0.0625","1.6875","N2 P1 O1","de-protonated","0","-9999","C16 H27 O1 N2 P1","16","27","1","2","1","-9999","-9999","-9999","-9999"
"82","293.18184","293.181991476","293.182195348","2990230","-9999","455431.6","47.35","-1","-0.695375094","0.91600003","0","0.549600018","0","0.076923077","2.384615385","N2 S1 P1 O1","de-protonated","0","-9999","C13 H31 O1 N2 P1 S1","13","31","1","2","1","1","-9999","-9999","-9999"
"83","294.181893","294.18204409","294.18217888","10335470","-9999","558162.5","168.54","-1","-0.458185313","0.967657139","0.983311943","0.97391906","5","0.0625","1.6875","13C1 N2 P1 O1","de-protonated","1","81","C15 H27 O1 N2 P1 13C1","15","27","1","2","1","-9999","1","-9999","-9999"
"83","294.181893","294.18204409","294.182315225","10335470","-9999","558162.5","168.54","-1","-0.921658305","0.428579298","0.860410506","0.601311781","5","0.2","1.666666667","N3 O3","de-protonated","0","-9999","C15 H25 O3 N3","15","25","3","3","-9999","-9999","-9999","-9999","-9999"
"85","295.048685","295.048835755","295.048932072","957242","-9999","586644.9","13.81","-1","-0.326444272","0.98084951","0","0.588509706","8","0.416666667","1.083333333","N2 P1 O5","de-protonated","0","-9999","C12 H13 O5 N2 P1","12","13","5","2","1","-9999","-9999","-9999","-9999"
"86","295.08508","295.085230741","295.085317581","953405.2","-9999","618422.5","13.75","-1","-0.294289308","0.984408249","0","0.59064495","7","0.307692308","1.307692308","N2 P1 O4","de-protonated","0","-9999","C13 H17 O4 N2 P1","13","17","4","2","1","-9999","-9999","-9999","-9999"
"89","295.121379","295.121529727","295.12170309","921536.4","-9999","602689.2","13.22","-1","-0.587431676","0.939306368","0","0.563583821","6","0.214285714","1.5","N2 P1 O3","de-protonated","0","-9999","C14 H21 O3 N2 P1","14","21","3","2","1","-9999","-9999","-9999","-9999"
"90","295.185279","295.185429702","295.185533715","813638","-9999","651132.1","11.44","-1","-0.352364556","0.972690104","0.983311943","0.976938839","5","0.0625","1.6875","13C2 N2 P1 O1","de-protonated","1","81","C14 H27 O1 N2 P1 13C2","14","27","1","2","1","-9999","2","-9999","-9999"
"92","297.04839","297.048539982","297.048541605","609962.7","-9999","507837","8.02","-1","-0.005463259","0.999994584","0","0.599996751","7","0.181818182","1.272727273","N4 S2 O2","de-protonated","0","-9999","C11 H14 O2 N4 S2","11","14","2","4","-9999","2","-9999","-9999","-9999"
"93","297.064289","297.064438976","297.064582136","1055212.1","-9999","678787","15.32","-1","-0.481917765","0.958735067","0","0.57524104","7","0.416666667","1.25","N2 P1 O5","de-protonated","0","-9999","C12 H15 O5 N2 P1","12","15","5","2","1","-9999","-9999","-9999","-9999"
"94","297.100708","297.100857961","297.100967646","762415.3","-9999","547007.7","10.52","-1","-0.369181324","0.975572773","0","0.585343664","6","0.307692308","1.461538462","N2 P1 O4","de-protonated","0","-9999","C13 H19 O4 N2 P1","13","19","4","2","1","-9999","-9999","-9999","-9999"
"95","297.137209","297.137358947","297.137353155","699186.6","-9999","472738.1","9.49","-1","0.019494051","0.999931049","0","0.599958629","5","0.214285714","1.642857143","N2 P1 O3","de-protonated","0","-9999","C14 H23 O3 N2 P1","14","23","3","2","1","-9999","-9999","-9999","-9999"
"99","298.159121","298.159270552","298.15947178","3927117.5","-9999","564446","62.39","-1","-0.6749004","0.460337509","0.86849267","0.623599573","4","0.142857143","1.785714286","N3 S1 O2","de-protonated","0","-9999","C14 H25 O2 N3 S1","14","25","2","3","-9999","1","-9999","-9999","-9999"
"100","299.046244","299.046393209","299.046215673","654172.9","-9999","521614","8.75","-1","0.593675038","0.938050401","0","0.562830241","16","0.166666667","0.444444444","N2 O3","de-protonated","0","-9999","C18 H8 O3 N2","18","8","3","2","-9999","-9999","-9999","-9999","-9999"
"101","299.080143","299.080292196","299.080232201","700448","-9999","567545.4","9.5","-1","0.200600147","0.992725021","0","0.595635012","6","0.416666667","1.416666667","N2 P1 O5","de-protonated","0","-9999","C12 H17 O5 N2 P1","12","17","5","2","1","-9999","-9999","-9999","-9999"
"102","299.116424","299.116573182","299.11661771","663459.3","-9999","831731","8.9","-1","-0.148864472","0.995987056","0","0.59759223400000006","5","0.307692308","1.615384615","N2 P1 O4","de-protonated","0","-9999","C13 H21 O4 N2 P1","13","21","4","2","1","-9999","-9999","-9999","-9999"
"105","301.001737","301.001885453","301.001981878","555533.8","-9999","616575.6","7.08","-1","-0.320346808","0.981551652","0","0.588930991","12","0.384615385","0.538461538","N2 P1 O5","de-protonated","0","-9999","C13 H7 O5 N2 P1","13","7","5","2","1","-9999","-9999","-9999","-9999"
"106","301.074565","301.074713425","301.074752897","622612.4","-9999","757617","8.17","-1","-0.131103249","0.996886107","0","0.598131664","10","0.2","1","N2 P1 O3","de-protonated","0","-9999","C15 H15 O3 N2 P1","15","15","3","2","1","-9999","-9999","-9999","-9999"
"109","301.132089","301.132237403","301.132267775","1074201.6","-9999","487565.5","15.52","-1","-0.100857761","0.998155954","0","0.598893572","4","0.307692308","1.769230769","N2 P1 O4","de-protonated","0","-9999","C13 H23 O4 N2 P1","13","23","4","2","1","-9999","-9999","-9999","-9999"
"111","301.168427","301.168575389","301.168653284","660572.9","-9999","797897.8","8.79","-1","-0.258642204","0.987935217","0","0.59276113","3","0.214285714","1.928571429","N2 P1 O3","de-protonated","0","-9999","C14 H27 O3 N2 P1","14","27","3","2","1","-9999","-9999","-9999","-9999"
"113","303.053845","303.05399266","303.054017452","856714.4","-9999","631740.7","11.98","-1","-0.081807698","0.998786392","0","0.599271835","10","0.285714286","0.928571429","N2 P1 O4","de-protonated","0","-9999","C14 H13 O4 N2 P1","14","13","4","2","1","-9999","-9999","-9999","-9999"
"114","303.090283","303.090430646","303.090402962","718733.8","-9999","537202","9.73","-1","0.091340444","0.998487305","0","0.599092383","9","0.2","1.133333333","N2 P1 O3","de-protonated","0","-9999","C15 H17 O3 N2 P1","15","17","3","2","1","-9999","-9999","-9999","-9999"
"115","305.033123","305.033269895","305.033282007","797380.1","-9999","621244","11.01","-1","-0.039708532","0.999713939","0","0.599828363","10","0.384615385","0.846153846","N2 P1 O5","de-protonated","0","-9999","C13 H11 O5 N2 P1","13","11","5","2","1","-9999","-9999","-9999","-9999"
"116","305.069574","305.069720881","305.069667517","1016263.6","-9999","629345.5","14.57","-1","0.17492442","0.994463317","0","0.59667799","9","0.285714286","1.071428571","N2 P1 O4","de-protonated","0","-9999","C14 H15 O4 N2 P1","14","15","4","2","1","-9999","-9999","-9999","-9999"
"117","305.105979","305.106125867","305.106053026","781771","-9999","717470.5","10.75","-1","0.23873899","0.989711389","0","0.593826833","8","0.2","1.266666667","N2 P1 O3","de-protonated","0","-9999","C15 H19 O3 N2 P1","15","19","3","2","1","-9999","-9999","-9999","-9999"
"118","305.142324","305.142470853","305.142438535","667918.4","-9999","593312.5","8.9","-1","0.105908934","0.997966814","0","0.598780088","7","0.125","1.4375","N2 P1 O2","de-protonated","0","-9999","C16 H23 O2 N2 P1","16","23","2","2","1","-9999","-9999","-9999","-9999"
"119","307.032852","307.032998122","307.03289154","1808772","-9999","523577.4","27.27","-1","0.347134625","0.978372296","0","0.587023377","9","0.166666667","1","N4 S2 O2","de-protonated","0","-9999","C12 H12 O2 N4 S2","12","12","2","4","-9999","2","-9999","-9999","-9999"
"120","307.048854","307.049000116","307.048932072","1181317.6","-9999","675954.5","17.13","-1","0.221605922","0.991128786","0","0.594677272","9","0.384615385","1","N2 P1 O5","de-protonated","0","-9999","C13 H13 O5 N2 P1","13","13","5","2","1","-9999","-9999","-9999","-9999"
"121","307.085199","307.085345102","307.085317581","1024137.1","-9999","666500","14.59","-1","0.08961829","0.998543767","0","0.59912626","8","0.285714286","1.214285714","N2 P1 O4","de-protonated","0","-9999","C14 H17 O4 N2 P1","14","17","4","2","1","-9999","-9999","-9999","-9999"
"122","307.121581","307.121727088","307.12170309","1218060.6","-9999","592036.4","17.73","-1","0.0781353","0.998892846","0","0.599335708","7","0.2","1.4","N2 P1 O3","de-protonated","0","-9999","C15 H21 O3 N2 P1","15","21","3","2","1","-9999","-9999","-9999","-9999"
"123","307.197808","307.197954058","307.197845413","1215380.1","-9999","590866.7","17.68","-1","0.353666406","0.977560019","0","0.586536011","0","0.071428571","2.357142857","N2 S1 P1 O1","de-protonated","0","-9999","C14 H33 O1 N2 P1 S1","14","33","1","2","1","1","-9999","-9999","-9999"
"124","309.028059","309.028204351","309.028196627","792520.6","-9999","457645.8","10.85","-1","0.024993245","0.999886662","0","0.599931997","9","0.5","0.916666667","N2 P1 O6","de-protonated","0","-9999","C12 H11 O6 N2 P1","12","11","6","2","1","-9999","-9999","-9999","-9999"
"126","309.06454","309.064685336","309.064962259","1202636.3","-9999","497938.5","17.47","-1","-0.896000483","0.864442866","0","0.518665719","3","0.727272727","1.636363636","S1 O8","de-protonated","0","-9999","C11 H18 O8 S1","11","18","8","-9999","-9999","1","-9999","-9999","-9999"
"126","309.06454","309.064685336","309.064582136","1202636.3","-9999","497938.5","17.47","-1","0.333911326","0.979972329","0","0.587983398","8","0.384615385","1.153846154","N2 P1 O5","de-protonated","0","-9999","C13 H15 O5 N2 P1","13","15","5","2","1","-9999","-9999","-9999","-9999"
"127","309.084974","309.085119329","309.084927114","933966.3","-9999","690929.8","13.13","-1","0.621882849","0.932232388","0","0.559339433","7","0.076923077","1.384615385","N4 S2 O1","de-protonated","0","-9999","C13 H18 O1 N4 S2","13","18","1","4","-9999","2","-9999","-9999","-9999"
"128","309.100898","309.101043322","309.101347768","1509967.9","-9999","599496.2","22.44","-1","-0.984938316","0.838597854","0","0.503158712","2","0.583333333","1.833333333","S1 O7","de-protonated","0","-9999","C12 H22 O7 S1","12","22","7","-9999","-9999","1","-9999","-9999","-9999"
"128","309.100898","309.101043322","309.100967646","1509967.9","-9999","599496.2","22.44","-1","0.244828606","0.989182708","0","0.593509625","7","0.285714286","1.357142857","N2 P1 O4","de-protonated","0","-9999","C14 H19 O4 N2 P1","14","19","4","2","1","-9999","-9999","-9999","-9999"
"129","309.137302","309.137447308","309.137733277","893523.5","-9999","508783.9","12.48","-1","-0.925054283","0.856183759","0","0.513710255","1","0.461538462","2","S1 O6","de-protonated","0","-9999","C13 H26 O6 S1","13","26","6","-9999","-9999","1","-9999","-9999","-9999"
"129","309.137302","309.137447308","309.137353155","893523.5","-9999","508783.9","12.48","-1","0.304567969","0.983309379","0","0.589985627","6","0.2","1.533333333","N2 P1 O3","de-protonated","0","-9999","C15 H23 O3 N2 P1","15","23","3","2","1","-9999","-9999","-9999","-9999"
"130","309.155992","309.156137301","309.156360722","677013.3","-9999","595653","8.98","-1","-0.722679679","0.909587149","0","0.545752289","0","0.214285714","2.142857143","S2 O3","de-protonated","0","-9999","C14 H30 O3 S2","14","30","3","-9999","-9999","2","-9999","-9999","-9999"
"132","309.173727","309.173872294","309.174118787","4306007","-9999","536626.1","67.63","-1","-0.797261481","0.935493081","0.997641419","0.960352416","0","0.357142857","2.142857143","S1 O5","de-protonated","0","-9999","C14 H30 O5 S1","14","30","5","-9999","-9999","1","-9999","-9999","-9999"
"132","309.173727","309.173872294","309.173738664","4306007","-9999","536626.1","67.63","-1","0.432216219","0.916240891","0.98162613","0.942394986","5","0.125","1.6875","N2 P1 O2","de-protonated","0","-9999","C16 H27 O2 N2 P1","16","27","2","2","1","-9999","-9999","-9999","-9999"
"133","309.177057","309.177202293","309.177109968","1872215.5","-9999","660509","28.3","-1","0.29861621","0.983950117","0","0.59037007","0","0.153846154","2.384615385","N2 S1 P1 O2","de-protonated","0","-9999","C13 H31 O2 N2 P1 S1","13","31","2","2","1","1","-9999","-9999","-9999"
"134","310.176828","310.176972906","310.177093499","613628.3","-9999","608955.5","7.95","-1","0.891126073","0.865810313","0.98162613","0.91213664","5","0.125","1.6875","13C1 N2 P1 O2","de-protonated","1","132","C15 H27 O2 N2 P1 13C1","15","27","2","2","1","-9999","1","-9999","-9999"
"134","310.176828","310.176972906","310.177229845","613628.3","-9999","608955.5","7.95","-1","-0.828360519","0.882932374","0","0.529759424","5","0.266666667","1.666666667","N3 O4","de-protonated","0","-9999","C15 H25 O4 N3","15","25","4","3","-9999","-9999","-9999","-9999","-9999"
"135","310.177225","310.177369906","310.177473622","638588.3","-9999","596409.4","8.36","-1","-0.334375103","0.97991722","0.997641419","0.9870069","0","0.357142857","2.142857143","13C1 S1 O5","de-protonated","1","132","C13 H30 O5 S1 13C1","13","30","5","-9999","-9999","1","1","-9999","-9999"
"135","310.177225","310.177369906","310.177093499","638588.3","-9999","596409.4","8.36","-1","0.891126073","0.865810313","0.98162613","0.91213664","5","0.125","1.6875","13C1 N2 P1 O2","de-protonated","1","132","C15 H27 O2 N2 P1 13C1","15","27","2","2","1","-9999","1","-9999","-9999"
"135","310.177225","310.177369906","310.177229845","638588.3","-9999","596409.4","8.36","-1","0.451552409","0.963678727","0","0.578207236","5","0.266666667","1.666666667","N3 O4","de-protonated","0","-9999","C15 H25 O4 N3","15","25","4","3","-9999","-9999","-9999","-9999","-9999"
"138","311.043908","311.044052571","311.044226814","941460.9","-9999","574074.4","13.25","-1","-0.560186133","0.944650614","0","0.566790368","3","0.9","1.6","S1 O9","de-protonated","0","-9999","C10 H16 O9 S1","10","16","9","-9999","-9999","1","-9999","-9999","-9999"
"138","311.043908","311.044052571","311.043846691","941460.9","-9999","574074.4","13.25","-1","0.661899792","0.923582891","0","0.554149735","8","0.5","1.083333333","N2 P1 O6","de-protonated","0","-9999","C12 H13 O6 N2 P1","12","13","6","2","1","-9999","-9999","-9999","-9999"
"139","311.080271","311.080415557","311.080612323","1056024.6","-9999","509937.8","15.1","-1","-0.632524376","0.929977138","0","0.557986283","2","0.727272727","1.818181818","S1 O8","de-protonated","0","-9999","C11 H20 O8 S1","11","20","8","-9999","-9999","1","-9999","-9999","-9999"
"139","311.080271","311.080415557","311.080232201","1056024.6","-9999","509937.8","15.1","-1","0.589418519","0.938907937","0","0.563344762","7","0.384615385","1.307692308","N2 P1 O5","de-protonated","0","-9999","C13 H17 O5 N2 P1","13","17","5","2","1","-9999","-9999","-9999","-9999"
"141","311.095575","311.095719551","311.095868465","668570.2","-9999","501124.2","8.84","-1","-0.478673269","0.959277394","0","0.575566436","6","0.333333333","1.333333333","S1 O5","de-protonated","0","-9999","C15 H20 O5 S1","15","20","5","-9999","-9999","1","-9999","-9999","-9999"
"141","311.095575","311.095719551","311.095488342","668570.2","-9999","501124.2","8.84","-1","0.74320989","0.904633701","0","0.542780221","11","0.117647059","1","N2 P1 O2","de-protonated","0","-9999","C17 H17 O2 N2 P1","17","17","2","2","1","-9999","-9999","-9999","-9999"
"142","311.116661","311.116805543","311.116997833","1524508.4","-9999","571901.5","22.67","-1","-0.61806166","0.933034187","0","0.559820512","1","0.583333333","2","S1 O7","de-protonated","0","-9999","C12 H24 O7 S1","12","24","7","-9999","-9999","1","-9999","-9999","-9999"
"142","311.116661","311.116805543","311.11661771","1524508.4","-9999","571901.5","22.67","-1","0.603738346","0.936001646","0","0.561600987","6","0.285714286","1.5","N2 P1 O4","de-protonated","0","-9999","C14 H21 O4 N2 P1","14","21","4","2","1","-9999","-9999","-9999","-9999"
"143","311.153133","311.153277529","311.153383342","604576.1","-9999","564062.9","7.81","-1","-0.340066807","0.979234914","0","0.587540949","0","0.461538462","2.153846154","S1 O6","de-protonated","0","-9999","C13 H28 O6 S1","13","28","6","-9999","-9999","1","-9999","-9999","-9999"
"143","311.153133","311.153277529","311.153003219","604576.1","-9999","564062.9","7.81","-1","0.881590663","0.868469945","0","0.521081967","5","0.2","1.666666667","N2 P1 O3","de-protonated","0","-9999","C15 H25 O3 N2 P1","15","25","3","2","1","-9999","-9999","-9999","-9999"
"145","312.159535","312.15967914","312.159865703","2030984.8","-9999","513992.7","30.63","-1","-0.597653669","0.937243986","0","0.562346392","0","0.454545455","2.454545455","N3 S1 O5","de-protonated","0","-9999","C11 H27 O5 N3 S1","11","27","5","3","-9999","1","-9999","-9999","-9999"
"147","312.175007","312.175151134","312.175121845","12792714","-9999","544530.6","203.3","-1","0.093823106","0.665333496","0.909651041","0.763060514","4","0.133333333","1.8","N3 S1 O2","de-protonated","0","-9999","C15 H27 O2 N3 S1","15","27","2","3","-9999","1","-9999","-9999","-9999"
"152","313.033593","313.033736802","313.033876605","1859812.9","-9999","565338.2","27.88","-1","-0.446606865","0.964455741","0","0.578673444","2","0.5","1.9","S2 P1 O5","de-protonated","0","-9999","C10 H19 O5 P1 S2","10","19","5","-9999","1","2","-9999","-9999","-9999"
"153","313.059564","313.059707792","313.059876878","892391.6","-9999","480283.2","12.36","-1","-0.540108652","0.94844476","0","0.569066856","2","0.9","1.8","S1 O9","de-protonated","0","-9999","C10 H18 O9 S1","10","18","9","-9999","-9999","1","-9999","-9999","-9999"
"153","313.059564","313.059707792","313.059496756","892391.6","-9999","480283.2","12.36","-1","0.674108832","0.920853423","0","0.552512054","7","0.5","1.25","N2 P1 O6","de-protonated","0","-9999","C12 H15 O6 N2 P1","12","15","6","2","1","-9999","-9999","-9999","-9999"
"154","313.095883","313.096026778","313.096262388","1119595.5","-9999","570939.6","16.01","-1","-0.752515334","0.902351956","0","0.541411173","1","0.727272727","2","S1 O8","de-protonated","0","-9999","C11 H22 O8 S1","11","22","8","-9999","-9999","1","-9999","-9999","-9999"
"154","313.095883","313.096026778","313.095882265","1119595.5","-9999","570939.6","16.01","-1","0.461560785","0.96208206","0","0.577249236","6","0.384615385","1.461538462","N2 P1 O5","de-protonated","0","-9999","C13 H19 O5 N2 P1","13","19","5","2","1","-9999","-9999","-9999","-9999"
"155","313.132275","313.132418764","313.132647897","1159919.4","-9999","578165.6","16.66","-1","-0.731744706","0.907413752","0","0.544448251","0","0.583333333","2.166666667","S1 O7","de-protonated","0","-9999","C12 H26 O7 S1","12","26","7","-9999","-9999","1","-9999","-9999","-9999"
"155","313.132275","313.132418764","313.132267775","1159919.4","-9999","578165.6","16.66","-1","0.482190366","0.958689349","0","0.575213609","5","0.285714286","1.642857143","N2 P1 O4","de-protonated","0","-9999","C14 H23 O4 N2 P1","14","23","4","2","1","-9999","-9999","-9999","-9999"
"156","313.16633","313.166473751","313.16653148300003","692211","-9999","942274.4","9.15","-1","-0.184349912","0.99385246","0","0.596311476","3","0.058823529","1.764705882","S2 O1","de-protonated","0","-9999","C17 H30 O1 S2","17","30","1","-9999","-9999","2","-9999","-9999","-9999"
"158","313.175931","313.176074747","313.176047339","573940","-9999","741254.8","7.25","-1","0.087515683","0.998611251","0","0.59916675","3","0.058823529","1.823529412","S1 P1 O1","de-protonated","0","-9999","C17 H31 O1 P1 S1","17","31","1","-9999","1","1","-9999","-9999","-9999"
"159","313.178369","313.178512746","313.17847668","1129588.3","-9999","605744.7","16.17","-1","0.115162075","0.66506431","0.909651041","0.762899002","4","0.133333333","1.8","13C1 N3 S1 O2","de-protonated","1","147","C14 H27 O2 N3 S1 13C1","14","27","2","3","-9999","1","1","-9999","-9999"
"160","314.117643","314.117786383","314.11800089","983769.1","-9999","525952.8","13.83","-1","-0.682888331","0.918864932","0","0.551318959","5","0.307692308","1.615384615","N3 S1 O4","de-protonated","0","-9999","C13 H21 O4 N3 S1","13","21","4","3","-9999","1","-9999","-9999","-9999"
"161","314.138772","314.138915375","314.139130259","1042907.4","-9999","482044.7","14.78","-1","-0.684040047","0.918602489","0","0.551161493","0","0.6","2.5","N3 S1 O6","de-protonated","0","-9999","C10 H25 O6 N3 S1","10","25","6","3","-9999","1","-9999","-9999","-9999"
"163","315.001725","315.001868041","315.001591411","761145.5","-9999","646609","10.25","-1","0.878186066","0.869414589","0","0.521648753","12","0.153846154","0.615384615","N4 S2 O2","de-protonated","0","-9999","C13 H8 O2 N4 S2","13","8","2","4","-9999","2","-9999","-9999","-9999"
"165","315.053947","315.054090021","315.054397575","581279.2","-9999","482473.2","7.37","-1","-0.976192532","0.841211754","0","0.504727052","6","0.538461538","1.230769231","S1 O7","de-protonated","0","-9999","C13 H16 O7 S1","13","16","7","-9999","-9999","1","-9999","-9999","-9999"
"165","315.053947","315.054090021","315.054017452","581279.2","-9999","482473.2","7.37","-1","0.230337549","0.990419359","0","0.594251616","11","0.266666667","0.866666667","N2 P1 O4","de-protonated","0","-9999","C15 H13 O4 N2 P1","15","13","4","2","1","-9999","-9999","-9999","-9999"
"166","315.075262","315.075405013","315.075526943","619329.6","-9999","466959.2","7.98","-1","-0.386986737","0.973192353","0","0.583915412","1","0.9","2","S1 O9","de-protonated","0","-9999","C10 H20 O9 S1","10","20","9","-9999","-9999","1","-9999","-9999","-9999"
"166","315.075262","315.075405013","315.07514682","619329.6","-9999","466959.2","7.98","-1","0.819463143","0.885284344","0","0.531170606","6","0.5","1.416666667","N2 P1 O6","de-protonated","0","-9999","C12 H17 O6 N2 P1","12","17","6","2","1","-9999","-9999","-9999","-9999"
"167","315.090525","315.090668007","315.090783084","647363.3","-9999","585391.7","8.43","-1","-0.365219317","0.976087973","0","0.585652784","5","0.428571429","1.428571429","S1 O6","de-protonated","0","-9999","C14 H20 O6 S1","14","20","6","-9999","-9999","1","-9999","-9999","-9999"
"167","315.090525","315.090668007","315.090402962","647363.3","-9999","585391.7","8.43","-1","0.841172175","0.879512273","0","0.527707364","10","0.1875","1.0625","N2 P1 O3","de-protonated","0","-9999","C16 H17 O3 N2 P1","16","17","3","2","1","-9999","-9999","-9999","-9999"
"168","315.111547","315.111689999","315.111912452","986053.6","-9999","634015.1","13.86","-1","-0.705950548","0.913540209","0","0.548124125","0","0.727272727","2.181818182","S1 O8","de-protonated","0","-9999","C11 H24 O8 S1","11","24","8","-9999","-9999","1","-9999","-9999","-9999"
"168","315.111547","315.111689999","315.11153233","986053.6","-9999","634015.1","13.86","-1","0.500359639","0.955588927","0","0.573353356","5","0.384615385","1.615384615","N2 P1 O5","de-protonated","0","-9999","C13 H21 O5 N2 P1","13","21","5","2","1","-9999","-9999","-9999","-9999"
"169","315.122837","315.122979994","315.123145841","2977478.8","-9999","524823.8","45.81","-1","-0.526292924","0.950983633","0","0.57059018","0","0.7","2.4","N2 S1 O7","de-protonated","0","-9999","C10 H24 O7 N2 S1","10","24","7","2","-9999","1","-9999","-9999","-9999"
"169","315.122837","315.122979994","315.122765719","2977478.8","-9999","524823.8","45.81","-1","0.679974478","0.919527273","0","0.551716364","5","0.333333333","1.75","N4 P1 O4","de-protonated","0","-9999","C12 H21 O4 N4 P1","12","21","4","4","1","-9999","-9999","-9999","-9999"
"170","315.126866","315.127008993","315.127168593","589255.3","-9999","746722.6","7.5","-1","-0.506464232","0.954523821","0","0.572714292","4","0.333333333","1.6","S1 O5","de-protonated","0","-9999","C15 H24 O5 S1","15","24","5","-9999","-9999","1","-9999","-9999","-9999"
"170","315.126866","315.127008993","315.126788471","589255.3","-9999","746722.6","7.5","-1","0.699787795","0.914977359","0","0.548986415","9","0.117647059","1.235294118","N2 P1 O2","de-protonated","0","-9999","C17 H21 O2 N2 P1","17","21","2","2","1","-9999","-9999","-9999","-9999"
"177","317.033402","317.033544256","317.03366213","728604.8","-9999","709735.8","9.73","-1","-0.371803076","0.975228947","0","0.585137368","6","0.666666667","1.166666667","S1 O8","de-protonated","0","-9999","C12 H14 O8 S1","12","14","8","-9999","-9999","1","-9999","-9999","-9999"
"177","317.033402","317.033544256","317.033282007","728604.8","-9999","709735.8","9.73","-1","0.827195264","0.88324149","0","0.529944894","11","0.357142857","0.785714286","N2 P1 O5","de-protonated","0","-9999","C14 H11 O5 N2 P1","14","11","5","2","1","-9999","-9999","-9999","-9999"
"178","317.069765","317.069907242","317.070047639","1248160.9","-9999","579295.5","18.06","-1","-0.442796471","0.965048991","0","0.579029395","5","0.538461538","1.384615385","S1 O7","de-protonated","0","-9999","C13 H18 O7 S1","13","18","7","-9999","-9999","1","-9999","-9999","-9999"
"178","317.069765","317.069907242","317.069667517","1248160.9","-9999","579295.5","18.06","-1","0.756064192","0.901475811","0","0.540885487","10","0.266666667","1","N2 P1 O4","de-protonated","0","-9999","C15 H15 O4 N2 P1","15","15","4","2","1","-9999","-9999","-9999","-9999"
"179","317.106186","317.106328228","317.106433149","860197","-9999","475090.1","11.84","-1","-0.330869755","0.980331933","0","0.58819916","4","0.428571429","1.571428571","S1 O6","de-protonated","0","-9999","C14 H22 O6 S1","14","22","6","-9999","-9999","1","-9999","-9999","-9999"
"179","317.106186","317.106328228","317.106053026","860197","-9999","475090.1","11.84","-1","0.867853481","0.87226531","0","0.523359186","9","0.1875","1.1875","N2 P1 O3","de-protonated","0","-9999","C16 H19 O3 N2 P1","16","19","3","2","1","-9999","-9999","-9999","-9999"
"180","317.127276","317.127418219","317.127182394","767271.4","-9999","721645.8","10.27","-1","0.743630291","0.904531106","0","0.542718663","4","0.384615385","1.769230769","N2 P1 O5","de-protonated","0","-9999","C13 H23 O5 N2 P1","13","23","5","2","1","-9999","-9999","-9999","-9999"
"181","317.14252","317.142662214","317.142818658","1288361.1","-9999","617332","18.57","-1","-0.493292974","0.956807217","0","0.57408433","3","0.333333333","1.733333333","S1 O5","de-protonated","0","-9999","C15 H26 O5 S1","15","26","5","-9999","-9999","1","-9999","-9999","-9999"
"181","317.14252","317.142662214","317.142438535","1288361.1","-9999","617332","18.57","-1","0.705292539","0.913694149","0","0.548216489","8","0.117647059","1.352941176","N2 P1 O2","de-protonated","0","-9999","C17 H23 O2 N2 P1","17","23","2","2","1","-9999","-9999","-9999","-9999"
"182","317.163656","317.163798205","317.163567903","625771.6","-9999","490075.5","8.02","-1","0.726129947","0.908762507","0","0.545257504","3","0.285714286","1.928571429","N2 P1 O4","de-protonated","0","-9999","C14 H27 O4 N2 P1","14","27","4","2","1","-9999","-9999","-9999","-9999"
"183","318.112688","318.112829839","318.11291551","683160.9","-9999","555033.4","8.93","-1","-0.269311663","0.986925967","0","0.59215558","4","0.416666667","1.75","N3 S1 O5","de-protonated","0","-9999","C12 H21 O5 N3 S1","12","21","5","3","-9999","1","-9999","-9999","-9999"
"185","319.049054","319.049195477","319.049312194","1291910.8","-9999","579900.4","18.62","-1","-0.36582989","0.976008922","0","0.585605353","5","0.666666667","1.333333333","S1 O8","de-protonated","0","-9999","C12 H16 O8 S1","12","16","8","-9999","-9999","1","-9999","-9999","-9999"
"185","319.049054","319.049195477","319.048932072","1291910.8","-9999","579900.4","18.62","-1","0.825593565","0.883665852","0","0.530199511","10","0.357142857","0.928571429","N2 P1 O5","de-protonated","0","-9999","C14 H13 O5 N2 P1","14","13","5","2","1","-9999","-9999","-9999","-9999"
"186","319.085484","319.085625462","319.085697704","1301899","-9999","498030.3","18.78","-1","-0.226400646","0.990742555","0","0.594445533","4","0.538461538","1.538461538","S1 O7","de-protonated","0","-9999","C13 H20 O7 S1","13","20","7","-9999","-9999","1","-9999","-9999","-9999"
"186","319.085484","319.085625462","319.085317581","1301899","-9999","498030.3","18.78","-1","0.964887116","0.844568001","0","0.506740801","9","0.266666667","1.133333333","N2 P1 O4","de-protonated","0","-9999","C15 H17 O4 N2 P1","15","17","4","2","1","-9999","-9999","-9999","-9999"
"187","319.121809","319.121950448","319.122083213","1161423.3","-9999","436567.6","16.54","-1","-0.416030754","0.969082601","0","0.581449561","3","0.428571429","1.714285714","S1 O6","de-protonated","0","-9999","C14 H24 O6 S1","14","24","6","-9999","-9999","1","-9999","-9999","-9999"
"187","319.121809","319.121950448","319.12170309","1161423.3","-9999","436567.6","16.54","-1","0.775120955","0.89671549800000006","0","0.538029299","8","0.1875","1.3125","N2 P1 O3","de-protonated","0","-9999","C16 H21 O3 N2 P1","16","21","3","2","1","-9999","-9999","-9999","-9999"
"189","321.028381","321.028521711","321.028576749","917493.4","-9999","673875.1","12.66","-1","-0.171442887","0.994680936","0","0.596808562","5","0.818181818","1.272727273","S1 O9","de-protonated","0","-9999","C11 H14 O9 S1","11","14","9","-9999","-9999","1","-9999","-9999","-9999"
"190","321.048708","321.048848704","321.048541605","2055287.9","-9999","551797","30.77","-1","0.956549886","0.847026487","0","0.508215892","9","0.153846154","1.076923077","N4 S2 O2","de-protonated","0","-9999","C13 H14 O2 N4 S2","13","14","2","4","-9999","2","-9999","-9999","-9999"
"191","321.064787","321.064927697","321.064962259","1608569.9","-9999","582893.9","23.66","-1","-0.107646408","0.997899627","0","0.598739776","4","0.666666667","1.5","S1 O8","de-protonated","0","-9999","C12 H18 O8 S1","12","18","8","-9999","-9999","1","-9999","-9999","-9999"
"192","321.101199","321.101339683","321.101347768","1993342.3","-9999","590512.9","29.79","-1","-0.025178706","0.999884974","0","0.599930984","3","0.538461538","1.692307692","S1 O7","de-protonated","0","-9999","C13 H22 O7 S1","13","22","7","-9999","-9999","1","-9999","-9999","-9999"
"195","321.137507","321.137647669","321.137733277","1470850.8","-9999","550931.5","21.47","-1","-0.266578149","0.987188324","0","0.592312995","2","0.428571429","1.857142857","S1 O6","de-protonated","0","-9999","C14 H26 O6 S1","14","26","6","-9999","-9999","1","-9999","-9999","-9999"
"195","321.137507","321.137647669","321.137353155","1470850.8","-9999","550931.5","21.47","-1","0.917097356","0.858463939","0","0.515078364","7","0.1875","1.4375","N2 P1 O3","de-protonated","0","-9999","C16 H23 O3 N2 P1","16","23","3","2","1","-9999","-9999","-9999","-9999"
"196","321.213671","321.21381164","321.213495477","1361036.1","-9999","563697","19.72","-1","0.984276059","0.838796317","0","0.50327779","0","0.066666667","2.333333333","N2 S1 P1 O1","de-protonated","0","-9999","C15 H35 O1 N2 P1 S1","15","35","1","2","1","1","-9999","-9999","-9999"
"201","323.044009","323.044148932","323.044226814","1316722.1","-9999","603461","18.74","-1","-0.241086929","0.989509092","0","0.593705455","4","0.818181818","1.454545455","S1 O9","de-protonated","0","-9999","C11 H16 O9 S1","11","16","9","-9999","-9999","1","-9999","-9999","-9999"
"201","323.044009","323.044148932","323.043846691","1316722.1","-9999","603461","18.74","-1","0.93560296","0.853139987","0","0.511883992","9","0.461538462","1","N2 P1 O6","de-protonated","0","-9999","C13 H13 O6 N2 P1","13","13","6","2","1","-9999","-9999","-9999","-9999"
"202","323.045719","323.045858931","323.045564224","750834.3","-9999","660330.8","9.86","-1","0.912277124","0.859838595","0","0.515903157","9","0.416666667","1","N4 S1 O5","de-protonated","0","-9999","C12 H12 O5 N4 S1","12","12","5","4","-9999","1","-9999","-9999","-9999"
"204","323.080446","323.080585918","323.080612323","2060918.8","-9999","556270.2","30.43","-1","-0.081729376","0.998788713","0","0.599273228","3","0.666666667","1.666666667","S1 O8","de-protonated","0","-9999","C12 H20 O8 S1","12","20","8","-9999","-9999","1","-9999","-9999","-9999"
"205","323.116825","323.116964904","323.116997833","2113403.5","-9999","568558.4","31.25","-1","-0.101909187","0.998117342","0","0.598870405","2","0.538461538","1.846153846","S1 O7","de-protonated","0","-9999","C13 H24 O7 S1","13","24","7","-9999","-9999","1","-9999","-9999","-9999"
"206","323.153312","323.15345189","323.153383342","974208.1","-9999","492638.8","13.37","-1","0.212122038","0.991868817","0","0.59512129","1","0.428571429","2","S1 O6","de-protonated","0","-9999","C14 H28 O6 S1","14","28","6","-9999","-9999","1","-9999","-9999","-9999"
"207","323.171823","323.171962883","323.172010787","1024386.5","-9999","645559.4","14.15","-1","-0.148230076","0.996021118","0","0.597612671","0","0.2","2.133333333","S2 O3","de-protonated","0","-9999","C15 H32 O3 S2","15","32","3","-9999","-9999","2","-9999","-9999","-9999"
"208","324.103147","324.103286523","324.103002275","690043.1","-9999","429836.4","8.9","-1","0.877029829","0.869734801","0","0.521840881","16","0.090909091","0.681818182","N1 O2","de-protonated","0","-9999","C22 H15 O2 N1","22","15","2","1","-9999","-9999","-9999","-9999","-9999"
"214","325.043686","325.043825159","325.044107673","807543.3","-9999","635326.1","10.74","-1","-0.869154993","0.871907574","0","0.523144544","17","0.05","0.5","N2 S1 O1","de-protonated","0","-9999","C20 H10 O1 N2 S1","20","10","1","2","-9999","1","-9999","-9999","-9999"
"215","325.059789","325.059928153","325.059876878","1495417.4","-9999","529201.1","21.54","-1","0.15773871","0.99549546","0","0.597297276","3","0.818181818","1.636363636","S1 O9","de-protonated","0","-9999","C11 H18 O9 S1","11","18","9","-9999","-9999","1","-9999","-9999","-9999"
"217","325.096112","325.096251139","325.096262388","2474366.3","-9999","552775.3","36.92","-1","-0.034601647","0.99978278","0","0.599869668","2","0.666666667","1.833333333","S1 O8","de-protonated","0","-9999","C12 H22 O8 S1","12","22","8","-9999","-9999","1","-9999","-9999","-9999"
"218","325.132561","325.132700125","325.132647897","1351299.1","-9999","572447.6","19.28","-1","0.160635031","0.995328912","0","0.597197347","1","0.538461538","2","S1 O7","de-protonated","0","-9999","C13 H26 O7 S1","13","26","7","-9999","-9999","1","-9999","-9999","-9999"
"219","325.168869","325.169008111","325.169033406","821511.9","-9999","644935.1","10.96","-1","-0.077792442","0.998902536","0","0.599341522","0","0.428571429","2.142857143","S1 O6","de-protonated","0","-9999","C14 H30 O6 S1","14","30","6","-9999","-9999","1","-9999","-9999","-9999"
"220","325.179781","325.179920106","325.179886673","930505.4","-9999","465908.8","12.67","-1","0.102814841","0.998083764","0","0.598850258","5","0.133333333","1.8","N4 P1 O2","de-protonated","0","-9999","C15 H27 O2 N4 P1","15","27","2","4","1","-9999","-9999","-9999","-9999"
"221","325.180389","325.180528106","325.180266796","850313.5","-9999","487145.6","11.42","-1","0.80358678","0.889433265","0","0.533659959","0","0.384615385","2.307692308","N2 S1 O5","de-protonated","0","-9999","C13 H30 O5 N2 S1","13","30","5","2","-9999","1","-9999","-9999","-9999"
"222","325.180905","325.181044106","325.180918244","870665.6","-9999","558473.1","11.74","-1","0.38705126","0.973183534","0","0.58391012","9","0.142857143","1.238095238","O3","de-protonated","0","-9999","C21 H26 O3","21","26","3","-9999","-9999","-9999","-9999","-9999","-9999"
"228","326.17559","326.175728722","326.175515768","662351.9","-9999","486980.1","8.46","-1","0.652880495","0.925572294","0","0.555343377","0","0.416666667","2.416666667","N3 S1 O5","de-protonated","0","-9999","C12 H29 O5 N3 S1","12","29","5","3","-9999","1","-9999","-9999","-9999"
"229","326.190921","326.191059716","326.190771909","16321042","-9999","532929.2","254.32","-1","0.882325437","0.28942191","0.821157481","0.502116138","4","0.125","1.8125","N3 S1 O2","de-protonated","0","-9999","C16 H29 O2 N3 S1","16","29","2","3","-9999","1","-9999","-9999","-9999"
"235","327.075469","327.075607374","327.075526943","1630091.9","-9999","577555.9","23.66","-1","0.245909046","0.989087547","0","0.593452528","2","0.818181818","1.818181818","S1 O9","de-protonated","0","-9999","C11 H20 O9 S1","11","20","9","-9999","-9999","1","-9999","-9999","-9999"
"236","327.090813","327.090951368","327.090783084","583758","-9999","344875.2","7.23","-1","0.514485941","0.953106431","0","0.571863858","6","0.4","1.333333333","S1 O6","de-protonated","0","-9999","C15 H20 O6 S1","15","20","6","-9999","-9999","1","-9999","-9999","-9999"
"238","327.111845","327.11198336","327.111912452","2519697","-9999","533692.6","37.62","-1","0.216768072","0.99151026","0","0.594906156","1","0.666666667","2","S1 O8","de-protonated","0","-9999","C12 H24 O8 S1","12","24","8","-9999","-9999","1","-9999","-9999","-9999"
"239","327.127203","327.127341354","327.127168593","870035.1","-9999","545642.4","11.72","-1","0.528113247","0.950652496","0","0.570391498","5","0.3125","1.5","S1 O5","de-protonated","0","-9999","C16 H24 O5 S1","16","24","5","-9999","-9999","1","-9999","-9999","-9999"
"240","327.13427","327.134408351","327.134379231","886804","-9999","667907.7","11.98","-1","0.089015925","0.998563264","0","0.599137958","1","0.6","2.4","N4 S1 O6","de-protonated","0","-9999","C10 H24 O6 N4 S1","10","24","6","4","-9999","1","-9999","-9999","-9999"
"241","327.148218","327.148356346","327.148297962","929301.9","-9999","660936.1","12.65","-1","0.178463429","0.994237672","0","0.596542603","0","0.538461538","2.153846154","S1 O7","de-protonated","0","-9999","C13 H28 O7 S1","13","28","7","-9999","-9999","1","-9999","-9999","-9999"
"244","328.118321","328.11845897","328.118394814","1345822.5","-9999","542090.8","19.19","-1","0.195529538","0.993086896","0","0.595852138","1","0.7","2.3","N3 S1 O7","de-protonated","0","-9999","C10 H23 O7 N3 S1","10","23","7","3","-9999","1","-9999","-9999","-9999"
"247","328.154729","328.154866956","328.154780323","5124899.5","-9999","508025","78.53","-1","0.26400168","0.493716611","0.893676603","0.653700608","0","0.545454545","2.454545455","N3 S1 O6","de-protonated","0","-9999","C11 H27 O6 N3 S1","11","27","6","3","-9999","1","-9999","-9999","-9999"
"250","329.033571","329.033708617","329.03366213","609729.8","-9999","449989.6","7.49","-1","0.141282824","0.996384684","0","0.59783081","7","0.615384615","1.076923077","S1 O8","de-protonated","0","-9999","C13 H14 O8 S1","13","14","8","-9999","-9999","1","-9999","-9999","-9999"
"252","329.069996","329.070133603","329.070047639","989863.1","-9999","555169.1","13.34","-1","0.261231231","0.987693969","0","0.592616382","6","0.5","1.285714286","S1 O7","de-protonated","0","-9999","C14 H18 O7 S1","14","18","7","-9999","-9999","1","-9999","-9999","-9999"
"253","329.09116","329.091297594","329.091177007","1133482.1","-9999","525284","15.56","-1","0.366424688","0.975931792","0","0.585559075","1","0.818181818","2","S1 O9","de-protonated","0","-9999","C11 H22 O9 S1","11","22","9","-9999","-9999","1","-9999","-9999","-9999"
"254","329.106393","329.106530589","329.106433149","672812.3","-9999","697851.5","8.46","-1","0.296074288","0.98422004","0","0.590532024","5","0.4","1.466666667","S1 O6","de-protonated","0","-9999","C15 H22 O6 S1","15","22","6","-9999","-9999","1","-9999","-9999","-9999"
"255","329.127544","329.12768158","329.127562517","1026735.4","-9999","681072.5","13.91","-1","0.361755531","0.976534053","0","0.585920432","0","0.666666667","2.166666667","S1 O8","de-protonated","0","-9999","C12 H26 O8 S1","12","26","8","-9999","-9999","1","-9999","-9999","-9999"
"264","331.049341","331.049477837","331.049312194","1201868","-9999","625764.8","16.61","-1","0.500357709","0.955589262","0","0.573353557","6","0.615384615","1.230769231","S1 O8","de-protonated","0","-9999","C13 H16 O8 S1","13","16","8","-9999","-9999","1","-9999","-9999","-9999"
"266","331.085687","331.085823823","331.085697704","1417169.5","-9999","612114.2","19.92","-1","0.380927582","0.974014332","0","0.584408599","5","0.5","1.428571429","S1 O7","de-protonated","0","-9999","C14 H20 O7 S1","14","20","7","-9999","-9999","1","-9999","-9999","-9999"
"267","331.122085","331.122221809","331.122083213","1197271","-9999","512286.6","16.53","-1","0.418565419","0.9687107","0","0.58122642","4","0.4","1.6","S1 O6","de-protonated","0","-9999","C15 H24 O6 S1","15","24","6","-9999","-9999","1","-9999","-9999","-9999"
"270","331.158517","331.158653795","331.158468722","719964.4","-9999","526076","9.18","-1","0.558864824","0.94490409","0","0.566942454","3","0.3125","1.75","S1 O5","de-protonated","0","-9999","C16 H28 O5 S1","16","28","5","-9999","-9999","1","-9999","-9999","-9999"
"271","332.12857","332.12870642","332.128565575","842736.6","-9999","559872.8","11.07","-1","0.424069726","0.967895794","0","0.580737476","4","0.384615385","1.769230769","N3 S1 O5","de-protonated","0","-9999","C13 H23 O5 N3 S1","13","23","5","3","-9999","1","-9999","-9999","-9999"
"273","332.15637","332.156506409","332.156708875","876532.9","-9999","530838.8","11.59","-1","-0.609549444","0.934804975","0","0.560882985","3","0.142857143","2","N3 S1 P1 O2","de-protonated","0","-9999","C14 H28 O2 N3 P1 S1","14","28","2","3","1","1","-9999","-9999","-9999"
"275","333.028629","333.028765072","333.028576749","961532.6","-9999","618313.5","12.9","-1","0.565485404","0.943628692","0","0.566177215","6","0.75","1.166666667","S1 O9","de-protonated","0","-9999","C12 H14 O9 S1","12","14","9","-9999","-9999","1","-9999","-9999","-9999"
"275","333.028629","333.028765072","333.029066007","961532.6","-9999","618313.5","12.9","-1","-0.903628486","0.862292347","0","0.517375408","10","0.066666667","1","N2 S2 P1 O1","de-protonated","0","-9999","C15 H15 O1 N2 P1 S2","15","15","1","2","1","2","-9999","-9999","-9999"
"276","333.065025","333.065161058","333.064962259","1914882.3","-9999","582668.4","27.59","-1","0.596878692","0.937401432","0","0.562440859","5","0.615384615","1.384615385","S1 O8","de-protonated","0","-9999","C13 H18 O8 S1","13","18","8","-9999","-9999","1","-9999","-9999","-9999"
"277","333.074071","333.074207055","333.074478115","1447427.8","-9999","649183.5","20.38","-1","-0.813813084","0.88676793","0","0.532060758","5","0.615384615","1.461538462","P1 O8","de-protonated","0","-9999","C13 H19 O8 P1","13","19","8","-9999","1","-9999","-9999","-9999","-9999"
"278","333.101377","333.101513044","333.101347768","1994504","-9999","473469.7","28.81","-1","0.496173242","0.956312565","0","0.573787539","4","0.5","1.571428571","S1 O7","de-protonated","0","-9999","C14 H22 O7 S1","14","22","7","-9999","-9999","1","-9999","-9999","-9999"
"280","333.137812","333.13794803","333.137733277","1577485.8","-9999","551379","22.39","-1","0.644635894","0.92737062","0","0.556422372","3","0.4","1.733333333","S1 O6","de-protonated","0","-9999","C15 H26 O6 S1","15","26","6","-9999","-9999","1","-9999","-9999","-9999"
"284","335.044315","335.044450293","335.044226814","1723966.8","-9999","459711","24.64","-1","0.667013737","0.922444701","0","0.55346682","5","0.75","1.333333333","S1 O9","de-protonated","0","-9999","C12 H16 O9 S1","12","16","9","-9999","-9999","1","-9999","-9999","-9999"
"284","335.044315","335.044450293","335.044716071","1723966.8","-9999","459711","24.64","-1","-0.793262019","0.892098041","0","0.535258825","9","0.066666667","1.133333333","N2 S2 P1 O1","de-protonated","0","-9999","C15 H17 O1 N2 P1 S2","15","17","1","2","1","2","-9999","-9999","-9999"
"285","335.072103","335.072238282","335.072370115","1226819.4","-9999","537449.3","16.98","-1","-0.393444856","0.972302753","0","0.583381652","4","0.461538462","1.615384615","S1 P1 O6","de-protonated","0","-9999","C13 H21 O6 P1 S1","13","21","6","-9999","1","1","-9999","-9999","-9999"
"286","335.080695","335.080830279","335.080612323","2432068.8","-9999","531730.9","35.55","-1","0.650457472","0.926102816","0","0.55566169","4","0.615384615","1.538461538","S1 O8","de-protonated","0","-9999","C13 H20 O8 S1","13","20","8","-9999","-9999","1","-9999","-9999","-9999"
"288","335.117066","335.117201265","335.116997833","2821450.8","-9999","497934.5","41.55","-1","0.607048519","0.935321204","0","0.561192722","3","0.5","1.714285714","S1 O7","de-protonated","0","-9999","C14 H24 O7 S1","14","24","7","-9999","-9999","1","-9999","-9999","-9999"
"289","335.153451","335.153586251","335.153383342","1452624.6","-9999","492159.8","20.07","-1","0.605420895","0.935656182","0","0.561393709","2","0.4","1.866666667","S1 O6","de-protonated","0","-9999","C15 H28 O6 S1","15","28","6","-9999","-9999","1","-9999","-9999","-9999"
"290","335.18979","335.189925237","335.189768851","692054.6","-9999","615796.6","8.57","-1","0.466557985","0.961272753","0","0.576763652","1","0.3125","2","S1 O5","de-protonated","0","-9999","C16 H32 O5 S1","16","32","5","-9999","-9999","1","-9999","-9999","-9999"
"293","337.007505","337.007639534","337.007722163","756868.2","-9999","525151.6","9.55","-1","-0.245185512","0.989151319","0","0.593490791","19","0.1","0.3","N2 S1 O2","de-protonated","0","-9999","C20 H6 O2 N2 S1","20","6","2","2","-9999","1","-9999","-9999","-9999"
"294","337.02353","337.023664528","337.023491369","760838.9","-9999","519390.4","9.61","-1","0.513788678","0.953230433","0","0.57193826","5","0.909090909","1.272727273","S1 O10","de-protonated","0","-9999","C11 H14 O10 S1","11","14","10","-9999","-9999","1","-9999","-9999","-9999"
"294","337.02353","337.023664528","337.023980626","760838.9","-9999","519390.4","9.61","-1","-0.937910992","0.852470869","0","0.511482522","9","0.142857143","1.071428571","N2 S2 P1 O2","de-protonated","0","-9999","C14 H15 O2 N2 P1 S2","14","15","2","2","1","2","-9999","-9999","-9999"
"295","337.060018","337.060152514","337.059876878","2523789","-9999","562866.8","36.25","-1","0.817763896","0.885731348","0","0.531438809","4","0.75","1.5","S1 O9","de-protonated","0","-9999","C12 H18 O9 S1","12","18","9","-9999","-9999","1","-9999","-9999","-9999"
"295","337.060018","337.060152514","337.060366136","2523789","-9999","562866.8","36.25","-1","-0.633779504","0.92970898","0","0.557825388","8","0.066666667","1.266666667","N2 S2 P1 O1","de-protonated","0","-9999","C15 H19 O1 N2 P1 S2","15","19","1","2","1","2","-9999","-9999","-9999"
"296","337.09643","337.0965645","337.096262388","3186835.3","-9999","487830.6","46.27","-1","0.896218694","0.864381526","0","0.518628916","3","0.615384615","1.692307692","S1 O8","de-protonated","0","-9999","C13 H22 O8 S1","13","22","8","-9999","-9999","1","-9999","-9999","-9999"
"298","337.132756","337.132890486","337.132647897","3057817.3","-9999","527790.6","44.32","-1","0.719564184","0.910329042","0","0.546197425","2","0.5","1.857142857","S1 O7","de-protonated","0","-9999","C14 H26 O7 S1","14","26","7","-9999","-9999","1","-9999","-9999","-9999"
"299","337.169172","337.169306472","337.169033406","1134239.5","-9999","593441.3","15.25","-1","0.809876126","0.887797082","0","0.532678249","1","0.4","2","S1 O6","de-protonated","0","-9999","C15 H30 O6 S1","15","30","6","-9999","-9999","1","-9999","-9999","-9999"
"300","337.187783","337.187917464","337.187660851","1262626.6","-9999","475248.7","17.19","-1","0.761040144","0.900241848","0","0.540145109","0","0.1875","2.125","S2 O3","de-protonated","0","-9999","C16 H34 O3 S2","16","34","3","-9999","-9999","2","-9999","-9999","-9999"
"300","337.187783","337.187917464","337.188128882","1262626.6","-9999","475248.7","17.19","-1","-0.62700103","0.93115179","0","0.558691074","6","0.25","1.625","N4 O4","de-protonated","0","-9999","C16 H26 O4 N4","16","26","4","4","-9999","-9999","-9999","-9999","-9999"
"301","337.208915","337.209049456","337.20925825","1203622.3","-9999","551177.7","16.3","-1","-0.619180904","0.932799776","0","0.559679866","1","0.461538462","2.307692308","N4 O6","de-protonated","0","-9999","C13 H30 O6 N4","13","30","6","4","-9999","-9999","-9999","-9999","-9999"
"302","338.021462","338.021596142","338.021731522","645040.8","-9999","649748.6","7.86","-1","-0.400506596","0.971314108","0","0.582788465","5","0.777777778","1.555555556","N3 S1 P1 O7","de-protonated","0","-9999","C9 H14 O7 N3 P1 S1","9","14","7","3","1","1","-9999","-9999","-9999"
"303","338.075649","338.075783121","338.075875096","642490.1","-9999","622819.1","7.82","-1","-0.272054228","0.98666012299999994","0","0.591996074","4","0.8","1.8","N3 P1 O8","de-protonated","0","-9999","C10 H18 O8 N3 P1","10","18","8","3","1","-9999","-9999","-9999","-9999"
"308","339.005519","339.005652762","339.005747105","1112795","-9999","466177.4","14.92","-1","-0.278294003","0.986045523","0","0.591627314","5","0.888888889","1.444444444","N2 S1 P1 O8","de-protonated","0","-9999","C9 H13 O8 N2 P1 S1","9","13","8","2","1","1","-9999","-9999","-9999"
"309","339.038455","339.038588749","339.038761311","957792.8","-9999","511103","12.58","-1","-0.508974338","0.954082468","0","0.572449481","9","0.538461538","1","N2 P1 O7","de-protonated","0","-9999","C13 H13 O7 N2 P1","13","13","7","2","1","-9999","-9999","-9999","-9999"
"310","339.039425","339.039558749","339.039630691","933600.9","-9999","499338.2","12.21","-1","-0.212194291","0.991863299","0","0.59511798","8","0.142857143","1.214285714","N2 S2 P1 O2","de-protonated","0","-9999","C14 H17 O2 N2 P1 S2","14","17","2","2","1","2","-9999","-9999","-9999"
"311","339.059714","339.059847741","339.059757737","1224420.5","-9999","609075.6","16.61","-1","0.265450029","0.987295839","0","0.592377503","17","0.047619048","0.571428571","N2 S1 O1","de-protonated","0","-9999","C21 H12 O1 N2 S1","21","12","1","2","-9999","1","-9999","-9999","-9999"
"311","339.059714","339.059847741","339.059890679","1224420.5","-9999","609075.6","16.61","-1","-0.126639301","0.997094244","0","0.598256547","4","0.9","1.7","N2 P1 O9","de-protonated","0","-9999","C10 H17 O9 N2 P1","10","17","9","2","1","-9999","-9999","-9999","-9999"
"312","339.075711","339.075844735","339.075526943","2632423.3","-9999","483336.3","37.89","-1","0.93722983","0.852668461","0","0.511601076","3","0.75","1.666666667","S1 O9","de-protonated","0","-9999","C12 H20 O9 S1","12","20","9","-9999","-9999","1","-9999","-9999","-9999"
"312","339.075711","339.075844735","339.0760162","2632423.3","-9999","483336.3","37.89","-1","-0.50568499","0.954660433","0","0.57279626","7","0.066666667","1.4","N2 S2 P1 O1","de-protonated","0","-9999","C15 H21 O1 N2 P1 S2","15","21","1","2","1","2","-9999","-9999","-9999"
"313","339.11208800000003","339.11222172","339.111912452","3992045.8","-9999","536702.1","58.44","-1","0.911994755","0.429959483","0.876728111","0.608666934","2","0.615384615","1.846153846","S1 O8","de-protonated","0","-9999","C13 H24 O8 S1","13","24","8","-9999","-9999","1","-9999","-9999","-9999"
"314","339.125202","339.125335715","339.125134701","647023.9","-9999","618911.4","7.88","-1","0.592744994","0.938238232","0","0.562942939","16","0.047619048","0.761904762","N4 O1","de-protonated","0","-9999","C21 H16 O1 N4","21","16","1","4","-9999","-9999","-9999","-9999","-9999"
"317","339.202261","339.202394686","339.202441536","9062909","-9999","595520.9","135.08","-1","-0.138118151","0.498272278","0.860410506","0.643127569","0","0.533333333","2.133333333","O8","de-protonated","0","-9999","C15 H32 O8","15","32","8","-9999","-9999","-9999","-9999","-9999","-9999"
"318","339.203479","339.203612685","339.203778946","63187452","-9999","513852.9","953.11","-1","-0.490150804","0.576474416","0.970059697","0.733908528","5","0.25","1.75","N4 O4","de-protonated","0","-9999","C16 H28 O4 N4","16","28","4","4","-9999","-9999","-9999","-9999","-9999"
"319","340.073564","340.073697349","340.073767096","658327.1","-9999","686586.9","8.05","-1","-0.205093909","0.992396684","0","0.59543801","3","0.6","2","N3 S1 P1 O6","de-protonated","0","-9999","C10 H20 O6 N3 P1 S1","10","20","6","3","1","1","-9999","-9999","-9999"
"320","340.079063","340.079196347","340.079507381","623512.1","-9999","613507.9","7.53","-1","-0.914592668","0.859178867","0","0.51550732","7","0.214285714","1.357142857","N3 S2 O3","de-protonated","0","-9999","C14 H19 O3 N3 S2","14","19","3","3","-9999","2","-9999","-9999","-9999"
"321","340.191334","340.191467303","340.191165832","3805356","-9999","522492.8","55.61","-1","0.886180782","0.433596108","0.876728111","0.610848909","0","0.384615385","2.384615385","N3 S1 O5","de-protonated","0","-9999","C13 H31 O5 N3 S1","13","31","5","3","-9999","1","-9999","-9999","-9999"
"322","340.206854","340.206987297","340.207133781","12847791","-9999","507455.9","192.28","-1","-0.430572883","0.578389684","0.970059697","0.735057689","5","0.25","1.75","13C1 N4 O4","de-protonated","1","318","C15 H28 O4 N4 13C1","15","28","4","4","-9999","-9999","1","-9999","-9999"
"324","340.227845","340.227978289","340.22820279","774450.5","-9999","585508.8","9.81","-1","-0.659854972","0.924035937","0","0.554421562","8","0.090909091","1.409090909","N1 O2","de-protonated","0","-9999","C22 H31 O2 N1","22","31","2","1","-9999","-9999","-9999","-9999","-9999"
"326","341.036509","341.036641976","341.036653311","614467.5","-9999","428704.2","7.39","-1","-0.033234462","0.999799605","0","0.599879763","8","0.384615385","1.153846154","N2 S1 P1 O5","de-protonated","0","-9999","C13 H15 O5 N2 P1 S1","13","15","5","2","1","1","-9999","-9999","-9999"
"327","341.05374","341.05387297","341.053626985","612934.6","-9999","640763.7","7.36","-1","0.721249737","0.909927984","0","0.54595679","12","0.0625","0.875","N4 S2 O1","de-protonated","0","-9999","C16 H14 O1 N4 S2","16","14","1","4","-9999","2","-9999","-9999","-9999"
"328","341.054997","341.055129969","341.054791498","1735494.8","-9999","488617.3","24.33","-1","0.992425356","0.836348172","0","0.501808903","3","0.909090909","1.636363636","S1 O10","de-protonated","0","-9999","C11 H18 O10 S1","11","18","10","-9999","-9999","1","-9999","-9999","-9999"
"328","341.054997","341.055129969","341.055280755","1735494.8","-9999","488617.3","24.33","-1","-0.442115796","0.96515447","0","0.579092682","7","0.142857143","1.357142857","N2 S2 P1 O2","de-protonated","0","-9999","C14 H19 O2 N2 P1 S2","14","19","2","2","1","2","-9999","-9999","-9999"
"329","341.057609","341.057741968","341.057782679","1594183.3","-9999","509835.6","22.19","-1","-0.119365072","0.997418054","0","0.598450833","3","0.7","1.9","N2 S1 P1 O7","de-protonated","0","-9999","C10 H19 O7 N2 P1 S1","10","19","7","2","1","1","-9999","-9999","-9999"
"332","341.091384","341.091516955","341.091177007","3128141.3","-9999","541998.1","45.38","-1","0.996648489","0.835074389","0","0.501044633","2","0.75","1.833333333","S1 O9","de-protonated","0","-9999","C12 H22 O9 S1","12","22","9","-9999","-9999","1","-9999","-9999","-9999"
"332","341.091384","341.091516955","341.091666265","3128141.3","-9999","541998.1","45.38","-1","-0.437739642","0.482914504","0.860410506","0.633912905","6","0.066666667","1.533333333","N2 S2 P1 O1","de-protonated","0","-9999","C15 H23 O1 N2 P1 S2","15","23","1","2","1","2","-9999","-9999","-9999"
"333","341.10662","341.106752949","341.106433149","858704.1","-9999","624868.5","11.08","-1","0.937539709","0.852578583","0","0.51154715","6","0.375","1.375","S1 O6","de-protonated","0","-9999","C16 H22 O6 S1","16","22","6","-9999","-9999","1","-9999","-9999","-9999"
"334","341.127751","341.127883941","341.127562517","2383188","-9999","546938.7","34.12","-1","0.942241649","0.851212351","0","0.510727411","1","0.615384615","2","S1 O8","de-protonated","0","-9999","C13 H26 O8 S1","13","26","8","-9999","-9999","1","-9999","-9999","-9999"
"335","341.140928","341.141060936","341.140784765","664086.3","-9999","486490.8","8.14","-1","0.809551439","0.887881788","0","0.532729073","15","0.047619048","0.857142857","N4 O1","de-protonated","0","-9999","C21 H18 O1 N4","21","18","1","4","-9999","-9999","-9999","-9999","-9999"
"336","341.150276","341.150408933","341.150680744","788696","-9999","585562.4","10.02","-1","-0.796748727","0.891201101","0","0.534720661","10","0.210526316","1.157894737","N2 O4","de-protonated","0","-9999","C19 H22 O4 N2","19","22","4","2","-9999","-9999","-9999","-9999","-9999"
"337","341.164152","341.164284927","341.163948026","1018970.5","-9999","616481","13.5","-1","0.987505207","0.837827802","0","0.502696681","0","0.5","2.142857143","S1 O7","de-protonated","0","-9999","C14 H30 O7 S1","14","30","7","-9999","-9999","1","-9999","-9999","-9999"
"338","341.186631","341.186763918","341.187066253","1250142.6","-9999","426928.5","16.99","-1","-0.886126131","0.867207456","0","0.520324474","9","0.15","1.3","N2 O3","de-protonated","0","-9999","C20 H26 O3 N2","20","26","3","2","-9999","-9999","-9999","-9999","-9999"
"341","341.21019","341.210322909","341.210488616","1454434.9","-9999","592231.6","20.08","-1","-0.485644252","0.576627253","0.970059697","0.734000231","5","0.25","1.75","13C2 N4 O4","de-protonated","1","318","C14 H28 O4 N4 13C2","14","28","4","4","-9999","-9999","2","-9999","-9999"
"342","342.134253","342.134385552","342.134696327","660747.3","-9999","562679.4","7.93","-1","-0.908340125","0.860957613","0","0.516574568","10","0.263157895","1.105263158","N1 O5","de-protonated","0","-9999","C19 H21 O5 N1","19","21","5","1","-9999","-9999","-9999","-9999","-9999"
"342","342.134253","342.134385552","342.134044878","660747.3","-9999","562679.4","7.93","-1","0.995732556","0.835350947","0","0.501210568","1","0.636363636","2.272727273","N3 S1 O7","de-protonated","0","-9999","C11 H25 O7 N3 S1","11","25","7","3","-9999","1","-9999","-9999","-9999"
"343","342.168787","342.168919539","342.168712854","774161.6","-9999","921551.7","9.61","-1","0.604042213","0.935939317","0","0.56156359","0","0.538461538","2.307692308","N1 P1 O7","de-protonated","0","-9999","C13 H30 O7 N1 P1","13","30","7","1","1","-9999","-9999","-9999","-9999"
"344","342.170653","342.170785538","342.171081836","4398610","-9999","455052.5","63.32","-1","-0.865935523","0.866542802","0.979974441","0.911915457","9","0.2","1.25","N1 O4","de-protonated","0","-9999","C20 H25 O4 N1","20","25","4","1","-9999","-9999","-9999","-9999","-9999"
"348","343.070691","343.07082319","343.07093082","1590712.5","-9999","507093.6","21.7","-1","-0.313724124","0.982299829","0","0.589379897","6","0.142857143","1.5","N2 S2 P1 O2","de-protonated","0","-9999","C14 H21 O2 N2 P1 S2","14","21","2","2","1","2","-9999","-9999","-9999"
"350","343.088366","343.088498183","343.088688884","1010235.8","-9999","538830.3","13.1","-1","-0.555836454","0.945483041","0","0.567289825","6","0.285714286","1.5","N2 S1 P1 O4","de-protonated","0","-9999","C14 H21 O4 N2 P1 S1","14","21","4","2","1","1","-9999","-9999","-9999"
"351","343.107061","343.107193176","343.107316329","2912447.3","-9999","533413.2","41.29","-1","-0.358934455","0.97689437","0","0.586136622","5","0.066666667","1.666666667","N2 S2 P1 O1","de-protonated","0","-9999","C15 H25 O1 N2 P1 S2","15","25","1","2","1","2","-9999","-9999","-9999"
"353","343.129472","343.129604167","343.129945299","836419.4","-9999","477404.7","10.53","-1","-0.99417616","0.835820515","0","0.501492309","10","0.277777778","1.111111111","N2 O5","de-protonated","0","-9999","C18 H20 O5 N2","18","20","5","2","-9999","-9999","-9999","-9999","-9999"
"353","343.129472","343.129604167","343.12929385","836419.4","-9999","477404.7","10.53","-1","0.904373582","0.862081597","0","0.517248958","1","0.7","2.4","N4 S1 O7","de-protonated","0","-9999","C10 H24 O7 N4 S1","10","24","7","4","-9999","1","-9999","-9999","-9999"
"355","343.173992","343.17412415","343.174436671","824267.8","-9999","642765.9","10.35","-1","-0.910676929","0.860293828","0.979974441","0.908166074","9","0.2","1.25","13C1 N1 O4","de-protonated","1","344","C19 H25 O4 N1 13C1","19","25","4","1","-9999","-9999","1","-9999","-9999"
"358","344.113591","344.113722787","344.113960882","1387132.4","-9999","549186.7","18.68","-1","-0.69190732","0.916799965","0","0.550079979","10","0.333333333","1.055555556","N1 O6","de-protonated","0","-9999","C18 H19 O6 N1","18","19","6","1","-9999","-9999","-9999","-9999","-9999"
"359","344.186355","344.186486759","344.186731901","1667978.1","-9999","500856.8","22.85","-1","-0.712234887","0.912064084","0","0.547238451","8","0.2","1.35","N1 O4","de-protonated","0","-9999","C20 H27 O4 N1","20","27","4","1","-9999","-9999","-9999","-9999","-9999"
"362","345.029006","345.029137433","345.029066007","688362.9","-9999","429556.9","8.33","-1","0.207015209","0.992254118","0","0.595352471","11","0.0625","0.9375","N2 S2 P1 O1","de-protonated","0","-9999","C16 H15 O1 N2 P1 S2","16","15","1","2","1","2","-9999","-9999","-9999"
"363","345.049994","345.050125425","345.050195375","639918.9","-9999","623690.4","7.61","-1","-0.202723865","0.992570744","0","0.595542446","6","0.230769231","1.461538462","N2 S2 P1 O3","de-protonated","0","-9999","C13 H19 O3 N2 P1 S2","13","19","3","2","1","2","-9999","-9999","-9999"
"365","345.086353","345.086484411","345.086580884","1036341.9","-9999","634140","13.48","-1","-0.279562639","0.985918908","0","0.591551345","5","0.142857143","1.642857143","N2 S2 P1 O2","de-protonated","0","-9999","C14 H23 O2 N2 P1 S2","14","23","2","2","1","2","-9999","-9999","-9999"
"367","345.122764","345.122895397","345.122966394","624764.9","-9999","466950.4","7.38","-1","-0.205714334","0.992350789","0","0.595410474","4","0.066666667","1.8","N2 S2 P1 O1","de-protonated","0","-9999","C15 H27 O1 N2 P1 S2","15","27","1","2","1","2","-9999","-9999","-9999"
"369","345.15117","345.151301386","345.15146859","885442.4","-9999","490301.8","11.25","-1","-0.484437755","0.958311529","0","0.574986918","0","0.909090909","2.363636364","N2 O10","de-protonated","0","-9999","C11 H26 O10 N2","11","26","10","2","-9999","-9999","-9999","-9999","-9999"
"373","345.181657","345.181788374","345.181980873","3283528.3","-9999","497250.7","46.79","-1","-0.557673283","0.969106267","0.988399563","0.976823586","8","0.210526316","1.368421053","N2 O4","de-protonated","0","-9999","C19 H26 O4 N2","19","26","4","2","-9999","-9999","-9999","-9999","-9999"
"375","346.018095","346.018226051","346.017952495","612970.1","-9999","794893.5","7.21","-1","0.790582725","0.892785215","0","0.535671129","16","0.210526316","0.473684211","N1 S1 O4","de-protonated","0","-9999","C19 H9 O4 N1 S1","19","9","4","1","-9999","1","-9999","-9999","-9999"
"377","346.108163","346.108294016","346.108481578","899579.7","-9999","554158","11.45","-1","-0.541918078","0.948107886","0","0.568864731","14","0.19047619","0.80952381","N1 O4","de-protonated","0","-9999","C21 H17 O4 N1","21","17","4","1","-9999","-9999","-9999","-9999","-9999"
"378","346.144492","346.144623002","346.144867088","900098.8","-9999","582840.1","11.46","-1","-0.705155155","0.913726275","0","0.548235765","13","0.136363636","0.954545455","N1 O3","de-protonated","0","-9999","C22 H21 O3 N1","22","21","3","1","-9999","-9999","-9999","-9999","-9999"
"379","346.165663","346.165793994","346.165996456","2320135","-9999","501796.3","32.51","-1","-0.58486993","0.939818351","0","0.56389101","8","0.263157895","1.315789474","N1 O5","de-protonated","0","-9999","C19 H25 O5 N1","19","25","5","1","-9999","-9999","-9999","-9999","-9999"
"380","346.185137","346.185267986","346.185335708","620170.7","-9999","420028.6","7.31","-1","-0.195622874","0.993080318","0.988399563","0.991208016","8","0.210526316","1.368421053","13C1 N2 O4","de-protonated","1","373","C18 H26 O4 N2 13C1","18","26","4","2","-9999","-9999","1","-9999","-9999"
"383","347.044567","347.044697654","347.044716071","1798067.6","-9999","560606.2","24.77","-1","-0.053069197","0.999489109","0","0.599693466","10","0.0625","1.0625","N2 S2 P1 O1","de-protonated","0","-9999","C16 H17 O1 N2 P1 S2","16","17","1","2","1","2","-9999","-9999","-9999"
"385","347.094029","347.094159635","347.093834572","1540797.4","-9999","523504.7","20.95","-1","0.936527739","0.852872021","0","0.511723213","19","0.045454545","0.545454545","N4 O1","de-protonated","0","-9999","C22 H12 O1 N4","22","12","1","4","-9999","-9999","-9999","-9999","-9999"
"388","347.149688","347.149818613","347.150012039","815176.4","-9999","491182.8","10.2","-1","-0.557181034","0.945226335","0","0.567135801","8","0.315789474","1.263157895","O6","de-protonated","0","-9999","C19 H24 O6","19","24","6","-9999","-9999","-9999","-9999","-9999","-9999"
"392","348.016004","348.016134278","348.015844495","632309","-9999","713038.7","7.49","-1","0.832673959","0.881785274","0","0.529071164","15","0.105263158","0.578947368","N1 S2 O2","de-protonated","0","-9999","C19 H11 O2 N1 S2","19","11","2","1","-9999","2","-9999","-9999","-9999"
"394","348.123897","348.124027237","348.124131643","930442.6","-9999","477195.8","11.91","-1","-0.29991072","0.983811797","0","0.590287078","13","0.19047619","0.904761905","N1 O4","de-protonated","0","-9999","C21 H19 O4 N1","21","19","4","1","-9999","-9999","-9999","-9999","-9999"
"395","348.136969","348.137099232","348.137018802","765197.3","-9999","495001.5","9.46","-1","0.231027478","0.990362158","0","0.594217295","8","0.222222222","1.333333333","N1 P1 O4","de-protonated","0","-9999","C18 H24 O4 N1 P1","18","24","4","1","1","-9999","-9999","-9999","-9999"
"397","349.023892","349.024021889","349.023980626","1134656.5","-9999","546317.8","14.63","-1","0.118222034","0.997467205","0","0.598480323","10","0.133333333","1","N2 S2 P1 O2","de-protonated","0","-9999","C15 H15 O2 N2 P1 S2","15","15","2","2","1","2","-9999","-9999","-9999"
"398","349.060273","349.060402875","349.060366136","2737992","-9999","527076.9","37.92","-1","0.10525088","0.997991976","0","0.598795186","9","0.0625","1.1875","N2 S2 P1 O1","de-protonated","0","-9999","C16 H19 O1 N2 P1 S2","16","19","1","2","1","2","-9999","-9999","-9999"
"400","349.10683","349.106959857","349.106647624","714705.4","-9999","547115.9","8.53","-1","0.89437653","0.864899031","0","0.518939419","3","0.2","1.8","S2 P1 O3","de-protonated","0","-9999","C15 H27 O3 P1 S2","15","27","3","-9999","1","2","-9999","-9999","-9999"
"400","349.10683","349.106959857","349.107115654","714705.4","-9999","547115.9","8.53","-1","-0.446275228","0.964507561","0","0.578704537","9","0.266666667","1.266666667","N4 P1 O4","de-protonated","0","-9999","C15 H19 O4 N4 P1","15","19","4","4","1","-9999","-9999","-9999","-9999"
"401","349.109701","349.109830856","349.109484636","9691474","-9999","499637.8","138.93","-1","0.991721301","0.418280096","0.807789663","0.574083923","18","0.045454545","0.636363636","N4 O1","de-protonated","0","-9999","C22 H14 O1 N4","22","14","1","4","-9999","-9999","-9999","-9999","-9999"
"404","350.099996","350.100125473","350.100242826","752412.9","-9999","485505.8","9.08","-1","-0.335198489","0.979819198","0","0.587891519","8","0.125","1.3125","N3 S2 O2","de-protonated","0","-9999","C16 H21 O2 N3 S2","16","21","2","3","-9999","2","-9999","-9999","-9999"
"405","350.113072","350.113201468","350.113129985","1873695.6","-9999","528543.4","25.36","-1","0.204169157","0.992464836","0","0.595478902","3","0.153846154","2","N3 S2 P1 O2","de-protonated","0","-9999","C13 H26 O2 N3 P1 S2","13","26","2","3","1","2","-9999","-9999","-9999"
"406","350.13635","350.136479459","350.136628335","754980.4","-9999","546112.2","9.11","-1","-0.425195379","0.967727916","0","0.58063675","7","0.058823529","1.470588235","N3 S2 O1","de-protonated","0","-9999","C17 H25 O1 N3 S2","17","25","1","3","-9999","2","-9999","-9999","-9999"
"407","351.039579","351.039708109","351.039630691","2027744.1","-9999","583123.8","27.6","-1","0.220540989","0.991213468","0","0.594728081","9","0.133333333","1.133333333","N2 S2 P1 O2","de-protonated","0","-9999","C15 H17 O2 N2 P1 S2","15","17","2","2","1","2","-9999","-9999","-9999"
"408","351.074739","351.074868096","351.07514682","856807.4","-9999","766078.8","10.59","-1","-0.793916765","0.891929842","0","0.535157905","9","0.4","1.133333333","N2 P1 O6","de-protonated","0","-9999","C15 H17 O6 N2 P1","15","17","6","2","1","-9999","-9999","-9999","-9999"
"409","351.075952","351.076081095","351.0760162","3854567.8","-9999","534953.6","54.14","-1","0.184846623","0.496909695","0.85247738","0.639136769","8","0.0625","1.3125","N2 S2 P1 O1","de-protonated","0","-9999","C16 H21 O1 N2 P1 S2","16","21","1","2","1","2","-9999","-9999","-9999"
"411","351.111054","351.111183082","351.11153233","1137135.1","-9999","740428.1","14.66","-1","-0.994692004","0.835664936","0","0.501398961","8","0.3125","1.3125","N2 P1 O5","de-protonated","0","-9999","C16 H21 O5 N2 P1","16","21","5","2","1","-9999","-9999","-9999","-9999"
"414","351.138243","351.138372071","351.138401983","2220788.8","-9999","496137.2","30.4","-1","-0.085184203","0.998684212","0","0.599210527","7","0.235294118","1.411764706","N2 S1 O4","de-protonated","0","-9999","C17 H24 O4 N2 S1","17","24","4","2","-9999","1","-9999","-9999","-9999"
"414","351.138243","351.138372071","351.13802186","2220788.8","-9999","496137.2","30.4","-1","0.997360164","0.834859392","0","0.500915635","12","0.052631579","1.105263158","N4 P1 O1","de-protonated","0","-9999","C19 H21 O1 N4 P1","19","21","1","4","1","-9999","-9999","-9999","-9999"
"417","351.22486","351.224989038","351.224908314","1050886.9","-9999","652266.9","13.41","-1","0.229834583","0.990460954","0","0.594276573","1","0.428571429","2.285714286","N4 O6","de-protonated","0","-9999","C14 H32 O6 N4","14","32","6","4","-9999","-9999","-9999","-9999","-9999"
"419","352.110187","352.110315696","352.110152605","738113.5","-9999","476565.7","8.86","-1","0.46318004","0.961820698","0","0.577092419","3","0.416666667","2","N3 S1 P1 O5","de-protonated","0","-9999","C12 H24 O5 N3 P1 S1","12","24","5","3","1","1","-9999","-9999","-9999"
"420","352.115631","352.115759693","352.11589289","1091010.6","-9999","579402.3","13.99","-1","-0.378275314","0.97437027","0","0.584622162","7","0.125","1.4375","N3 S2 O2","de-protonated","0","-9999","C16 H23 O2 N3 S2","16","23","2","3","-9999","2","-9999","-9999","-9999"
"421","353.055235","353.05536333","353.055280755","2295435.3","-9999","485653","31.48","-1","0.233886721","0.990123311","0","0.594073987","8","0.133333333","1.266666667","N2 S2 P1 O2","de-protonated","0","-9999","C15 H19 O2 N2 P1 S2","15","19","2","2","1","2","-9999","-9999","-9999"
"422","353.091627","353.091755316","353.091666265","4558995","-9999","502767.1","64.36","-1","0.252205112","0.994081177","0.998467663","0.995835772","7","0.0625","1.4375","N2 S2 P1 O1","de-protonated","0","-9999","C16 H23 O1 N2 P1 S2","16","23","1","2","1","2","-9999","-9999","-9999"
"424","353.135324","353.135452299","353.135424603","1157020.4","-9999","516848.7","14.95","-1","0.078430706","0.998884464","0","0.599330678","7","0.4375","1.375","N2 O7","de-protonated","0","-9999","C16 H22 O7 N2","16","22","7","2","-9999","-9999","-9999","-9999","-9999"
"426","353.150531","353.150659293","353.150680744","2059423.6","-9999","527399.9","28.05","-1","-0.060740385","0.999330788","0","0.599598473","11","0.2","1.1","N2 O4","de-protonated","0","-9999","C20 H22 O4 N2","20","22","4","2","-9999","-9999","-9999","-9999","-9999"
"429","353.204179","353.204307273","353.203976165","1534123.1","-9999","464037.7","20.42","-1","0.93744084","0.852607261","0","0.511564357","9","0.043478261","1.347826087","P1 O1","de-protonated","0","-9999","C23 H31 O1 P1","23","31","1","-9999","1","-9999","-9999","-9999","-9999"
"429","353.204179","353.204307273","353.204172869","1534123.1","-9999","464037.7","20.42","-1","0.380525918","0.974068387","0","0.584441032","1","0.538461538","2.307692308","N4 O7","de-protonated","0","-9999","C13 H30 O7 N4","13","30","7","4","-9999","-9999","-9999","-9999","-9999"
"430","353.219415","353.219543267","353.219429011","1542062.4","-9999","557417.2","20.54","-1","0.323470774","0.981193509","0","0.588716105","5","0.235294118","1.764705882","N4 O4","de-protonated","0","-9999","C17 H30 O4 N4","17","30","4","4","-9999","-9999","-9999","-9999","-9999"
"431","354.094909","354.095036928","354.0950211","798571.9","-9999","585501.4","9.74","-1","0.044701554","0.99963749","0.998467663","0.999169559","7","0.0625","1.4375","13C1 N2 S2 P1 O1","de-protonated","1","422","C15 H23 O1 N2 P1 S2 13C1","15","23","1","2","1","2","1","-9999","-9999"
"431","354.094909","354.095036928","354.095157445","798571.9","-9999","585501.4","9.74","-1","-0.340352077","0.979200427","0","0.587520256","7","0.2","1.4","N3 S2 O3","de-protonated","0","-9999","C15 H21 O3 N3 S2","15","21","3","3","-9999","2","-9999","-9999","-9999"
"432","354.131263","354.131390914","354.131542955","1095283.8","-9999","539836.4","14.05","-1","-0.429333193","0.96710724","0","0.580264344","6","0.125","1.5625","N3 S2 O2","de-protonated","0","-9999","C16 H25 O2 N3 S2","16","25","2","3","-9999","2","-9999","-9999","-9999"
"433","354.134531","354.134658913","354.134696327","4320628.5","-9999","501127.5","60.9","-1","-0.105648557","0.98978519","0.966095631","0.980309366","11","0.25","1.05","N1 O5","de-protonated","0","-9999","C20 H21 O5 N1","20","21","5","1","-9999","-9999","-9999","-9999","-9999"
"434","354.207237","354.207364885","354.207467345","1600132.3","-9999","542548.2","21.38","-1","-0.289267269","0.984931859","0","0.590959115","9","0.136363636","1.318181818","N1 O3","de-protonated","0","-9999","C22 H29 O3 N1","22","29","3","1","-9999","-9999","-9999","-9999","-9999"
"435","355.034592","355.034719565","355.03454531","831033.6","-9999","565786.2","10.2","-1","0.490810377","0.957231467","0","0.57433888","8","0.214285714","1.214285714","N2 S2 P1 O3","de-protonated","0","-9999","C14 H17 O3 N2 P1 S2","14","17","3","2","1","2","-9999","-9999","-9999"
"437","355.069602","355.069729551","355.07006144","763457.3","-9999","764210.4","9.22","-1","-0.934712361","0.853397878","0","0.512038727","8","0.5","1.214285714","N2 P1 O7","de-protonated","0","-9999","C14 H17 O7 N2 P1","14","17","7","2","1","-9999","-9999","-9999","-9999"
"438","355.07094","355.071067551","355.07093082","3522113.5","-9999","477489.5","49.29","-1","0.385081474","0.969285426","0.971991408","0.970367819","7","0.133333333","1.4","N2 S2 P1 O2","de-protonated","0","-9999","C15 H21 O2 N2 P1 S2","15","21","2","2","1","2","-9999","-9999","-9999"
"440","355.107337","355.107464537","355.107316329","4638281.5","-9999","507082.1","65.51","-1","0.41736064","0.956092288","0.980418267","0.96582268","6","0.0625","1.5625","N2 S2 P1 O1","de-protonated","0","-9999","C16 H25 O1 N2 P1 S2","16","25","1","2","1","2","-9999","-9999","-9999"
"441","355.11549","355.115617534","355.115558538","1664331.4","-9999","545663.4","22.31","-1","0.16613233","0.995004544","0","0.597002726","6","0.1875","1.5","N2 S2 O3","de-protonated","0","-9999","C16 H24 O3 N2 S2","16","24","3","2","-9999","2","-9999","-9999","-9999"
"442","355.13781","355.137937525","355.138051162","726480.3","-9999","359921","8.68","-1","-0.319979071","0.981593591","0.966095631","0.975394407","11","0.25","1.05","13C1 N1 O5","de-protonated","1","433","C19 H21 O5 N1 13C1","19","21","5","1","-9999","-9999","1","-9999","-9999"
"443","355.142484","355.142611523","355.142832459","665681.3","-9999","656643.8","7.8","-1","-0.622102519","0.932186165","0","0.559311699","6","0.3125","1.5625","N2 P1 O5","de-protonated","0","-9999","C16 H25 O5 N2 P1","16","25","5","2","1","-9999","-9999","-9999","-9999"
"445","355.166176","355.166303514","355.166330808","3501142.5","-9999","458536.2","48.99","-1","-0.076849034","0.999220236","0.980718565","0.991819567","10","0.2","1.2","N2 O4","de-protonated","0","-9999","C20 H24 O4 N2","20","24","4","2","-9999","-9999","-9999","-9999","-9999"
"447","355.202508","355.2026355","355.202716318","754398.6","-9999","666134.5","9.09","-1","-0.227525245","0.99065079","0","0.594390474","9","0.142857143","1.333333333","N2 O3","de-protonated","0","-9999","C21 H28 O3 N2","21","28","3","2","-9999","-9999","-9999","-9999","-9999"
"448","356.074316","356.074443163","356.074285655","709152","-9999","689533.9","8.26","-1","0.442346673","0.96511871","0.971991408","0.967867789","7","0.133333333","1.4","13C1 N2 S2 P1 O2","de-protonated","1","438","C14 H21 O2 N2 P1 S2 13C1","14","21","2","2","1","2","1","-9999","-9999"
"448","356.074316","356.074443163","356.074422","709152","-9999","689533.9","8.26","-1","0.059433237","0.999359272","0","0.599615563","7","0.285714286","1.357142857","N3 S2 O4","de-protonated","0","-9999","C14 H19 O4 N3 S2","14","19","4","3","-9999","2","-9999","-9999","-9999"
"449","356.110746","356.110873149","356.110671164","680488.1","-9999","580426.8","7.85","-1","0.567196826","0.94329684","0.980418267","0.958145411","6","0.0625","1.5625","13C1 N2 S2 P1 O1","de-protonated","1","440","C15 H25 O1 N2 P1 S2 13C1","15","25","1","2","1","2","1","-9999","-9999"
"449","356.110746","356.110873149","356.11080751","680488.1","-9999","580426.8","7.85","-1","0.184322466","0.993854285","0","0.596312571","6","0.2","1.533333333","N3 S2 O3","de-protonated","0","-9999","C15 H23 O3 N3 S2","15","23","3","3","-9999","2","-9999","-9999","-9999"
"450","356.150222","356.150349134","356.150346391","4482865","-9999","528235","61.97","-1","0.007700348","0.999198003","0.99524978","0.997618714","10","0.25","1.15","N1 O5","de-protonated","0","-9999","C20 H23 O5 N1","20","23","5","1","-9999","-9999","-9999","-9999","-9999"
"451","356.169577","356.169704126","356.169685643","659765.3","-9999","655552.9","7.56","-1","0.051893352","0.999511493","0.980718565","0.991994321","10","0.2","1.2","13C1 N2 O4","de-protonated","1","445","C19 H24 O4 N2 13C1","19","24","4","2","-9999","-9999","1","-9999","-9999"
"452","357.029109","357.029235794","357.029066007","890998.3","-9999","480510.7","10.84","-1","0.475555639","0.95979535","0","0.57587721","12","0.058823529","0.882352941","N2 S2 P1 O1","de-protonated","0","-9999","C17 H15 O1 N2 P1 S2","17","15","1","2","1","2","-9999","-9999","-9999"
"453","357.050219","357.050345786","357.050195375","1126651","-9999","509068.8","14.2","-1","0.421259998","0.968313015","0","0.580987809","7","0.214285714","1.357142857","N2 S2 P1 O3","de-protonated","0","-9999","C14 H19 O3 N2 P1 S2","14","19","3","2","1","2","-9999","-9999","-9999"
"455","357.08664","357.086766772","357.086580884","2667011.3","-9999","489451.3","36.12","-1","0.520567125","0.952018508","0","0.571211105","6","0.133333333","1.533333333","N2 S2 P1 O2","de-protonated","0","-9999","C15 H23 O2 N2 P1 S2","15","23","2","2","1","2","-9999","-9999","-9999"
"457","357.112593","357.112719762","357.112581157","694409.1","-9999","563883.4","8.05","-1","0.388124863","0.973036587","0","0.583821952","6","0.4","1.466666667","N2 S1 O6","de-protonated","0","-9999","C15 H22 O6 N2 S1","15","22","6","2","-9999","1","-9999","-9999","-9999"
"458","357.123056","357.123182758","357.122966394","2402315.5","-9999","520988.7","32.35","-1","0.605853242","0.935567278","0","0.561340367","5","0.0625","1.6875","N2 S2 P1 O1","de-protonated","0","-9999","C16 H27 O1 N2 P1 S2","16","27","1","2","1","2","-9999","-9999","-9999"
"461","357.145472","357.145598749","357.145595363","722832.5","-9999","665755.3","8.45","-1","0.009479415","0.999983695","0","0.599990217","10","0.263157895","1.157894737","N2 O5","de-protonated","0","-9999","C19 H22 O5 N2","19","22","5","2","-9999","-9999","-9999","-9999","-9999"
"462","357.150334","357.150460747","357.150620437","626705.6","-9999","474046.9","7.08","-1","-0.447122137","0.964375154","0","0.578625093","0","0.428571429","2.214285714","S1 P1 O6","de-protonated","0","-9999","C14 H31 O6 P1 S1","14","31","6","-9999","1","1","-9999","-9999","-9999"
"463","357.153541","357.153667746","357.153701226","938386.3","-9999","492569.7","11.52","-1","-0.093742437","0.998406764","0.99524978","0.997143971","10","0.25","1.15","13C1 N1 O5","de-protonated","1","450","C19 H23 O5 N1 13C1","19","23","5","1","-9999","-9999","1","-9999","-9999"
"465","357.218254","357.218380721","357.218366382","1011232.9","-9999","563422.2","12.56","-1","0.040139858","0.999707691","0","0.599824615","8","0.142857143","1.428571429","N2 O3","de-protonated","0","-9999","C21 H30 O3 N2","21","30","3","2","-9999","-9999","-9999","-9999","-9999"
"466","358.129576","358.129702369","358.129610946","871280.3","-9999","548376.6","10.56","-1","0.255276796","0.988245304","0","0.592947182","10","0.315789474","1.105263158","N1 O6","de-protonated","0","-9999","C19 H21 O6 N1","19","21","6","1","-9999","-9999","-9999","-9999","-9999"
"467","358.202324","358.20245034","358.202381965","2185473","-9999","518177.7","29.26","-1","0.190884706","0.496705183","0.81490939","0.623986866","8","0.19047619","1.380952381","N1 O4","de-protonated","0","-9999","C21 H29 O4 N1","21","29","4","1","-9999","-9999","-9999","-9999","-9999"
"468","359.044735","359.044861015","359.044716071","1393090.8","-9999","450435.6","17.98","-1","0.403692089","0.970862718","0","0.582517631","11","0.058823529","1","N2 S2 P1 O1","de-protonated","0","-9999","C17 H17 O1 N2 P1 S2","17","17","1","2","1","2","-9999","-9999","-9999"
"469","359.065933","359.066059007","359.065845439","1328711.6","-9999","465762","17.07","-1","0.594785773","0.937825742","0","0.562695445","6","0.214285714","1.5","N2 S2 P1 O3","de-protonated","0","-9999","C14 H21 O3 N2 P1 S2","14","21","3","2","1","2","-9999","-9999","-9999"
"472","359.102329","359.102454992","359.102230949","1403088.1","-9999","536693.9","18.13","-1","0.623899873","0.931807443","0","0.559084466","5","0.133333333","1.666666667","N2 S2 P1 O2","de-protonated","0","-9999","C15 H25 O2 N2 P1 S2","15","25","2","2","1","2","-9999","-9999","-9999"
"474","359.13864","359.138765978","359.138616458","927320.5","-9999","496069.7","11.35","-1","0.416330749","0.969038695","0","0.581423217","4","0.0625","1.8125","N2 S2 P1 O1","de-protonated","0","-9999","C16 H29 O1 N2 P1 S2","16","29","1","2","1","2","-9999","-9999","-9999"
"476","359.161206","359.16133197","359.161245428","3171805.8","-9999","509733.9","43.3","-1","0.240955327","0.494760241","0.829532115","0.628668991","9","0.263157895","1.263157895","N2 O5","de-protonated","0","-9999","C19 H24 O5 N2","19","24","5","2","-9999","-9999","-9999","-9999","-9999"
"477","360.145187","360.145312589","360.145261011","740226.9","-9999","404163.1","8.69","-1","0.143215855","0.996285262","0","0.597771157","9","0.315789474","1.210526316","N1 O6","de-protonated","0","-9999","C19 H23 O6 N1","19","23","6","1","-9999","-9999","-9999","-9999","-9999"
"478","360.181591","360.181716575","360.18164652","911307.4","-9999","589532.9","11.12","-1","0.194499328","0.993159303","0","0.595895582","8","0.25","1.35","N1 O5","de-protonated","0","-9999","C20 H27 O5 N1","20","27","5","1","-9999","-9999","-9999","-9999","-9999"
"479","360.194721","360.19484657","360.19453368","1310926.5","-9999","593261.5","16.81","-1","0.868670713","0.87204073","0","0.523224438","3","0.294117647","1.882352941","N1 P1 O5","de-protonated","0","-9999","C17 H32 O5 N1 P1","17","32","5","1","1","-9999","-9999","-9999","-9999"
"480","361.024011","361.02413625","361.023980626","920593.8","-9999","491965.6","11.25","-1","0.431060673","0.966846456","0","0.580107874","11","0.125","0.9375","N2 S2 P1 O2","de-protonated","0","-9999","C16 H15 O2 N2 P1 S2","16","15","2","2","1","2","-9999","-9999","-9999"
"481","361.060488","361.060613235","361.060366136","2238362.5","-9999","542359.2","30.01","-1","0.684372508","0.918526662","0","0.551115997","10","0.058823529","1.117647059","N2 S2 P1 O1","de-protonated","0","-9999","C17 H19 O1 N2 P1 S2","17","19","1","2","1","2","-9999","-9999","-9999"
"483","361.095483","361.095608222","361.095882265","658594.8","-9999","582592.5","7.52","-1","-0.758920923","0.900768167","0","0.5404609","10","0.294117647","1.117647059","N2 P1 O5","de-protonated","0","-9999","C17 H19 O5 N2 P1","17","19","5","2","1","-9999","-9999","-9999","-9999"
"489","362.100153","362.100277834","362.100242826","660626.1","-9999","467231.7","7.55","-1","0.096679935","0.998305435","0","0.598983261","9","0.117647059","1.235294118","N3 S2 O2","de-protonated","0","-9999","C17 H21 O2 N3 S2","17","21","2","3","-9999","2","-9999","-9999","-9999"
"491","362.136662","362.136786819","362.136628335","921370.8","-9999","596619","11.26","-1","0.437636935","0.965844765","0","0.579506859","8","0.055555556","1.388888889","N3 S2 O1","de-protonated","0","-9999","C18 H25 O1 N3 S2","18","25","1","3","-9999","2","-9999","-9999","-9999"
"492","362.139758","362.139882818","362.139781707","1166747.6","-9999","490189.4","14.75","-1","0.279204446","0.985954714","0","0.591572828","13","0.181818182","0.954545455","N1 O4","de-protonated","0","-9999","C22 H21 O4 N1","22","21","4","1","-9999","-9999","-9999","-9999","-9999"
"493","362.189196","362.189320799","362.189054376","731559.4","-9999","555364","8.56","-1","0.73559099","0.906484983","0","0.54389099","7","0.15","1.5","N1 P1 O3","de-protonated","0","-9999","C20 H30 O3 N1 P1","20","30","3","1","1","-9999","-9999","-9999","-9999"
"496","363.039842","363.03996647","363.039630691","2148724.5","-9999","527586.1","28.13","-1","0.924911383","0.856224829","0","0.513734897","10","0.125","1.0625","N2 S2 P1 O2","de-protonated","0","-9999","C16 H17 O2 N2 P1 S2","16","17","2","2","1","2","-9999","-9999","-9999"
"497","363.076206","363.076330456","363.0760162","3672445.3","-9999","505972.1","49.37","-1","0.865537972","0.436450397","0.844689208","0.599745921","9","0.058823529","1.235294118","N2 S2 P1 O1","de-protonated","0","-9999","C17 H21 O1 N2 P1 S2","17","21","1","2","1","2","-9999","-9999","-9999"
"498","363.089267","363.089391451","363.089751513","1883008.4","-9999","499391","24.43","-1","-0.99166035","0.836578542","0","0.501947125","5","0.416666667","1.75","N4 S1 P1 O5","de-protonated","0","-9999","C12 H21 O5 N4 P1 S1","12","21","5","4","1","1","-9999","-9999","-9999"
"499","363.111365","363.111489443","363.11153233","960005.7","-9999","545888.5","11.56","-1","-0.118109697","0.99747201","0","0.598483206","9","0.294117647","1.235294118","N2 P1 O5","de-protonated","0","-9999","C17 H21 O5 N2 P1","17","21","5","2","1","-9999","-9999","-9999","-9999"
"504","364.11591","364.116034054","364.11589289","941946.5","-9999","668755.3","11.31","-1","0.387690035","0.973096149","0","0.58385769","8","0.117647059","1.352941176","N3 S2 O2","de-protonated","0","-9999","C17 H23 O2 N3 S2","17","23","2","3","-9999","2","-9999","-9999","-9999"
"505","364.132154","364.132278048","364.131933422","1113214.5","-9999","553894.1","13.69","-1","0.946432026","0.849990861","0","0.509994517","8","0.277777778","1.333333333","N1 P1 O5","de-protonated","0","-9999","C18 H24 O5 N1 P1","18","24","5","1","1","-9999","-9999","-9999","-9999"
"506","364.15542","364.155544039","364.155431772","843908.2","-9999","495086.6","9.94","-1","0.308295138","0.982901908","0","0.589741145","12","0.181818182","1.045454545","N1 O4","de-protonated","0","-9999","C22 H23 O4 N1","22","23","4","1","-9999","-9999","-9999","-9999","-9999"
"507","364.203079","364.203203021","364.20305067","1433743.9","-9999","537268","18.16","-1","0.418311391","0.968748067","0","0.58124884","11","0.090909091","1.227272727","N3 O2","de-protonated","0","-9999","C22 H27 O2 N3","22","27","2","3","-9999","-9999","-9999","-9999","-9999"
"509","364.970815","364.970938724","364.971276347","653260.9","-9999","419588.5","7.28","-1","-0.92506861","0.856179641","0","0.513707784","11","0.333333333","0.733333333","S2 P1 O5","de-protonated","0","-9999","C15 H11 O5 P1 S2","15","11","5","-9999","1","2","-9999","-9999","-9999"
"510","365.019016","365.019139705","365.018895246","667992.9","-9999","501370.8","7.49","-1","0.669716713","0.921840143","0","0.553104086","10","0.2","1","N2 S2 P1 O3","de-protonated","0","-9999","C15 H15 O3 N2 P1 S2","15","15","3","2","1","2","-9999","-9999","-9999"
"511","365.055481","365.055604691","365.055280755","3141474","-9999","512738.1","41.96","-1","0.887360969","0.433431462","0.85247738","0.60104983","9","0.125","1.1875","N2 S2 P1 O2","de-protonated","0","-9999","C16 H19 O2 N2 P1 S2","16","19","2","2","1","2","-9999","-9999","-9999"
"512","365.08633","365.086453679","365.086774133","687593.6","-9999","392636.2","7.76","-1","-0.87774639","0.86953639","0","0.521721834","5","0.727272727","1.727272727","N4 P1 O8","de-protonated","0","-9999","C11 H19 O8 N4 P1","11","19","8","4","1","-9999","-9999","-9999","-9999"
"514","365.103159","365.103282673","365.103061845","709741.7","-9999","590015.9","8.07","-1","0.60483581","0.935776408","0","0.561465845","13","0.285714286","0.857142857","O6","de-protonated","0","-9999","C21 H18 O6","21","18","6","-9999","-9999","-9999","-9999","-9999","-9999"
"516","365.123047","365.123170665","365.123159642","687346.6","-9999","530323.8","7.76","-1","0.030189423","0.999834641","0","0.599900785","4","0.583333333","1.916666667","N4 P1 O7","de-protonated","0","-9999","C12 H23 O7 N4 P1","12","23","7","4","1","-9999","-9999","-9999","-9999"
"517","365.126853","365.126976663","365.127182394","1386099.5","-9999","581782.1","17.49","-1","-0.563449186","0.944022367","0","0.56641342","8","0.294117647","1.352941176","N2 P1 O5","de-protonated","0","-9999","C17 H23 O5 N2 P1","17","23","5","2","1","-9999","-9999","-9999","-9999"
"519","365.141436","365.141559658","365.141787087","825079.2","-9999","526658.9","9.68","-1","-0.62285081900000006","0.932028604","0","0.559217162","3","0.307692308","2.076923077","N4 S1 P1 O4","de-protonated","0","-9999","C13 H27 O4 N4 P1 S1","13","27","4","4","1","1","-9999","-9999","-9999"
"520","365.159205","365.159328651","365.159545151","663163.6","-9999","573079.4","7.42","-1","-0.592892815","0.938208395","0","0.562925037","3","0.461538462","2.076923077","N4 P1 O6","de-protonated","0","-9999","C13 H27 O6 N4 P1","13","27","6","4","1","-9999","-9999","-9999","-9999"
"521","365.163362","365.163485649","365.163567903","973180.6","-9999","678957.8","11.74","-1","-0.225252694","0.990835766","0","0.594501459","7","0.222222222","1.5","N2 P1 O4","de-protonated","0","-9999","C18 H27 O4 N2 P1","18","27","4","2","1","-9999","-9999","-9999","-9999"
"524","365.250556","365.250679616","365.250943615","812178.3","-9999","550325","9.49","-1","-0.722788264","0.909561245","0","0.545736747","0","0.0625","2.4375","N4 S1 P1 O1","de-protonated","0","-9999","C16 H39 O1 N4 P1 S1","16","39","1","4","1","1","-9999","-9999","-9999"
"525","366.095266","366.095389289","366.095157445","1172836.8","-9999","537807.2","14.52","-1","0.633288357","0.929813968","0","0.557888381","8","0.1875","1.3125","N3 S2 O3","de-protonated","0","-9999","C16 H21 O3 N3 S2","16","21","3","3","-9999","2","-9999","-9999","-9999"
"527","366.131654","366.131777275","366.131542955","1299053.9","-9999","543472.3","16.28","-1","0.639989611","0.928375524","0","0.557025314","7","0.117647059","1.470588235","N3 S2 O2","de-protonated","0","-9999","C17 H25 O2 N3 S2","17","25","2","3","-9999","2","-9999","-9999","-9999"
"528","366.134732","366.134855274","366.134696327","730606.6","-9999","497307.7","8.35","-1","0.434121828","0.966381941","0","0.579829164","12","0.238095238","1","N1 O5","de-protonated","0","-9999","C21 H21 O5 N1","21","21","5","1","-9999","-9999","-9999","-9999","-9999"
"530","367.034767","367.034889926","367.035196759","1693777.1","-9999","438157.2","21.78","-1","-0.83597745","0.880903741","0","0.528542245","18","0.043478261","0.565217391","S1 P1 O1","de-protonated","0","-9999","C23 H13 O1 P1 S1","23","13","1","-9999","1","1","-9999","-9999","-9999"
"530","367.034767","367.034889926","367.03454531","1693777.1","-9999","438157.2","21.78","-1","0.938918521","0.852178426","0","0.511307056","9","0.2","1.133333333","N2 S2 P1 O3","de-protonated","0","-9999","C15 H17 O3 N2 P1 S2","15","17","3","2","1","2","-9999","-9999","-9999"
"531","367.071167","367.071289912","367.07093082","4486490.5","-9999","468197.1","60.7","-1","0.978263546","0.420297076","0.85247738","0.593169198","8","0.125","1.3125","N2 S2 P1 O2","de-protonated","0","-9999","C16 H21 O2 N2 P1 S2","16","21","2","2","1","2","-9999","-9999","-9999"
"532","367.102197","367.1023199","367.102424197","682210.1","-9999","628077.1","7.68","-1","-0.284109715","0.985460499","0","0.5912763","4","0.727272727","1.909090909","N4 P1 O8","de-protonated","0","-9999","C11 H21 O8 N4 P1","11","21","8","4","1","-9999","-9999","-9999","-9999"
"534","367.118788","367.118910893","367.11871191","697318.4","-9999","658643.1","7.89","-1","0.542014679","0.948089872","0","0.568853923","12","0.285714286","0.952380952","O6","de-protonated","0","-9999","C21 H20 O6","21","20","6","-9999","-9999","-9999","-9999","-9999","-9999"
"535","367.142747","367.142869884","367.143212581","1380716.4","-9999","568945","17.41","-1","-0.933414808","0.853773311","0","0.512263987","2","0.533333333","1.866666667","S1 O8","de-protonated","0","-9999","C15 H28 O8 S1","15","28","8","-9999","-9999","1","-9999","-9999","-9999"
"535","367.142747","367.142869884","367.142832459","1380716.4","-9999","568945","17.41","-1","0.101937462","0.998116298","0","0.598869779","7","0.294117647","1.470588235","N2 P1 O5","de-protonated","0","-9999","C17 H25 O5 N2 P1","17","25","5","2","1","-9999","-9999","-9999","-9999"
"539","368.038143","368.038265538","368.038036491","657168.1","-9999","447464.4","7.32","-1","0.622345866","0.932134944","0","0.559280966","9","0.357142857","1.071428571","N3 S2 O5","de-protonated","0","-9999","C14 H15 O5 N3 S2","14","15","5","3","-9999","2","-9999","-9999","-9999"
"540","368.07462399999997","368.074746524","368.075073449","1018201.4","-9999","636756.4","12.36","-1","-0.888202451","0.866627947","0","0.519976768","17","0.086956522","0.652173913","N1 S1 O2","de-protonated","0","-9999","C23 H15 O2 N1 S1","23","15","2","1","-9999","1","-9999","-9999","-9999"
"540","368.07462399999997","368.074746524","368.074422","1018201.4","-9999","636756.4","12.36","-1","0.881679025","0.868445393","0","0.521067236","8","0.266666667","1.266666667","N3 S2 O4","de-protonated","0","-9999","C15 H19 O4 N3 S2","15","19","4","3","-9999","2","-9999","-9999","-9999"
"542","368.105432","368.105554512","368.105718673","2232929.3","-9999","528031.4","29.29","-1","-0.445962652","0.964556371","0","0.578733823","12","0.2","1","N1 P1 O4","de-protonated","0","-9999","C20 H20 O4 N1 P1","20","20","4","1","1","-9999","-9999","-9999","-9999"
"543","368.110942","368.11106451","368.11080751","1278050.8","-9999","492842.7","15.98","-1","0.698159637","0.915355315","0","0.549213189","7","0.1875","1.4375","N3 S2 O3","de-protonated","0","-9999","C16 H23 O3 N3 S2","16","23","3","3","-9999","2","-9999","-9999","-9999"
"544","368.14723300000003","368.147355496","368.147193019","1088108","-9999","497627.2","13.33","-1","0.441336321","0.965275075","0","0.579165045","6","0.117647059","1.588235294","N3 S2 O2","de-protonated","0","-9999","C17 H27 O2 N3 S2","17","27","2","3","-9999","2","-9999","-9999","-9999"
"545","368.183577","368.183699482","368.183578528","673397.3","-9999","573744","7.55","-1","0.328513641","0.980608323","0","0.588364994","5","0.055555556","1.722222222","N3 S2 O1","de-protonated","0","-9999","C18 H31 O1 N3 S2","18","31","1","3","-9999","2","-9999","-9999","-9999"
"546","369.050514","369.050636147","369.050846824","2355540.3","-9999","469385.3","30.99","-1","-0.57086136","0.471291648","0.800793265","0.603092295","17","0.043478261","0.652173913","S1 P1 O1","de-protonated","0","-9999","C23 H15 O1 P1 S1","23","15","1","-9999","1","1","-9999","-9999","-9999"
"547","369.065845","369.065967141","369.066299669","738520.1","-9999","576760.2","8.45","-1","-0.900999564","0.863034957","0","0.517820974","13","0.235294118","0.823529412","N4 S1 O4","de-protonated","0","-9999","C17 H14 O4 N4 S1","17","14","4","4","-9999","1","-9999","-9999","-9999"
"549","369.115361","369.115483122","369.115572338","683876.9","-9999","712921","7.69","-1","-0.241703803","0.989455621","0","0.593673373","7","0.2","1.533333333","N4 S1 P1 O3","de-protonated","0","-9999","C15 H23 O3 N4 P1 S1","15","23","3","4","1","1","-9999","-9999","-9999"
"550","369.12019","369.12031212","369.119975213","788582.1","-9999","724200.6","9.15","-1","0.912730273","0.859709579","0","0.515825747","6","0.222222222","1.444444444","S2 O4","de-protonated","0","-9999","C18 H26 O4 S2","18","26","4","-9999","-9999","2","-9999","-9999","-9999"
"550","369.12019","369.12031212","369.120443243","788582.1","-9999","724200.6","9.15","-1","-0.355232761","0.977363082","0","0.586417849","12","0.277777778","1","N4 O5","de-protonated","0","-9999","C18 H18 O5 N4","18","18","5","4","-9999","-9999","-9999","-9999","-9999"
"552","369.131442","369.131564115","369.131860051","4459369","-9999","486341","60.32","-1","-0.801706317","0.444960287","0.787157861","0.581839317","15","0.04","0.88","S1 O1","de-protonated","0","-9999","C25 H22 O1 S1","25","22","1","-9999","-9999","1","-9999","-9999","-9999"
"552","369.131442","369.131564115","369.131208602","4459369","-9999","486341","60.32","-1","0.963108314","0.883646793","0.991382084","0.926740909","6","0.176470588","1.529411765","N2 S2 O3","de-protonated","0","-9999","C17 H26 O3 N2 S2","17","26","3","2","-9999","2","-9999","-9999","-9999"
"553","369.136301","369.136423113","369.136701706","790378.3","-9999","413020.9","9.18","-1","-0.754714422","0.901809429","0","0.541085657","2","0.416666667","2.25","N4 S1 P1 O5","de-protonated","0","-9999","C12 H27 O5 N4 P1 S1","12","27","5","4","1","1","-9999","-9999","-9999"
"555","369.180497","369.180619096","369.180481271","879989.8","-9999","487970.3","10.43","-1","0.373328111","0.975027886","0","0.585016732","0","0.133333333","2.333333333","N2 S2 P1 O2","de-protonated","0","-9999","C15 H35 O2 N2 P1 S2","15","35","2","2","1","2","-9999","-9999","-9999"
"556","369.182141","369.182263096","369.181980873","4183926.3","-9999","509402.4","56.48","-1","0.764454879","0.884062671","0.954769827","0.912345533","10","0.19047619","1.238095238","N2 O4","de-protonated","0","-9999","C21 H26 O4 N2","21","26","4","2","-9999","-9999","-9999","-9999","-9999"
"559","370.09012","370.090241745","370.090072065","1080034","-9999","404474.6","13.21","-1","0.458482642","0.96257657","0","0.577545942","7","0.266666667","1.4","N3 S2 O4","de-protonated","0","-9999","C15 H21 O4 N3 S2","15","21","4","3","-9999","2","-9999","-9999","-9999"
"560","370.126588","370.126709731","370.126457574","1175915.5","-9999","568483.5","14.55","-1","0.681271011","0.919232852","0","0.551539711","6","0.1875","1.5625","N3 S2 O3","de-protonated","0","-9999","C16 H25 O3 N3 S2","16","25","3","3","-9999","2","-9999","-9999","-9999"
"562","370.134689","370.134810728","370.134563437","874349.6","-9999","484697.2","10.34","-1","0.668109516","0.922199862","0.991382084","0.949872751","6","0.176470588","1.529411765","13C1 N2 S2 O3","de-protonated","1","552","C16 H26 O3 N2 S2 13C1","16","26","3","2","-9999","2","1","-9999","-9999"
"564","370.166172","370.166293715","370.165996456","5248118","-9999","485680.2","71.31","-1","0.803044164","0.889932738","0.950419884","0.914127596","10","0.238095238","1.19047619","N1 O5","de-protonated","0","-9999","C21 H25 O5 N1","21","25","5","1","-9999","-9999","-9999","-9999","-9999"
"566","370.18554","370.185661708","370.185335708","680314.9","-9999","563598.8","7.64","-1","0.88063995","0.868733995","0.954769827","0.903148328","10","0.19047619","1.238095238","13C1 N2 O4","de-protonated","1","556","C20 H26 O4 N2 13C1","20","26","4","2","-9999","-9999","1","-9999","-9999"
"568","371.066246","371.066367367","371.066496888","2674530","-9999","471315.9","34.68","-1","-0.349049522","0.489067831","0.800793265","0.613758005","16","0.043478261","0.739130435","S1 P1 O1","de-protonated","0","-9999","C23 H17 O1 P1 S1","23","17","1","-9999","1","1","-9999","-9999","-9999"
"568","371.066246","371.066367367","371.066693592","2674530","-9999","471315.9","34.68","-1","-0.879154823","0.869146064","0","0.521487638","8","0.538461538","1.230769231","N4 S1 O7","de-protonated","0","-9999","C13 H16 O7 N4 S1","13","16","7","4","-9999","1","-9999","-9999","-9999"
"569","371.081486","371.081607362","371.081949734","1689702","-9999","522868.2","21.25","-1","-0.922632468","0.85687921","0","0.514127526","12","0.235294118","0.941176471","N4 S1 O4","de-protonated","0","-9999","C17 H16 O4 N4 S1","17","16","4","4","-9999","1","-9999","-9999","-9999"
"570","371.094504","371.094625356","371.094836893","748521.4","-9999","601134.2","8.41","-1","-0.570034494","0.942744654","0","0.565646792","7","0.285714286","1.5","N4 S1 P1 O4","de-protonated","0","-9999","C14 H21 O4 N4 P1 S1","14","21","4","4","1","1","-9999","-9999","-9999"
"572","371.117901","371.118022347","371.118335243","1491567.6","-9999","489233.2","18.54","-1","-0.843115666","0.878990038","0","0.527394023","11","0.166666667","1.111111111","N4 S1 O3","de-protonated","0","-9999","C18 H20 O3 N4 S1","18","20","3","4","-9999","1","-9999","-9999","-9999"
"573","371.125073","371.125194345","371.124859919","724081.5","-9999","374552.3","8.07","-1","0.901114776","0.863002444","0","0.517801467","11","0.315789474","1.052631579","N2 O6","de-protonated","0","-9999","C19 H20 O6 N2","19","20","6","2","-9999","-9999","-9999","-9999","-9999"
"574","371.12856","371.128681343","371.128882671","1586802.4","-9999","443026.5","19.84","-1","-0.542472609","0.948004443","0","0.568802666","15","0.166666667","0.833333333","O4","de-protonated","0","-9999","C24 H20 O4","24","20","4","-9999","-9999","-9999","-9999","-9999","-9999"
"575","371.137428","371.13754934","371.137747078","675700.8","-9999","670274.8","7.41","-1","-0.532789383","0.949797148","0","0.569878289","6","0.375","1.5625","N2 P1 O6","de-protonated","0","-9999","C16 H25 O6 N2 P1","16","25","6","2","1","-9999","-9999","-9999","-9999"
"576","371.138993","371.139114339","371.139464611","3030389.3","-9999","477298.6","39.54","-1","-0.943774321","0.425383002","0.860410506","0.599394004","6","0.333333333","1.6","N4 S1 O5","de-protonated","0","-9999","C15 H24 O5 N4 S1","15","24","5","4","-9999","1","-9999","-9999","-9999"
"577","371.151989","371.152110334","371.152351771","841592.6","-9999","392932.2","9.68","-1","-0.65050508","0.926092408","0","0.555655445","1","0.416666667","2.416666667","N4 S1 P1 O5","de-protonated","0","-9999","C12 H29 O5 N4 P1 S1","12","29","5","4","1","1","-9999","-9999","-9999"
"579","371.161403","371.161524331","371.161245428","769147.1","-9999","485892.3","8.69","-1","0.751432709","0.902618583","0","0.54157115","10","0.25","1.2","N2 O5","de-protonated","0","-9999","C20 H24 O5 N2","20","24","5","2","-9999","-9999","-9999","-9999","-9999"
"580","371.169527","371.169648327","371.169351291","822653.2","-9999","480182.9","9.42","-1","0.800272675","0.890291506","0.950419884","0.914342857","10","0.238095238","1.19047619","13C1 N1 O5","de-protonated","1","564","C20 H25 O5 N1 13C1","20","25","5","1","-9999","-9999","1","-9999","-9999"
"581","371.175384","371.175505325","371.175850121","1084158.8","-9999","477125.2","12.98","-1","-0.928927123","0.85506902","0","0.513041412","5","0.25","1.75","N4 S1 O4","de-protonated","0","-9999","C16 H28 O4 N4 S1","16","28","4","4","-9999","1","-9999","-9999","-9999"
"582","372.218222","372.218342922","372.21803203","1478803.3","-9999","501011.1","18.37","-1","0.835243087","0.88109993","0","0.528659958","8","0.181818182","1.409090909","N1 O4","de-protonated","0","-9999","C22 H31 O4 N1","22","31","4","1","-9999","-9999","-9999","-9999","-9999"
"587","373.045501","373.045621602","373.045761443","790896.7","-9999","534457.2","8.98","-1","-0.374862447","0.97482481","0","0.584894886","16","0.090909091","0.681818182","S1 P1 O2","de-protonated","0","-9999","C22 H15 O2 P1 S1","22","15","2","-9999","1","1","-9999","-9999","-9999"
"587","373.045501","373.045621602","373.045958148","790896.7","-9999","534457.2","8.98","-1","-0.902155162","0.862708715","0","0.517625229","8","0.666666667","1.166666667","N4 S1 O8","de-protonated","0","-9999","C12 H14 O8 N4 S1","12","14","8","4","-9999","1","-9999","-9999","-9999"
"588","373.060783","373.060903596","373.061214289","2277748.8","-9999","500947.2","29.26","-1","-0.83281918","0.881746576","0","0.529047946","12","0.3125","0.875","N4 S1 O5","de-protonated","0","-9999","C16 H14 O5 N4 S1","16","14","5","4","-9999","1","-9999","-9999","-9999"
"589","373.073845","373.073965591","373.074101448","794104.3","-9999","554250.6","9.02","-1","-0.364155951","0.976225348","0","0.585735209","7","0.384615385","1.461538462","N4 S1 P1 O5","de-protonated","0","-9999","C13 H19 O5 N4 P1 S1","13","19","5","4","1","1","-9999","-9999","-9999"
"590","373.080513","373.080633589","373.081006246","714362.1","-9999","650881.6","7.93","-1","-0.998865382","0.834404343","0","0.500642606","2","0.916666667","1.833333333","S1 O11","de-protonated","0","-9999","C12 H22 O11 S1","12","22","11","-9999","-9999","1","-9999","-9999","-9999"
"590","373.080513","373.080633589","373.080626124","714362.1","-9999","650881.6","7.93","-1","0.020008592","0.999927361","0","0.599956416","7","0.571428571","1.357142857","N2 P1 O8","de-protonated","0","-9999","C14 H19 O8 N2 P1","14","19","8","2","1","-9999","-9999","-9999","-9999"
"591","373.081897","373.082017588","373.082146952","2080634.5","-9999","540381.9","26.57","-1","-0.346744726","0.489210162","0.800793265","0.613843404","15","0.043478261","0.826086957","S1 P1 O1","de-protonated","0","-9999","C23 H19 O1 P1 S1","23","19","1","-9999","1","1","-9999","-9999","-9999"
"591","373.081897","373.082017588","373.082343657","2080634.5","-9999","540381.9","26.57","-1","-0.873986032","0.870576306","0","0.522345783","7","0.538461538","1.384615385","N4 S1 O7","de-protonated","0","-9999","C13 H18 O7 N4 S1","13","18","7","4","-9999","1","-9999","-9999","-9999"
"592","373.097136","373.097256582","373.097599798","2786686.5","-9999","475729.3","36.21","-1","-0.919909264","0.895004519","0.964879131","0.922954364","11","0.235294118","1.058823529","N4 S1 O4","de-protonated","0","-9999","C17 H18 O4 N4 S1","17","18","4","4","-9999","1","-9999","-9999","-9999"
"593","373.106265","373.106385579","373.106647624","25827200","-9999","484350.7","350.57","-1","-0.702332883","0.61579804","0.929726258","0.741369327","5","0.176470588","1.588235294","S2 P1 O3","de-protonated","0","-9999","C17 H27 O3 P1 S2","17","27","3","-9999","1","2","-9999","-9999","-9999"
"594","373.110235","373.110355577","373.110486958","1121794","-9999","348770.2","13.49","-1","-0.352122432","0.977753329","0","0.586651998","6","0.285714286","1.642857143","N4 S1 P1 O4","de-protonated","0","-9999","C14 H23 O4 N4 P1 S1","14","23","4","4","1","1","-9999","-9999","-9999"
"595","373.118311","373.118431574","373.118729166","1586820.3","-9999","499587.4","19.84","-1","-0.797580397","0.89098671","0","0.534592026","6","0.428571429","1.571428571","N4 S1 O6","de-protonated","0","-9999","C14 H22 O6 N4 S1","14","22","6","4","-9999","1","-9999","-9999","-9999"
"596","373.13354","373.133660568","373.133985308","2274184.3","-9999","441895.2","29.21","-1","-0.870302289","0.871591903","0","0.522955142","10","0.166666667","1.222222222","N4 S1 O3","de-protonated","0","-9999","C18 H22 O3 N4 S1","18","22","3","4","-9999","1","-9999","-9999","-9999"
"597","373.15464","373.15476056","373.155114676","1481614","-9999","632436.1","18.4","-1","-0.948976885","0.849247252","0","0.509548351","5","0.333333333","1.733333333","N4 S1 O5","de-protonated","0","-9999","C15 H26 O5 N4 S1","15","26","5","4","-9999","1","-9999","-9999","-9999"
"598","373.169954","373.170074554","373.170370817","1221778.1","-9999","556124.4","14.86","-1","-0.793907587","0.891932201","0","0.53515932","9","0.105263158","1.368421053","N4 S1 O2","de-protonated","0","-9999","C19 H26 O2 N4 S1","19","26","2","4","-9999","1","-9999","-9999","-9999"
"600","373.191074","373.191194546","373.191500185","954775.8","-9999","598091.6","11.21","-1","-0.81898707","0.88540965","0","0.53124579","4","0.25","1.875","N4 S1 O4","de-protonated","0","-9999","C16 H30 O4 N4 S1","16","30","4","4","-9999","1","-9999","-9999","-9999"
"601","373.213515","373.213635537","373.213281002","921501.8","-9999","604213.8","10.76","-1","0.949954327","0.848961285","0","0.509376771","8","0.19047619","1.428571429","N2 O4","de-protonated","0","-9999","C21 H30 O4 N2","21","30","4","2","-9999","-9999","-9999","-9999","-9999"
"602","373.311435","373.311555499","373.31120414","689080.2","-9999","388383.9","7.59","-1","0.941195852","0.851516627","0","0.510909976","5","0.08","1.68","O2","de-protonated","0","-9999","C25 H42 O2","25","42","2","-9999","-9999","-9999","-9999","-9999","-9999"
"603","374.100602","374.100722194","374.101027216","655501.6","-9999","477780.8","7.13","-1","-0.81534605","0.886366175","0","0.531819705","6","0.533333333","1.466666667","N1 P1 O8","de-protonated","0","-9999","C15 H22 O8 N1 P1","15","22","8","1","1","-9999","-9999","-9999","-9999"
"603","374.100602","374.100722194","374.100954633","655501.6","-9999","477780.8","7.13","-1","-0.621326762","0.932349336","0.964879131","0.945361254","11","0.235294118","1.058823529","13C1 N4 S1 O4","de-protonated","1","592","C16 H18 O4 N4 S1 13C1","16","18","4","4","-9999","1","1","-9999","-9999"
"604","374.109651","374.109771191","374.110002459","4902032","-9999","516624.1","65.07","-1","-0.618181902","0.622006014","0.929726258","0.745094112","5","0.176470588","1.588235294","13C1 S2 P1 O3","de-protonated","1","593","C16 H27 O3 P1 S2 13C1","16","27","3","-9999","1","2","1","-9999","-9999"
"604","374.109651","374.109771191","374.110138805","4902032","-9999","516624.1","65.07","-1","-0.982634831","0.41964389","0.85247738","0.592777286","5","0.3125","1.5625","N1 S2 O5","de-protonated","0","-9999","C16 H25 O5 N1 S2","16","25","5","1","-9999","2","-9999","-9999","-9999"
"604","374.109651","374.109771191","374.109758682","4902032","-9999","516624.1","65.07","-1","0.033436356","0.983519317","0.651763483","0.850816983","10","0.111111111","1.222222222","N3 S1 P1 O2","de-protonated","0","-9999","C18 H22 O2 N3 P1 S1","18","22","2","3","1","1","-9999","-9999","-9999"
"605","374.143314","374.143434178","374.143153011","1009817.2","-9999","492236.5","11.96","-1","0.751496589","0.902602859","0","0.541561716","9","0.2","1.25","N1 S1 O4","de-protonated","0","-9999","C20 H25 O4 N1 S1","20","25","4","1","-9999","1","-9999","-9999","-9999"
"612","375.040107","375.040226831","375.040478844","2145165.8","-9999","523357.1","27.45","-1","-0.671961665","0.921336473","0","0.552801884","12","0.4","0.8","N4 S1 O6","de-protonated","0","-9999","C15 H12 O6 N4 S1","15","12","6","4","-9999","1","-9999","-9999","-9999"
"613","375.076427","375.076546817","375.076864353","3437463.8","-9999","480963.5","45.08","-1","-0.846589714","0.439027151","0.85247738","0.604407243","11","0.3125","1","N4 S1 O5","de-protonated","0","-9999","C16 H16 O5 N4 S1","16","16","5","4","-9999","1","-9999","-9999","-9999"
"614","375.089537","375.089656812","375.089751513","1467291.3","-9999","522589.6","18.2","-1","-0.252475183","0.988500418","0","0.593100251","6","0.384615385","1.615384615","N4 S1 P1 O5","de-protonated","0","-9999","C13 H21 O5 N4 P1 S1","13","21","5","4","1","1","-9999","-9999","-9999"
"615","375.09862","375.098739809","375.09864517","1235037.9","-9999","273125.6","15.03","-1","0.252302871","0.988516019","0","0.593109611","15","0.238095238","0.761904762","N2 O5","de-protonated","0","-9999","C21 H16 O5 N2","21","16","5","2","-9999","-9999","-9999","-9999","-9999"
"616","375.104239","375.104358806","375.104518397","26266016","-9999","479472.4","356.55","-1","-0.425456025","0.645804581","0.966490068","0.774078776","6","0.714285714","1.428571429","N2 O10","de-protonated","0","-9999","C14 H20 O10 N2","14","20","10","2","-9999","-9999","-9999","-9999","-9999"
"617","375.105826","375.105945806","375.106039225","1159199.8","-9999","615328.9","13.99","-1","-0.249048618","0.9888087","0","0.59328522","14","0.130434783","0.869565217","S1 O3","de-protonated","0","-9999","C23 H20 O3 S1","23","20","3","-9999","-9999","1","-9999","-9999","-9999"
"617","375.105826","375.105945806","375.106172167","1159199.8","-9999","615328.9","13.99","-1","-0.603459467","0.936058825","0","0.561635295","1","0.916666667","2.083333333","P1 O11","de-protonated","0","-9999","C12 H25 O11 P1","12","25","11","-9999","1","-9999","-9999","-9999","-9999"
"618","375.111435","375.111554804","375.111912452","1266593.3","-9999","633406.9","15.46","-1","-0.953445005","0.84793841700000006","0","0.50876305","5","0.5","1.5","S1 O8","de-protonated","0","-9999","C16 H24 O8 S1","16","24","8","-9999","-9999","1","-9999","-9999","-9999"
"618","375.111435","375.111554804","375.11153233","1266593.3","-9999","633406.9","15.46","-1","0.05991269","0.999348896","0","0.599609338","10","0.277777778","1.166666667","N2 P1 O5","de-protonated","0","-9999","C18 H21 O5 N2 P1","18","21","5","2","1","-9999","-9999","-9999","-9999"
"619","375.112833","375.112952803","375.113113517","5126561.5","-9999","473349.6","68.12","-1","-0.428441486","0.967241471","0.651763483","0.841050276","10","0.111111111","1.222222222","13C1 N3 S1 P1 O2","de-protonated","1","604","C17 H22 O2 N3 P1 S1 13C1","17","22","2","3","1","1","1","-9999","-9999"
"619","375.112833","375.112952803","375.113249863","5126561.5","-9999","473349.6","68.12","-1","-0.791919879","0.887432305","0.981473113","0.925048628","10","0.235294118","1.176470588","N4 S1 O4","de-protonated","0","-9999","C17 H20 O4 N4 S1","17","20","4","4","-9999","1","-9999","-9999","-9999"
"620","375.125983","375.126102798","375.126137022","1022885.3","-9999","477799.7","12.13","-1","-0.091234094","0.998490823","0","0.599094494","5","0.285714286","1.785714286","N4 S1 P1 O4","de-protonated","0","-9999","C14 H25 O4 N4 P1 S1","14","25","4","4","1","1","-9999","-9999","-9999"
"621","375.133986","375.134105795","375.134379231","753959.5","-9999","549060.7","8.46","-1","-0.728901141","0.90809787","0","0.544858722","5","0.428571429","1.714285714","N4 S1 O6","de-protonated","0","-9999","C14 H24 O6 N4 S1","14","24","6","4","-9999","1","-9999","-9999","-9999"
"622","375.149235","375.149354789","375.149635372","4357547.5","-9999","520083.4","57.63","-1","-0.747923057","0.888470726","0.996773662","0.931791901","9","0.166666667","1.333333333","N4 S1 O3","de-protonated","0","-9999","C18 H24 O3 N4 S1","18","24","3","4","-9999","1","-9999","-9999","-9999"
"623","375.149914","375.150033789","375.150286821","797995.9","-9999","529445.7","9.07","-1","-0.674481704","0.920769407","0","0.552461644","18","0.038461538","0.769230769","N2 O1","de-protonated","0","-9999","C26 H20 O1 N2","26","20","1","2","-9999","-9999","-9999","-9999","-9999"
"624","375.162077","375.162196784","375.162033274","701103.2","-9999","426628.8","7.74","-1","0.435837688","0.966120228","0","0.579672137","0","0.916666667","2.333333333","N2 O11","de-protonated","0","-9999","C12 H28 O11 N2","12","28","11","2","-9999","-9999","-9999","-9999","-9999"
"624","375.162077","375.162196784","375.162522532","701103.2","-9999","426628.8","7.74","-1","-0.868283949","0.872147034","0","0.52328822","4","0.2","1.933333333","N4 S1 P1 O3","de-protonated","0","-9999","C15 H29 O3 N4 P1 S1","15","29","3","4","1","1","-9999","-9999","-9999"
"627","375.185537","375.185656775","375.186020881","777909.6","-9999","518128.8","8.79","-1","-0.970469116","0.842914084","0","0.505748451","8","0.105263158","1.473684211","N4 S1 O2","de-protonated","0","-9999","C19 H28 O2 N4 S1","19","28","2","4","-9999","1","-9999","-9999","-9999"
"628","375.20671","375.206829767","375.207150249","1262011.4","-9999","452667.5","15.4","-1","-0.854148678","0.876008477","0","0.525605086","3","0.25","2","N4 S1 O4","de-protonated","0","-9999","C16 H32 O4 N4 S1","16","32","4","4","-9999","1","-9999","-9999","-9999"
"630","376.107599","376.107718418","376.107873232","5104307.5","-9999","484640.4","67.82","-1","-0.411619761","0.646483173","0.966490068","0.774485931","6","0.714285714","1.428571429","13C1 N2 O10","de-protonated","1","616","C13 H20 O10 N2 13C1","13","20","10","2","-9999","-9999","1","-9999","-9999"
"632","376.116173","376.116292415","376.116604698","1078710","-9999","535813","12.89","-1","-0.83028131","0.882422117","0.981473113","0.922042515","10","0.235294118","1.176470588","13C1 N4 S1 O4","de-protonated","1","619","C16 H20 O4 N4 S1 13C1","16","20","4","4","-9999","1","1","-9999","-9999"
"633","376.152546","376.152665401","376.152990207","828352.1","-9999","481576.9","9.48","-1","-0.863494395","0.873460618","0.996773662","0.922785836","9","0.166666667","1.333333333","13C1 N4 S1 O3","de-protonated","1","622","C17 H24 O3 N4 S1 13C1","17","24","3","4","-9999","1","1","-9999","-9999"
"641","377.054162","377.054281053","377.054411375","679610.6","-9999","768739.1","7.44","-1","-0.345634071","0.978556856","0","0.587134114","11","0.4375","0.9375","N2 P1 O7","de-protonated","0","-9999","C16 H15 O7 N2 P1","16","15","7","2","1","-9999","-9999","-9999","-9999"
"642","377.055753","377.055872052","377.056128908","3279291","-9999","417598.6","42.91","-1","-0.681215572","0.459622725","0.860410506","0.619937838","11","0.4","0.933333333","N4 S1 O6","de-protonated","0","-9999","C15 H14 O6 N4 S1","15","14","6","4","-9999","1","-9999","-9999","-9999"
"643","377.064859","377.064978048","377.065176734","2608061.5","-9999","502921.5","33.76","-1","-0.526926481","0.950868499","0","0.570521099","5","0.333333333","1.533333333","S2 P1 O5","de-protonated","0","-9999","C15 H23 O5 P1 S2","15","23","5","-9999","1","2","-9999","-9999","-9999"
"644","377.068803","377.068922047","377.069016068","914366.7","-9999","546093.4","10.65","-1","-0.249347248","0.988781997","0","0.593269198","6","0.5","1.583333333","N4 S1 P1 O6","de-protonated","0","-9999","C12 H19 O6 N4 P1 S1","12","19","6","4","1","1","-9999","-9999","-9999"
"645","377.08843","377.088549039","377.088675084","1198532.3","-9999","375467.3","14.52","-1","-0.334256972","0.979931264","0","0.587958758","9","0.210526316","1.157894737","S2 O4","de-protonated","0","-9999","C19 H22 O4 S2","19","22","4","-9999","-9999","2","-9999","-9999","-9999"
"645","377.08843","377.088549039","377.088294961","1198532.3","-9999","375467.3","14.52","-1","0.673789148","0.920925424","0","0.552555255","14","0.047619048","0.904761905","N2 S1 P1 O1","de-protonated","0","-9999","C21 H19 O1 N2 P1 S1","21","19","1","2","1","1","-9999","-9999","-9999"
"647","377.092165","377.092284038","377.092514418","5586885","-9999","437686.7","74.4","-1","-0.610937433","0.949950419","0.973097332","0.959209184","10","0.3125","1.125","N4 S1 O5","de-protonated","0","-9999","C16 H18 O5 N4 S1","16","18","5","4","-9999","1","-9999","-9999","-9999"
"649","377.105213","377.105332033","377.105401577","908744.9","-9999","544438.7","10.57","-1","-0.184416735","0.993848016","0","0.59630881","5","0.384615385","1.769230769","N4 S1 P1 O5","de-protonated","0","-9999","C13 H23 O5 N4 P1 S1","13","23","5","4","1","1","-9999","-9999","-9999"
"650","377.127264","377.127383024","377.127562517","1383375","-9999","464300.6","17.05","-1","-0.475945938","0.959730676","0","0.575838406","4","0.5","1.625","S1 O8","de-protonated","0","-9999","C16 H26 O8 S1","16","26","8","-9999","-9999","1","-9999","-9999","-9999"
"650","377.127264","377.127383024","377.127182394","1383375","-9999","464300.6","17.05","-1","0.531996095","0.949942731","0","0.569965639","9","0.277777778","1.277777778","N2 P1 O5","de-protonated","0","-9999","C18 H23 O5 N2 P1","18","23","5","2","1","-9999","-9999","-9999","-9999"
"651","377.128521","377.128640024","377.128899927","8881103","-9999","470921.2","119.34","-1","-0.689163142","0.932963797","0.970002995","0.947779476","9","0.235294118","1.294117647","N4 S1 O4","de-protonated","0","-9999","C17 H22 O4 N4 S1","17","22","4","4","-9999","1","-9999","-9999","-9999"
"652","377.163588","377.16370701","377.163948026","1047001.2","-9999","611126.5","12.46","-1","-0.639021108","0.928584213","0","0.557150528","3","0.411764706","1.764705882","S1 O7","de-protonated","0","-9999","C17 H30 O7 S1","17","30","7","-9999","-9999","1","-9999","-9999","-9999"
"652","377.163588","377.16370701","377.163567903","1047001.2","-9999","611126.5","12.46","-1","0.368823523","0.975619516","0","0.58537171","8","0.210526316","1.421052632","N2 P1 O4","de-protonated","0","-9999","C19 H27 O4 N2 P1","19","27","4","2","1","-9999","-9999","-9999","-9999"
"653","377.164912","377.16503101","377.165285436","4515801.5","-9999","487046.7","59.78","-1","-0.674576282","0.926636655","0.966054278","0.942403704","8","0.166666667","1.444444444","N4 S1 O3","de-protonated","0","-9999","C18 H26 O3 N4 S1","18","26","3","4","-9999","1","-9999","-9999","-9999"
"654","377.222457","377.222575987","377.222800314","800617.6","-9999","547148.2","9.09","-1","-0.594678826","0.93784739","0","0.562708434","2","0.25","2.125","N4 S1 O4","de-protonated","0","-9999","C16 H34 O4 N4 S1","16","34","4","4","-9999","1","-9999","-9999","-9999"
"656","378.093318","378.093436651","378.093439912","985182","-9999","472574","11.61","-1","-0.008626029","0.999986499","0","0.599991899","9","0.222222222","1.222222222","N1 S1 P1 O4","de-protonated","0","-9999","C18 H22 O4 N1 P1 S1","18","22","4","1","1","1","-9999","-9999","-9999"
"657","378.095584","378.09570265","378.095808894","1180382.6","-9999","547085.1","14.27","-1","-0.28099767","0.985775013","0","0.591465008","18","0.04","0.68","N1 S1 O1","de-protonated","0","-9999","C25 H17 O1 N1 S1","25","17","1","1","-9999","1","-9999","-9999","-9999"
"657","378.095584","378.09570265","378.095941836","1180382.6","-9999","547085.1","14.27","-1","-0.632606026","0.929959707","0","0.557975824","5","0.642857143","1.571428571","N1 P1 O9","de-protonated","0","-9999","C14 H22 O9 N1 P1","14","22","9","1","1","-9999","-9999","-9999","-9999"
"657","378.095584","378.09570265","378.095869253","1180382.6","-9999","547085.1","14.27","-1","-0.440636687","0.965383157","0.973097332","0.968468827","10","0.3125","1.125","13C1 N4 S1 O5","de-protonated","1","647","C15 H18 O5 N4 S1 13C1","15","18","5","4","-9999","1","1","-9999","-9999"
"659","378.131932","378.132050636","378.132327345","2020072.9","-9999","517002.6","25.73","-1","-0.731778673","0.907405567","0","0.54444334","4","0.533333333","1.733333333","N1 P1 O8","de-protonated","0","-9999","C15 H26 O8 N1 P1","15","26","8","1","1","-9999","-9999","-9999","-9999"
"659","378.131932","378.132050636","378.132254762","2020072.9","-9999","517002.6","25.73","-1","-0.539827825","0.948496953","0.970002995","0.95709937","9","0.235294118","1.294117647","13C1 N4 S1 O4","de-protonated","1","651","C16 H22 O4 N4 S1 13C1","16","22","4","4","-9999","1","1","-9999","-9999"
"662","378.168287","378.168405622","378.168712854","1107187.1","-9999","464543.9","13.27","-1","-0.812421987","0.887132008","0","0.532279205","3","0.4375","1.875","N1 P1 O7","de-protonated","0","-9999","C16 H30 O7 N1 P1","16","30","7","1","1","-9999","-9999","-9999","-9999"
"662","378.168287","378.168405622","378.168640272","1107187.1","-9999","464543.9","13.27","-1","-0.620489623","0.93252522","0.966054278","0.945936843","8","0.166666667","1.444444444","13C1 N4 S1 O3","de-protonated","1","653","C17 H26 O3 N4 S1 13C1","17","26","3","4","-9999","1","1","-9999","-9999"
"667","379.035093","379.035211287","379.035196759","2065384.5","-9999","484549.1","25.78","-1","0.038328069","0.49986674","0.793917021","0.617486852","19","0.041666667","0.541666667","S1 P1 O1","de-protonated","0","-9999","C24 H13 O1 P1 S1","24","13","1","-9999","1","1","-9999","-9999","-9999"
"667","379.035093","379.035211287","379.035393464","2065384.5","-9999","484549.1","25.78","-1","-0.480632695","0.958950272","0","0.575370163","11","0.5","0.857142857","N4 S1 O7","de-protonated","0","-9999","C14 H12 O7 N4 S1","14","12","7","4","-9999","1","-9999","-9999","-9999"
"668","379.044171","379.044289283","379.044441289","764779.1","-9999","506592.5","8.41","-1","-0.401023984","0.971241023","0","0.582744614","5","0.428571429","1.5","S2 P1 O6","de-protonated","0","-9999","C14 H21 O6 P1 S2","14","21","6","-9999","1","2","-9999","-9999","-9999"
"670","379.06988","379.069998273","379.07006144","861682.4","-9999","668929.2","9.71","-1","-0.166635584","0.99497431","0","0.596984586","10","0.4375","1.0625","N2 P1 O7","de-protonated","0","-9999","C16 H17 O7 N2 P1","16","17","7","2","1","-9999","-9999","-9999","-9999"
"671","379.071461","379.071579273","379.071778973","5932531","-9999","450294.3","77.4","-1","-0.526813715","0.933860721","0.999486024","0.960110842","10","0.4","1.066666667","N4 S1 O6","de-protonated","0","-9999","C15 H16 O6 N4 S1","15","16","6","4","-9999","1","-9999","-9999","-9999"
"672","379.084525","379.084643268","379.084666132","1244022.5","-9999","351452.2","14.81","-1","-0.060315899","0.999340106","0","0.599604064","5","0.5","1.75","N4 S1 P1 O6","de-protonated","0","-9999","C12 H21 O6 N4 P1 S1","12","21","6","4","1","1","-9999","-9999","-9999"
"673","379.087043","379.087161267","379.087035114","3007991.3","-9999","510886.6","38.36","-1","0.332779711","0.490053244","0.829532115","0.625844792","14","0.157894737","0.842105263","N4 S1 O3","de-protonated","0","-9999","C19 H16 O3 N4 S1","19","16","3","4","-9999","1","-9999","-9999","-9999"
"674","379.106361","379.106479259","379.106827072","1596668.8","-9999","490309.2","19.52","-1","-0.917452573","0.858362437","0","0.515017462","4","0.6","1.6","S1 O9","de-protonated","0","-9999","C15 H24 O9 S1","15","24","9","-9999","-9999","1","-9999","-9999","-9999"
"674","379.106361","379.106479259","379.106446949","1596668.8","-9999","490309.2","19.52","-1","0.085226686","0.9986829","0","0.59920974","9","0.352941176","1.235294118","N2 P1 O6","de-protonated","0","-9999","C17 H21 O6 N2 P1","17","21","6","2","1","-9999","-9999","-9999","-9999"
"675","379.10783","379.107948259","379.108164482","10257917","-9999","471838.5","135.14","-1","-0.570348102","0.946257897","0.98501676","0.961761442","9","0.3125","1.25","N4 S1 O5","de-protonated","0","-9999","C16 H20 O5 N4 S1","16","20","5","4","-9999","1","-9999","-9999","-9999"
"676","379.109022","379.109140258","379.108815931","756029.5","-9999","593489.1","8.3","-1","0.855499064","0.875641587","0","0.525384952","18","0.125","0.666666667","N2 O3","de-protonated","0","-9999","C24 H16 O3 N2","24","16","3","2","-9999","-9999","-9999","-9999","-9999"
"678","379.138558","379.138676247","379.138809707","745861.9","-9999","501655","8.16","-1","-0.352007781","0.977767652","0","0.586660591","4","0.538461538","1.923076923","N4 P1 O7","de-protonated","0","-9999","C13 H25 O7 N4 P1","13","25","7","4","1","-9999","-9999","-9999","-9999"
"679","379.142714","379.142832245","379.142832459","1791495.1","-9999","569731.7","22.12","-1","-5.62895e-4","0.999999943","0","0.599999966","8","0.277777778","1.388888889","N2 P1 O5","de-protonated","0","-9999","C18 H25 O5 N2 P1","18","25","5","2","1","-9999","-9999","-9999","-9999"
"680","379.144227","379.144345245","379.144549992","9326088","-9999","467221.6","122.7","-1","-0.540023699","0.948293788","0.993723723","0.966465762","8","0.235294118","1.411764706","N4 S1 O4","de-protonated","0","-9999","C17 H24 O4 N4 S1","17","24","4","4","-9999","1","-9999","-9999","-9999"
"681","379.146322","379.146440244","379.146203762","668936.1","-9999","707152.6","7.13","-1","0.623722103","0.931844943","0","0.559106966","3","0.333333333","1.933333333","N2 S1 P1 O5","de-protonated","0","-9999","C15 H29 O5 N2 P1 S1","15","29","5","2","1","1","-9999","-9999","-9999"
"683","379.180623","379.18074123","379.180935501","3665937.8","-9999","477797.8","47.14","-1","-0.512342379","0.47674358","0.837042051","0.620862968","7","0.166666667","1.555555556","N4 S1 O3","de-protonated","0","-9999","C18 H28 O3 N4 S1","18","28","3","4","-9999","1","-9999","-9999","-9999"
"684","379.20175","379.201868222","379.202064869","1017111.9","-9999","496053.8","11.78","-1","-0.51858022","0.952375234","0","0.57142514","2","0.333333333","2.133333333","N4 S1 O5","de-protonated","0","-9999","C15 H32 O5 N4 S1","15","32","5","4","-9999","1","-9999","-9999","-9999"
"686","380.069406","380.069523887","380.069333164","744463.8","-9999","681753.7","8.14","-1","0.501810641","0.955336824","0","0.573202095","14","0.25","0.8","N1 P1 O5","de-protonated","0","-9999","C20 H16 O5 N1 P1","20","16","5","1","1","-9999","-9999","-9999","-9999"
"687","380.074753","380.074870885","380.075073449","958353.3","-9999","514785.5","10.99","-1","-0.53295858","0.949766072","0","0.569859643","18","0.083333333","0.625","N1 S1 O2","de-protonated","0","-9999","C24 H15 O2 N1 S1","24","15","2","1","-9999","1","-9999","-9999","-9999"
"687","380.074753","380.074870885","380.075206391","958353.3","-9999","514785.5","10.99","-1","-0.882735826","0.868151617","0","0.52089097","5","0.769230769","1.538461538","N1 P1 O10","de-protonated","0","-9999","C13 H20 O10 N1 P1","13","20","10","1","1","-9999","-9999","-9999","-9999"
"687","380.074753","380.074870885","380.075133808","958353.3","-9999","514785.5","10.99","-1","-0.691766227","0.916832442","0.999486024","0.949893875","10","0.4","1.066666667","13C1 N4 S1 O6","de-protonated","1","671","C14 H16 O6 N4 S1 13C1","14","16","6","4","-9999","1","1","-9999","-9999"
"689","380.111199","380.111316871","380.111458958","1990427.8","-9999","524137.2","24.77","-1","-0.373805387","0.487482401","0.787157861","0.607352585","17","0.04","0.76","N1 S1 O1","de-protonated","0","-9999","C25 H19 O1 N1 S1","25","19","1","1","-9999","1","-9999","-9999","-9999"
"689","380.111199","380.111316871","380.1115919","1990427.8","-9999","524137.2","24.77","-1","-0.723549207","0.909379625","0","0.545627775","4","0.642857143","1.714285714","N1 P1 O9","de-protonated","0","-9999","C14 H24 O9 N1 P1","14","24","9","1","1","-9999","-9999","-9999","-9999"
"689","380.111199","380.111316871","380.111519317","1990427.8","-9999","524137.2","24.77","-1","-0.532597858","0.949832314","0.98501676","0.963906093","9","0.3125","1.25","13C1 N4 S1 O5","de-protonated","1","675","C15 H20 O5 N4 S1 13C1","15","20","5","4","-9999","1","1","-9999","-9999"
"691","380.147581","380.147698857","380.14797741","1797414.1","-9999","555749.7","22.19","-1","-0.732748488","0.907171745","0","0.544303047","3","0.533333333","1.866666667","N1 P1 O8","de-protonated","0","-9999","C15 H28 O8 N1 P1","15","28","8","1","1","-9999","-9999","-9999","-9999"
"691","380.147581","380.147698857","380.147904827","1797414.1","-9999","555749.7","22.19","-1","-0.541815417","0.948127026","0.993723723","0.966365705","8","0.235294118","1.411764706","13C1 N4 S1 O4","de-protonated","1","680","C16 H24 O4 N4 S1 13C1","16","24","4","4","-9999","1","1","-9999","-9999"
"699","380.984613","380.984730533","380.984797185","854807.3","-9999","395582.6","9.61","-1","-0.17494575","0.99446197","0","0.596677182","12","0.923076923","0.461538462","N2 O12","de-protonated","0","-9999","C13 H6 O12 N2","13","6","12","2","-9999","-9999","-9999","-9999","-9999"
"700","381.05077","381.050887508","381.050846824","3807274.5","-9999","475560.8","49.02","-1","0.106767887","0.997999947","0.945120331","0.9768481","18","0.041666667","0.625","S1 P1 O1","de-protonated","0","-9999","C24 H15 O1 P1 S1","24","15","1","-9999","1","1","-9999","-9999","-9999"
"700","381.05077","381.050887508","381.051043528","3807274.5","-9999","475560.8","49.02","-1","-0.40944776","0.969885034","0.980304021","0.974052629","10","0.5","1","N4 S1 O7","de-protonated","0","-9999","C14 H14 O7 N4 S1","14","14","7","4","-9999","1","-9999","-9999","-9999"
"701","381.08181","381.081927496","381.081555811","827955.4","-9999","681986.7","9.25","-1","0.975342202","0.841465084","0","0.504879051","18","0.045454545","0.636363636","N4 S1 O1","de-protonated","0","-9999","C22 H14 O1 N4 S1","22","14","1","4","-9999","1","-9999","-9999","-9999"
"701","381.08181","381.081927496","381.081688752","827955.4","-9999","681986.7","9.25","-1","0.626488234","0.931260399","0","0.558756239","5","0.818181818","1.727272727","N4 P1 O9","de-protonated","0","-9999","C11 H19 O9 N4 P1","11","19","9","4","1","-9999","-9999","-9999","-9999"
"702","381.083957","381.084074495","381.084057734","939700.1","-9999","499708.3","10.74","-1","0.043981488","0.999649072","0","0.599789443","14","0.333333333","0.777777778","N4 O6","de-protonated","0","-9999","C18 H14 O6 N4","18","14","6","4","-9999","-9999","-9999","-9999","-9999"
"703","381.087117","381.087234493","381.087429037","8394805","-9999","451332.3","110.26","-1","-0.51049676","0.965250411","0.988544536","0.974568061","9","0.4","1.2","N4 S1 O6","de-protonated","0","-9999","C15 H18 O6 N4 S1","15","18","6","4","-9999","1","-9999","-9999","-9999"
"704","381.098348","381.098465489","381.098845845","861624.2","-9999","541602.7","9.7","-1","-0.998049623","0.834651013","0","0.500790608","12","0.090909091","1","S2 O2","de-protonated","0","-9999","C22 H22 O2 S2","22","22","2","-9999","-9999","2","-9999","-9999","-9999"
"705","381.100278","381.100395488","381.100316197","823864.8","-9999","490380.2","9.19","-1","0.208059246","0.992176099","0","0.595305659","4","0.5","1.916666667","N4 S1 P1 O6","de-protonated","0","-9999","C12 H23 O6 N4 P1 S1","12","23","6","4","1","1","-9999","-9999","-9999"
"706","381.10248","381.102597488","381.102685179","688185.4","-9999","526432.1","7.38","-1","-0.230098423","0.990439146","0","0.594263488","13","0.157894737","0.947368421","N4 S1 O3","de-protonated","0","-9999","C19 H18 O3 N4 S1","19","18","3","4","-9999","1","-9999","-9999","-9999"
"707","381.115477","381.115594482","381.115952461","734013.1","-9999","694863.9","7.99","-1","-0.939289576","0.852070671","0","0.511242403","3","0.428571429","1.857142857","N2 S2 O6","de-protonated","0","-9999","C14 H26 O6 N2 S2","14","26","6","2","-9999","2","-9999","-9999","-9999"
"707","381.115477","381.115594482","381.115572338","734013.1","-9999","694863.9","7.99","-1","0.058103841","0.999387607","0","0.599632564","8","0.1875","1.4375","N4 S1 P1 O3","de-protonated","0","-9999","C16 H23 O3 N4 P1 S1","16","23","3","4","1","1","-9999","-9999","-9999"
"708","381.118138","381.118255481","381.118074262","684861.9","-9999","659550","7.34","-1","0.475495161","0.959805366","0","0.57588322","4","0.666666667","1.916666667","N4 P1 O8","de-protonated","0","-9999","C12 H23 O8 N4 P1","12","23","8","4","1","-9999","-9999","-9999","-9999"
"709","381.123551","381.123668479","381.123814547","11388991","-9999","462260.8","150.24","-1","-0.383254278","0.649618424","0.96326014","0.77507511","8","0.3125","1.375","N4 S1 O5","de-protonated","0","-9999","C16 H22 O5 N4 S1","16","22","5","4","-9999","1","-9999","-9999","-9999"
"710","381.136655","381.136772474","381.136701706","837955.3","-9999","656876.7","9.38","-1","0.185676245","0.993763961","0","0.596258376","3","0.384615385","2.076923077","N4 S1 P1 O5","de-protonated","0","-9999","C13 H27 O5 N4 P1 S1","13","27","5","4","1","1","-9999","-9999","-9999"
"711","381.151878","381.151995468","381.15233797","667079.7","-9999","634107.9","7.1","-1","-0.898595205","0.863712796","0","0.518227678","2","0.333333333","2","N2 S2 O5","de-protonated","0","-9999","C15 H30 O5 N2 S2","15","30","5","2","-9999","2","-9999","-9999","-9999"
"711","381.151878","381.151995468","381.151957848","667079.7","-9999","634107.9","7.1","-1","0.098703039","0.998233836","0","0.598940301","7","0.117647059","1.588235294","N4 S1 P1 O2","de-protonated","0","-9999","C17 H27 O2 N4 P1 S1","17","27","2","4","1","1","-9999","-9999","-9999"
"712","381.158842","381.158959466","381.158862646","1523785.8","-9999","654018.3","18.54","-1","0.25401533","0.988360513","0","0.593016308","2","0.5","1.875","S1 O8","de-protonated","0","-9999","C16 H30 O8 S1","16","30","8","-9999","-9999","1","-9999","-9999","-9999"
"713","381.159937","381.160054465","381.160200056","6539338","-9999","478906.7","85.49","-1","-0.381967343","0.982694974","0.969608478","0.977460376","7","0.235294118","1.529411765","N4 S1 O4","de-protonated","0","-9999","C17 H26 O4 N4 S1","17","26","4","4","-9999","1","-9999","-9999","-9999"
"714","381.196301","381.196418451","381.196585565","1957972.5","-9999","509987.2","24.33","-1","-0.438393635","0.965728599","0","0.579437159","6","0.166666667","1.666666667","N4 S1 O3","de-protonated","0","-9999","C18 H30 O3 N4 S1","18","30","3","4","-9999","1","-9999","-9999","-9999"
"715","381.236057","381.236174436","381.236342378","1351520.1","-9999","586081.3","16.24","-1","-0.440519901","0.965401183","0","0.57924071","0","0.125","2.375","N4 S2 O2","de-protonated","0","-9999","C16 H38 O2 N4 S2","16","38","2","4","-9999","2","-9999","-9999","-9999"
"718","382.054124","382.05424112","382.054201659","678221.9","-9999","594605","7.25","-1","0.103286497","0.998066159","0.945120331","0.976887828","18","0.041666667","0.625","13C1 S1 P1 O1","de-protonated","1","700","C23 H15 O1 P1 S1 13C1","23","15","1","-9999","1","1","1","-9999","-9999"
"718","382.054124","382.05424112","382.054338004","678221.9","-9999","594605","7.25","-1","-0.253588482","0.98839937","0","0.593039622","18","0.130434783","0.565217391","N1 S1 O3","de-protonated","0","-9999","C23 H13 O3 N1 S1","23","13","3","1","-9999","1","-9999","-9999","-9999"
"718","382.054124","382.05424112","382.054470946","678221.9","-9999","594605","7.25","-1","-0.601553776","0.936448939","0","0.561869363","5","0.916666667","1.5","N1 P1 O11","de-protonated","0","-9999","C12 H18 O11 N1 P1","12","18","11","1","1","-9999","-9999","-9999","-9999"
"718","382.054124","382.05424112","382.054398363","678221.9","-9999","594605","7.25","-1","-0.411573457","0.969731466","0.980304021","0.973960488","10","0.5","1","13C1 N4 S1 O7","de-protonated","1","700","C13 H14 O7 N4 S1 13C1","13","14","7","4","-9999","1","1","-9999","-9999"
"719","382.090529","382.090646106","382.090723514","1493592.6","-9999","471877.7","18.13","-1","-0.202590638","0.992580469","0","0.595548282","17","0.083333333","0.708333333","N1 S1 O2","de-protonated","0","-9999","C24 H17 O2 N1 S1","24","17","2","1","-9999","1","-9999","-9999","-9999"
"719","382.090529","382.090646106","382.090856455","1493592.6","-9999","471877.7","18.13","-1","-0.55052281300000006","0.946492126","0","0.567895276","4","0.769230769","1.692307692","N1 P1 O10","de-protonated","0","-9999","C13 H22 O10 N1 P1","13","22","10","1","1","-9999","-9999","-9999","-9999"
"719","382.090529","382.090646106","382.090783872","1493592.6","-9999","471877.7","18.13","-1","-0.360560577","0.976687004","0.988544536","0.981430017","9","0.4","1.2","13C1 N4 S1 O6","de-protonated","1","703","C14 H18 O6 N4 S1 13C1","14","18","6","4","-9999","1","1","-9999","-9999"
"721","382.12691","382.127027091","382.127109023","2198371.3","-9999","523169.4","27.54","-1","-0.214408807","0.495846645","0.787157861","0.612371132","16","0.04","0.84","N1 S1 O1","de-protonated","0","-9999","C25 H21 O1 N1 S1","25","21","1","1","-9999","1","-9999","-9999","-9999"
"721","382.12691","382.127027091","382.127241965","2198371.3","-9999","523169.4","27.54","-1","-0.56230785","0.94424248","0","0.566545488","3","0.642857143","1.857142857","N1 P1 O9","de-protonated","0","-9999","C14 H26 O9 N1 P1","14","26","9","1","1","-9999","-9999","-9999","-9999"
"721","382.12691","382.127027091","382.127169382","2198371.3","-9999","523169.4","27.54","-1","-0.372363703","0.650103417","0.96326014","0.775366106","8","0.3125","1.375","13C1 N4 S1 O5","de-protonated","1","709","C15 H22 O5 N4 S1 13C1","15","22","5","4","-9999","1","1","-9999","-9999"
"722","382.163355","382.163472077","382.163627474","1491309.9","-9999","508076.2","18.1","-1","-0.406623173","0.970444406","0","0.582266643","2","0.533333333","2","N1 P1 O8","de-protonated","0","-9999","C15 H30 O8 N1 P1","15","30","8","1","1","-9999","-9999","-9999","-9999"
"722","382.163355","382.163472077","382.163554891","1491309.9","-9999","508076.2","18.1","-1","-0.216697081","0.991515796","0.969608478","0.982752869","7","0.235294118","1.529411765","13C1 N4 S1 O4","de-protonated","1","713","C16 H26 O4 N4 S1 13C1","16","26","4","4","-9999","1","1","-9999","-9999"
"723","382.200715","382.200832063","382.200882363","1327736.8","-9999","519582.8","15.92","-1","-0.131606838","0.996862177","0","0.598117306","0","0.117647059","2.235294118","N1 S2 P1 O2","de-protonated","0","-9999","C17 H38 O2 N1 P1 S2","17","38","2","1","1","2","-9999","-9999","-9999"
"728","383.03005","383.030166742","383.030111379","1135724","-9999","460108.4","13.35","-1","0.144541431","0.996216309","0","0.597729786","18","0.086956522","0.565217391","S1 P1 O2","de-protonated","0","-9999","C23 H13 O2 P1 S1","23","13","2","-9999","1","1","-9999","-9999","-9999"
"728","383.03005","383.030166742","383.030308083","1135724","-9999","460108.4","13.35","-1","-0.369006751","0.975595584","0","0.585357351","10","0.615384615","0.923076923","N4 S1 O8","de-protonated","0","-9999","C13 H12 O8 N4 S1","13","12","8","4","-9999","1","-9999","-9999","-9999"
"729","383.045407","383.045523736","383.045564224","930160.5","-9999","543921.8","10.6","-1","-0.105700209","0.997974812","0","0.598784887","14","0.294117647","0.705882353","N4 S1 O5","de-protonated","0","-9999","C17 H12 O5 N4 S1","17","12","5","4","-9999","1","-9999","-9999","-9999"
"730","383.066476","383.066592728","383.066496888","5583478.5","-9999","491510.7","72.73","-1","0.250192302","0.99112035","0.939344883","0.970410163","17","0.041666667","0.708333333","S1 P1 O1","de-protonated","0","-9999","C24 H17 O1 P1 S1","24","17","1","-9999","1","1","-9999","-9999","-9999"
"730","383.066476","383.066592728","383.066693592","5583478.5","-9999","491510.7","72.73","-1","-0.263307155","0.984368397","0.986079469","0.985052826","9","0.5","1.142857143","N4 S1 O7","de-protonated","0","-9999","C14 H16 O7 N4 S1","14","16","7","4","-9999","1","-9999","-9999","-9999"
"731","383.081709","383.081825722","383.081949734","747899.2","-9999","472306","8.17","-1","-0.323720239","0.981164765","0","0.588698859","13","0.222222222","0.888888889","N4 S1 O4","de-protonated","0","-9999","C18 H16 O4 N4 S1","18","16","4","4","-9999","1","-9999","-9999","-9999"
"732","383.094846","383.094962717","383.095217016","974975.1","-9999","630033.7","11.2","-1","-0.663799853","0.923160861","0","0.553896517","3","0.538461538","1.846153846","N2 S2 O7","de-protonated","0","-9999","C13 H24 O7 N2 S2","13","24","7","2","-9999","2","-9999","-9999","-9999"
"732","383.094846","383.094962717","383.094836893","974975.1","-9999","630033.7","11.2","-1","0.328440791","0.980616839","0","0.588370103","8","0.266666667","1.4","N4 S1 P1 O4","de-protonated","0","-9999","C15 H21 O4 N4 P1 S1","15","21","4","4","1","1","-9999","-9999","-9999"
"733","383.102859","383.102975714","383.103079102","8893057","-9999","467972.3","116.91","-1","-0.269868926","0.985698651","0.96689039","0.978175346","8","0.4","1.333333333","N4 S1 O6","de-protonated","0","-9999","C15 H20 O6 N4 S1","15","20","6","4","-9999","1","-9999","-9999","-9999"
"734","383.118154","383.118270708","383.118335243","906885.9","-9999","544307.6","10.29","-1","-0.168446178","0.994864785","0","0.596918871","12","0.157894737","1.052631579","N4 S1 O3","de-protonated","0","-9999","C19 H20 O3 N4 S1","19","20","3","4","-9999","1","-9999","-9999","-9999"
"735","383.131232","383.131348703","383.131602525","1033353.8","-9999","528537.4","11.98","-1","-0.662492897","0.923451263","0","0.554070758","2","0.428571429","2","N2 S2 O6","de-protonated","0","-9999","C14 H28 O6 N2 S2","14","28","6","2","-9999","2","-9999","-9999","-9999"
"735","383.131232","383.131348703","383.131222403","1033353.8","-9999","528537.4","11.98","-1","0.329653517","0.980474844","0","0.588284906","7","0.1875","1.5625","N4 S1 P1 O3","de-protonated","0","-9999","C16 H25 O3 N4 P1 S1","16","25","3","4","1","1","-9999","-9999","-9999"
"736","383.137839","383.137955701","383.138127201","1109643.8","-9999","431929.2","13","-1","-0.447619167","0.96429734","0","0.578578404","2","0.6","1.866666667","S1 O9","de-protonated","0","-9999","C15 H28 O9 S1","15","28","9","-9999","-9999","1","-9999","-9999","-9999"
"736","383.137839","383.137955701","383.137747078","1109643.8","-9999","431929.2","13","-1","0.544510564","0.94762347","0","0.568574082","7","0.352941176","1.470588235","N2 P1 O6","de-protonated","0","-9999","C17 H25 O6 N2 P1","17","25","6","2","1","-9999","-9999","-9999","-9999"
"737","383.139239","383.1393557","383.139464611","7860876","-9999","474227","103.13","-1","-0.284259495","0.986716959","0.992765509","0.989136379","7","0.3125","1.5","N4 S1 O5","de-protonated","0","-9999","C16 H24 O5 N4 S1","16","24","5","4","-9999","1","-9999","-9999","-9999"
"739","383.147389","383.147505697","383.147510115","5370510.5","-9999","459162.9","69.88","-1","-0.01153128","0.999981001","0.965028507","0.986000003","15","0.038461538","0.923076923","S1 O1","de-protonated","0","-9999","C26 H24 O1 S1","26","24","1","-9999","-9999","1","-9999","-9999","-9999"
"739","383.147389","383.147505697","383.147643057","5370510.5","-9999","459162.9","69.88","-1","-0.358503866","0.978257186","0.955073808","0.968983835","2","0.6","1.933333333","P1 O9","de-protonated","0","-9999","C15 H29 O9 P1","15","29","9","-9999","1","-9999","-9999","-9999","-9999"
"740","383.152238","383.152354695","383.152351771","795279.9","-9999","611149.3","8.8","-1","0.0076324060000000004","0.99998943","0","0.599993658","2","0.384615385","2.230769231","N4 S1 P1 O5","de-protonated","0","-9999","C13 H29 O5 N4 P1 S1","13","29","5","4","1","1","-9999","-9999","-9999"
"741","383.167621","383.167737689","383.167988035","698132.4","-9999","545668.8","7.51","-1","-0.653356727","0.925467827","0","0.555280696","1","0.333333333","2.133333333","N2 S2 O5","de-protonated","0","-9999","C15 H32 O5 N2 S2","15","32","5","2","-9999","2","-9999","-9999","-9999"
"741","383.167621","383.167737689","383.167607912","698132.4","-9999","545668.8","7.51","-1","0.338695481","0.979400314","0","0.587640189","6","0.117647059","1.705882353","N4 S1 P1 O2","de-protonated","0","-9999","C17 H29 O2 N4 P1 S1","17","29","2","4","1","1","-9999","-9999","-9999"
"742","383.175593","383.175709686","383.175850121","3078294.8","-9999","468968.7","39.28","-1","-0.366501267","0.972913362","0.972401916","0.972708784","6","0.235294118","1.647058824","N4 S1 O4","de-protonated","0","-9999","C17 H28 O4 N4 S1","17","28","4","4","-9999","1","-9999","-9999","-9999"
"743","383.212041","383.212157672","383.21223563","804897.6","-9999","530387","8.93","-1","-0.203432635","0.992518899","0","0.59551134","5","0.166666667","1.777777778","N4 S1 O3","de-protonated","0","-9999","C18 H32 O3 N4 S1","18","32","3","4","-9999","1","-9999","-9999","-9999"
"745","384.069808","384.06992434","384.069851723","950175.3","-9999","523230","10.87","-1","0.189073273","0.993534437","0.939344883","0.971858615","17","0.041666667","0.708333333","13C1 S1 P1 O1","de-protonated","1","730","C23 H17 O1 P1 S1 13C1","23","17","1","-9999","1","1","1","-9999","-9999"
"745","384.069808","384.06992434","384.069988069","950175.3","-9999","523230","10.87","-1","-0.16592881","0.995016745","0","0.597010047","17","0.130434783","0.652173913","N1 S1 O3","de-protonated","0","-9999","C23 H15 O3 N1 S1","23","15","3","1","-9999","1","-9999","-9999","-9999"
"745","384.069808","384.06992434","384.07012101","950175.3","-9999","523230","10.87","-1","-0.512067967","0.953535795","0","0.572121477","4","0.916666667","1.666666667","N1 P1 O11","de-protonated","0","-9999","C12 H20 O11 N1 P1","12","20","11","1","1","-9999","-9999","-9999","-9999"
"745","384.069808","384.06992434","384.070048428","950175.3","-9999","523230","10.87","-1","-0.323084673","0.981237954","0.986079469","0.98317456","9","0.5","1.142857143","13C1 N4 S1 O7","de-protonated","1","730","C13 H16 O7 N4 S1 13C1","13","16","7","4","-9999","1","1","-9999","-9999"
"747","384.106205","384.106321326","384.106373578","1856426.1","-9999","501994.1","22.97","-1","-0.136034443","0.996647856","0","0.597988714","16","0.083333333","0.791666667","N1 S1 O2","de-protonated","0","-9999","C24 H19 O2 N1 S1","24","19","2","1","-9999","1","-9999","-9999","-9999"
"747","384.106205","384.106321326","384.10650652","1856426.1","-9999","501994.1","22.97","-1","-0.482140822","0.95869766","0","0.575218596","3","0.769230769","1.846153846","N1 P1 O10","de-protonated","0","-9999","C13 H24 O10 N1 P1","13","24","10","1","1","-9999","-9999","-9999","-9999"
"747","384.106205","384.106321326","384.106433937","1856426.1","-9999","501994.1","22.97","-1","-0.293175424","0.984525139","0.96689039","0.977471239","8","0.4","1.333333333","13C1 N4 S1 O6","de-protonated","1","733","C14 H20 O6 N4 S1 13C1","14","20","6","4","-9999","1","1","-9999","-9999"
"749","384.142604","384.142720312","384.142759087","1282740.9","-9999","478043.9","15.31","-1","-0.100939344","0.998152972","0","0.598891783","15","0.04","0.92","N1 S1 O1","de-protonated","0","-9999","C25 H23 O1 N1 S1","25","23","1","1","-9999","1","-9999","-9999","-9999"
"749","384.142604","384.142720312","384.142892029","1282740.9","-9999","478043.9","15.31","-1","-0.447012951","0.964392238","0","0.578635343","2","0.642857143","2","N1 P1 O9","de-protonated","0","-9999","C14 H28 O9 N1 P1","14","28","9","1","1","-9999","-9999","-9999","-9999"
"749","384.142604","384.142720312","384.142819446","1282740.9","-9999","478043.9","15.31","-1","-0.258065446","0.987988641","0.992765509","0.989899388","7","0.3125","1.5","13C1 N4 S1 O5","de-protonated","1","737","C15 H24 O5 N4 S1 13C1","15","24","5","4","-9999","1","1","-9999","-9999"
"750","384.150752","384.150868309","384.15086495","1215159.4","-9999","508047.7","14.41","-1","0.008743602","0.999986128","0.965028507","0.98600308","15","0.038461538","0.923076923","13C1 S1 O1","de-protonated","1","739","C25 H24 O1 S1 13C1","25","24","1","-9999","-9999","1","1","-9999","-9999"
"750","384.150752","384.150868309","384.150997892","1215159.4","-9999","508047.7","14.41","-1","-0.337322742","0.979565243","0.955073808","0.969768669","2","0.6","1.933333333","13C1 P1 O9","de-protonated","1","739","C14 H29 O9 P1 13C1","14","29","9","-9999","1","-9999","1","-9999","-9999"
"750","384.150752","384.150868309","384.151134238","1215159.4","-9999","508047.7","14.41","-1","-0.692249649","0.916721145","0","0.550032687","2","0.785714286","1.928571429","N1 O11","de-protonated","0","-9999","C14 H27 O11 N1","14","27","11","1","-9999","-9999","-9999","-9999","-9999"
"752","384.178931","384.179047298","384.179277538","689087.7","-9999","649639.8","7.38","-1","-0.599304166","0.936908077","0","0.562144846","1","0.533333333","2.133333333","N1 P1 O8","de-protonated","0","-9999","C15 H32 O8 N1 P1","15","32","8","1","1","-9999","-9999","-9999","-9999"
"752","384.178931","384.179047298","384.179204956","689087.7","-9999","649639.8","7.38","-1","-0.410374584","0.969904871","0.972401916","0.970903689","6","0.235294118","1.647058824","13C1 N4 S1 O4","de-protonated","1","742","C16 H28 O4 N4 S1 13C1","16","28","4","4","-9999","1","1","-9999","-9999"
"753","384.198642","384.198758291","384.198753136","1019589.6","-9999","513350.9","11.79","-1","0.013415865","0.999967342","0","0.599980405","1","0.642857143","2.214285714","N3 O9","de-protonated","0","-9999","C14 H31 O9 N3","14","31","9","3","-9999","-9999","-9999","-9999","-9999"
"757","385.045821","385.045936963","385.045761443","1836226.3","-9999","506314.3","22.69","-1","0.455841897","0.962998374","0","0.577799024","17","0.086956522","0.652173913","S1 P1 O2","de-protonated","0","-9999","C23 H15 O2 P1 S1","23","15","2","-9999","1","1","-9999","-9999","-9999"
"757","385.045821","385.045936963","385.045958148","1836226.3","-9999","506314.3","22.69","-1","-0.055018106","0.999450907","0","0.599670544","9","0.615384615","1.076923077","N4 S1 O8","de-protonated","0","-9999","C13 H14 O8 N4 S1","13","14","8","4","-9999","1","-9999","-9999","-9999"
"758","385.060927","385.061042957","385.061214289","1442246.8","-9999","406572.1","17.43","-1","-0.444946473","0.964714832","0","0.578828899","13","0.294117647","0.823529412","N4 S1 O5","de-protonated","0","-9999","C17 H14 O5 N4 S1","17","14","5","4","-9999","1","-9999","-9999","-9999"
"759","385.074125","385.074240952","385.074481571","665930.8","-9999","422139.1","7.07","-1","-0.624863067","0.931604101","0","0.558962461","3","0.666666667","1.833333333","N2 S2 O8","de-protonated","0","-9999","C12 H22 O8 N2 S2","12","22","8","2","-9999","2","-9999","-9999","-9999"
"759","385.074125","385.074240952","385.074101448","665930.8","-9999","422139.1","7.07","-1","0.362277541","0.976467085","0","0.585880251","8","0.357142857","1.357142857","N4 S1 P1 O5","de-protonated","0","-9999","C14 H19 O5 N4 P1 S1","14","19","5","4","1","1","-9999","-9999","-9999"
"760","385.082136","385.082251949","385.082146952","4971725","-9999","489774.6","64.55","-1","0.272660268","0.493300512","0.793917021","0.613547116","16","0.041666667","0.791666667","S1 P1 O1","de-protonated","0","-9999","C24 H19 O1 P1 S1","24","19","1","-9999","1","1","-9999","-9999","-9999"
"760","385.082136","385.082251949","385.082343657","4971725","-9999","489774.6","64.55","-1","-0.238151372","0.494880857","0.86849267","0.644325582","8","0.5","1.285714286","N4 S1 O7","de-protonated","0","-9999","C14 H18 O7 N4 S1","14","18","7","4","-9999","1","-9999","-9999","-9999"
"761","385.097374","385.097489943","385.097599798","1770705.8","-9999","471528.1","21.82","-1","-0.285265526","0.985342833","0","0.5912057","12","0.222222222","1","N4 S1 O4","de-protonated","0","-9999","C18 H18 O4 N4 S1","18","18","4","4","-9999","1","-9999","-9999","-9999"
"762","385.110518","385.110633938","385.11086708","1701589.6","-9999","479973","20.9","-1","-0.605389929","0.935662548","0","0.561397529","2","0.538461538","2","N2 S2 O7","de-protonated","0","-9999","C13 H26 O7 N2 S2","13","26","7","2","-9999","2","-9999","-9999","-9999"
"762","385.110518","385.110633938","385.110486958","1701589.6","-9999","479973","20.9","-1","0.381657432","0.973915972","0","0.584349583","7","0.266666667","1.533333333","N4 S1 P1 O4","de-protonated","0","-9999","C15 H23 O4 N4 P1 S1","15","23","4","4","1","1","-9999","-9999","-9999"
"763","385.118533","385.118648935","385.118729166","6069464","-9999","462415.6","79.21","-1","-0.208328764","0.996011446","0.960252459","0.981707851","7","0.4","1.466666667","N4 S1 O6","de-protonated","0","-9999","C15 H22 O6 N4 S1","15","22","6","4","-9999","1","-9999","-9999","-9999"
"764","385.131625","385.13174093","385.131616326","770396","-9999","452440.8","8.46","-1","0.323536304","0.98118596","0","0.588711576","2","0.5","2.25","N4 S1 P1 O6","de-protonated","0","-9999","C12 H27 O6 N4 P1 S1","12","27","6","4","1","1","-9999","-9999","-9999"
"765","385.133785","385.133900929","385.133985308","1289436.6","-9999","404108.9","15.39","-1","-0.219088677","0.991328308","0","0.594796985","11","0.157894737","1.157894737","N4 S1 O3","de-protonated","0","-9999","C19 H22 O3 N4 S1","19","22","3","4","-9999","1","-9999","-9999","-9999"
"766","385.139155","385.139270927","385.139010381","883934.2","-9999","857550.6","9.98","-1","0.676498152","0.920314384","0","0.55218863","1","0.285714286","2.214285714","N2 S2 P1 O4","de-protonated","0","-9999","C14 H31 O4 N2 P1 S2","14","31","4","2","1","2","-9999","-9999","-9999"
"767","385.14101899999997","385.141134926","385.141379363","5300447","-9999","480671.5","68.94","-1","-0.634667229","0.942677769","0.942166993","0.942473458","10","0.047619048","1.238095238","N2 S2 O1","de-protonated","0","-9999","C21 H26 O1 N2 S2","21","26","1","2","-9999","2","-9999","-9999","-9999"
"768","385.144503","385.144618925","385.144532735","1692383.9","-9999","522987.3","20.77","-1","0.223785888","0.990954189","0","0.594572513","15","0.16","0.88","O4","de-protonated","0","-9999","C25 H22 O4","25","22","4","-9999","-9999","-9999","-9999","-9999","-9999"
"769","385.146938","385.147053924","385.14725259","1256160.5","-9999","408467.2","14.95","-1","-0.51581744","0.952869213","0","0.571721528","1","0.428571429","2.142857143","N2 S2 O6","de-protonated","0","-9999","C14 H30 O6 N2 S2","14","30","6","2","-9999","2","-9999","-9999","-9999"
"769","385.146938","385.147053924","385.146872467","1256160.5","-9999","408467.2","14.95","-1","0.471136761","0.960524166","0","0.5763145","6","0.1875","1.6875","N4 S1 P1 O3","de-protonated","0","-9999","C16 H27 O3 N4 P1 S1","16","27","3","4","1","1","-9999","-9999","-9999"
"770","385.154908","385.155023921","385.155114676","2902755","-9999","455605.7","36.93","-1","-0.235631613","0.494988068","0.85247738","0.637983793","6","0.3125","1.625","N4 S1 O5","de-protonated","0","-9999","C16 H26 O5 N4 S1","16","26","5","4","-9999","1","-9999","-9999","-9999"
"771","385.168036","385.168151916","385.168001835","817382.9","-9999","542922.1","9.09","-1","0.389649797","0.972827204","0","0.583696323","1","0.384615385","2.384615385","N4 S1 P1 O5","de-protonated","0","-9999","C13 H31 O5 N4 P1 S1","13","31","5","4","1","1","-9999","-9999","-9999"
"773","385.191325","385.191440907","385.191500185","996077.9","-9999","437314.6","11.48","-1","-0.153892673","0.995711979","0","0.597427187","5","0.235294118","1.764705882","N4 S1 O4","de-protonated","0","-9999","C17 H30 O4 N4 S1","17","30","4","4","-9999","1","-9999","-9999","-9999"
"775","386.121958","386.122073547","386.122023642","1326341.9","-9999","484831.3","15.88","-1","0.12924562","0.996973592","0","0.598184155","15","0.083333333","0.875","N1 S1 O2","de-protonated","0","-9999","C24 H21 O2 N1 S1","24","21","2","1","-9999","1","-9999","-9999","-9999"
"775","386.121958","386.122073547","386.122156584","1326341.9","-9999","484831.3","15.88","-1","-0.215054092","0.991643425","0","0.594986055","2","0.769230769","2","N1 P1 O10","de-protonated","0","-9999","C13 H26 O10 N1 P1","13","26","10","1","1","-9999","-9999","-9999","-9999"
"775","386.121958","386.122073547","386.122084001","1326341.9","-9999","484831.3","15.88","-1","-0.027075089","0.999866996","0.960252459","0.984021181","7","0.4","1.466666667","13C1 N4 S1 O6","de-protonated","1","763","C14 H22 O6 N4 S1 13C1","14","22","6","4","-9999","1","1","-9999","-9999"
"776","386.125036","386.125151546","386.125394946","2898438.8","-9999","430997.7","36.87","-1","-0.630364987","0.465218713","0.81490939","0.605094984","10","0.095238095","1.19047619","N1 S2 O2","de-protonated","0","-9999","C21 H25 O2 N1 S2","21","25","2","1","-9999","2","-9999","-9999","-9999"
"777","386.144426","386.144541538","386.144734198","772876.6","-9999","526968.5","8.49","-1","-0.498931019","0.955836492","0.942166993","0.950368693","10","0.047619048","1.238095238","13C1 N2 S2 O1","de-protonated","1","767","C20 H26 O1 N2 S2 13C1","20","26","1","2","-9999","2","1","-9999","-9999"
"780","387.040326","387.040441192","387.040478844","1623324.3","-9999","511578.3","19.35","-1","-0.097281681","0.998284293","0","0.598970576","13","0.375","0.75","N4 S1 O6","de-protonated","0","-9999","C16 H12 O6 N4 S1","16","12","6","4","-9999","1","-9999","-9999","-9999"
"781","387.061522","387.061637184","387.061411508","1607458.8","-9999","435171.7","19.15","-1","0.58305034","0.940180817","0","0.56410849","16","0.086956522","0.739130435","S1 P1 O2","de-protonated","0","-9999","C23 H17 O2 P1 S1","23","17","2","-9999","1","1","-9999","-9999","-9999"
"781","387.061522","387.061637184","387.061608212","1607458.8","-9999","435171.7","19.15","-1","0.07485061","0.99898393","0","0.599390358","8","0.615384615","1.230769231","N4 S1 O8","de-protonated","0","-9999","C13 H16 O8 N4 S1","13","16","8","4","-9999","1","-9999","-9999","-9999"
"782","387.076751","387.076866178","387.076864353","2714919.3","-9999","491620.3","33.57","-1","0.004713844","0.499997984","0.844689208","0.637874474","12","0.294117647","0.941176471","N4 S1 O5","de-protonated","0","-9999","C17 H16 O5 N4 S1","17","16","5","4","-9999","1","-9999","-9999","-9999"
"783","387.089841","387.089956173","387.090131635","1268779.4","-9999","535718.7","14.74","-1","-0.453285981","0.963404483","0","0.57804269","2","0.666666667","2","N2 S2 O8","de-protonated","0","-9999","C12 H24 O8 N2 S2","12","24","8","2","-9999","2","-9999","-9999","-9999"
"783","387.089841","387.089956173","387.089751513","1268779.4","-9999","535718.7","14.74","-1","0.528714565","0.950542884","0","0.57032573","7","0.357142857","1.5","N4 S1 P1 O5","de-protonated","0","-9999","C14 H21 O5 N4 P1 S1","14","21","5","4","1","1","-9999","-9999","-9999"
"784","387.097831","387.09794617","387.097797017","2541869.8","-9999","419044.3","31.31","-1","0.385310642","0.486710479","0.793917021","0.609593096","15","0.041666667","0.875","S1 P1 O1","de-protonated","0","-9999","C24 H21 O1 P1 S1","24","21","1","-9999","1","1","-9999","-9999","-9999"
"784","387.097831","387.09794617","387.097993721","2541869.8","-9999","419044.3","31.31","-1","-0.122841218","0.997265691","0","0.598359414","7","0.5","1.428571429","N4 S1 O7","de-protonated","0","-9999","C14 H20 O7 N4 S1","14","20","7","4","-9999","1","-9999","-9999","-9999"
"785","387.11152","387.111635165","387.111912452","721201.9","-9999","589043.3","7.61","-1","-0.716298419","0.911103922","0","0.546662353","6","0.470588235","1.411764706","S1 O8","de-protonated","0","-9999","C17 H24 O8 S1","17","24","8","-9999","-9999","1","-9999","-9999","-9999"
"785","387.11152","387.111635165","387.11153233","721201.9","-9999","589043.3","7.61","-1","0.265646617","0.987277135","0","0.592366281","11","0.263157895","1.105263158","N2 P1 O5","de-protonated","0","-9999","C19 H21 O5 N2 P1","19","21","5","2","1","-9999","-9999","-9999","-9999"
"786","387.113118","387.113233164","387.113249863","3188018.5","-9999","442038.6","39.73","-1","-0.043136702","0.499831211","0.837042051","0.634715547","11","0.222222222","1.111111111","N4 S1 O4","de-protonated","0","-9999","C18 H20 O4 N4 S1","18","20","4","4","-9999","1","-9999","-9999","-9999"
"787","387.126113","387.126228159","387.126517145","1399094.4","-9999","491420.1","16.43","-1","-0.746489558","0.903832092","0","0.542299255","1","0.538461538","2.153846154","N2 S2 O7","de-protonated","0","-9999","C13 H28 O7 N2 S2","13","28","7","2","-9999","2","-9999","-9999","-9999"
"787","387.126113","387.126228159","387.126137022","1399094.4","-9999","491420.1","16.43","-1","0.235418404","0.989994177","0","0.593996506","6","0.266666667","1.666666667","N4 S1 P1 O4","de-protonated","0","-9999","C15 H25 O4 N4 P1 S1","15","25","4","4","1","1","-9999","-9999","-9999"
"788","387.134229","387.134344156","387.134379231","2384696.8","-9999","477293.1","29.27","-1","-0.090601641","0.998511659","0","0.599106995","6","0.4","1.6","N4 S1 O6","de-protonated","0","-9999","C15 H24 O6 N4 S1","15","24","6","4","-9999","1","-9999","-9999","-9999"
"789","387.14949","387.14960515","387.149635372","2381629.5","-9999","518740.3","29.23","-1","-0.078063356","0.499447442","0.829532115","0.631481311","10","0.157894737","1.263157895","N4 S1 O3","de-protonated","0","-9999","C19 H24 O3 N4 S1","19","24","3","4","-9999","1","-9999","-9999","-9999"
"790","387.16234","387.162455145","387.162522532","761409.4","-9999","490849.2","8.13","-1","-0.174052842","0.994518203","0","0.596710922","5","0.1875","1.8125","N4 S1 P1 O3","de-protonated","0","-9999","C16 H29 O3 N4 P1 S1","16","29","3","4","1","1","-9999","-9999","-9999"
"791","387.170604","387.170719142","387.17076474","1682755.9","-9999","527744.8","20.13","-1","-0.117773412","0.997486367","0","0.59849182","5","0.3125","1.75","N4 S1 O5","de-protonated","0","-9999","C16 H28 O5 N4 S1","16","28","5","4","-9999","1","-9999","-9999","-9999"
"792","387.185907","387.186022136","387.186020881","804808.6","-9999","553033.5","8.7","-1","0.003239714","0.999998096","0","0.599998857","9","0.1","1.4","N4 S1 O2","de-protonated","0","-9999","C20 H28 O2 N4 S1","20","28","2","4","-9999","1","-9999","-9999","-9999"
"794","387.207219","387.207334128","387.207150249","801359.1","-9999","417020.7","8.65","-1","0.474882948","0.959906701","0","0.575944021","4","0.235294118","1.882352941","N4 S1 O4","de-protonated","0","-9999","C17 H32 O4 N4 S1","17","32","4","4","-9999","1","-9999","-9999","-9999"
"796","388.093124","388.093238785","388.093045989","1056094","-9999","487243.4","11.96","-1","0.496777605","0.95620844","0","0.573725064","15","0.043478261","0.869565217","N1 S1 P1 O1","de-protonated","0","-9999","C23 H20 O1 N1 P1 S1","23","20","1","1","1","1","-9999","-9999","-9999"
"797","388.177132","388.177246753","388.17743052","3853431.8","-9999","449749","48.39","-1","-0.473409936","0.978332041","0.962271031","0.971907637","8","0.045454545","1.409090909","N1 S2 O1","de-protonated","0","-9999","C22 H31 O1 N1 S2","22","31","1","1","-9999","2","-9999","-9999","-9999"
"800","389.019614","389.019728427","389.019546695","879483.4","-9999","531681.8","9.66","-1","0.467154586","0.961175595","0","0.576705357","21","0.04","0.44","S1 P1 O1","de-protonated","0","-9999","C25 H11 O1 P1 S1","25","11","1","-9999","1","1","-9999","-9999","-9999"
"800","389.019614","389.019728427","389.019743399","879483.4","-9999","531681.8","9.66","-1","-0.038487056","0.999731265","0","0.599838759","13","0.466666667","0.666666667","N4 S1 O7","de-protonated","0","-9999","C15 H10 O7 N4 S1","15","10","7","4","-9999","1","-9999","-9999","-9999"
"801","389.056041","389.056155413","389.056128908","3083142.8","-9999","468014.7","38.35","-1","0.068124729","0.993499633","0.950945548","0.976477999","12","0.375","0.875","N4 S1 O6","de-protonated","0","-9999","C16 H14 O6 N4 S1","16","14","6","4","-9999","1","-9999","-9999","-9999"
"802","389.069098","389.069212408","389.069396191","737930.7","-9999","623498.2","7.82","-1","-0.472365075","0.960322205","0","0.576193323","2","0.818181818","2","N2 S2 O9","de-protonated","0","-9999","C11 H22 O9 N2 S2","11","22","9","2","-9999","2","-9999","-9999","-9999"
"802","389.069098","389.069212408","389.069016068","737930.7","-9999","623498.2","7.82","-1","0.504639839","0.954843362","0","0.572906017","7","0.461538462","1.461538462","N4 S1 P1 O6","de-protonated","0","-9999","C13 H19 O6 N4 P1 S1","13","19","6","4","1","1","-9999","-9999","-9999"
"803","389.077151","389.077265405","389.077061572","2078349.3","-9999","442506.8","25.27","-1","0.523887508","0.475709814","0.800793265","0.605743194","15","0.086956522","0.826086957","S1 P1 O2","de-protonated","0","-9999","C23 H19 O2 P1 S1","23","19","2","-9999","1","1","-9999","-9999","-9999"
"803","389.077151","389.077265405","389.077258276","2078349.3","-9999","442506.8","25.27","-1","0.018320583","0.9999391","0","0.59996346","7","0.615384615","1.384615385","N4 S1 O8","de-protonated","0","-9999","C13 H18 O8 N4 S1","13","18","8","4","-9999","1","-9999","-9999","-9999"
"804","389.090835","389.090949399","389.091177007","684945.4","-9999","643971.3","7.13","-1","-0.584973269","0.939797735","0","0.563878641","6","0.5625","1.375","S1 O9","de-protonated","0","-9999","C16 H22 O9 S1","16","22","9","-9999","-9999","1","-9999","-9999","-9999"
"804","389.090835","389.090949399","389.090796885","684945.4","-9999","643971.3","7.13","-1","0.391976843","0.972506192","0","0.583503715","11","0.333333333","1.055555556","N2 P1 O6","de-protonated","0","-9999","C18 H19 O6 N2 P1","18","19","6","2","1","-9999","-9999","-9999","-9999"
"805","389.092446","389.092560399","389.092514418","4345234","-9999","478383.6","54.79","-1","0.118174773","0.998707386","0.991679722","0.99589632","11","0.294117647","1.058823529","N4 S1 O5","de-protonated","0","-9999","C17 H18 O5 N4 S1","17","18","5","4","-9999","1","-9999","-9999","-9999"
"806","389.101431","389.101545395","389.101562243","1349780.8","-9999","448663.1","15.78","-1","-0.043300145","0.999659859","0","0.599795916","5","0.235294118","1.588235294","S2 P1 O4","de-protonated","0","-9999","C17 H27 O4 P1 S2","17","27","4","-9999","1","2","-9999","-9999","-9999"
"807","389.105446","389.105560394","389.1057817","1618582","-9999","460709.8","19.28","-1","-0.568755867","0.942993765","0","0.565796259","1","0.666666667","2.166666667","N2 S2 O8","de-protonated","0","-9999","C12 H26 O8 N2 S2","12","26","8","2","-9999","2","-9999","-9999","-9999"
"807","389.105446","389.105560394","389.105401577","1618582","-9999","460709.8","19.28","-1","0.408157592","0.970224285","0","0.582134571","6","0.357142857","1.642857143","N4 S1 P1 O5","de-protonated","0","-9999","C14 H23 O5 N4 P1 S1","14","23","5","4","1","1","-9999","-9999","-9999"
"808","389.113598","389.113712391","389.113447081","945944.5","-9999","422366.8","10.53","-1","0.681829874","0.9191058","0","0.55146348","14","0.041666667","0.958333333","S1 P1 O1","de-protonated","0","-9999","C24 H23 O1 P1 S1","24","23","1","-9999","1","1","-9999","-9999","-9999"
"808","389.113598","389.113712391","389.113643786","945944.5","-9999","422366.8","10.53","-1","0.176310144","0.994375496","0","0.596625298","6","0.5","1.571428571","N4 S1 O7","de-protonated","0","-9999","C14 H22 O7 N4 S1","14","22","7","4","-9999","1","-9999","-9999","-9999"
"809","389.127072","389.127186385","389.127562517","805660.6","-9999","542418.4","8.7","-1","-0.966601528","0.844060701","0","0.50643642","5","0.470588235","1.529411765","S1 O8","de-protonated","0","-9999","C17 H26 O8 S1","17","26","8","-9999","-9999","1","-9999","-9999","-9999"
"809","389.127072","389.127186385","389.127182394","805660.6","-9999","542418.4","8.7","-1","0.010256861","0.999980911","0","0.599988547","10","0.263157895","1.210526316","N2 P1 O5","de-protonated","0","-9999","C19 H23 O5 N2 P1","19","23","5","2","1","-9999","-9999","-9999","-9999"
"810","389.128823","389.128937385","389.128899927","5534109","-9999","469932.1","70.27","-1","0.096259894","0.99464453","0.98297343","0.98997609","10","0.222222222","1.222222222","N4 S1 O4","de-protonated","0","-9999","C18 H22 O4 N4 S1","18","22","4","4","-9999","1","-9999","-9999","-9999"
"811","389.14186","389.14197438","389.142167209","1274785.3","-9999","467849.3","14.81","-1","-0.495524874","0.956424143","0","0.573854486","0","0.538461538","2.307692308","N2 S2 O7","de-protonated","0","-9999","C13 H30 O7 N2 S2","13","30","7","2","-9999","2","-9999","-9999","-9999"
"811","389.14186","389.14197438","389.141787087","1274785.3","-9999","467849.3","14.81","-1","0.481297314","0.958839037","0","0.575303422","5","0.266666667","1.8","N4 S1 P1 O4","de-protonated","0","-9999","C15 H27 O4 N4 P1 S1","15","27","4","4","1","1","-9999","-9999","-9999"
"812","389.149794","389.149908377","389.150029295","889507.7","-9999","499261.6","9.79","-1","-0.310725045","0.982633683","0","0.58958021","5","0.4","1.733333333","N4 S1 O6","de-protonated","0","-9999","C15 H26 O6 N4 S1","15","26","6","4","-9999","1","-9999","-9999","-9999"
"813","389.151252","389.151366376","389.151683065","1397156.1","-9999","482235.2","16.4","-1","-0.813794512","0.886772794","0","0.532063676","0","0.538461538","2.384615385","N2 S1 P1 O7","de-protonated","0","-9999","C13 H31 O7 N2 P1 S1","13","31","7","2","1","1","-9999","-9999","-9999"
"814","389.165217","389.165331371","389.165285436","2769832.5","-9999","485331.3","34.27","-1","0.118032335","0.498737658","0.829532115","0.631055441","9","0.157894737","1.368421053","N4 S1 O3","de-protonated","0","-9999","C19 H26 O3 N4 S1","19","26","3","4","-9999","1","-9999","-9999","-9999"
"815","389.180617","389.180731365","389.180785355","704045.3","-9999","573869.1","7.38","-1","-0.138727446","0.996514055","0.962271031","0.982816846","8","0.045454545","1.409090909","13C1 N1 S2 O1","de-protonated","1","797","C21 H31 O1 N1 S2 13C1","21","31","1","1","-9999","2","1","-9999","-9999"
"816","389.18619","389.186304362","389.186414805","709422.9","-9999","527997.7","7.45","-1","-0.283776814","0.985494304","0","0.591296582","4","0.3125","1.875","N4 S1 O5","de-protonated","0","-9999","C16 H30 O5 N4 S1","16","30","5","4","-9999","1","-9999","-9999","-9999"
"817","389.201593","389.201707357","389.201670946","986035.8","-9999","500953.1","11.05","-1","0.093552206","0.998413219","0","0.599047931","8","0.1","1.5","N4 S1 O2","de-protonated","0","-9999","C20 H30 O2 N4 S1","20","30","2","4","-9999","1","-9999","-9999","-9999"
"818","390.059471","390.059585025","390.059423385","754366.3","-9999","611051.5","8.03","-1","0.414398989","0.969320904","0","0.581592542","20","0.08","0.52","N1 S1 O2","de-protonated","0","-9999","C25 H13 O2 N1 S1","25","13","2","1","-9999","1","-9999","-9999","-9999"
"818","390.059471","390.059585025","390.059556326","754366.3","-9999","611051.5","8.03","-1","0.073574664","0.999018259","0","0.599410955","7","0.714285714","1.285714286","N1 P1 O10","de-protonated","0","-9999","C14 H18 O10 N1 P1","14","18","10","1","1","-9999","-9999","-9999","-9999"
"818","390.059471","390.059585025","390.059483744","754366.3","-9999","611051.5","8.03","-1","0.259656193","0.987841012","0.950945548","0.973082826","12","0.375","0.875","13C1 N4 S1 O6","de-protonated","1","801","C15 H14 O6 N4 S1 13C1","15","14","6","4","-9999","1","1","-9999","-9999"
"820","390.095762","390.095876011","390.095808894","850121.6","-9999","583055.4","9.27","-1","0.172052223","0.994643161","0","0.596785897","19","0.038461538","0.653846154","N1 S1 O1","de-protonated","0","-9999","C26 H17 O1 N1 S1","26","17","1","1","-9999","1","-9999","-9999","-9999"
"820","390.095762","390.095876011","390.095941836","850121.6","-9999","583055.4","9.27","-1","-0.16874023","0.994846886","0","0.596908132","6","0.6","1.466666667","N1 P1 O9","de-protonated","0","-9999","C15 H22 O9 N1 P1","15","22","9","1","1","-9999","-9999","-9999","-9999"
"820","390.095762","390.095876011","390.095869253","850121.6","-9999","583055.4","9.27","-1","0.017323898","0.999945546","0.991679722","0.996639216","11","0.294117647","1.058823529","13C1 N4 S1 O5","de-protonated","1","805","C16 H18 O5 N4 S1 13C1","16","18","5","4","-9999","1","1","-9999","-9999"
"821","390.132228","390.132341997","390.132327345","1214677","-9999","547735.3","14.02","-1","0.037555651","0.999744113","0","0.599846468","5","0.5","1.625","N1 P1 O8","de-protonated","0","-9999","C16 H26 O8 N1 P1","16","26","8","1","1","-9999","-9999","-9999","-9999"
"821","390.132228","390.132341997","390.132254762","1214677","-9999","547735.3","14.02","-1","0.223602465","0.990968944","0.98297343","0.987770739","10","0.222222222","1.222222222","13C1 N4 S1 O4","de-protonated","1","810","C17 H22 O4 N4 S1 13C1","17","22","4","4","-9999","1","1","-9999","-9999"
"824","391.035377","391.035490648","391.035196759","1814511.6","-9999","462180.6","21.83","-1","0.751565437","0.451292956","0.787157861","0.585638918","20","0.04","0.52","S1 P1 O1","de-protonated","0","-9999","C25 H13 O1 P1 S1","25","13","1","-9999","1","1","-9999","-9999","-9999"
"824","391.035377","391.035490648","391.035393464","1814511.6","-9999","462180.6","21.83","-1","0.248530056","0.988854996","0","0.593312997","12","0.466666667","0.8","N4 S1 O7","de-protonated","0","-9999","C15 H12 O7 N4 S1","15","12","7","4","-9999","1","-9999","-9999","-9999"
"825","391.044466","391.044579644","391.044441289","1224050.5","-9999","421057","14.14","-1","0.353808724","0.97754216","0","0.586525296","6","0.4","1.4","S2 P1 O6","de-protonated","0","-9999","C15 H21 O6 P1 S2","15","21","6","-9999","1","2","-9999","-9999","-9999"
"825","391.044466","391.044579644","391.04490932","1224050.5","-9999","421057","14.14","-1","-0.843063565","0.87900405","0","0.52740243","12","0.466666667","0.866666667","N4 P1 O7","de-protonated","0","-9999","C15 H13 O7 N4 P1","15","13","7","4","1","-9999","-9999","-9999","-9999"
"826","391.070301","391.070414634","391.070441562","1054970.6","-9999","604069.5","11.94","-1","-0.068857883","0.999140048","0","0.599484029","6","0.666666667","1.333333333","S1 O10","de-protonated","0","-9999","C15 H20 O10 S1","15","20","10","-9999","-9999","1","-9999","-9999","-9999"
"826","391.070301","391.070414634","391.07006144","1054970.6","-9999","604069.5","11.94","-1","0.903148239","0.86242812","0","0.517456872","11","0.411764706","1","N2 P1 O7","de-protonated","0","-9999","C17 H17 O7 N2 P1","17","17","7","2","1","-9999","-9999","-9999","-9999"
"827","391.071723","391.071836634","391.071778973","5241851","-9999","480084.5","66.46","-1","0.14744262","0.994684225","0.967933642","0.983983992","11","0.375","1","N4 S1 O6","de-protonated","0","-9999","C16 H16 O6 N4 S1","16","16","6","4","-9999","1","-9999","-9999","-9999"
"828","391.084698","391.084811629","391.085046255","1304319.1","-9999","482494.6","15.18","-1","-0.599937176","0.936779033","0","0.56206742","1","0.818181818","2.181818182","N2 S2 O9","de-protonated","0","-9999","C11 H24 O9 N2 S2","11","24","9","2","-9999","2","-9999","-9999","-9999"
"828","391.084698","391.084811629","391.084666132","1304319.1","-9999","482494.6","15.18","-1","0.372032131","0.975198799","0","0.585119279","6","0.461538462","1.615384615","N4 S1 P1 O6","de-protonated","0","-9999","C13 H21 O6 N4 P1 S1","13","21","6","4","1","1","-9999","-9999","-9999"
"829","391.099587","391.099700623","391.099433016","1393667.9","-9999","536710.3","16.35","-1","0.684241252","0.918556603","0","0.551133962","6","0.785714286","1.428571429","N2 O11","de-protonated","0","-9999","C14 H20 O11 N2","14","20","11","2","-9999","-9999","-9999","-9999","-9999"
"829","391.099587","391.099700623","391.099922274","1393667.9","-9999","536710.3","16.35","-1","-0.56673748","0.943385996","0","0.566031598","10","0.176470588","1.235294118","N4 S1 P1 O3","de-protonated","0","-9999","C17 H21 O3 N4 P1 S1","17","21","3","4","1","1","-9999","-9999","-9999"
"830","391.10464","391.104753621","391.104793179","921349.4","-9999","561519.5","10.2","-1","-0.101144523","0.998145463","0","0.598887278","15","0.25","0.8","N4 O5","de-protonated","0","-9999","C20 H16 O5 N4","20","16","5","4","-9999","-9999","-9999","-9999","-9999"
"831","391.108118","391.108231619","391.108164482","8047622.5","-9999","454256.4","102.99","-1","0.171658978","0.994457808","0.964989932","0.982670658","10","0.294117647","1.176470588","N4 S1 O5","de-protonated","0","-9999","C17 H20 O5 N4 S1","17","20","5","4","-9999","1","-9999","-9999","-9999"
"832","391.121227","391.121340614","391.12170309","1418762.6","-9999","509692.5","16.67","-1","-0.926760359","0.855693086","0","0.513415851","14","0.136363636","0.954545455","N2 P1 O3","de-protonated","0","-9999","C22 H21 O3 N2 P1","22","21","3","2","1","-9999","-9999","-9999","-9999"
"832","391.121227","391.121340614","391.121431764","1418762.6","-9999","509692.5","16.67","-1","-0.233047649","0.990193701","0","0.59411622100000006","0","0.666666667","2.333333333","N2 S2 O8","de-protonated","0","-9999","C12 H28 O8 N2 S2","12","28","8","2","-9999","2","-9999","-9999","-9999"
"832","391.121227","391.121340614","391.121051642","1418762.6","-9999","509692.5","16.67","-1","0.738831594","0.905699433","0","0.54341966","5","0.357142857","1.785714286","N4 S1 P1 O5","de-protonated","0","-9999","C14 H25 O5 N4 P1 S1","14","25","5","4","1","1","-9999","-9999","-9999"
"833","391.141025","391.141138607","391.141178688","803088.9","-9999","559605","8.66","-1","-0.10247329","0.998096462","0","0.598857877","14","0.19047619","0.952380952","N4 O4","de-protonated","0","-9999","C21 H20 O4 N4","21","20","4","4","-9999","-9999","-9999","-9999","-9999"
"834","391.143048","391.143161606","391.143212581","1740817.5","-9999","502572.1","20.87","-1","-0.130323381","0.996922986","0","0.598153792","4","0.470588235","1.647058824","S1 O8","de-protonated","0","-9999","C17 H28 O8 S1","17","28","8","-9999","-9999","1","-9999","-9999","-9999"
"834","391.143048","391.143161606","391.142832459","1740817.5","-9999","502572.1","20.87","-1","0.841501843","0.879423751","0","0.52765425","9","0.263157895","1.315789474","N2 P1 O5","de-protonated","0","-9999","C19 H25 O5 N2 P1","19","25","5","2","1","-9999","-9999","-9999","-9999"
"835","391.144501","391.144614605","391.144549992","8123410","-9999","463785.5","103.98","-1","0.165191647","0.99620717","0.999964477","0.997710092","9","0.222222222","1.333333333","N4 S1 O4","de-protonated","0","-9999","C18 H24 O4 N4 S1","18","24","4","4","-9999","1","-9999","-9999","-9999"
"836","391.179609","391.179722592","391.17959809","743709","-9999","602134","7.88","-1","0.318271737","0.981787696","0","0.589072618","3","0.388888889","1.777777778","S1 O7","de-protonated","0","-9999","C18 H32 O7 S1","18","32","7","-9999","-9999","1","-9999","-9999","-9999"
"837","391.180938","391.181051591","391.180935501","2250781.5","-9999","430622.7","27.51","-1","0.296769004","0.984146491","0","0.590487895","8","0.157894737","1.473684211","N4 S1 O3","de-protonated","0","-9999","C19 H28 O3 N4 S1","19","28","3","4","-9999","1","-9999","-9999","-9999"
"838","391.202","391.202113583","391.202064869","1405220","-9999","428810.1","16.5","-1","0.124524328","0.997190355","0","0.598314213","3","0.3125","2","N4 S1 O5","de-protonated","0","-9999","C16 H32 O5 N4 S1","16","32","5","4","-9999","1","-9999","-9999","-9999"
"839","391.217164","391.217277577","391.21732101","861480.8","-9999","600910.5","9.42","-1","-0.111020079","0.997766061","0","0.598659636","7","0.1","1.6","N4 S1 O2","de-protonated","0","-9999","C20 H32 O2 N4 S1","20","32","2","4","-9999","1","-9999","-9999","-9999"
"841","392.075096","392.075209246","392.075073449","1147447.6","-9999","404610.3","13.14","-1","0.346353457","0.978468471","0","0.587081083","19","0.08","0.6","N1 S1 O2","de-protonated","0","-9999","C25 H15 O2 N1 S1","25","15","2","1","-9999","1","-9999","-9999","-9999"
"841","392.075096","392.075209246","392.075206391","1147447.6","-9999","404610.3","13.14","-1","0.007281325","0.99999038","0","0.599994228","6","0.714285714","1.428571429","N1 P1 O10","de-protonated","0","-9999","C14 H20 O10 N1 P1","14","20","10","1","1","-9999","-9999","-9999","-9999"
"841","392.075096","392.075209246","392.075133808","1147447.6","-9999","404610.3","13.14","-1","0.192406201","0.993305253","0.967933642","0.983156609","11","0.375","1","13C1 N4 S1 O6","de-protonated","1","827","C15 H16 O6 N4 S1 13C1","15","16","6","4","-9999","1","1","-9999","-9999"
"842","392.087332","392.087445241","392.08730916","894011.5","-9999","541303.5","9.84","-1","0.347067945","0.978380513","0","0.587028308","5","0.285714286","1.714285714","N3 S2 P1 O4","de-protonated","0","-9999","C14 H24 O4 N3 P1 S2","14","24","4","3","1","2","-9999","-9999","-9999"
"844","392.111476","392.11158923199997","392.111458958","1891651.1","-9999","480046.8","22.83","-1","0.332234981","0.490085457","0.780512821","0.606256402","18","0.038461538","0.730769231","N1 S1 O1","de-protonated","0","-9999","C26 H19 O1 N1 S1","26","19","1","1","-9999","1","-9999","-9999","-9999"
"844","392.111476","392.11158923199997","392.1115919","1891651.1","-9999","480046.8","22.83","-1","-0.006805683","0.999991596","0","0.599994957","5","0.6","1.6","N1 P1 O9","de-protonated","0","-9999","C15 H24 O9 N1 P1","15","24","9","1","1","-9999","-9999","-9999","-9999"
"844","392.111476","392.11158923199997","392.111519317","1891651.1","-9999","480046.8","22.83","-1","0.178302012","0.994248061","0.964989932","0.982544809","10","0.294117647","1.176470588","13C1 N4 S1 O5","de-protonated","1","831","C16 H20 O5 N4 S1 13C1","16","20","5","4","-9999","1","1","-9999","-9999"
"846","392.147839","392.147952218","392.14797741","1581902.6","-9999","551982.8","18.79","-1","-0.064241042","0.999251458","0","0.599550875","4","0.5","1.75","N1 P1 O8","de-protonated","0","-9999","C16 H28 O8 N1 P1","16","28","8","1","1","-9999","-9999","-9999","-9999"
"846","392.147839","392.147952218","392.147904827","1581902.6","-9999","551982.8","18.79","-1","0.120849468","0.997353524","0.999964477","0.998397905","9","0.222222222","1.333333333","13C1 N4 S1 O4","de-protonated","1","835","C17 H24 O4 N4 S1 13C1","17","24","4","4","-9999","1","1","-9999","-9999"
"848","392.184049","392.184162204","392.184362919","713562.1","-9999","604616.4","7.49","-1","-0.511788235","0.95358535","0","0.57215121","3","0.411764706","1.882352941","N1 P1 O7","de-protonated","0","-9999","C17 H32 O7 N1 P1","17","32","7","1","1","-9999","-9999","-9999","-9999"
"850","393.042403","393.042515872","393.04280132","1043563.1","-9999","431007.7","11.78","-1","-0.726251212","0.908733466","0","0.54524008","11","0.333333333","1","N4 S1 P1 O5","de-protonated","0","-9999","C15 H15 O5 N4 P1 S1","15","15","5","4","1","1","-9999","-9999","-9999"
"851","393.049233","393.049345869","393.049706117","975725.3","-9999","534187.2","10.9","-1","-0.916546726","0.858621225","0","0.515172735","6","0.785714286","1.285714286","S1 O11","de-protonated","0","-9999","C14 H18 O11 S1","14","18","11","-9999","-9999","1","-9999","-9999","-9999"
"851","393.049233","393.049345869","393.049325995","975725.3","-9999","534187.2","10.9","-1","0.05056388","0.999536197","0","0.599721718","11","0.5","0.9375","N2 P1 O8","de-protonated","0","-9999","C16 H15 O8 N2 P1","16","15","8","2","1","-9999","-9999","-9999","-9999"
"852","393.051028","393.051140868","393.050846824","4119661.8","-9999","426129.7","51.84","-1","0.748108946","0.896379894","0.965365613","0.923974181","19","0.04","0.6","S1 P1 O1","de-protonated","0","-9999","C25 H15 O1 P1 S1","25","15","1","-9999","1","1","-9999","-9999","-9999"
"852","393.051028","393.051140868","393.051043528","4119661.8","-9999","426129.7","51.84","-1","0.247653241","0.986107278","0.961381742","0.976217064","11","0.466666667","0.933333333","N4 S1 O7","de-protonated","0","-9999","C15 H14 O7 N4 S1","15","14","7","4","-9999","1","-9999","-9999","-9999"
"853","393.056705","393.056817866","393.05672005","763247.6","-9999","518184.7","8.13","-1","0.248859478","0.988825597","0","0.593295358","10","0.333333333","1.055555556","S1 P1 O6","de-protonated","0","-9999","C18 H19 O6 P1 S1","18","19","6","-9999","1","1","-9999","-9999","-9999"
"854","393.058495","393.058607865","393.058437583","1269872.3","-9999","580313.1","14.73","-1","0.433223516","0.966518573","0","0.579911144","10","0.294117647","1.058823529","N2 S2 O5","de-protonated","0","-9999","C17 H18 O5 N2 S2","17","18","5","2","-9999","2","-9999","-9999","-9999"
"855","393.059189","393.059301865","393.059089032","1153136.4","-9999","629225.3","13.21","-1","0.541478917","0.94818974","0","0.568913844","19","0.12","0.56","S1 O3","de-protonated","0","-9999","C25 H14 O3 S1","25","14","3","-9999","-9999","1","-9999","-9999","-9999"
"855","393.059189","393.059301865","393.059221974","1153136.4","-9999","629225.3","13.21","-1","0.203255579","0.992531867","0","0.59551912","6","0.785714286","1.357142857","P1 O11","de-protonated","0","-9999","C14 H19 O11 P1","14","19","11","-9999","1","-9999","-9999","-9999","-9999"
"856","393.060135","393.060247865","393.060091354","7888496.5","-9999","465787.3","100.91","-1","0.398186556","0.646864946","0.928511829","0.759523699","5","0.4","1.533333333","S2 P1 O6","de-protonated","0","-9999","C15 H23 O6 P1 S2","15","23","6","-9999","1","2","-9999","-9999","-9999"
"856","393.060135","393.060247865","393.060559384","7888496.5","-9999","465787.3","100.91","-1","-0.792548116","0.895042839","0.997951113","0.936206148","11","0.466666667","1","N4 P1 O7","de-protonated","0","-9999","C15 H15 O7 N4 P1","15","15","7","4","1","-9999","-9999","-9999","-9999"
"857","393.08601","393.086122855","393.086091627","1785977","-9999","520310.3","21.45","-1","0.079443185","0.998855493","0","0.599313296","5","0.666666667","1.466666667","S1 O10","de-protonated","0","-9999","C15 H22 O10 S1","15","22","10","-9999","-9999","1","-9999","-9999","-9999"
"858","393.087416","393.087528854","393.087429037","8259193.5","-9999","463814.4","105.74","-1","0.253930653","0.971667864","0.990496649","0.979199378","10","0.375","1.125","N4 S1 O6","de-protonated","0","-9999","C16 H18 O6 N4 S1","16","18","6","4","-9999","1","-9999","-9999","-9999"
"859","393.098602","393.09871485","393.098845845","845053","-9999","496373.3","9.2","-1","-0.333236025","0.980052443","0","0.588031466","13","0.086956522","0.956521739","S2 O2","de-protonated","0","-9999","C23 H22 O2 S2","23","22","2","-9999","-9999","2","-9999","-9999","-9999"
"859","393.098602","393.09871485","393.098978786","845053","-9999","496373.3","9.2","-1","-0.67142486","0.921457037","0","0.552874222","0","0.833333333","2.25","S1 P1 O10","de-protonated","0","-9999","C12 H27 O10 P1 S1","12","27","10","-9999","1","1","-9999","-9999","-9999"
"860","393.100609","393.100721849","393.100967646","700285.6","-9999","551167.3","7.31","-1","-0.625275496","0.93151695","0","0.55891017","14","0.19047619","0.904761905","N2 P1 O4","de-protonated","0","-9999","C21 H19 O4 N2 P1","21","19","4","2","1","-9999","-9999","-9999","-9999"
"860","393.100609","393.100721849","393.100696319","700285.6","-9999","551167.3","7.31","-1","0.064944575","0.999234979","0","0.599540987","0","0.818181818","2.363636364","N2 S2 O9","de-protonated","0","-9999","C11 H26 O9 N2 S2","11","26","9","2","-9999","2","-9999","-9999","-9999"
"861","393.122214","393.122326841","393.122477136","2409604.5","-9999","504222.4","29.57","-1","-0.382311731","0.973827642","0","0.584296585","4","0.5625","1.625","S1 O9","de-protonated","0","-9999","C16 H26 O9 S1","16","26","9","-9999","-9999","1","-9999","-9999","-9999"
"861","393.122214","393.122326841","393.122097014","2409604.5","-9999","504222.4","29.57","-1","0.584620369","0.939868122","0","0.563920873","9","0.333333333","1.277777778","N2 P1 O6","de-protonated","0","-9999","C18 H23 O6 N2 P1","18","23","6","2","1","-9999","-9999","-9999","-9999"
"862","393.1238","393.12391284","393.123814547","12764805","-9999","445500","164.41","-1","0.250031996","0.6530781","0.96358357","0.777280288","9","0.294117647","1.294117647","N4 S1 O5","de-protonated","0","-9999","C17 H22 O5 N4 S1","17","22","5","4","-9999","1","-9999","-9999","-9999"
"863","393.136894","393.137006835","393.137353155","1603977.3","-9999","485642.4","19.08","-1","-0.880912935","0.868658198","0","0.521194919","13","0.136363636","1.045454545","N2 P1 O3","de-protonated","0","-9999","C22 H23 O3 N2 P1","22","23","3","2","1","-9999","-9999","-9999","-9999"
"863","393.136894","393.137006835","393.136701706","1603977.3","-9999","485642.4","19.08","-1","0.776139442","0.896458466","0","0.53787508","4","0.357142857","1.928571429","N4 S1 P1 O5","de-protonated","0","-9999","C14 H27 O5 N4 P1 S1","14","27","5","4","1","1","-9999","-9999","-9999"
"864","393.160196","393.160308826","393.160200056","8117904.5","-9999","465991.4","103.9","-1","0.276655958","0.975031165","0.988917672","0.980585768","8","0.222222222","1.444444444","N4 S1 O4","de-protonated","0","-9999","C18 H26 O4 N4 S1","18","26","4","4","-9999","1","-9999","-9999","-9999"
"866","393.196582","393.196694812","393.196585565","1782940.3","-9999","531139.8","21.41","-1","0.277842432","0.986090456","0","0.591654273","7","0.157894737","1.578947368","N4 S1 O3","de-protonated","0","-9999","C19 H30 O3 N4 S1","19","30","3","4","-9999","1","-9999","-9999","-9999"
"867","393.217704","393.217816804","393.217714933","1134755","-9999","610869.7","12.97","-1","0.259068873","0.987895621","0","0.592737373","2","0.3125","2.125","N4 S1 O5","de-protonated","0","-9999","C16 H34 O5 N4 S1","16","34","5","4","-9999","1","-9999","-9999","-9999"
"868","394.045455","394.045567484","394.045444347","681132.3","-9999","665086","7.06","-1","0.312494166","0.982437121","0","0.589462272","10","0.1875","1.125","N3 S2 P1 O3","de-protonated","0","-9999","C16 H18 O3 N3 P1 S2","16","18","3","3","1","2","-9999","-9999","-9999"
"869","394.054406","394.05451848","394.054201659","893359.2","-9999","408542.7","9.82","-1","0.804005873","0.889324541","0.965365613","0.919740969","19","0.04","0.6","13C1 S1 P1 O1","de-protonated","1","852","C24 H15 O1 P1 S1 13C1","24","15","1","-9999","1","1","1","-9999","-9999"
"869","394.054406","394.05451848","394.054338004","893359.2","-9999","408542.7","9.82","-1","0.457998441","0.962654079","0","0.577592448","19","0.125","0.541666667","N1 S1 O3","de-protonated","0","-9999","C24 H13 O3 N1 S1","24","13","3","1","-9999","1","-9999","-9999","-9999"
"869","394.054406","394.05451848","394.054470946","893359.2","-9999","408542.7","9.82","-1","0.120629369","0.997363142","0","0.598417885","6","0.846153846","1.384615385","N1 P1 O11","de-protonated","0","-9999","C13 H18 O11 N1 P1","13","18","11","1","1","-9999","-9999","-9999","-9999"
"869","394.054406","394.05451848","394.054398363","893359.2","-9999","408542.7","9.82","-1","0.304824417","0.983281496","0.961381742","0.974521595","11","0.466666667","0.933333333","13C1 N4 S1 O7","de-protonated","1","852","C14 H14 O7 N4 S1 13C1","14","14","7","4","-9999","1","1","-9999","-9999"
"870","394.063498","394.063610477","394.063446189","1301682","-9999","505403","15.14","-1","0.416908214","0.645969396","0.928511829","0.75898637","5","0.4","1.533333333","13C1 S2 P1 O6","de-protonated","1","856","C14 H23 O6 P1 S2 13C1","14","23","6","-9999","1","2","1","-9999","-9999"
"870","394.063498","394.063610477","394.06385386","1301682","-9999","505403","15.14","-1","-0.617624505","0.933125643","0","0.559875386","19","0.125","0.583333333","N1 P1 O3","de-protonated","0","-9999","C24 H14 O3 N1 P1","24","14","3","1","1","-9999","-9999","-9999","-9999"
"870","394.063498","394.063610477","394.063582534","1301682","-9999","505403","15.14","-1","0.070909033","0.999088076","0","0.599452845","5","0.571428571","1.5","N1 S2 O8","de-protonated","0","-9999","C14 H21 O8 N1 S2","14","21","8","1","-9999","2","-9999","-9999","-9999"
"870","394.063498","394.063610477","394.063914219","1301682","-9999","505403","15.14","-1","-0.770794664","0.897804362","0.997951113","0.937863062","11","0.466666667","1","13C1 N4 P1 O7","de-protonated","1","856","C14 H15 O7 N4 P1 13C1","14","15","7","4","1","-9999","1","-9999","-9999"
"873","394.09087","394.090982466","394.090723514","1538490.9","-9999","465678.5","18.22","-1","0.657089372","0.924646799","0","0.554788079","18","0.08","0.68","N1 S1 O2","de-protonated","0","-9999","C25 H17 O2 N1 S1","25","17","2","1","-9999","1","-9999","-9999","-9999"
"873","394.09087","394.090982466","394.090856455","1538490.9","-9999","465678.5","18.22","-1","0.319751382","0.981619534","0","0.588971721","5","0.714285714","1.571428571","N1 P1 O10","de-protonated","0","-9999","C14 H22 O10 N1 P1","14","22","10","1","1","-9999","-9999","-9999","-9999"
"873","394.09087","394.090982466","394.090783872","1538490.9","-9999","465678.5","18.22","-1","0.50392946","0.954967502","0.990496649","0.969179161","10","0.375","1.125","13C1 N4 S1 O6","de-protonated","1","858","C15 H18 O6 N4 S1 13C1","15","18","6","4","-9999","1","1","-9999","-9999"
"874","394.095777","394.095889464","394.096216618","2009532.5","-9999","492401.2","24.35","-1","-0.830135656","0.882460841","0","0.529476505","14","0.2","0.9","N3 P1 O4","de-protonated","0","-9999","C20 H18 O4 N3 P1","20","18","4","3","1","-9999","-9999","-9999","-9999"
"874","394.095777","394.095889464","394.095945292","2009532.5","-9999","492401.2","24.35","-1","-0.141658806","0.996365451","0","0.59781927","0","0.9","2.5","N3 S2 O9","de-protonated","0","-9999","C10 H25 O9 N3 S2","10","25","9","3","-9999","2","-9999","-9999","-9999"
"876","394.127217","394.127329452","394.127109023","2658246.5","-9999","468962.1","32.8","-1","0.559285113","0.47241176","0.780512821","0.595652184","17","0.038461538","0.807692308","N1 S1 O1","de-protonated","0","-9999","C26 H21 O1 N1 S1","26","21","1","1","-9999","1","-9999","-9999","-9999"
"876","394.127217","394.127329452","394.127241965","2658246.5","-9999","468962.1","32.8","-1","0.221978298","0.991099081","0","0.594659449","4","0.6","1.733333333","N1 P1 O9","de-protonated","0","-9999","C15 H26 O9 N1 P1","15","26","9","1","1","-9999","-9999","-9999","-9999"
"876","394.127217","394.127329452","394.127169382","2658246.5","-9999","468962.1","32.8","-1","0.406139355","0.6470091","0.96358357","0.773638888","9","0.294117647","1.294117647","13C1 N4 S1 O5","de-protonated","1","862","C16 H22 O5 N4 S1 13C1","16","22","5","4","-9999","1","1","-9999","-9999"
"878","394.16362","394.163732438","394.163627474","1710546.3","-9999","454438.1","20.46","-1","0.266296189","0.987215238","0","0.592329143","3","0.5","1.875","N1 P1 O8","de-protonated","0","-9999","C16 H30 O8 N1 P1","16","30","8","1","1","-9999","-9999","-9999","-9999"
"878","394.16362","394.163732438","394.163554891","1710546.3","-9999","454438.1","20.46","-1","0.450440254","0.963854153","0.988917672","0.973879561","8","0.222222222","1.444444444","13C1 N4 S1 O4","de-protonated","1","864","C17 H26 O4 N4 S1 13C1","17","26","4","4","-9999","1","1","-9999","-9999"
"879","395.000649","395.000761115","395.000447249","1417184.4","-9999","451266.1","16.64","-1","0.794595195","0.891755446","0","0.535053267","12","0.857142857","0.571428571","N2 O12","de-protonated","0","-9999","C14 H8 O12 N2","14","8","12","2","-9999","-9999","-9999","-9999","-9999"
"879","395.000649","395.000761115","395.000936507","1417184.4","-9999","451266.1","16.64","-1","-0.444029055","0.964857603","0","0.578914562","16","0.235294118","0.529411765","N4 S1 P1 O4","de-protonated","0","-9999","C17 H9 O4 N4 P1 S1","17","9","4","4","1","1","-9999","-9999","-9999"
"880","395.030377","395.030489103","395.030111379","1649898","-9999","409401.1","19.67","-1","0.956191804","0.84713176","0","0.508279056","19","0.083333333","0.541666667","S1 P1 O2","de-protonated","0","-9999","C24 H13 O2 P1 S1","24","13","2","-9999","1","1","-9999","-9999","-9999"
"880","395.030377","395.030489103","395.030308083","1649898","-9999","409401.1","19.67","-1","0.458243485","0.962614863","0","0.577568918","11","0.571428571","0.857142857","N4 S1 O8","de-protonated","0","-9999","C14 H12 O8 N4 S1","14","12","8","4","-9999","1","-9999","-9999","-9999"
"881","395.056645","395.056757093","395.056981032","1437938.6","-9999","565974.1","16.91","-1","-0.566851646","0.943363843","0","0.566018306","18","0.04","0.64","S2 O1","de-protonated","0","-9999","C25 H16 O1 S2","25","16","1","-9999","-9999","2","-9999","-9999","-9999"
"881","395.056645","395.056757093","395.057113973","1437938.6","-9999","565974.1","16.91","-1","-0.90336414","0.862367088","0","0.517420253","5","0.642857143","1.5","S1 P1 O9","de-protonated","0","-9999","C14 H21 O9 P1 S1","14","21","9","-9999","1","1","-9999","-9999","-9999"
"882","395.058128","395.058240092","395.058451384","7370995","-9999","456536","94.16","-1","-0.534836104","0.935837966","0.995346527","0.95964139","10","0.333333333","1.133333333","N4 S1 P1 O5","de-protonated","0","-9999","C15 H17 O5 N4 P1 S1","15","17","5","4","1","1","-9999","-9999","-9999"
"883","395.066733","395.066845089","395.066496888","6783222","-9999","450054.7","86.51","-1","0.881373523","0.853989808","0.946416754","0.890960587","18","0.04","0.68","S1 P1 O1","de-protonated","0","-9999","C25 H17 O1 P1 S1","25","17","1","-9999","1","1","-9999","-9999","-9999"
"883","395.066733","395.066845089","395.066693592","6783222","-9999","450054.7","86.51","-1","0.383471102","0.965905487","0.980330601","0.971675533","10","0.466666667","1.066666667","N4 S1 O7","de-protonated","0","-9999","C15 H16 O7 N4 S1","15","16","7","4","-9999","1","-9999","-9999","-9999"
"884","395.068064","395.068176089","395.068347363","694006.3","-9999","1079765.4","7.22","-1","-0.433530389","0.966471928","0","0.579883157","5","0.615384615","1.615384615","N2 S1 P1 O8","de-protonated","0","-9999","C13 H21 O8 N2 P1 S1","13","21","8","2","1","1","-9999","-9999","-9999"
"885","395.088674","395.088786081","395.088474409","790780.9","-9999","444143.5","8.48","-1","0.788864921","0.893224844","0","0.535934907","14","0.35","0.8","N2 O7","de-protonated","0","-9999","C20 H16 O7 N2","20","16","7","2","-9999","-9999","-9999","-9999","-9999"
"886","395.095107","395.095219078","395.095488342","860927","-9999","565355.3","9.04","-1","-0.681515878","0.919177194","0","0.551506317","18","0.083333333","0.708333333","N2 P1 O2","de-protonated","0","-9999","C24 H17 O2 N2 P1","24","17","2","2","1","-9999","-9999","-9999","-9999"
"886","395.095107","395.095219078","395.095217016","860927","-9999","565355.3","9.04","-1","0.005219783","0.999995056","0","0.599997034","4","0.5","1.714285714","N2 S2 O7","de-protonated","0","-9999","C14 H24 O7 N2 S2","14","24","7","2","-9999","2","-9999","-9999","-9999"
"886","395.095107","395.095219078","395.094836893","860927","-9999","565355.3","9.04","-1","0.967324287","0.843846655","0","0.506307993","9","0.25","1.3125","N4 S1 P1 O4","de-protonated","0","-9999","C16 H21 O4 N4 P1 S1","16","21","4","4","1","1","-9999","-9999","-9999"
"887","395.099636","395.099748076","395.099707798","1507584.5","-9999","570041.5","17.14","-1","0.10194366","0.99811607","0","0.598869642","14","0.315789474","0.842105263","N4 O6","de-protonated","0","-9999","C19 H16 O6 N4","19","16","6","4","-9999","-9999","-9999","-9999","-9999"
"888","395.10313","395.103242075","395.103079102","11800834","-9999","432899.7","146.06","-1","0.412482839","0.643494573","0.96326014","0.7714008","9","0.375","1.25","N4 S1 O6","de-protonated","0","-9999","C16 H20 O6 N4 S1","16","20","6","4","-9999","1","-9999","-9999","-9999"
"889","395.114334","395.114446071","395.114495909","712965.3","-9999","518449.9","7.18","-1","-0.126136632","0.997117233","0","0.59827034","12","0.086956522","1.043478261","S2 O2","de-protonated","0","-9999","C23 H24 O2 S2","23","24","2","-9999","-9999","2","-9999","-9999","-9999"
"890","395.131409","395.131521064","395.131873851","1169674.8","-9999","555553.6","12.9","-1","-0.892834155","0.865331738","0","0.519199043","17","0.04","0.84","N2 P1 O1","de-protonated","0","-9999","C25 H21 O1 N2 P1","25","21","1","2","1","-9999","-9999","-9999","-9999"
"890","395.131409","395.131521064","395.131602525","1169674.8","-9999","555553.6","12.9","-1","-0.206161876","0.992317599","0","0.595390559","3","0.4","1.866666667","N2 S2 O6","de-protonated","0","-9999","C15 H28 O6 N2 S2","15","28","6","2","-9999","2","-9999","-9999","-9999"
"890","395.131409","395.131521064","395.131222403","1169674.8","-9999","555553.6","12.9","-1","0.755853829","0.901527837","0","0.540916702","8","0.176470588","1.470588235","N4 S1 P1 O3","de-protonated","0","-9999","C17 H25 O3 N4 P1 S1","17","25","3","4","1","1","-9999","-9999","-9999"
"891","395.139514","395.139626061","395.139464611","12511501","-9999","460793.5","154.96","-1","0.408589469","0.654546751","0.96358357","0.778161479","8","0.294117647","1.411764706","N4 S1 O5","de-protonated","0","-9999","C17 H24 O5 N4 S1","17","24","5","4","-9999","1","-9999","-9999","-9999"
"892","395.140878","395.14099006","395.141118381","781581.9","-9999","737430.2","8.04","-1","-0.324747229","0.981046209","0","0.588627725","3","0.4","1.933333333","N2 S1 P1 O6","de-protonated","0","-9999","C15 H29 O6 N2 P1 S1","15","29","6","2","1","1","-9999","-9999","-9999"
"893","395.175894","395.176006047","395.175850121","5058841","-9999","464606.8","61.62","-1","0.394574745","0.957477743","0.997482982","0.973479838","7","0.222222222","1.555555556","N4 S1 O4","de-protonated","0","-9999","C18 H28 O4 N4 S1","18","28","4","4","-9999","1","-9999","-9999","-9999"
"894","395.194829","395.19494104","395.195261956","812319.3","-9999","667023.6","8.43","-1","-0.812043971","0.88723086","0","0.532338516","2","0.4375","2.0625","N2 P1 O7","de-protonated","0","-9999","C16 H33 O7 N2 P1","16","33","7","2","1","-9999","-9999","-9999","-9999"
"897","395.251979","395.252091018","395.251992443","1197617.9","-9999","481956.8","13.25","-1","0.249397798","0.988777473","0","0.593266484","0","0.117647059","2.352941176","N4 S2 O2","de-protonated","0","-9999","C17 H40 O2 N4 S2","17","40","2","4","-9999","2","-9999","-9999","-9999"
"898","396.06143","396.061541705","396.06174586","1242425.3","-9999","449222.3","13.81","-1","-0.515464037","0.952932229","0","0.571759337","18","0.041666667","0.666666667","N1 S1 P1 O1","de-protonated","0","-9999","C24 H16 O1 N1 P1 S1","24","16","1","1","1","1","-9999","-9999","-9999"
"898","396.06143","396.061541705","396.061806219","1242425.3","-9999","449222.3","13.81","-1","-0.667861561","0.922255294","0.995346527","0.951491787","10","0.333333333","1.133333333","13C1 N4 S1 P1 O5","de-protonated","1","882","C14 H17 O5 N4 P1 S1 13C1","14","17","5","4","1","1","1","-9999","-9999"
"899","396.070129","396.070240701","396.069851723","1284924","-9999","493768.7","14.34","-1","0.982094899","0.839449346","0.946416754","0.882236309","18","0.04","0.68","13C1 S1 P1 O1","de-protonated","1","883","C24 H17 O1 P1 S1 13C1","24","17","1","-9999","1","1","1","-9999","-9999"
"899","396.070129","396.070240701","396.069988069","1284924","-9999","493768.7","14.34","-1","0.63784828","0.92883657","0","0.557301942","18","0.125","0.625","N1 S1 O3","de-protonated","0","-9999","C24 H15 O3 N1 S1","24","15","3","1","-9999","1","-9999","-9999","-9999"
"899","396.070129","396.070240701","396.07012101","1284924","-9999","493768.7","14.34","-1","0.302196062","0.983566193","0","0.590139716","5","0.846153846","1.538461538","N1 P1 O11","de-protonated","0","-9999","C13 H20 O11 N1 P1","13","20","11","1","1","-9999","-9999","-9999","-9999"
"899","396.070129","396.070240701","396.070048428","1284924","-9999","493768.7","14.34","-1","0.485453752","0.958140198","0.980330601","0.967016359","10","0.466666667","1.066666667","13C1 N4 S1 O7","de-protonated","1","883","C14 H16 O7 N4 S1 13C1","14","16","7","4","-9999","1","1","-9999","-9999"
"900","396.082354","396.082465697","396.08222378","749504.1","-9999","571701.3","7.64","-1","0.610774557","0.934551423","0","0.560730854","4","0.384615385","1.846153846","N3 S2 P1 O5","de-protonated","0","-9999","C13 H24 O5 N3 P1 S2","13","24","5","3","1","2","-9999","-9999","-9999"
"903","396.106508","396.106619687","396.106373578","2477640","-9999","472095.4","29.28","-1","0.621320846","0.46617529","0.787157861","0.594568318","17","0.08","0.76","N1 S1 O2","de-protonated","0","-9999","C25 H19 O2 N1 S1","25","19","2","1","-9999","1","-9999","-9999","-9999"
"903","396.106508","396.106619687","396.10650652","2477640","-9999","472095.4","29.28","-1","0.285699466","0.985298536","0","0.591179122","4","0.714285714","1.714285714","N1 P1 O10","de-protonated","0","-9999","C14 H24 O10 N1 P1","14","24","10","1","1","-9999","-9999","-9999","-9999"
"903","396.106508","396.106619687","396.106433937","2477640","-9999","472095.4","29.28","-1","0.468940319","0.640589402","0.96326014","0.769657697","9","0.375","1.25","13C1 N4 S1 O6","de-protonated","1","888","C15 H20 O6 N4 S1 13C1","15","20","6","4","-9999","1","1","-9999","-9999"
"904","396.141337","396.141448674","396.141238259","765395.3","-9999","493290.8","7.84","-1","0.531161269","0.950095727","0","0.570057436","8","0.470588235","1.352941176","N3 O8","de-protonated","0","-9999","C17 H23 O8 N3","17","23","8","3","-9999","-9999","-9999","-9999","-9999"
"905","396.142783","396.142894673","396.142759087","2539603.8","-9999","487794.5","30.06","-1","0.34226493","0.489484228","0.780512821","0.605895665","16","0.038461538","0.884615385","N1 S1 O1","de-protonated","0","-9999","C26 H23 O1 N1 S1","26","23","1","1","-9999","1","-9999","-9999","-9999"
"905","396.142783","396.142894673","396.142892029","2539603.8","-9999","487794.5","30.06","-1","0.00667447","0.999991917","0","0.59999515","3","0.6","1.866666667","N1 P1 O9","de-protonated","0","-9999","C15 H28 O9 N1 P1","15","28","9","1","1","-9999","-9999","-9999","-9999"
"905","396.142783","396.142894673","396.142819446","2539603.8","-9999","487794.5","30.06","-1","0.189898441","0.662318709","0.96358357","0.782824653","8","0.294117647","1.411764706","13C1 N4 S1 O5","de-protonated","1","891","C16 H24 O5 N4 S1 13C1","16","24","5","4","-9999","1","1","-9999","-9999"
"906","396.143795","396.143906673","396.143761409","1007700.1","-9999","656396.2","10.87","-1","0.366694611","0.975896751","0","0.58553805","2","0.25","2","N1 S2 P1 O4","de-protonated","0","-9999","C16 H32 O4 N1 P1 S2","16","32","4","1","1","2","-9999","-9999","-9999"
"907","396.179319","396.179430659","396.179277538","966751.7","-9999","499584.9","10.36","-1","0.386493131","0.973259774","0","0.583955865","2","0.5","2","N1 P1 O8","de-protonated","0","-9999","C16 H32 O8 N1 P1","16","32","8","1","1","-9999","-9999","-9999","-9999"
"907","396.179319","396.179430659","396.179204956","966751.7","-9999","499584.9","10.36","-1","0.569700344","0.942809803","0.997482982","0.964679074","7","0.222222222","1.555555556","13C1 N4 S1 O4","de-protonated","1","893","C17 H28 O4 N4 S1 13C1","17","28","4","4","-9999","1","1","-9999","-9999"
"910","397.044495","397.044606325","397.044620737","747387.1","-9999","743051","7.61","-1","-0.036299462","0.999760943","0","0.599856566","5","0.923076923","1.384615385","S1 O12","de-protonated","0","-9999","C13 H18 O12 S1","13","18","12","-9999","-9999","1","-9999","-9999","-9999"
"910","397.044495","397.044606325","397.044240615","747387.1","-9999","743051","7.61","-1","0.921081272","0.857323991","0","0.514394394","10","0.6","1","N2 P1 O9","de-protonated","0","-9999","C15 H15 O9 N2 P1","15","15","9","2","1","-9999","-9999","-9999","-9999"
"911","397.046051","397.046162324","397.045958148","3383675.8","-9999","475991","40.63","-1","0.514238638","0.476575214","0.86849267","0.633342196","10","0.571428571","1","N4 S1 O8","de-protonated","0","-9999","C14 H14 O8 N4 S1","14","14","8","4","-9999","1","-9999","-9999","-9999"
"912","397.061336","397.061447318","397.061214289","827776.7","-9999","558539.1","8.61","-1","0.586884755","0.939415839","0","0.563649503","14","0.277777778","0.777777778","N4 S1 O5","de-protonated","0","-9999","C18 H14 O5 N4 S1","18","14","5","4","-9999","1","-9999","-9999","-9999"
"913","397.082425","397.08253631","397.082146952","8467336","-9999","451152.8","104.3","-1","0.980546353","0.849528289","0.946874495","0.888466771","17","0.04","0.76","S1 P1 O1","de-protonated","0","-9999","C25 H19 O1 P1 S1","25","19","1","-9999","1","1","-9999","-9999","-9999"
"913","397.082425","397.08253631","397.082343657","8467336","-9999","451152.8","104.3","-1","0.48517131","0.963300148","0.97987286","0.969929233","9","0.466666667","1.2","N4 S1 O7","de-protonated","0","-9999","C15 H18 O7 N4 S1","15","18","7","4","-9999","1","-9999","-9999","-9999"
"914","397.110801","397.110912299","397.111138406","1670032.9","-9999","500182","19.16","-1","-0.56938103","0.942872028","0","0.565723217","17","0.083333333","0.791666667","N2 P1 O2","de-protonated","0","-9999","C24 H19 O2 N2 P1","24","19","2","2","1","-9999","-9999","-9999","-9999"
"914","397.110801","397.110912299","397.11086708","1670032.9","-9999","500182","19.16","-1","0.113868984","0.997650075","0","0.598590045","3","0.5","1.857142857","N2 S2 O7","de-protonated","0","-9999","C14 H26 O7 N2 S2","14","26","7","2","-9999","2","-9999","-9999","-9999"
"915","397.118823","397.118934296","397.118729166","11953044","-9999","451559.6","147.96","-1","0.516544612","0.638522404","0.96326014","0.768417498","8","0.375","1.375","N4 S1 O6","de-protonated","0","-9999","C16 H22 O6 N4 S1","16","22","6","4","-9999","1","-9999","-9999","-9999"
"916","397.134116","397.13422729","397.133985308","865432.6","-9999","578687.2","9.08","-1","0.609321656","0.93485207","0","0.560911242","12","0.15","1.1","N4 S1 O3","de-protonated","0","-9999","C20 H22 O3 N4 S1","20","22","3","4","-9999","1","-9999","-9999","-9999"
"917","397.147128","397.147239285","397.147523916","1464732.9","-9999","473903.2","16.59","-1","-0.716688196","0.911011589","0","0.546606953","16","0.04","0.92","N2 P1 O1","de-protonated","0","-9999","C25 H23 O1 N2 P1","25","23","1","2","1","-9999","-9999","-9999","-9999"
"917","397.147128","397.147239285","397.14725259","1464732.9","-9999","473903.2","16.59","-1","-0.03350088","0.999796379","0","0.599877828","2","0.4","2","N2 S2 O6","de-protonated","0","-9999","C15 H30 O6 N2 S2","15","30","6","2","-9999","2","-9999","-9999","-9999"
"917","397.147128","397.147239285","397.146872467","1464732.9","-9999","473903.2","16.59","-1","0.923632447","0.856592207","0","0.513955324","7","0.176470588","1.588235294","N4 S1 P1 O3","de-protonated","0","-9999","C17 H27 O3 N4 P1 S1","17","27","3","4","1","1","-9999","-9999","-9999"
"918","397.15174","397.151851283","397.151743372","952222.4","-9999","489557.6","10.17","-1","0.271711723","0.986693466","0","0.592016079","12","0.25","1.1","N4 O5","de-protonated","0","-9999","C20 H22 O5 N4","20","22","5","4","-9999","-9999","-9999","-9999","-9999"
"919","397.153611","397.153722282","397.153777265","1331871","-9999","546586.4","14.93","-1","-0.138441938","0.996528364","0","0.597917018","2","0.5625","1.875","S1 O9","de-protonated","0","-9999","C16 H30 O9 S1","16","30","9","-9999","-9999","1","-9999","-9999","-9999"
"919","397.153611","397.153722282","397.153397143","1331871","-9999","546586.4","14.93","-1","0.818675564","0.885491612","0","0.531294967","7","0.333333333","1.5","N2 P1 O6","de-protonated","0","-9999","C18 H27 O6 N2 P1","18","27","6","2","1","-9999","-9999","-9999","-9999"
"920","397.155211","397.155322282","397.155114676","7629727.5","-9999","451066.3","93.81","-1","0.522733096","0.955911702","0.983153792","0.966808538","7","0.294117647","1.529411765","N4 S1 O5","de-protonated","0","-9999","C17 H26 O5 N4 S1","17","26","5","4","-9999","1","-9999","-9999","-9999"
"921","397.163354","397.163465279","397.16316018","3761570.3","-9999","444754.9","45.36","-1","0.768195556","0.44922811","0.773979033","0.579128479","15","0.037037037","0.962962963","S1 O1","de-protonated","0","-9999","C27 H26 O1 S1","27","26","1","-9999","-9999","1","-9999","-9999","-9999"
"921","397.163354","397.163465279","397.163293121","3761570.3","-9999","444754.9","45.36","-1","0.43346716","0.944364472","0.975400068","0.95677871","2","0.5625","1.9375","P1 O9","de-protonated","0","-9999","C16 H31 O9 P1","16","31","9","-9999","1","-9999","-9999","-9999","-9999"
"922","397.168246","397.168357277","397.168653284","1360547.9","-9999","429759","15.29","-1","-0.745293376","0.904124787","0","0.542474872","11","0.136363636","1.227272727","N2 P1 O3","de-protonated","0","-9999","C22 H27 O3 N2 P1","22","27","3","2","1","-9999","-9999","-9999","-9999"
"922","397.168246","397.168357277","397.168001835","1360547.9","-9999","429759","15.29","-1","0.894939955","0.864740833","0","0.5188445","2","0.357142857","2.214285714","N4 S1 P1 O5","de-protonated","0","-9999","C14 H31 O5 N4 P1 S1","14","31","5","4","1","1","-9999","-9999","-9999"
"923","397.191565","397.191676268","397.191500185","2204075.5","-9999","472088","25.85","-1","0.443319453","0.964967846","0","0.578980708","6","0.222222222","1.666666667","N4 S1 O4","de-protonated","0","-9999","C18 H30 O4 N4 S1","18","30","4","4","-9999","1","-9999","-9999","-9999"
"925","397.226115","397.226226254","397.226548284","1110966.9","-9999","469225.3","12.16","-1","-0.810694726","0.887583406","0","0.532550044","0","0.388888889","2.111111111","S1 O7","de-protonated","0","-9999","C18 H38 O7 S1","18","38","7","-9999","-9999","1","-9999","-9999","-9999"
"925","397.226115","397.226226254","397.226168161","1110966.9","-9999","469225.3","12.16","-1","0.14624679","0.996126674","0","0.597676004","5","0.2","1.75","N2 P1 O4","de-protonated","0","-9999","C20 H35 O4 N2 P1","20","35","4","2","1","-9999","-9999","-9999","-9999"
"926","397.231355","397.231466252","397.231256998","1051320.6","-9999","525396","11.41","-1","0.526782983","0.950894587","0","0.570536752","0","0.1875","2.375","N4 S2 O3","de-protonated","0","-9999","C16 H38 O3 N4 S2","16","38","3","4","-9999","2","-9999","-9999","-9999"
"927","398.085755","398.085865922","398.085501788","1609426.6","-9999","489922.4","18.4","-1","0.914714314","0.859144176","0.946874495","0.894236304","17","0.04","0.76","13C1 S1 P1 O1","de-protonated","1","913","C24 H19 O1 P1 S1 13C1","24","19","1","-9999","1","1","1","-9999","-9999"
"927","398.085755","398.085865922","398.085638133","1609426.6","-9999","489922.4","18.4","-1","0.572210764","0.942319524","0","0.565391714","17","0.125","0.708333333","N1 S1 O3","de-protonated","0","-9999","C24 H17 O3 N1 S1","24","17","3","1","-9999","1","-9999","-9999","-9999"
"927","398.085755","398.085865922","398.085771075","1609426.6","-9999","489922.4","18.4","-1","0.238258094","0.989752583","0","0.59385155","4","0.846153846","1.692307692","N1 P1 O11","de-protonated","0","-9999","C13 H22 O11 N1 P1","13","22","11","1","1","-9999","-9999","-9999","-9999"
"927","398.085755","398.085865922","398.085698492","1609426.6","-9999","489922.4","18.4","-1","0.420587872","0.968412436","0.97987286","0.972996605","9","0.466666667","1.2","13C1 N4 S1 O7","de-protonated","1","913","C14 H18 O7 N4 S1 13C1","14","18","7","4","-9999","1","1","-9999","-9999"
"928","398.098053","398.098163917","398.098525293","853462.7","-9999","481559.1","8.93","-1","-0.90775377","0.861123984","0","0.51667439","12","0.142857143","1.047619048","N1 S1 P1 O3","de-protonated","0","-9999","C21 H22 O3 N1 P1 S1","21","22","3","1","1","1","-9999","-9999","-9999"
"928","398.098053","398.098163917","398.097873844","853462.7","-9999","481559.1","8.93","-1","0.728648058","0.908158654","0","0.544895192","3","0.384615385","2","N3 S2 P1 O5","de-protonated","0","-9999","C13 H26 O5 N3 P1 S2","13","26","5","3","1","2","-9999","-9999","-9999"
"929","398.114206","398.114316911","398.114629587","800476.1","-9999","397694.4","8.27","-1","-0.785392243","0.894111327","0","0.536466796","17","0.173913043","0.739130435","N3 O4","de-protonated","0","-9999","C23 H17 O4 N3","23","17","4","3","-9999","-9999","-9999","-9999","-9999"
"930","398.122155","398.122265908","398.122023642","2190558.8","-9999","445184.8","25.68","-1","0.608520631","0.46750878","0.787157861","0.595368412","16","0.08","0.84","N1 S1 O2","de-protonated","0","-9999","C25 H21 O2 N1 S1","25","21","2","1","-9999","1","-9999","-9999","-9999"
"930","398.122155","398.122265908","398.122156584","2190558.8","-9999","445184.8","25.68","-1","0.27459847","0.986411159","0","0.591846695","3","0.714285714","1.857142857","N1 P1 O10","de-protonated","0","-9999","C14 H26 O10 N1 P1","14","26","10","1","1","-9999","-9999","-9999","-9999"
"930","398.122155","398.122265908","398.122084001","2190558.8","-9999","445184.8","25.68","-1","0.456911592","0.641885189","0.96326014","0.77043517","8","0.375","1.375","13C1 N4 S1 O6","de-protonated","1","915","C15 H22 O6 N4 S1 13C1","15","22","6","4","-9999","1","1","-9999","-9999"
"931","398.158547","398.158657894","398.158409152","1586666.8","-9999","512552.7","18.11","-1","0.624731365","0.931631921","0","0.558979153","15","0.038461538","0.961538462","N1 S1 O1","de-protonated","0","-9999","C26 H25 O1 N1 S1","26","25","1","1","-9999","1","-9999","-9999","-9999"
"931","398.158547","398.158657894","398.158542094","1586666.8","-9999","512552.7","18.11","-1","0.290839714","0.984768851","0","0.590861311","2","0.6","2","N1 P1 O9","de-protonated","0","-9999","C15 H30 O9 N1 P1","15","30","9","1","1","-9999","-9999","-9999","-9999"
"931","398.158547","398.158657894","398.158469511","1586666.8","-9999","512552.7","18.11","-1","0.473136178","0.960195172","0.983153792","0.96937862","7","0.294117647","1.529411765","13C1 N4 S1 O5","de-protonated","1","920","C16 H26 O5 N4 S1 13C1","16","26","5","4","-9999","1","1","-9999","-9999"
"932","398.166803","398.166913891","398.166647956","782061.5","-9999","544124.3","8.04","-1","0.667896862","0.922247403","0.975400068","0.943508469","2","0.5625","1.9375","13C1 P1 O9","de-protonated","1","921","C15 H31 O9 P1 13C1","15","31","9","-9999","1","-9999","1","-9999","-9999"
"932","398.166803","398.166913891","398.166784302","782061.5","-9999","544124.3","8.04","-1","0.325463198","0.980963343","0","0.588578006","2","0.733333333","1.933333333","N1 O11","de-protonated","0","-9999","C15 H29 O11 N1","15","29","11","1","-9999","-9999","-9999","-9999","-9999"
"932","398.166803","398.166913891","398.167273559","782061.5","-9999","544124.3","8.04","-1","-0.903310591","0.862382226","0","0.517429336","6","0.166666667","1.666666667","N3 S1 P1 O3","de-protonated","0","-9999","C18 H30 O3 N3 P1 S1","18","30","3","3","1","1","-9999","-9999","-9999"
"933","399.040653","399.040763553","399.041130293","1187087.9","-9999","485650","13.1","-1","-0.919052614","0.857904894","0","0.514742937","23","0.16","0.32","N2 O4","de-protonated","0","-9999","C25 H8 O4 N2","25","8","4","2","-9999","-9999","-9999","-9999","-9999"
"933","399.040653","399.040763553","399.040478844","1187087.9","-9999","485650","13.1","-1","0.713483722","0.911769474","0","0.547061684","14","0.352941176","0.705882353","N4 S1 O6","de-protonated","0","-9999","C17 H12 O6 N4 S1","17","12","6","4","-9999","1","-9999","-9999","-9999"
"934","399.061726","399.061836545","399.061608212","4011543","-9999","463184.7","48.48","-1","0.572174008","0.931752547","0.954278952","0.940763109","9","0.571428571","1.142857143","N4 S1 O8","de-protonated","0","-9999","C14 H16 O8 N4 S1","14","16","8","4","-9999","1","-9999","-9999","-9999"
"935","399.076968","399.077078539","399.076864353","1963036","-9999","530296.3","22.82","-1","0.536702366","0.949076198","0","0.569445719","13","0.277777778","0.888888889","N4 S1 O5","de-protonated","0","-9999","C18 H16 O5 N4 S1","18","16","5","4","-9999","1","-9999","-9999","-9999"
"936","399.090047","399.090157534","399.090402962","1794080.4","-9999","487972.3","20.71","-1","-0.614967955","0.933680219","0","0.560208131","17","0.130434783","0.739130435","N2 P1 O3","de-protonated","0","-9999","C23 H17 O3 N2 P1","23","17","3","2","1","-9999","-9999","-9999","-9999"
"936","399.090047","399.090157534","399.090131635","1794080.4","-9999","487972.3","20.71","-1","0.064893489","0.999236182","0","0.599541709","3","0.615384615","1.846153846","N2 S2 O8","de-protonated","0","-9999","C13 H24 O8 N2 S2","13","24","8","2","-9999","2","-9999","-9999","-9999"
"937","399.096571","399.096681531","399.096656311","1076258.6","-9999","476734.9","11.72","-1","0.063193661","0.999275658","0","0.599565395","3","0.785714286","1.714285714","S1 O11","de-protonated","0","-9999","C14 H24 O11 S1","14","24","11","-9999","-9999","1","-9999","-9999","-9999"
"938","399.098127","399.098237531","399.097993721","6982179","-9999","438211.5","85.69","-1","0.610900734","0.925445691","0.985152702","0.949328495","8","0.466666667","1.333333333","N4 S1 O7","de-protonated","0","-9999","C15 H20 O7 N4 S1","15","20","7","4","-9999","1","-9999","-9999","-9999"
"939","399.11342","399.113530525","399.113901311","1656872.3","-9999","450016.6","18.99","-1","-0.92902458","0.855040928","0","0.513024557","21","0.074074074","0.592592593","N2 O2","de-protonated","0","-9999","C27 H16 O2 N2","27","16","2","2","-9999","-9999","-9999","-9999","-9999"
"939","399.11342","399.113530525","399.113249863","1656872.3","-9999","450016.6","18.99","-1","0.703214076","0.914179629","0","0.548507777","12","0.210526316","1.052631579","N4 S1 O4","de-protonated","0","-9999","C19 H20 O4 N4 S1","19","20","4","4","-9999","1","-9999","-9999","-9999"
"940","399.126439","399.12654952","399.126788471","2240556.5","-9999","460320.2","26.3","-1","-0.598685016","0.939132843","0.909596618","0.927318353","16","0.083333333","0.875","N2 P1 O2","de-protonated","0","-9999","C24 H21 O2 N2 P1","24","21","2","2","1","-9999","-9999","-9999","-9999"
"940","399.126439","399.12654952","399.126517145","2240556.5","-9999","460320.2","26.3","-1","0.081114461","0.998806861","0","0.599284116","2","0.5","2","N2 S2 O7","de-protonated","0","-9999","C14 H28 O7 N2 S2","14","28","7","2","-9999","2","-9999","-9999","-9999"
"941","399.134495","399.134605517","399.134379231","6655535.5","-9999","443542.1","81.6","-1","0.566941511","0.912938746","0.972974974","0.936953237","7","0.375","1.5","N4 S1 O6","de-protonated","0","-9999","C16 H24 O6 N4 S1","16","24","6","4","-9999","1","-9999","-9999","-9999"
"942","399.147638","399.147748512","399.147917839","1017395.6","-9999","508273.1","10.98","-1","-0.424222388","0.96787305","0","0.58072383","11","0.19047619","1.19047619","N2 P1 O4","de-protonated","0","-9999","C21 H25 O4 N2 P1","21","25","4","2","1","-9999","-9999","-9999","-9999"
"943","399.149702","399.149812511","399.149635372","1298740.3","-9999","475915.8","14.5","-1","0.443790157","0.964894737","0","0.578936842","11","0.15","1.2","N4 S1 O3","de-protonated","0","-9999","C20 H24 O3 N4 S1","20","24","3","4","-9999","1","-9999","-9999","-9999"
"945","399.162882","399.162992506","399.16317398","1289272.8","-9999","453714","14.38","-1","-0.454637797","0.963189957","0","0.577913974","15","0.04","1","N2 P1 O1","de-protonated","0","-9999","C25 H25 O1 N2 P1","25","25","1","2","1","-9999","-9999","-9999","-9999"
"945","399.162882","399.162992506","399.162902654","1289272.8","-9999","453714","14.38","-1","0.225099811","0.990848144","0","0.594508887","1","0.4","2.133333333","N2 S2 O6","de-protonated","0","-9999","C15 H32 O6 N2 S2","15","32","6","2","-9999","2","-9999","-9999","-9999"
"946","399.170869","399.170979503","399.17076474","2707515.5","-9999","452684.8","32.15","-1","0.538021457","0.90699421","0.922662137","0.91326138","6","0.294117647","1.647058824","N4 S1 O5","de-protonated","0","-9999","C17 H28 O5 N4 S1","17","28","5","4","-9999","1","-9999","-9999","-9999"
"947","399.184145","399.184255497","399.184303348","751679.8","-9999","478505.7","7.65","-1","-0.119871813","0.997396114","0","0.598437669","10","0.136363636","1.318181818","N2 P1 O3","de-protonated","0","-9999","C22 H29 O3 N2 P1","22","29","3","2","1","-9999","-9999","-9999","-9999"
"949","399.207298","399.207408488","399.207801698","762759.5","-9999","350287.2","7.79","-1","-0.98497493","0.838586879","0","0.503152127","14","0.076923077","1.076923077","N2 O2","de-protonated","0","-9999","C26 H28 O2 N2","26","28","2","2","-9999","-9999","-9999","-9999","-9999"
"949","399.207298","399.207408488","399.207150249","762759.5","-9999","350287.2","7.79","-1","0.64687970400000006","0.926883115","0","0.556129869","5","0.222222222","1.777777778","N4 S1 O4","de-protonated","0","-9999","C18 H32 O4 N4 S1","18","32","4","4","-9999","1","-9999","-9999","-9999"
"950","400.065122","400.065232157","400.064902688","864102.8","-9999","583800","9.06","-1","0.823537826","0.884209601","0","0.530525761","17","0.173913043","0.652173913","N1 S1 O4","de-protonated","0","-9999","C23 H15 O4 N1 S1","23","15","4","1","-9999","1","-9999","-9999","-9999"
"950","400.065122","400.065232157","400.064963047","864102.8","-9999","583800","9.06","-1","0.67266503","0.921178378","0.954278952","0.934418608","9","0.571428571","1.142857143","13C1 N4 S1 O8","de-protonated","1","934","C13 H16 O8 N4 S1 13C1","13","16","8","4","-9999","1","1","-9999","-9999"
"951","400.093443","400.093553146","400.093894142","711536.3","-9999","664177.5","7.14","-1","-0.852290933","0.876512516","0","0.525907509","17","0.227272727","0.681818182","N3 O5","de-protonated","0","-9999","C22 H15 O5 N3","22","15","5","3","-9999","-9999","-9999","-9999","-9999"
"952","400.096109","400.096219145","400.096417292","786289.1","-9999","539369.3","8.08","-1","-0.495249571","0.95647148","0","0.573882888","11","0.047619048","1.142857143","N1 S2 P1 O1","de-protonated","0","-9999","C21 H24 O1 N1 P1 S2","21","24","1","1","1","2","-9999","-9999","-9999"
"953","400.101516","400.101626143","400.101288198","1275251","-9999","474773.8","14.2","-1","0.844649019","0.87857738","0","0.527146428","16","0.125","0.791666667","N1 S1 O3","de-protonated","0","-9999","C24 H19 O3 N1 S1","24","19","3","1","-9999","1","-9999","-9999","-9999"
"953","400.101516","400.101626143","400.101421139","1275251","-9999","474773.8","14.2","-1","0.512378662","0.953480727","0","0.572088436","3","0.846153846","1.846153846","N1 P1 O11","de-protonated","0","-9999","C13 H24 O11 N1 P1","13","24","11","1","1","-9999","-9999","-9999","-9999"
"953","400.101516","400.101626143","400.101348556","1275251","-9999","474773.8","14.2","-1","0.69378994","0.916366098","0.985152702","0.94388074","8","0.466666667","1.333333333","13C1 N4 S1 O7","de-protonated","1","938","C14 H20 O7 N4 S1 13C1","14","20","7","4","-9999","1","1","-9999","-9999"
"954","400.116682","400.116792137","400.116677281","783224.1","-9999","443129.5","8.04","-1","0.287056962","0.985159541","0","0.591095725","7","0.470588235","1.411764706","N1 P1 O8","de-protonated","0","-9999","C17 H24 O8 N1 P1","17","24","8","1","1","-9999","-9999","-9999","-9999"
"955","400.129802","400.129912132","400.130143306","944252.4","-9999","583750.7","10.06","-1","-0.577747486","0.941231506","0.909596618","0.928577551","16","0.083333333","0.875","13C1 N2 P1 O2","de-protonated","1","940","C23 H21 O2 N2 P1 13C1","23","21","2","2","1","-9999","1","-9999","-9999"
"955","400.129802","400.129912132","400.130279652","944252.4","-9999","583750.7","10.06","-1","-0.918500356","0.858062879","0","0.514837727","16","0.173913043","0.826086957","N3 O4","de-protonated","0","-9999","C23 H19 O4 N3","23","19","4","3","-9999","-9999","-9999","-9999","-9999"
"956","400.137956","400.138066129","400.137673707","1407359.3","-9999","475727.2","15.86","-1","0.980716761","0.83986146800000006","0","0.503916881","15","0.08","0.92","N1 S1 O2","de-protonated","0","-9999","C25 H23 O2 N1 S1","25","23","2","1","-9999","1","-9999","-9999","-9999"
"956","400.137956","400.138066129","400.137806649","1407359.3","-9999","475727.2","15.86","-1","0.648476573","0.926535294","0","0.555921176","2","0.714285714","2","N1 P1 O10","de-protonated","0","-9999","C14 H28 O10 N1 P1","14","28","10","1","1","-9999","-9999","-9999","-9999"
"956","400.137956","400.138066129","400.137734066","1407359.3","-9999","475727.2","15.86","-1","0.82987138","0.882531089","0.972974974","0.918708643","7","0.375","1.5","13C1 N4 S1 O6","de-protonated","1","941","C15 H24 O6 N4 S1 13C1","15","24","6","4","-9999","1","1","-9999","-9999"
"957","400.16619","400.166300118","400.166665161","762760.7","-9999","492489.1","7.79","-1","-0.912227962","0.859852589","0","0.515911553","15","0.125","0.958333333","N3 O3","de-protonated","0","-9999","C24 H23 O3 N3","24","23","3","3","-9999","-9999","-9999","-9999","-9999"
"958","400.174367","400.174477115","400.174192158","820875.4","-9999","606725.1","8.51","-1","0.712081321","0.912100283","0","0.54726017","1","0.6","2.133333333","N1 P1 O9","de-protonated","0","-9999","C15 H32 O9 N1 P1","15","32","9","1","1","-9999","-9999","-9999","-9999"
"958","400.174367","400.174477115","400.174119575","820875.4","-9999","606725.1","8.51","-1","0.893459647","0.865156323","0.922662137","0.888158648","6","0.294117647","1.647058824","13C1 N4 S1 O5","de-protonated","1","946","C16 H28 O5 N4 S1 13C1","16","28","5","4","-9999","1","1","-9999","-9999"
"960","401.028913","401.029022784","401.028791225","750251.5","-9999","520805","7.63","-1","0.577413758","0.941297348","0","0.564778409","8","0.375","1.1875","S2 P1 O6","de-protonated","0","-9999","C16 H19 O6 P1 S2","16","19","6","-9999","1","2","-9999","-9999","-9999"
"960","401.028913","401.029022784","401.029259255","750251.5","-9999","520805","7.63","-1","-0.589660488","0.938859333","0","0.5633156","14","0.4375","0.6875","N4 P1 O7","de-protonated","0","-9999","C16 H11 O7 N4 P1","16","11","7","4","1","-9999","-9999","-9999","-9999"
"961","401.041066","401.04117578","401.041524216","766895.6","-9999","542671.9","7.83","-1","-0.868828477","0.871997357","0","0.523198414","18","0.333333333","0.476190476","N2 O7","de-protonated","0","-9999","C21 H10 O7 N2","21","10","7","2","-9999","-9999","-9999","-9999","-9999"
"961","401.041066","401.04117578","401.040872767","766895.6","-9999","542671.9","7.83","-1","0.755564841","0.901599289","0","0.540959573","9","0.692307692","1.076923077","N4 S1 O9","de-protonated","0","-9999","C13 H14 O9 N4 S1","13","14","9","4","-9999","1","-9999","-9999","-9999"
"962","401.047518","401.047627777","401.047397443","703409.8","-9999","667539.9","7.04","-1","0.574332212","0.941903729","0","0.565142237","9","0.857142857","1","N2 O12","de-protonated","0","-9999","C14 H14 O12 N2","14","14","12","2","-9999","-9999","-9999","-9999","-9999"
"962","401.047518","401.047627777","401.0478867","703409.8","-9999","667539.9","7.04","-1","-0.645615946","0.927157864","0","0.556294718","13","0.235294118","0.882352941","N4 S1 P1 O4","de-protonated","0","-9999","C17 H15 O4 N4 P1 S1","17","15","4","4","1","1","-9999","-9999","-9999"
"963","401.056245","401.056354774","401.056128908","2423988.8","-9999","464782.9","28.59","-1","0.563176097","0.94407507","0","0.566445042","13","0.352941176","0.823529412","N4 S1 O6","de-protonated","0","-9999","C17 H14 O6 N4 S1","17","14","6","4","-9999","1","-9999","-9999","-9999"
"964","401.063902","401.064011771","401.064174412","728439.4","-9999","344922.6","7.35","-1","-0.405525463","0.9706014","0","0.58236084","21","0.074074074","0.518518519","S1 O2","de-protonated","0","-9999","C27 H14 O2 S1","27","14","2","-9999","-9999","1","-9999","-9999","-9999"
"964","401.063902","401.064011771","401.064307354","728439.4","-9999","344922.6","7.35","-1","-0.736997682","0.90614433","0","0.543686598","8","0.625","1.1875","P1 O10","de-protonated","0","-9999","C16 H19 O10 P1","16","19","10","-9999","1","-9999","-9999","-9999","-9999"
"965","401.069478","401.069587769","401.069667517","817337.3","-9999","555591.1","8.47","-1","-0.198838623","0.992851771","0","0.595711063","17","0.181818182","0.681818182","N2 P1 O4","de-protonated","0","-9999","C22 H15 O4 N2 P1","22","15","4","2","1","-9999","-9999","-9999","-9999"
"965","401.069478","401.069587769","401.069396191","817337.3","-9999","555591.1","8.47","-1","0.477668008","0.959444745","0","0.575666847","3","0.75","1.833333333","N2 S2 O9","de-protonated","0","-9999","C12 H22 O9 N2 S2","12","22","9","2","-9999","2","-9999","-9999","-9999"
"966","401.077439","401.077548765","401.077909725","3103420","-9999","442514.8","37.1","-1","-0.899974043","0.431662115","0.807789663","0.582113134","17","0.272727273","0.636363636","N2 O6","de-protonated","0","-9999","C22 H14 O6 N2","22","14","6","2","-9999","-9999","-9999","-9999","-9999"
"966","401.077439","401.077548765","401.077258276","3103420","-9999","442514.8","37.1","-1","0.72427186","0.909207","0","0.5455242","8","0.571428571","1.285714286","N4 S1 O8","de-protonated","0","-9999","C14 H18 O8 N4 S1","14","18","8","4","-9999","1","-9999","-9999","-9999"
"967","401.092724","401.09283376","401.093165866","2708161.3","-9999","474091.3","32.15","-1","-0.828004402","0.441513439","0.780512821","0.577113192","21","0.115384615","0.538461538","N2 O3","de-protonated","0","-9999","C26 H14 O3 N2","26","14","3","2","-9999","-9999","-9999","-9999","-9999"
"967","401.092724","401.09283376","401.092514418","2708161.3","-9999","474091.3","32.15","-1","0.796179838","0.445673826","0.837042051","0.602221116","12","0.277777778","1","N4 S1 O5","de-protonated","0","-9999","C18 H18 O5 N4 S1","18","18","5","4","-9999","1","-9999","-9999","-9999"
"968","401.105812","401.105921755","401.106053026","2558149.5","-9999","442043.6","30.27","-1","-0.327273886","0.940660228","0.983915242","0.957962234","16","0.130434783","0.826086957","N2 P1 O3","de-protonated","0","-9999","C23 H19 O3 N2 P1","23","19","3","2","1","-9999","-9999","-9999","-9999"
"968","401.105812","401.105921755","401.1057817","2558149.5","-9999","442043.6","30.27","-1","0.34917129","0.978120573","0","0.586872344","2","0.615384615","2","N2 S2 O8","de-protonated","0","-9999","C13 H26 O8 N2 S2","13","26","8","2","-9999","2","-9999","-9999","-9999"
"969","401.113815","401.113924751","401.114295235","3685576.3","-9999","465238.3","44.39","-1","-0.923634797","0.428295766","0.800793265","0.577294766","16","0.217391304","0.782608696","N2 O5","de-protonated","0","-9999","C23 H18 O5 N2","23","18","5","2","-9999","-9999","-9999","-9999","-9999"
"969","401.113815","401.113924751","401.113643786","3685576.3","-9999","465238.3","44.39","-1","0.700463731","0.457410118","0.860410506","0.618610273","7","0.466666667","1.466666667","N4 S1 O7","de-protonated","0","-9999","C15 H22 O7 N4 S1","15","22","7","4","-9999","1","-9999","-9999","-9999"
"970","401.12741","401.127519746","401.127562517","774604.8","-9999","513384.1","7.93","-1","-0.106625598","0.997939233","0","0.59876354","6","0.444444444","1.444444444","S1 O8","de-protonated","0","-9999","C18 H26 O8 S1","18","26","8","-9999","-9999","1","-9999","-9999","-9999"
"970","401.12741","401.127519746","401.127182394","774604.8","-9999","513384.1","7.93","-1","0.841010205","0.879555755","0","0.527733453","11","0.25","1.15","N2 P1 O5","de-protonated","0","-9999","C20 H23 O5 N2 P1","20","23","5","2","1","-9999","-9999","-9999","-9999"
"971","401.129031","401.129140746","401.128899927","3017933.5","-9999","456194.1","36.03","-1","0.600351626","0.46834724","0.829532115","0.61282119","11","0.210526316","1.157894737","N4 S1 O4","de-protonated","0","-9999","C19 H22 O4 N4 S1","19","22","4","4","-9999","1","-9999","-9999","-9999"
"972","401.142139","401.14224874","401.142438535","2551505.8","-9999","491215.1","30.19","-1","-0.473136003","0.4800976","0.793917021","0.605625369","15","0.083333333","0.958333333","N2 P1 O2","de-protonated","0","-9999","C24 H23 O2 N2 P1","24","23","2","2","1","-9999","-9999","-9999","-9999"
"972","401.142139","401.14224874","401.142167209","2551505.8","-9999","491215.1","30.19","-1","0.203247717","0.992532443","0","0.595519466","1","0.5","2.142857143","N2 S2 O7","de-protonated","0","-9999","C14 H30 O7 N2 S2","14","30","7","2","-9999","2","-9999","-9999","-9999"
"973","401.15015","401.150259737","401.150029295","2239188.5","-9999","468708.3","26.27","-1","0.57445381","0.941879855","0","0.565127913","6","0.375","1.625","N4 S1 O6","de-protonated","0","-9999","C16 H26 O6 N4 S1","16","26","6","4","-9999","1","-9999","-9999","-9999"
"974","401.159743","401.159852734","401.159925274","869079.8","-9999","425399.4","9.11","-1","-0.180826426","0.994084521","0","0.596450713","1","0.642857143","2.142857143","N2 S1 O9","de-protonated","0","-9999","C14 H30 O9 N2 S1","14","30","9","2","-9999","1","-9999","-9999","-9999"
"974","401.159743","401.159852734","401.159545151","869079.8","-9999","425399.4","9.11","-1","0.766732857","0.898822305","0","0.539293383","6","0.375","1.6875","N4 P1 O6","de-protonated","0","-9999","C16 H27 O6 N4 P1","16","27","6","4","1","-9999","-9999","-9999","-9999"
"975","401.165471","401.165580731","401.165936885","1659353.8","-9999","367313.1","19.01","-1","-0.887796538","0.433370658","0.767553728","0.567043886","19","0.035714286","0.785714286","N2 O1","de-protonated","0","-9999","C28 H22 O1 N2","28","22","1","2","-9999","-9999","-9999","-9999","-9999"
"975","401.165471","401.165580731","401.165285436","1659353.8","-9999","367313.1","19.01","-1","0.736092979","0.906363478","0","0.543818087","10","0.15","1.3","N4 S1 O3","de-protonated","0","-9999","C20 H26 O3 N4 S1","20","26","3","4","-9999","1","-9999","-9999","-9999"
"976","401.178601","401.178710726","401.178824045","1179614.1","-9999","442063.2","13","-1","-0.282463503","0.98562729","0","0.591376374","14","0.04","1.08","N2 P1 O1","de-protonated","0","-9999","C25 H27 O1 N2 P1","25","27","1","2","1","-9999","-9999","-9999","-9999"
"976","401.178601","401.178710726","401.178552719","1179614.1","-9999","442063.2","13","-1","0.393859001","0.97224523","0","0.583347138","0","0.4","2.266666667","N2 S2 O6","de-protonated","0","-9999","C15 H34 O6 N2 S2","15","34","6","2","-9999","2","-9999","-9999","-9999"
"977","401.186665","401.186774723","401.187066253","1062368.9","-9999","529513.7","11.53","-1","-0.726668449","0.908633514","0","0.545180109","14","0.12","1.04","N2 O3","de-protonated","0","-9999","C25 H26 O3 N2","25","26","3","2","-9999","-9999","-9999","-9999","-9999"
"977","401.186665","401.186774723","401.186414805","1062368.9","-9999","529513.7","11.53","-1","0.897135804","0.864123608","0","0.518474165","5","0.294117647","1.764705882","N4 S1 O5","de-protonated","0","-9999","C17 H30 O5 N4 S1","17","30","5","4","-9999","1","-9999","-9999","-9999"
"978","401.22312","401.223229709","401.223451763","722029.3","-9999","569243.2","7.27","-1","-0.553440796","0.945939055","0","0.567563433","13","0.076923077","1.153846154","N2 O2","de-protonated","0","-9999","C26 H30 O2 N2","26","30","2","2","-9999","-9999","-9999","-9999","-9999"
"979","402.108993","402.109102367","402.109407861","701850.2","-9999","477572","7.01","-1","-0.759729608","0.900567463","0.983915242","0.933906575","16","0.130434783","0.826086957","13C1 N2 P1 O3","de-protonated","1","968","C22 H19 O3 N2 P1 13C1","22","19","3","2","1","-9999","1","-9999","-9999"
"981","403.026993","403.027102012","403.027151255","720211.9","-9999","506771.5","7.24","-1","-0.122183479","0.997294854","0","0.598376912","13","0.3125","0.8125","N4 S1 P1 O5","de-protonated","0","-9999","C16 H13 O5 N4 P1 S1","16","13","5","4","1","1","-9999","-9999","-9999"
"982","403.035594","403.035703008","403.036044912","1652054.9","-9999","379488.7","18.91","-1","-0.848320538","0.877587041","0","0.526552225","22","0.208333333","0.333333333","N2 O5","de-protonated","0","-9999","C24 H8 O5 N2","24","8","5","2","-9999","-9999","-9999","-9999","-9999"
"982","403.035594","403.035703008","403.035393464","1652054.9","-9999","379488.7","18.91","-1","0.7680341","0.898496657","0","0.539097994","13","0.4375","0.75","N4 S1 O7","de-protonated","0","-9999","C16 H12 O7 N4 S1","16","12","7","4","-9999","1","-9999","-9999","-9999"
"983","403.056689","403.056798","403.05717428","811230.1","-9999","444552","8.38","-1","-0.933564749","0.853729946","0","0.512237968","17","0.333333333","0.571428571","N2 O7","de-protonated","0","-9999","C21 H12 O7 N2","21","12","7","2","-9999","-9999","-9999","-9999","-9999"
"983","403.056689","403.056798","403.056522832","811230.1","-9999","444552","8.38","-1","0.682705017","0.91890667","0","0.551344002","8","0.692307692","1.230769231","N4 S1 O9","de-protonated","0","-9999","C13 H16 O9 N4 S1","13","16","9","4","-9999","1","-9999","-9999","-9999"
"984","403.072009","403.072117994","403.072430422","3676003.3","-9999","436518.9","44.26","-1","-0.775114244","0.916183065","0.972954765","0.93889174500000006","21","0.16","0.48","N2 O4","de-protonated","0","-9999","C25 H12 O4 N2","25","12","4","2","-9999","-9999","-9999","-9999","-9999"
"984","403.072009","403.072117994","403.071778973","3676003.3","-9999","436518.9","44.26","-1","0.841094603","0.439766549","0.844689208","0.601735613","12","0.352941176","0.941176471","N4 S1 O6","de-protonated","0","-9999","C17 H16 O6 N4 S1","17","16","6","4","-9999","1","-9999","-9999","-9999"
"985","403.082897","403.08300599","403.08319578","757095.1","-9999","462810","7.7","-1","-0.470845803","0.960571935","0","0.576343161","15","0.083333333","0.833333333","S2 O2","de-protonated","0","-9999","C24 H20 O2 S2","24","20","2","-9999","-9999","2","-9999","-9999","-9999"
"985","403.082897","403.08300599","403.083328722","757095.1","-9999","462810","7.7","-1","-0.800657676","0.890191943","0","0.534115166","2","0.769230769","1.923076923","S1 P1 O10","de-protonated","0","-9999","C13 H25 O10 P1 S1","13","25","10","-9999","1","1","-9999","-9999","-9999"
"986","403.085182","403.085290989","403.085317581","1191527.9","-9999","420492.1","13.14","-1","-0.065970759","0.999210621","0","0.599526373","16","0.181818182","0.772727273","N2 P1 O4","de-protonated","0","-9999","C22 H17 O4 N2 P1","22","17","4","2","1","-9999","-9999","-9999","-9999"
"986","403.085182","403.085290989","403.085046255","1191527.9","-9999","420492.1","13.14","-1","0.607153051","0.935299664","0","0.561179798","2","0.75","2","N2 S2 O9","de-protonated","0","-9999","C12 H24 O9 N2 S2","12","24","9","2","-9999","2","-9999","-9999","-9999"
"987","403.093018","403.093126986","403.092908341","1477738.6","-9999","421610.2","16.73","-1","0.542419159","0.948014418","0","0.568808651","7","0.571428571","1.428571429","N4 S1 O8","de-protonated","0","-9999","C14 H20 O8 N4 S1","14","20","8","4","-9999","1","-9999","-9999","-9999"
"988","403.1029","403.103008982","403.10280432","784110","-9999","337820.1","8.04","-1","0.507718437","0.95430354","0","0.572582124","2","0.916666667","2","N2 S1 O11","de-protonated","0","-9999","C12 H24 O11 N2 S1","12","24","11","2","-9999","1","-9999","-9999","-9999"
"988","403.1029","403.103008982","403.103293577","784110","-9999","337820.1","8.04","-1","-0.706009176","0.913526487","0","0.548115892","6","0.2","1.666666667","N4 S2 P1 O3","de-protonated","0","-9999","C15 H25 O3 N4 P1 S2","15","25","3","4","1","2","-9999","-9999","-9999"
"989","403.104746","403.104854982","403.104793179","742254.6","-9999","648311","7.52","-1","0.153316987","0.995743932","0","0.597446359","16","0.238095238","0.761904762","N4 O5","de-protonated","0","-9999","C21 H16 O5 N4","21","16","5","4","-9999","-9999","-9999","-9999","-9999"
"990","403.108383","403.10849198","403.108815931","5095280","-9999","446981.7","62.04","-1","-0.803630635","0.890248452","0.988815911","0.929675436","20","0.115384615","0.615384615","N2 O3","de-protonated","0","-9999","C26 H16 O3 N2","26","16","3","2","-9999","-9999","-9999","-9999","-9999"
"990","403.108383","403.10849198","403.108164482","5095280","-9999","446981.7","62.04","-1","0.812432283","0.886817688","0.954654858","0.913952556","11","0.277777778","1.111111111","N4 S1 O5","de-protonated","0","-9999","C18 H20 O5 N4 S1","18","20","5","4","-9999","1","-9999","-9999","-9999"
"991","403.121471","403.121579975","403.12170309","2389364.3","-9999","513111.8","28.15","-1","-0.305404602","0.491609166","0.800793265","0.615282805","15","0.130434783","0.913043478","N2 P1 O3","de-protonated","0","-9999","C23 H21 O3 N2 P1","23","21","3","2","1","-9999","-9999","-9999","-9999"
"991","403.121471","403.121579975","403.121431764","2389364.3","-9999","513111.8","28.15","-1","0.367658291","0.975771446","0","0.585462868","1","0.615384615","2.153846154","N2 S2 O8","de-protonated","0","-9999","C13 H28 O8 N2 S2","13","28","8","2","-9999","2","-9999","-9999","-9999"
"992","403.129564","403.129672972","403.129945299","1401207.1","-9999","484892.9","15.77","-1","-0.675531166","0.920532731","0","0.552319639","15","0.217391304","0.869565217","N2 O5","de-protonated","0","-9999","C23 H20 O5 N2","23","20","5","2","-9999","-9999","-9999","-9999","-9999"
"992","403.129564","403.129672972","403.12929385","1401207.1","-9999","484892.9","15.77","-1","0.940447255","0.851734292","0","0.511040575","6","0.466666667","1.6","N4 S1 O7","de-protonated","0","-9999","C15 H24 O7 N4 S1","15","24","7","4","-9999","1","-9999","-9999","-9999"
"993","403.139534","403.139642968","403.139841278","779130.6","-9999","547618.8","7.98","-1","-0.491912349","0.957043392","0","0.574226035","10","0.380952381","1.142857143","O8","de-protonated","0","-9999","C21 H24 O8","21","24","8","-9999","-9999","-9999","-9999","-9999","-9999"
"993","403.139534","403.139642968","403.139679086","779130.6","-9999","547618.8","7.98","-1","-0.089592114","0.998544617","0","0.59912677","5","0.125","1.8125","N4 S2 P1 O2","de-protonated","0","-9999","C16 H29 O2 N4 P1 S2","16","29","2","4","1","2","-9999","-9999","-9999"
"994","403.141254","403.141362968","403.141178688","788091.1","-9999","410754.8","8.09","-1","0.457108722","0.962796306","0","0.577677784","15","0.181818182","0.909090909","N4 O4","de-protonated","0","-9999","C22 H20 O4 N4","22","20","4","4","-9999","-9999","-9999","-9999","-9999"
"995","403.144787","403.144895966","403.14520144","4377468.5","-9999","431620","53.05","-1","-0.757727032","0.450532082","0.773979033","0.579910862","19","0.074074074","0.740740741","N2 O2","de-protonated","0","-9999","C27 H20 O2 N2","27","20","2","2","-9999","-9999","-9999","-9999","-9999"
"995","403.144787","403.144895966","403.144549992","4377468.5","-9999","431620","53.05","-1","0.858190103","0.912483409","0.964046151","0.933108506","10","0.210526316","1.263157895","N4 S1 O4","de-protonated","0","-9999","C19 H24 O4 N4 S1","19","24","4","4","-9999","1","-9999","-9999","-9999"
"996","403.157831","403.157939961","403.1580886","1511296.8","-9999","473978.3","17.15","-1","-0.368685719","0.975637508","0","0.585382505","14","0.083333333","1.041666667","N2 P1 O2","de-protonated","0","-9999","C24 H25 O2 N2 P1","24","25","2","2","1","-9999","-9999","-9999","-9999"
"996","403.157831","403.157939961","403.157817274","1511296.8","-9999","473978.3","17.15","-1","0.304316387","0.98333671","0","0.590002026","0","0.5","2.285714286","N2 S2 O7","de-protonated","0","-9999","C14 H32 O7 N2 S2","14","32","7","2","-9999","2","-9999","-9999","-9999"
"997","403.165759","403.165867958","403.16567936","832387.5","-9999","399679.8","8.64","-1","0.467794024","0.961071335","0","0.576642801","5","0.375","1.75","N4 S1 O6","de-protonated","0","-9999","C16 H28 O6 N4 S1","16","28","6","4","-9999","1","-9999","-9999","-9999"
"998","403.167288","403.167396958","403.16733313","1550724","-9999","415027.9","17.64","-1","0.158315466","0.995462534","0","0.597277521","0","0.5","2.357142857","N2 S1 P1 O7","de-protonated","0","-9999","C14 H33 O7 N2 P1 S1","14","33","7","2","1","1","-9999","-9999","-9999"
"999","403.181146","403.181254952","403.18158695","2324360.8","-9999","395291.8","27.33","-1","-0.823443911","0.442117209","0.767553728","0.572291816","18","0.035714286","0.857142857","N2 O1","de-protonated","0","-9999","C28 H24 O1 N2","28","24","1","2","-9999","-9999","-9999","-9999","-9999"
"999","403.181146","403.181254952","403.180935501","2324360.8","-9999","395291.8","27.33","-1","0.792327288","0.446168991","0.822155738","0.59656369","9","0.15","1.4","N4 S1 O3","de-protonated","0","-9999","C20 H28 O3 N4 S1","20","28","3","4","-9999","1","-9999","-9999","-9999"
"1000","403.188389","403.188497949","403.188329556","2783627.3","-9999","412952.5","33.08","-1","0.417653798","0.484422351","0.807789663","0.613769276","8","0.045454545","1.454545455","N2 S2 O1","de-protonated","0","-9999","C22 H32 O1 N2 S2","22","32","1","2","-9999","2","-9999","-9999","-9999"
"1001","403.202277","403.202385944","403.202716318","1177744.1","-9999","495844.1","12.97","-1","-0.819373577","0.885307922","0","0.531184753","13","0.12","1.12","N2 O3","de-protonated","0","-9999","C25 H28 O3 N2","25","28","3","2","-9999","-9999","-9999","-9999","-9999"
"1001","403.202277","403.202385944","403.202064869","1177744.1","-9999","495844.1","12.97","-1","0.796312956","0.891313367","0","0.53478802","4","0.294117647","1.882352941","N4 S1 O5","de-protonated","0","-9999","C17 H32 O5 N4 S1","17","32","5","4","-9999","1","-9999","-9999","-9999"
"1002","404.075432","404.075540606","404.075206391","838844.8","-9999","433961.2","8.72","-1","0.82711251","0.883263431","0","0.529958058","7","0.666666667","1.333333333","N1 P1 O10","de-protonated","0","-9999","C15 H20 O10 N1 P1","15","20","10","1","1","-9999","-9999","-9999","-9999"
"1002","404.075432","404.075540606","404.075785257","838844.8","-9999","433961.2","8.72","-1","-0.605456132","0.935648939","0.972954765","0.950571269","21","0.16","0.48","13C1 N2 O4","de-protonated","1","984","C24 H12 O4 N2 13C1","24","12","4","2","-9999","-9999","1","-9999","-9999"
"1003","404.103685","404.103793596","404.104064903","826566.5","-9999","507301.3","8.57","-1","-0.671380438","0.92146701","0","0.552880206","20","0.12","0.6","N3 O3","de-protonated","0","-9999","C25 H15 O3 N3","25","15","3","3","-9999","-9999","-9999","-9999","-9999"
"1004","404.11174","404.111848592","404.111458958","1340617.3","-9999","516601.1","15.01","-1","0.964174594","0.844778663","0","0.506867198","19","0.037037037","0.703703704","N1 S1 O1","de-protonated","0","-9999","C27 H19 O1 N1 S1","27","19","1","1","-9999","1","-9999","-9999","-9999"
"1004","404.11174","404.111848592","404.1115919","1340617.3","-9999","516601.1","15.01","-1","0.635201457","0.929404633","0","0.55764278","6","0.5625","1.5","N1 P1 O9","de-protonated","0","-9999","C16 H24 O9 N1 P1","16","24","9","1","1","-9999","-9999","-9999","-9999"
"1004","404.11174","404.111848592","404.112170766","1340617.3","-9999","516601.1","15.01","-1","-0.797237924","0.891075015","0.988815911","0.930171373","20","0.115384615","0.615384615","13C1 N2 O3","de-protonated","1","990","C25 H16 O3 N2 13C1","25","16","3","2","-9999","-9999","1","-9999","-9999"
"1004","404.11174","404.111848592","404.111519317","1340617.3","-9999","516601.1","15.01","-1","0.814812536","0.886506062","0.954654858","0.91376558","11","0.277777778","1.111111111","13C1 N4 S1 O5","de-protonated","1","990","C17 H20 O5 N4 S1 13C1","17","20","5","4","-9999","1","1","-9999","-9999"
"1005","404.148011","404.148119578","404.14797741","1138645.9","-9999","391615.5","12","-1","0.35177437","0.977796796","0","0.586678078","5","0.470588235","1.647058824","N1 P1 O8","de-protonated","0","-9999","C17 H28 O8 N1 P1","17","28","8","1","1","-9999","-9999","-9999","-9999"
"1005","404.148011","404.148119578","404.147904827","1138645.9","-9999","391615.5","12","-1","0.531369228","0.950057635","0.964046151","0.955653042","10","0.210526316","1.263157895","13C1 N4 S1 O4","de-protonated","1","995","C18 H24 O4 N4 S1 13C1","18","24","4","4","-9999","1","1","-9999","-9999"
"1006","404.151255","404.151363577","404.151348713","1072086.9","-9999","524209.3","11.2","-1","0.036779108","0.999754584","0","0.59985275","0","0.571428571","2.285714286","N1 S1 P1 O8","de-protonated","0","-9999","C14 H32 O8 N1 P1 S1","14","32","8","1","1","1","-9999","-9999","-9999"
"1010","405.014932","405.015040243","405.014658019","775170.3","-9999","584714.3","7.62","-1","0.943730362","0.850778813","0","0.510467288","13","0.533333333","0.666666667","N4 S1 O8","de-protonated","0","-9999","C15 H10 O8 N4 S1","15","10","8","4","-9999","1","-9999","-9999","-9999"
"1011","405.024038","405.02414624","405.024173875","871941.5","-9999","497640.3","8.78","-1","-0.068230842","0.999155632","0","0.599493379","13","0.533333333","0.733333333","N4 P1 O8","de-protonated","0","-9999","C15 H11 O8 N4 P1","15","11","8","4","1","-9999","-9999","-9999","-9999"
"1012","405.051336","405.051444229","405.051694977","4090383","-9999","429537.1","47.55","-1","-0.619050547","0.923954274","0.952146275","0.935231075","21","0.208333333","0.416666667","N2 O5","de-protonated","0","-9999","C24 H10 O5 N2","24","10","5","2","-9999","-9999","-9999","-9999","-9999"
"1012","405.051336","405.051444229","405.051043528","4090383","-9999","429537.1","47.55","-1","0.989261016","0.849602659","0.989293366","0.905478942","12","0.4375","0.875","N4 S1 O7","de-protonated","0","-9999","C16 H14 O7 N4 S1","16","14","7","4","-9999","1","-9999","-9999","-9999"
"1013","405.085975","405.086083216","405.086091627","1112731","-9999","446668.9","11.68","-1","-0.020763523","0.999921776","0","0.599953066","6","0.625","1.375","S1 O10","de-protonated","0","-9999","C16 H22 O10 S1","16","22","10","-9999","-9999","1","-9999","-9999","-9999"
"1013","405.085975","405.086083216","405.085711504","1112731","-9999","446668.9","11.68","-1","0.91761199","0.858316876","0","0.514990126","11","0.388888889","1.055555556","N2 P1 O7","de-protonated","0","-9999","C18 H19 O7 N2 P1","18","19","7","2","1","-9999","-9999","-9999","-9999"
"1014","405.087696","405.087804215","405.088080486","6519323.5","-9999","441778.9","76.8","-1","-0.682001996","0.930903798","0.948590344","0.937978416","20","0.16","0.56","N2 O4","de-protonated","0","-9999","C25 H14 O4 N2","25","14","4","2","-9999","-9999","-9999","-9999","-9999"
"1014","405.087696","405.087804215","405.087429037","6519323.5","-9999","441778.9","76.8","-1","0.926165004","0.427932191","0.844689208","0.594634998","11","0.352941176","1.058823529","N4 S1 O6","de-protonated","0","-9999","C17 H18 O6 N4 S1","17","18","6","4","-9999","1","-9999","-9999","-9999"
"1015","405.08866","405.088768215","405.089082808","1075612","-9999","532893.8","11.23","-1","-0.776601655","0.896341732","0","0.537805039","6","0.466666667","1.533333333","N2 S1 P1 O7","de-protonated","0","-9999","C15 H23 O7 N2 P1 S1","15","23","7","2","1","1","-9999","-9999","-9999"
"1016","405.100683","405.10079121","405.100967646","1457696.1","-9999","450171","15.84","-1","-0.435534556","0.966166533","0","0.57969992","15","0.181818182","0.863636364","N2 P1 O4","de-protonated","0","-9999","C22 H19 O4 N2 P1","22","19","4","2","1","-9999","-9999","-9999","-9999"
"1016","405.100683","405.10079121","405.100696319","1457696.1","-9999","450171","15.84","-1","0.23423976","0.99009362","0","0.594056172","1","0.75","2.166666667","N2 S2 O9","de-protonated","0","-9999","C12 H26 O9 N2 S2","12","26","9","2","-9999","2","-9999","-9999","-9999"
"1017","405.118668","405.118776203","405.119105833","1023782.4","-9999","337067.5","10.61","-1","-0.813661163","0.886807714","0","0.532084628","10","0.45","1.1","O9","de-protonated","0","-9999","C20 H22 O9","20","22","9","-9999","-9999","-9999","-9999","-9999","-9999"
"1017","405.118668","405.118776203","405.118454384","1023782.4","-9999","337067.5","10.61","-1","0.794382467","0.891810142","0","0.535086085","1","0.916666667","2.166666667","N2 S1 O11","de-protonated","0","-9999","C12 H26 O11 N2 S1","12","26","11","2","-9999","1","-9999","-9999","-9999"
"1017","405.118668","405.118776203","405.118943642","1023782.4","-9999","337067.5","10.61","-1","-0.413306649","0.969479938","0","0.581687963","5","0.2","1.8","N4 S2 P1 O3","de-protonated","0","-9999","C15 H27 O3 N4 P1 S2","15","27","3","4","1","2","-9999","-9999","-9999"
"1018","405.120467","405.120575202","405.120443243","1115687","-9999","551812.9","11.72","-1","0.325728074","0.980932642","0","0.588559585","15","0.238095238","0.857142857","N4 O5","de-protonated","0","-9999","C21 H18 O5 N4","21","18","5","4","-9999","-9999","-9999","-9999","-9999"
"1019","405.124092","405.124200201","405.124465995","9010728","-9999","422295.9","106.81","-1","-0.656080593","0.928433223","0.965262889","0.943165089","19","0.115384615","0.692307692","N2 O3","de-protonated","0","-9999","C26 H18 O3 N2","26","18","3","2","-9999","-9999","-9999","-9999","-9999"
"1019","405.124092","405.124200201","405.123814547","9010728","-9999","422295.9","106.81","-1","0.951942015","0.844070364","0.978207881","0.897725371","10","0.277777778","1.222222222","N4 S1 O5","de-protonated","0","-9999","C18 H22 O5 N4 S1","18","22","5","4","-9999","1","-9999","-9999","-9999"
"1020","405.137134","405.137242196","405.137353155","1458476.8","-9999","479159.6","15.85","-1","-0.273879737","0.986481718","0","0.591889031","14","0.130434783","1","N2 P1 O3","de-protonated","0","-9999","C23 H23 O3 N2 P1","23","23","3","2","1","-9999","-9999","-9999","-9999"
"1020","405.137134","405.137242196","405.137081829","1458476.8","-9999","479159.6","15.85","-1","0.395834535","0.971970054","0","0.583182032","0","0.615384615","2.307692308","N2 S2 O8","de-protonated","0","-9999","C13 H30 O8 N2 S2","13","30","8","2","-9999","2","-9999","-9999","-9999"
"1021","405.156865","405.156973188","405.156828753","806707.7","-9999","646251.3","8","-1","0.356493265","0.977203996","0","0.586322398","14","0.181818182","1","N4 O4","de-protonated","0","-9999","C22 H22 O4 N4","22","22","4","4","-9999","-9999","-9999","-9999","-9999"
"1022","405.15914","405.159248188","405.158862646","1191220.5","-9999","525260.7","12.63","-1","0.951582297","0.848484557","0","0.509090734","4","0.444444444","1.666666667","S1 O8","de-protonated","0","-9999","C18 H30 O8 S1","18","30","8","-9999","-9999","1","-9999","-9999","-9999"
"1023","405.160525","405.160633187","405.160851505","5340725","-9999","447137.3","62.61","-1","-0.538842125","0.915449508","0.987668988","0.9443373","18","0.074074074","0.814814815","N2 O2","de-protonated","0","-9999","C27 H22 O2 N2","27","22","2","2","-9999","-9999","-9999","-9999","-9999"
"1024","405.173466","405.173574182","405.173738664","840761.4","-9999","544713.6","8.41","-1","-0.405955005","0.970540014","0","0.582324009","13","0.083333333","1.125","N2 P1 O2","de-protonated","0","-9999","C24 H27 O2 N2 P1","24","27","2","2","1","-9999","-9999","-9999","-9999"
"1025","405.196895","405.197003173","405.197237014","1647681.6","-9999","521885.7","18.12","-1","-0.577104489","0.470679167","0.767553728","0.589428991","17","0.035714286","0.928571429","N2 O1","de-protonated","0","-9999","C28 H26 O1 N2","28","26","1","2","-9999","-9999","-9999","-9999","-9999"
"1026","405.217983","405.218091165","405.218366382","879177","-9999","513461.8","8.87","-1","-0.67918283","0.919706814","0","0.551824088","12","0.12","1.2","N2 O3","de-protonated","0","-9999","C25 H30 O3 N2","25","30","3","2","-9999","-9999","-9999","-9999","-9999"
"1026","405.217983","405.218091165","405.217714933","879177","-9999","513461.8","8.87","-1","0.928467116","0.855201594","0","0.513120956","3","0.294117647","2","N4 S1 O5","de-protonated","0","-9999","C17 H34 O5 N4 S1","17","34","5","4","-9999","1","-9999","-9999","-9999"
"1027","405.257627","405.257735149","405.258123195","1503830.8","-9999","458829.8","16.39","-1","-0.957526402","0.846739266","0","0.50804356","6","0.086956522","1.652173913","N2 S1 O2","de-protonated","0","-9999","C23 H38 O2 N2 S1","23","38","2","2","-9999","1","-9999","-9999","-9999"
"1028","406.054658","406.054765841","406.054470946","768877.1","-9999","461378.6","7.54","-1","0.726245928","0.908734732","0","0.545240839","7","0.785714286","1.285714286","N1 P1 O11","de-protonated","0","-9999","C14 H18 O11 N1 P1","14","18","11","1","1","-9999","-9999","-9999","-9999"
"1028","406.054658","406.054765841","406.055049812","768877.1","-9999","461378.6","7.54","-1","-0.699339694","0.915081452","0.952146275","0.929907381","21","0.208333333","0.416666667","13C1 N2 O5","de-protonated","1","1012","C23 H10 O5 N2 13C1","23","10","5","2","-9999","-9999","1","-9999","-9999"
"1028","406.054658","406.054765841","406.054398363","768877.1","-9999","461378.6","7.54","-1","0.904997624","0.861904994","0.989293366","0.912860343","12","0.4375","0.875","13C1 N4 S1 O7","de-protonated","1","1012","C15 H14 O7 N4 S1 13C1","15","14","7","4","-9999","1","1","-9999","-9999"
"1029","406.082897","406.08300483","406.083329458","1002358.9","-9999","529811.8","10.35","-1","-0.799411814","0.890513995","0","0.534308397","20","0.166666667","0.541666667","N3 O4","de-protonated","0","-9999","C24 H13 O4 N3","24","13","4","3","-9999","-9999","-9999","-9999","-9999"
"1030","406.091096","406.091203827","406.090856455","1255033.8","-9999","379414.3","13.39","-1","0.855404558","0.875667277","0","0.525400366","6","0.666666667","1.466666667","N1 P1 O10","de-protonated","0","-9999","C15 H22 O10 N1 P1","15","22","10","1","1","-9999","-9999","-9999","-9999"
"1030","406.091096","406.091203827","406.091435321","1255033.8","-9999","379414.3","13.39","-1","-0.570053516","0.942740944","0.948590344","0.945080704","20","0.16","0.56","13C1 N2 O4","de-protonated","1","1014","C24 H14 O4 N2 13C1","24","14","4","2","-9999","-9999","1","-9999","-9999"
"1031","406.119344","406.119451816","406.119714968","906883.8","-9999","481988.2","9.2","-1","-0.647964729","0.92664686","0","0.555988116","19","0.12","0.68","N3 O3","de-protonated","0","-9999","C25 H17 O3 N3","25","17","3","3","-9999","-9999","-9999","-9999","-9999"
"1032","406.12746","406.127567813","406.127241965","2041990.5","-9999","426503.2","22.87","-1","0.80233121","0.889758735","0","0.533855241","5","0.5625","1.625","N1 P1 O9","de-protonated","0","-9999","C16 H26 O9 N1 P1","16","26","9","1","1","-9999","-9999","-9999","-9999"
"1032","406.12746","406.127567813","406.12782083","2041990.5","-9999","426503.2","22.87","-1","-0.622999079","0.931997367","0.965262889","0.945303576","19","0.115384615","0.692307692","13C1 N2 O3","de-protonated","1","1019","C25 H18 O3 N2 13C1","25","18","3","2","-9999","-9999","1","-9999","-9999"
"1032","406.12746","406.127567813","406.127169382","2041990.5","-9999","426503.2","22.87","-1","0.981050891","0.839761583","0.978207881","0.895140102","10","0.277777778","1.222222222","13C1 N4 S1 O5","de-protonated","1","1019","C17 H22 O5 N4 S1 13C1","17","22","5","4","-9999","1","1","-9999","-9999"
"1033","406.139588","406.139695809","406.139996182","798602.8","-9999","512924.8","7.89","-1","-0.739582336","0.905517051","0","0.543310231","13","0.041666667","1.083333333","N1 S1 P1 O1","de-protonated","0","-9999","C24 H26 O1 N1 P1 S1","24","26","1","1","1","1","-9999","-9999","-9999"
"1033","406.139588","406.139695809","406.139344734","798602.8","-9999","512924.8","7.89","-1","0.864419362","0.873207349","0","0.523924409","4","0.1875","1.875","N3 S2 P1 O3","de-protonated","0","-9999","C16 H30 O3 N3 P1 S2","16","30","3","3","1","2","-9999","-9999","-9999"
"1034","406.163761","406.163868799","406.163627474","1451411.3","-9999","430020.2","15.76","-1","0.594157531","0.937952857","0","0.562771714","4","0.470588235","1.764705882","N1 P1 O8","de-protonated","0","-9999","C17 H30 O8 N1 P1","17","30","8","1","1","-9999","-9999","-9999","-9999"
"1034","406.163761","406.163868799","406.16420634","1451411.3","-9999","430020.2","15.76","-1","-0.831044776","0.882219057","0.987668988","0.92439903","18","0.074074074","0.814814815","13C1 N2 O2","de-protonated","1","1023","C26 H22 O2 N2 13C1","26","22","2","2","-9999","-9999","1","-9999","-9999"
"1036","407.021978","407.022085467","407.022445997","1059264.9","-9999","459529.1","11.03","-1","-0.885773649","0.867305739","0","0.520383443","7","0.692307692","1.230769231","N2 S2 O9","de-protonated","0","-9999","C13 H16 O9 N2 S2","13","16","9","2","-9999","2","-9999","-9999","-9999"
"1036","407.021978","407.022085467","407.022065875","1059264.9","-9999","459529.1","11.03","-1","0.048136857","0.999579643","0","0.599747786","12","0.4","0.866666667","N4 S1 P1 O6","de-protonated","0","-9999","C15 H13 O6 N4 P1 S1","15","13","6","4","1","1","-9999","-9999","-9999"
"1037","407.030643","407.030750464","407.030959532","1980356","-9999","426874.3","22.12","-1","-0.513640921","0.476628345","0.800793265","0.606294313","21","0.260869565","0.347826087","N2 O6","de-protonated","0","-9999","C23 H8 O6 N2","23","8","6","2","-9999","-9999","-9999","-9999","-9999"
"1038","407.039734","407.039841461","407.040204062","2020551.1","-9999","478260.7","22.61","-1","-0.890824439","0.865894758","0","0.519536855","7","0.846153846","1.230769231","N2 S1 O11","de-protonated","0","-9999","C13 H16 O11 N2 S1","13","16","11","2","-9999","1","-9999","-9999","-9999"
"1038","407.039734","407.039841461","407.039823939","2020551.1","-9999","478260.7","22.61","-1","0.043045318","0.99966385","0","0.59979831","12","0.533333333","0.866666667","N4 P1 O8","de-protonated","0","-9999","C15 H13 O8 N4 P1","15","13","8","4","1","-9999","-9999","-9999","-9999"
"1039","407.065451","407.065558451","407.065356182","1401296.3","-9999","552482.3","15.15","-1","0.496894746","0.956188244","0","0.573712947","6","0.733333333","1.333333333","S1 O11","de-protonated","0","-9999","C15 H20 O11 S1","15","20","11","-9999","-9999","1","-9999","-9999","-9999"
"1039","407.065451","407.065558451","407.065845439","1401296.3","-9999","552482.3","15.15","-1","-0.705017914","0.913758362","0","0.548255017","10","0.166666667","1.166666667","N2 S2 P1 O3","de-protonated","0","-9999","C18 H21 O3 N2 P1 S2","18","21","3","2","1","2","-9999","-9999","-9999"
"1040","407.067005","407.06711245","407.067345041","6686929","-9999","450583.6","78.81","-1","-0.571382516","0.939129366","0.938254809","0.938779543","20","0.208333333","0.5","N2 O5","de-protonated","0","-9999","C24 H12 O5 N2","24","12","5","2","-9999","-9999","-9999","-9999","-9999"
"1041","407.099707","407.099814437","407.099707798","1345500.3","-9999","507053.1","14.48","-1","0.261947729","0.987626791","0","0.592576075","15","0.3","0.8","N4 O6","de-protonated","0","-9999","C20 H16 O6 N4","20","16","6","4","-9999","-9999","-9999","-9999","-9999"
"1042","407.103394","407.103501436","407.10373055","11202782","-9999","434371.7","133.21","-1","-0.562791653","0.942313389","0.94008239","0.94142099","19","0.16","0.64","N2 O4","de-protonated","0","-9999","C25 H16 O4 N2","25","16","4","2","-9999","-9999","-9999","-9999","-9999"
"1043","407.114631","407.114738432","407.114495909","878561.6","-9999","390914.9","8.85","-1","0.595710634","0.9376384","0","0.56258304","13","0.083333333","1","S2 O2","de-protonated","0","-9999","C24 H24 O2 S2","24","24","2","-9999","-9999","2","-9999","-9999","-9999"
"1043","407.114631","407.114738432","407.114628851","878561.6","-9999","390914.9","8.85","-1","0.269164252","0.986940182","0","0.592164109","0","0.769230769","2.230769231","S1 P1 O10","de-protonated","0","-9999","C13 H29 O10 P1 S1","13","29","10","-9999","1","1","-9999","-9999","-9999"
"1043","407.114631","407.114738432","407.11496394","878561.6","-9999","390914.9","8.85","-1","-0.553917776","0.945848401","0","0.567509041","19","0.125","0.666666667","N4 O3","de-protonated","0","-9999","C24 H16 O3 N4","24","16","3","4","-9999","-9999","-9999","-9999","-9999"
"1044","407.116508","407.116615431","407.116997833","1155810.3","-9999","394465.5","12.19","-1","-0.939292005","0.852069966","0","0.511241979","9","0.35","1.2","S1 O7","de-protonated","0","-9999","C20 H24 O7 S1","20","24","7","-9999","-9999","1","-9999","-9999","-9999"
"1044","407.116508","407.116615431","407.11661771","1155810.3","-9999","394465.5","12.19","-1","-0.005598448","0.999994313","0","0.599996588","14","0.181818182","0.954545455","N2 P1 O4","de-protonated","0","-9999","C22 H21 O4 N2 P1","22","21","4","2","1","-9999","-9999","-9999","-9999"
"1044","407.116508","407.116615431","407.116346384","1155810.3","-9999","394465.5","12.19","-1","0.660860074","0.923813396","0","0.554288038","0","0.75","2.333333333","N2 S2 O9","de-protonated","0","-9999","C12 H28 O9 N2 S2","12","28","9","2","-9999","2","-9999","-9999","-9999"
"1045","407.13166","407.131767425","407.131873851","748263.6","-9999","601917.8","7.28","-1","-0.26140515","0.987677679","0","0.592606608","18","0.038461538","0.807692308","N2 P1 O1","de-protonated","0","-9999","C26 H21 O1 N2 P1","26","21","1","2","1","-9999","-9999","-9999","-9999"
"1045","407.13166","407.131767425","407.131602525","748263.6","-9999","601917.8","7.28","-1","0.405028228","0.970672383","0","0.58240343","4","0.375","1.75","N2 S2 O6","de-protonated","0","-9999","C16 H28 O6 N2 S2","16","28","6","2","-9999","2","-9999","-9999","-9999"
"1046","407.136201","407.136308423","407.136093308","1456361.1","-9999","575677.2","15.81","-1","0.528362357","0.9506071","0","0.57036426","14","0.238095238","0.952380952","N4 O5","de-protonated","0","-9999","C21 H20 O5 N4","21","20","5","4","-9999","-9999","-9999","-9999","-9999"
"1047","407.139781","407.139888422","407.14011606","13252842","-9999","443356.1","157.9","-1","-0.559114637","0.634643948","0.920296991","0.748905166","18","0.115384615","0.769230769","N2 O3","de-protonated","0","-9999","C26 H20 O3 N2","26","20","3","2","-9999","-9999","-9999","-9999","-9999"
"1049","407.176161","407.176268408","407.176501569","4789495.5","-9999","435728.7","55.96","-1","-0.572629833","0.938120294","0.973640633","0.952328429","17","0.074074074","0.888888889","N2 O2","de-protonated","0","-9999","C27 H24 O2 N2","27","24","2","2","-9999","-9999","-9999","-9999","-9999"
"1050","407.197202","407.1973094","407.197630937","1020926.7","-9999","545298.5","10.57","-1","-0.789635258","0.893027787","0","0.535816672","12","0.166666667","1.166666667","N2 O4","de-protonated","0","-9999","C24 H28 O4 N2","24","28","4","2","-9999","-9999","-9999","-9999","-9999"
"1050","407.197202","407.1973094","407.196979489","1020926.7","-9999","545298.5","10.57","-1","0.810200199","0.88771251","0","0.532627506","3","0.375","2","N4 S1 O6","de-protonated","0","-9999","C16 H32 O6 N4 S1","16","32","6","4","-9999","1","-9999","-9999","-9999"
"1051","407.212655","407.212762394","407.212887079","963844.1","-9999","486004.5","9.88","-1","-0.306190875","0.983132544","0","0.589879526","16","0.035714286","1","N2 O1","de-protonated","0","-9999","C28 H28 O1 N2","28","28","1","2","-9999","-9999","-9999","-9999","-9999"
"1052","408.062309","408.062416065","408.062594013","763184.9","-9999","580213.2","7.46","-1","-0.436080488","0.966083117","0","0.57964987","20","0.217391304","0.47826087","N3 O5","de-protonated","0","-9999","C23 H11 O5 N3","23","11","5","3","-9999","-9999","-9999","-9999","-9999"
"1053","408.070346","408.070453062","408.07012101","1127987.8","-9999","394978.2","11.85","-1","0.813712376","0.886794303","0","0.532076582","6","0.785714286","1.428571429","N1 P1 O11","de-protonated","0","-9999","C14 H20 O11 N1 P1","14","20","11","1","1","-9999","-9999","-9999","-9999"
"1053","408.070346","408.070453062","408.070699876","1127987.8","-9999","394978.2","11.85","-1","-0.604831742","0.935777243","0.938254809","0.936768269","20","0.208333333","0.5","13C1 N2 O5","de-protonated","1","1040","C23 H12 O5 N2 13C1","23","12","5","2","-9999","-9999","1","-9999","-9999"
"1054","408.082513","408.082620057","408.082875228","1276984","-9999","427634.4","13.65","-1","-0.625291702","0.931513525","0","0.558908115","14","0.136363636","0.909090909","N1 S1 P1 O3","de-protonated","0","-9999","C22 H20 O3 N1 P1 S1","22","20","3","1","1","1","-9999","-9999","-9999"
"1054","408.082513","408.082620057","408.08222378","1276984","-9999","427634.4","13.65","-1","0.971073527","0.842734623","0","0.505640774","5","0.357142857","1.714285714","N3 S2 P1 O5","de-protonated","0","-9999","C14 H24 O5 N3 P1 S2","14","24","5","3","1","2","-9999","-9999","-9999"
"1055","408.098596","408.098703051","408.098979523","1186365.8","-9999","500483.9","12.56","-1","-0.677461908","0.920096507","0","0.552057904","19","0.166666667","0.625","N3 O4","de-protonated","0","-9999","C24 H15 O4 N3","24","15","4","3","-9999","-9999","-9999","-9999","-9999"
"1056","408.106741","408.106848048","408.10650652","2022464.6","-9999","478700.3","22.63","-1","0.836860679","0.880667611","0","0.528400567","5","0.666666667","1.6","N1 P1 O10","de-protonated","0","-9999","C15 H24 O10 N1 P1","15","24","10","1","1","-9999","-9999","-9999","-9999"
"1056","408.106741","408.106848048","408.107085386","2022464.6","-9999","478700.3","22.63","-1","-0.581556999","0.940477555","0.94008239","0.940319489","19","0.16","0.64","13C1 N2 O4","de-protonated","1","1042","C24 H16 O4 N2 13C1","24","16","4","2","-9999","-9999","1","-9999","-9999"
"1057","408.107731","408.107838048","408.108224053","951360.9","-9999","676511.8","9.73","-1","-0.945840127","0.850163621","0","0.510098173","5","0.642857143","1.642857143","N3 S1 O9","de-protonated","0","-9999","C14 H23 O9 N3 S1","14","23","9","3","-9999","1","-9999","-9999","-9999"
"1058","408.13514","408.135247037","408.135365032","868426.7","-9999","518314.2","8.73","-1","-0.289107489","0.984948374","0","0.590969025","18","0.12","0.76","N3 O3","de-protonated","0","-9999","C25 H19 O3 N3","25","19","3","3","-9999","-9999","-9999","-9999","-9999"
"1060","408.143168","408.143275034","408.142892029","2567245.5","-9999","474889.7","29.19","-1","0.938408737","0.852326422","0","0.511395853","4","0.5625","1.75","N1 P1 O9","de-protonated","0","-9999","C16 H28 O9 N1 P1","16","28","9","1","1","-9999","-9999","-9999","-9999"
"1060","408.143168","408.143275034","408.143470895","2567245.5","-9999","474889.7","29.19","-1","-0.479882634","0.639383758","0.920296991","0.751749052","18","0.115384615","0.769230769","13C1 N2 O3","de-protonated","1","1047","C25 H20 O3 N2 13C1","25","20","3","2","-9999","-9999","1","-9999","-9999"
"1061","408.179499","408.17960602","408.179277538","1194842.5","-9999","481388.1","12.66","-1","0.804748009","0.889131903","0","0.533479142","3","0.470588235","1.882352941","N1 P1 O8","de-protonated","0","-9999","C17 H32 O8 N1 P1","17","32","8","1","1","-9999","-9999","-9999","-9999"
"1061","408.179499","408.17960602","408.179856404","1194842.5","-9999","481388.1","12.66","-1","-0.613416746","0.934003092","0.973640633","0.949858108","17","0.074074074","0.888888889","13C1 N2 O2","de-protonated","1","1049","C26 H24 O2 N2 13C1","26","24","2","2","-9999","-9999","1","-9999","-9999"
"1063","409.01304","409.013146698","409.012747237","835715.4","-9999","527766.1","8.33","-1","0.976645881","0.841076632","0","0.504645979","15","0.142857143","0.714285714","S2 P1 O3","de-protonated","0","-9999","C21 H15 O3 P1 S2","21","15","3","-9999","1","2","-9999","-9999","-9999"
"1063","409.01304","409.013146698","409.013215268","835715.4","-9999","527766.1","8.33","-1","-0.16764748","0.994913243","0","0.596947946","21","0.19047619","0.333333333","N4 P1 O4","de-protonated","0","-9999","C21 H7 O4 N4 P1","21","7","4","4","1","-9999","-9999","-9999","-9999"
"1063","409.01304","409.013146698","409.012943942","835715.4","-9999","527766.1","8.33","-1","0.495720559","0.956390482","0","0.573834289","7","0.818181818","1.272727273","N4 S2 O9","de-protonated","0","-9999","C11 H14 O9 N4 S2","11","14","9","4","-9999","2","-9999","-9999","-9999"
"1065","409.016615","409.016721696","409.016966694","6126468.5","-9999","436305.9","72.06","-1","-0.59899045","0.312323995","0.792057403","0.504217358","11","0.4375","0.875","N2 S2 O7","de-protonated","0","-9999","C16 H14 O7 N2 S2","16","14","7","2","-9999","2","-9999","-9999","-9999"
"1065","409.016615","409.016721696","409.016586571","6126468.5","-9999","436305.9","72.06","-1","0.330366218","0.49019558","0.837042051","0.628934169","16","0.222222222","0.611111111","N4 S1 P1 O4","de-protonated","0","-9999","C18 H11 O4 N4 P1 S1","18","11","4","4","1","1","-9999","-9999","-9999"
"1066","409.037648","409.037754688","409.038096062","1824908.1","-9999","397240.8","20.24","-1","-0.834576171","0.881277989","0","0.528766794","6","0.692307692","1.384615385","N2 S2 O9","de-protonated","0","-9999","C13 H18 O9 N2 S2","13","18","9","2","-9999","2","-9999","-9999","-9999"
"1066","409.037648","409.037754688","409.037715939","1824908.1","-9999","397240.8","20.24","-1","0.094732272","0.998372968","0","0.599023781","11","0.4","1","N4 S1 P1 O6","de-protonated","0","-9999","C15 H15 O6 N4 P1 S1","15","15","6","4","1","1","-9999","-9999","-9999"
"1067","409.046245","409.046351685","409.046609596","3958671.3","-9999","394334.3","45.94","-1","-0.630518419","0.960740989","0.972026785","0.965255308","20","0.260869565","0.434782609","N2 O6","de-protonated","0","-9999","C23 H10 O6 N2","23","10","6","2","-9999","-9999","-9999","-9999","-9999"
"1067","409.046245","409.046351685","409.045958148","3958671.3","-9999","394334.3","45.94","-1","0.962085679","0.422697836","0.860410506","0.597782904","11","0.533333333","0.933333333","N4 S1 O8","de-protonated","0","-9999","C15 H14 O8 N4 S1","15","14","8","4","-9999","1","-9999","-9999","-9999"
"1068","409.074637","409.074743674","409.07513302","765081.4","-9999","601916.5","7.48","-1","-0.951770827","0.848429314","0","0.509057588","14","0.272727273","0.818181818","S1 O6","de-protonated","0","-9999","C22 H18 O6 S1","22","18","6","-9999","-9999","1","-9999","-9999","-9999"
"1068","409.074637","409.074743674","409.074752897","765081.4","-9999","601916.5","7.48","-1","-0.022546631","0.999907765","0","0.599944659","19","0.125","0.625","N2 P1 O3","de-protonated","0","-9999","C24 H15 O3 N2 P1","24","15","3","2","1","-9999","-9999","-9999","-9999"
"1068","409.074637","409.074743674","409.074481571","765081.4","-9999","601916.5","7.48","-1","0.640721713","0.928217594","0","0.556930556","5","0.571428571","1.571428571","N2 S2 O8","de-protonated","0","-9999","C14 H22 O8 N2 S2","14","22","8","2","-9999","2","-9999","-9999","-9999"
"1069","409.0827","409.082806671","409.082995106","9825180","-9999","422813.8","116.61","-1","-0.460627469","0.97070397","0.949734248","0.962316081","19","0.208333333","0.583333333","N2 O5","de-protonated","0","-9999","C24 H14 O5 N2","24","14","5","2","-9999","-9999","-9999","-9999","-9999"
"1070","409.084105","409.08421167","409.08437755","805020.8","-9999","697157","7.96","-1","-0.405489764","0.970606499","0","0.582363899","0","0.916666667","2.166666667","S2 O11","de-protonated","0","-9999","C12 H26 O11 S2","12","26","11","-9999","-9999","2","-9999","-9999","-9999"
"1070","409.084105","409.08421167","409.083997427","805020.8","-9999","697157","7.96","-1","0.523713941","0.951451018","0","0.570870611","5","0.571428571","1.642857143","N2 S1 P1 O8","de-protonated","0","-9999","C14 H23 O8 N2 P1 S1","14","23","8","2","1","1","-9999","-9999","-9999"
"1071","409.098108","409.098214665","409.098251247","1329057.8","-9999","381562.4","14.27","-1","-0.089421333","0.998550157","0","0.599130094","23","0.071428571","0.5","N2 O2","de-protonated","0","-9999","C28 H14 O2 N2","28","14","2","2","-9999","-9999","-9999","-9999","-9999"
"1072","409.111037","409.11114366","409.111518529","1517478.4","-9999","542683.8","16.54","-1","-0.916300769","0.858691461","0","0.515214877","13","0.217391304","0.956521739","S1 O5","de-protonated","0","-9999","C23 H22 O5 S1","23","22","5","-9999","-9999","1","-9999","-9999","-9999"
"1072","409.111037","409.11114366","409.111138406","1517478.4","-9999","542683.8","16.54","-1","0.012840816","0.999970082","0","0.599982049","18","0.08","0.76","N2 P1 O2","de-protonated","0","-9999","C25 H19 O2 N2 P1","25","19","2","2","1","-9999","-9999","-9999","-9999"
"1072","409.111037","409.11114366","409.11086708","1517478.4","-9999","542683.8","16.54","-1","0.676050193","0.920415566","0","0.55224934","4","0.466666667","1.733333333","N2 S2 O7","de-protonated","0","-9999","C15 H26 O7 N2 S2","15","26","7","2","-9999","2","-9999","-9999","-9999"
"1073","409.112774","409.112880659","409.11285594","1014439","-9999","430327.6","10.48","-1","0.06042247","0.999337773","0","0.599602664","18","0.041666667","0.75","N4 S1 O1","de-protonated","0","-9999","C24 H18 O1 N4 S1","24","18","1","4","-9999","1","-9999","-9999","-9999"
"1073","409.112774","409.112880659","409.112988881","1014439","-9999","430327.6","10.48","-1","-0.264528685","0.987383317","0","0.59242999","5","0.692307692","1.769230769","N4 P1 O9","de-protonated","0","-9999","C13 H23 O9 N4 P1","13","23","9","4","1","-9999","-9999","-9999","-9999"
"1074","409.115456","409.115562658","409.115357863","1440168","-9999","403670.1","15.61","-1","0.500580383","0.955550617","0","0.57333037","14","0.3","0.9","N4 O6","de-protonated","0","-9999","C20 H18 O6 N4","20","18","6","4","-9999","-9999","-9999","-9999","-9999"
"1075","409.119094","409.119200657","409.119380615","16085929","-9999","447287.5","192.02","-1","-0.439867414","0.644067674","0.950804676","0.766762474","18","0.16","0.72","N2 O4","de-protonated","0","-9999","C25 H18 O4 N2","25","18","4","2","-9999","-9999","-9999","-9999","-9999"
"1076","409.130046","409.130152652","409.130145974","763309.3","-9999","673689.4","7.46","-1","0.016324493","0.999951647","0","0.599970988","12","0.083333333","1.083333333","S2 O2","de-protonated","0","-9999","C24 H26 O2 S2","24","26","2","-9999","-9999","2","-9999","-9999","-9999"
"1077","409.132171","409.132277652","409.132647897","2143662","-9999","504538.9","24.08","-1","-0.904952052","0.861917894","0","0.51715073600000006","8","0.35","1.3","S1 O7","de-protonated","0","-9999","C20 H26 O7 S1","20","26","7","-9999","-9999","1","-9999","-9999","-9999"
"1077","409.132171","409.132277652","409.132267775","2143662","-9999","504538.9","24.08","-1","0.024141559","0.499947127","0.807789663","0.623084141","13","0.181818182","1.045454545","N2 P1 O4","de-protonated","0","-9999","C22 H23 O4 N2 P1","22","23","4","2","1","-9999","-9999","-9999","-9999"
"1078","409.147425","409.147531646","409.147904038","815027.4","-9999","679217.5","8.08","-1","-0.910166257","0.86043899","0","0.516263394","12","0.166666667","1.083333333","S1 O4","de-protonated","0","-9999","C24 H26 O4 S1","24","26","4","-9999","-9999","1","-9999","-9999","-9999"
"1078","409.147425","409.147531646","409.147523916","815027.4","-9999","679217.5","8.08","-1","0.018892705","0.999935237","0","0.599961142","17","0.038461538","0.884615385","N2 P1 O1","de-protonated","0","-9999","C26 H23 O1 N2 P1","26","23","1","2","1","-9999","-9999","-9999","-9999"
"1078","409.147425","409.147531646","409.14725259","815027.4","-9999","679217.5","8.08","-1","0.682043108","0.9190573","0","0.55143438","3","0.375","1.875","N2 S2 O6","de-protonated","0","-9999","C16 H30 O6 N2 S2","16","30","6","2","-9999","2","-9999","-9999","-9999"
"1079","409.151784","409.151890644","409.151743372","1270197","-9999","562480.4","13.56","-1","0.359944033","0.976765732","0","0.586059439","13","0.238095238","1.047619048","N4 O5","de-protonated","0","-9999","C21 H22 O5 N4","21","22","5","4","-9999","-9999","-9999","-9999","-9999"
"1080","409.153842","409.153948643","409.153777265","2227125.8","-9999","534506.3","25.09","-1","0.418859955","0.968667346","0","0.581200408","3","0.529411765","1.764705882","S1 O9","de-protonated","0","-9999","C17 H30 O9 S1","17","30","9","-9999","-9999","1","-9999","-9999","-9999"
"1080","409.153842","409.153948643","409.154266522","2227125.8","-9999","534506.3","25.09","-1","-0.776917762","0.896261867","0","0.53775712","7","0.05","1.55","N2 S2 P1 O1","de-protonated","0","-9999","C20 H31 O1 N2 P1 S2","20","31","1","2","1","2","-9999","-9999","-9999"
"1081","409.155467","409.155573643","409.155766124","10466230","-9999","423129.1","124.33","-1","-0.470436228","0.961675382","0.95897456700000006","0.960595056","17","0.115384615","0.846153846","N2 O3","de-protonated","0","-9999","C26 H22 O3 N2","26","22","3","2","-9999","-9999","-9999","-9999","-9999"
"1082","409.168599","409.168705638","409.169033406","1479355","-9999","496227.4","16.08","-1","-0.801059795","0.890087915","0","0.534052749","7","0.285714286","1.428571429","S1 O6","de-protonated","0","-9999","C21 H30 O6 S1","21","30","6","-9999","-9999","1","-9999","-9999","-9999"
"1082","409.168599","409.168705638","409.168653284","1479355","-9999","496227.4","16.08","-1","0.127951292","0.997033815","0","0.598220289","12","0.130434783","1.173913043","N2 P1 O3","de-protonated","0","-9999","C23 H27 O3 N2 P1","23","27","3","2","1","-9999","-9999","-9999","-9999"
"1083","409.191917","409.192023629","409.192151634","2527171.3","-9999","492098.8","28.7","-1","-0.312824026","0.491200176","0.773979033","0.604311719","16","0.074074074","0.962962963","N2 O2","de-protonated","0","-9999","C27 H26 O2 N2","27","26","2","2","-9999","-9999","-9999","-9999","-9999"
"1084","409.201073","409.201179625","409.201396164","935750.6","-9999","428677.6","9.53","-1","-0.529174064","0.950459048","0","0.570275429","2","0.411764706","2","N2 S1 O7","de-protonated","0","-9999","C17 H34 O7 N2 S1","17","34","7","2","-9999","1","-9999","-9999","-9999"
"1084","409.201073","409.201179625","409.201016041","935750.6","-9999","428677.6","9.53","-1","0.399763802","0.97141888","0","0.582851328","7","0.210526316","1.631578947","N4 P1 O4","de-protonated","0","-9999","C19 H31 O4 N4 P1","19","31","4","4","1","-9999","-9999","-9999","-9999"
"1086","410.016281","410.01638731","410.016238418","1140715","-9999","519784.6","12","-1","0.363137046","0.976356621","0","0.585813973","15","0.25","0.65","N1 S2 O5","de-protonated","0","-9999","C20 H13 O5 N1 S2","20","13","5","1","-9999","2","-9999","-9999","-9999"
"1087","410.049767","410.049873297","410.050254945","817911","-9999","501085.3","8.11","-1","-0.930735892","0.854547298","0","0.512728379","5","0.5","1.571428571","N1 S2 P1 O7","de-protonated","0","-9999","C14 H22 O7 N1 P1 S2","14","22","7","1","1","2","-9999","-9999","-9999"
"1087","410.049767","410.049873297","410.049964431","817911","-9999","501085.3","8.11","-1","-0.222252037","0.991077213","0.972026785","0.983457042","20","0.260869565","0.434782609","13C1 N2 O6","de-protonated","1","1067","C22 H10 O6 N2 13C1","22","10","6","2","-9999","-9999","1","-9999","-9999"
"1088","410.077859","410.077965286","410.078244078","840961.1","-9999","386190","8.39","-1","-0.679850208","0.919555468","0","0.551733281","19","0.217391304","0.565217391","N3 O5","de-protonated","0","-9999","C23 H13 O5 N3","23","13","5","3","-9999","-9999","-9999","-9999","-9999"
"1089","410.080601","410.080707285","410.080767228","1708802.1","-9999","450441.1","18.84","-1","-0.146173619","0.996130541","0","0.597678325","13","0.045454545","1","N1 S2 P1 O1","de-protonated","0","-9999","C22 H22 O1 N1 P1 S2","22","22","1","1","1","2","-9999","-9999","-9999"
"1090","410.086104","410.086210283","410.086349941","1813508.1","-9999","445431.4","20.1","-1","-0.340557146","0.979175617","0.949734248","0.96739907","19","0.208333333","0.583333333","13C1 N2 O5","de-protonated","1","1069","C23 H14 O5 N2 13C1","23","14","5","2","-9999","-9999","1","-9999","-9999"
"1091","410.098267","410.098373278","410.098525293","969224.5","-9999","504655.9","9.93","-1","-0.370678141","0.975376758","0","0.585226055","13","0.136363636","1","N1 S1 P1 O3","de-protonated","0","-9999","C22 H22 O3 N1 P1 S1","22","22","3","1","1","1","-9999","-9999","-9999"
"1092","410.114474","410.114580272","410.114629587","925326.3","-9999","407824.2","9.4","-1","-0.120247562","0.997379786","0","0.598427871","18","0.166666667","0.708333333","N3 O4","de-protonated","0","-9999","C24 H17 O4 N3","24","17","4","3","-9999","-9999","-9999","-9999","-9999"
"1093","410.122452","410.122558269","410.122156584","3646737.3","-9999","425061.8","42.18","-1","0.979426678","0.420123458","0.860410506","0.596238277","4","0.666666667","1.733333333","N1 P1 O10","de-protonated","0","-9999","C15 H26 O10 N1 P1","15","26","10","1","1","-9999","-9999","-9999","-9999"
"1093","410.122452","410.122558269","410.12273545","3646737.3","-9999","425061.8","42.18","-1","-0.432020035","0.644467471","0.950804676","0.767002353","18","0.16","0.72","13C1 N2 O4","de-protonated","1","1075","C24 H18 O4 N2 13C1","24","18","4","2","-9999","-9999","1","-9999","-9999"
"1094","410.134751","410.134857264","410.134910802","1044501.6","-9999","597901.8","10.84","-1","-0.130537567","0.996912879","0","0.598147727","12","0.086956522","1.130434783","N1 S1 P1 O2","de-protonated","0","-9999","C23 H26 O2 N1 P1 S1","23","26","2","1","1","1","-9999","-9999","-9999"
"1095","410.158827","410.158933255","410.158542094","2273566.3","-9999","502394.3","25.64","-1","0.953682854","0.847868629","0","0.508721177","3","0.5625","1.875","N1 P1 O9","de-protonated","0","-9999","C16 H30 O9 N1 P1","16","30","9","1","1","-9999","-9999","-9999","-9999"
"1095","410.158827","410.158933255","410.159120959","2273566.3","-9999","502394.3","25.64","-1","-0.457638612","0.962711631","0.95897456700000006","0.961216805","17","0.115384615","0.846153846","13C1 N2 O3","de-protonated","1","1081","C25 H22 O3 N2 13C1","25","22","3","2","-9999","-9999","1","-9999","-9999"
"1096","411.01349","411.013595924","411.013989313","1229138.8","-9999","505809.9","13.06","-1","-0.957118449","0.84685928","0","0.508115568","11","0.666666667","0.8","N2 S1 O10","de-protonated","0","-9999","C15 H12 O10 N2 S1","15","12","10","2","-9999","1","-9999","-9999","-9999"
"1096","411.01349","411.013595924","411.013609191","1229138.8","-9999","505809.9","13.06","-1","-0.032277647","0.999810976","0","0.599886586","16","0.411764706","0.529411765","N4 P1 O7","de-protonated","0","-9999","C17 H9 O7 N4 P1","17","9","7","4","1","-9999","-9999","-9999","-9999"
"1097","411.025585","411.02569092","411.025874151","1031255.1","-9999","497642.3","10.68","-1","-0.4457912","0.96458313","0","0.578749878","20","0.318181818","0.363636364","N2 O7","de-protonated","0","-9999","C22 H8 O7 N2","22","8","7","2","-9999","-9999","-9999","-9999","-9999"
"1098","411.040807","411.040912914","411.041130293","817628.7","-9999","482274.2","8.1","-1","-0.528849491","0.950518273","0","0.570310964","24","0.153846154","0.307692308","N2 O4","de-protonated","0","-9999","C26 H8 O4 N2","26","8","4","2","-9999","-9999","-9999","-9999","-9999"
"1099","411.053309","411.053414909","411.053746126","847201.2","-9999","604172.1","8.46","-1","-0.805775738","0.88886491","0","0.533318946","5","0.692307692","1.538461538","N2 S2 O9","de-protonated","0","-9999","C13 H20 O9 N2 S2","13","20","9","2","-9999","2","-9999","-9999","-9999"
"1099","411.053309","411.053414909","411.053366004","847201.2","-9999","604172.1","8.46","-1","0.118975755","0.997434848","0","0.598460909","10","0.4","1.133333333","N4 S1 P1 O6","de-protonated","0","-9999","C15 H17 O6 N4 P1 S1","15","17","6","4","1","1","-9999","-9999","-9999"
"1100","411.058317","411.058422907","411.058040204","859747.1","-9999","522108.8","8.61","-1","0.931018812","0.854465629","0","0.512679377","23","0.071428571","0.464285714","P1 O2","de-protonated","0","-9999","C28 H13 O2 P1","28","13","2","-9999","1","-9999","-9999","-9999","-9999"
"1100","411.058317","411.058422907","411.058236909","859747.1","-9999","522108.8","8.61","-1","0.452486441","0.963531088","0","0.578118653","15","0.444444444","0.666666667","N4 O8","de-protonated","0","-9999","C18 H12 O8 N4","18","12","8","4","-9999","-9999","-9999","-9999","-9999"
"1101","411.062005","411.062110906","411.062259661","6712932.5","-9999","437122.7","79.11","-1","-0.361879846","0.987528987","0.911633632","0.957170845","19","0.260869565","0.52173913","N2 O6","de-protonated","0","-9999","C23 H12 O6 N2","23","12","6","2","-9999","-9999","-9999","-9999","-9999"
"1102","411.077343","411.0774489","411.077515802","1244777.9","-9999","548520.4","13.25","-1","-0.162748786","0.995205469","0","0.597123281","23","0.111111111","0.444444444","N2 O3","de-protonated","0","-9999","C27 H12 O3 N2","27","12","3","2","-9999","-9999","-9999","-9999","-9999"
"1103","411.090374","411.090479895","411.090783084","1624686.6","-9999","546048","17.82","-1","-0.737524427","0.906016635","0","0.543609981","13","0.272727273","0.909090909","S1 O6","de-protonated","0","-9999","C22 H20 O6 S1","22","20","6","-9999","-9999","1","-9999","-9999","-9999"
"1103","411.090374","411.090479895","411.090402962","1624686.6","-9999","546048","17.82","-1","0.187143813","0.993665307","0","0.596199184","18","0.125","0.708333333","N2 P1 O3","de-protonated","0","-9999","C24 H17 O3 N2 P1","24","17","3","2","1","-9999","-9999","-9999","-9999"
"1103","411.090374","411.090479895","411.090131635","1624686.6","-9999","546048","17.82","-1","0.84716017","0.877900377","0","0.526740226","4","0.571428571","1.714285714","N2 S2 O8","de-protonated","0","-9999","C14 H24 O8 N2 S2","14","24","8","2","-9999","2","-9999","-9999","-9999"
"1104","411.092165","411.092270894","411.092120495","845167.3","-9999","528460.5","8.43","-1","0.365853019","0.976005925","0","0.585603555","18","0.086956522","0.695652174","N4 S1 O2","de-protonated","0","-9999","C23 H16 O2 N4 S1","23","16","2","4","-9999","1","-9999","-9999","-9999"
"1104","411.092165","411.092270894","411.092253436","845167.3","-9999","528460.5","8.43","-1","0.042466291","0.999672832","0","0.599803699","5","0.833333333","1.75","N4 P1 O10","de-protonated","0","-9999","C12 H21 O10 N4 P1","12","21","10","4","1","-9999","-9999","-9999","-9999"
"1105","411.094854","411.094959893","411.094622418","1797232.3","-9999","430596.8","19.9","-1","0.820917583","0.884901181","0","0.530940709","14","0.368421053","0.842105263","N4 O7","de-protonated","0","-9999","C19 H16 O7 N4","19","16","7","4","-9999","-9999","-9999","-9999","-9999"
"1106","411.098392","411.098497892","411.09864517","12451442","-9999","435138.8","148.23","-1","-0.358256019","0.979474592","0.953530994","0.969097153","18","0.208333333","0.666666667","N2 O5","de-protonated","0","-9999","C24 H16 O5 N2","24","16","5","2","-9999","-9999","-9999","-9999","-9999"
"1107","411.113756","411.113861886","411.113901311","956279.1","-9999","380996.7","9.77","-1","-0.095899928","0.998332645","0","0.598999587","22","0.071428571","0.571428571","N2 O2","de-protonated","0","-9999","C28 H16 O2 N2","28","16","2","2","-9999","-9999","-9999","-9999","-9999"
"1108","411.126759","411.126864881","411.127168593","2122363.8","-9999","485784.7","23.82","-1","-0.738732279","0.892532183","0.83175944","0.868223086","12","0.217391304","1.043478261","S1 O5","de-protonated","0","-9999","C23 H24 O5 S1","23","24","5","-9999","-9999","1","-9999","-9999","-9999"
"1108","411.126759","411.126864881","411.126788471","2122363.8","-9999","485784.7","23.82","-1","0.185854125","0.99628809","0.845394845","0.935930792","17","0.08","0.84","N2 P1 O2","de-protonated","0","-9999","C25 H21 O2 N2 P1","25","21","2","2","1","-9999","-9999","-9999","-9999"
"1108","411.126759","411.126864881","411.126517145","2122363.8","-9999","485784.7","23.82","-1","0.845812068","0.878264009","0","0.526958405","3","0.466666667","1.866666667","N2 S2 O7","de-protonated","0","-9999","C15 H28 O7 N2 S2","15","28","7","2","-9999","2","-9999","-9999","-9999"
"1109","411.128398","411.12850388","411.128506004","932732.4","-9999","470432.1","9.49","-1","-0.005166423","0.999995157","0","0.599997094","17","0.041666667","0.833333333","N4 S1 O1","de-protonated","0","-9999","C24 H20 O1 N4 S1","24","20","1","4","-9999","1","-9999","-9999","-9999"
"1109","411.128398","411.12850388","411.128638946","932732.4","-9999","470432.1","9.49","-1","-0.328524411","0.980607064","0","0.588364238","4","0.692307692","1.923076923","N4 P1 O9","de-protonated","0","-9999","C13 H25 O9 N4 P1","13","25","9","4","1","-9999","-9999","-9999","-9999"
"1110","411.131168","411.131273879","411.131007927","1392765.4","-9999","508372.4","15.03","-1","0.64687754","0.926883586","0","0.556130151","13","0.3","1","N4 O6","de-protonated","0","-9999","C20 H20 O6 N4","20","20","6","4","-9999","-9999","-9999","-9999","-9999"
"1111","411.13303","411.133135878","411.13304182","2542718","-9999","433358","28.88","-1","0.228777271","0.990548103","0","0.594328862","3","0.625","1.75","S1 O10","de-protonated","0","-9999","C16 H28 O10 S1","16","28","10","-9999","-9999","1","-9999","-9999","-9999"
"1111","411.13303","411.133135878","411.133531078","2542718","-9999","433358","28.88","-1","-0.961243549","0.422822081","0.829532115","0.585506095","7","0.105263158","1.526315789","N2 S2 P1 O2","de-protonated","0","-9999","C19 H29 O2 N2 P1 S2","19","29","2","2","1","2","-9999","-9999","-9999"
"1112","411.134778","411.134883877","411.135030679","12945023","-9999","425695.8","154.18","-1","-0.357065123","0.981669382","0.95113266","0.969454693","17","0.16","0.8","N2 O4","de-protonated","0","-9999","C25 H20 O4 N2","25","20","4","2","-9999","-9999","-9999","-9999","-9999"
"1113","411.150129","411.150234872","411.150286821","778372.3","-9999","507858","7.63","-1","-0.126350891","0.997107445","0","0.598264467","21","0.034482759","0.689655172","N2 O1","de-protonated","0","-9999","C29 H20 O1 N2","29","20","1","2","-9999","-9999","-9999","-9999","-9999"
"1114","411.171182","411.171287863","411.171416189","5973644","-9999","464729.8","70.21","-1","-0.312097093","0.970217185","0.963577516","0.967561318","16","0.115384615","0.923076923","N2 O3","de-protonated","0","-9999","C26 H24 O3 N2","26","24","3","2","-9999","-9999","-9999","-9999","-9999"
"1115","411.184314","411.184419858","411.184683471","1041168.7","-9999","310763.3","10.79","-1","-0.641105034","0.928134843","0","0.556880906","6","0.285714286","1.523809524","S1 O6","de-protonated","0","-9999","C21 H32 O6 S1","21","32","6","-9999","-9999","1","-9999","-9999","-9999"
"1115","411.184314","411.184419858","411.184303348","1041168.7","-9999","310763.3","10.79","-1","0.283352134","0.985537373","0","0.591322424","11","0.130434783","1.260869565","N2 P1 O3","de-protonated","0","-9999","C23 H29 O3 N2 P1","23","29","3","2","1","-9999","-9999","-9999","-9999"
"1116","411.198841","411.198946853","411.199288163","950165.9","-9999","468464","9.7","-1","-0.83003742","0.882486956","0","0.529492173","1","0.294117647","2.117647059","N2 S2 O5","de-protonated","0","-9999","C17 H36 O5 N2 S2","17","36","5","2","-9999","2","-9999","-9999","-9999"
"1116","411.198841","411.198946853","411.198908041","950165.9","-9999","468464","9.7","-1","0.094386738","0.998384806","0","0.599030883","6","0.105263158","1.736842105","N4 S1 P1 O2","de-protonated","0","-9999","C19 H33 O2 N4 P1 S1","19","33","2","4","1","1","-9999","-9999","-9999"
"1117","411.207577","411.207682849","411.207801698","1267865.1","-9999","493642.4","13.52","-1","-0.289023756","0.984957026","0","0.590974216","15","0.074074074","1.037037037","N2 O2","de-protonated","0","-9999","C27 H28 O2 N2","27","28","2","2","-9999","-9999","-9999","-9999","-9999"
"1119","412.065472","412.065577518","412.06590501","836817","-9999","484921","8.33","-1","-0.794756834","0.891713878","0","0.535028327","4","0.5","1.714285714","N1 S2 P1 O7","de-protonated","0","-9999","C14 H24 O7 N1 P1 S2","14","24","7","1","1","2","-9999","-9999","-9999"
"1119","412.065472","412.065577518","412.065614496","836817","-9999","484921","8.33","-1","-0.089738486","0.998539862","0.911633632","0.96377737","19","0.260869565","0.52173913","13C1 N2 O6","de-protonated","1","1101","C22 H12 O6 N2 13C1","22","12","6","2","-9999","-9999","1","-9999","-9999"
"1120","412.093752","412.093857507","412.093894142","957659.3","-9999","555161.1","9.78","-1","-0.088900994","0.998566969","0","0.599140181","18","0.217391304","0.652173913","N3 O5","de-protonated","0","-9999","C23 H15 O5 N3","23","15","5","3","-9999","-9999","-9999","-9999","-9999"
"1121","412.101764","412.101869504","412.102000005","2364894.3","-9999","436063.6","26.73","-1","-0.316672873","0.981968563","0.953530994","0.970593535","18","0.208333333","0.666666667","13C1 N2 O5","de-protonated","1","1106","C23 H16 O5 N2 13C1","23","16","5","2","-9999","-9999","1","-9999","-9999"
"1122","412.117814","412.117919497","412.11754666","800740.1","-9999","544193.9","7.89","-1","0.904685894","0.861993224","0","0.517195935","7","0.157894737","1.473684211","N1 S2 P1 O3","de-protonated","0","-9999","C19 H28 O3 N1 P1 S2","19","28","3","1","1","2","-9999","-9999","-9999"
"1123","412.130071","412.130176493","412.130523429","1232872.5","-9999","419584.3","13.1","-1","-0.84181061","0.879340818","0.83175944","0.860308267","12","0.217391304","1.043478261","13C1 S1 O5","de-protonated","1","1108","C22 H24 O5 S1 13C1","22","24","5","-9999","-9999","1","1","-9999","-9999"
"1123","412.130071","412.130176493","412.130143306","1232872.5","-9999","419584.3","13.1","-1","0.08052474","0.998824136","0.845394845","0.93745242","17","0.08","0.84","13C1 N2 P1 O2","de-protonated","1","1108","C24 H21 O2 N2 P1 13C1","24","21","2","2","1","-9999","1","-9999","-9999"
"1123","412.130071","412.130176493","412.130279652","1232872.5","-9999","419584.3","13.1","-1","-0.250306644","0.988695996","0","0.593217597","17","0.166666667","0.791666667","N3 O4","de-protonated","0","-9999","C24 H19 O4 N3","24","19","4","3","-9999","-9999","-9999","-9999","-9999"
"1125","412.138166","412.13827149","412.138676029","2538987.5","-9999","421122.4","28.83","-1","-0.981560383","0.839609233","0","0.50376554","2","0.3125","2","N1 S2 P1 O5","de-protonated","0","-9999","C16 H32 O5 N1 P1 S2","16","32","5","1","1","2","-9999","-9999","-9999"
"1125","412.138166","412.13827149","412.138385514","2538987.5","-9999","421122.4","28.83","-1","-0.276666651","0.986207118","0.95113266","0.972177335","17","0.16","0.8","13C1 N2 O4","de-protonated","1","1112","C24 H20 O4 N2 13C1","24","20","4","2","-9999","-9999","1","-9999","-9999"
"1126","412.174465","412.174570476","412.174192158","1338616.8","-9999","437780.5","14.37","-1","0.917858269","0.858246478","0","0.514947887","2","0.5625","2","N1 P1 O9","de-protonated","0","-9999","C16 H32 O9 N1 P1","16","32","9","1","1","-9999","-9999","-9999","-9999"
"1126","412.174465","412.174570476","412.174771024","1338616.8","-9999","437780.5","14.37","-1","-0.48656139","0.957953039","0.963577516","0.96020283","16","0.115384615","0.923076923","13C1 N2 O3","de-protonated","1","1114","C25 H24 O3 N2 13C1","25","24","3","2","-9999","-9999","1","-9999","-9999"
"1127","412.188993","412.18909847","412.189448299","1446398","-9999","396922.1","15.67","-1","-0.848710265","0.877481732","0","0.526489039","6","0.3","1.6","N1 P1 O6","de-protonated","0","-9999","C20 H32 O6 N1 P1","20","32","6","1","1","-9999","-9999","-9999","-9999"
"1128","412.225324","412.225429456","412.225833809","3063819.3","-9999","454459.1","35.15","-1","-0.98090119","0.419903169","0.81490939","0.577905657","5","0.238095238","1.714285714","N1 P1 O5","de-protonated","0","-9999","C21 H36 O5 N1 P1","21","36","5","1","1","-9999","-9999","-9999","-9999"
"1129","413.041315","413.04142014","413.041524216","2280245.8","-9999","486435","25.71","-1","-0.251973291","0.494272915","0.807789663","0.619679614","19","0.318181818","0.454545455","N2 O7","de-protonated","0","-9999","C22 H10 O7 N2","22","10","7","2","-9999","-9999","-9999","-9999","-9999"
"1130","413.056642","413.056747134","413.056780357","1654075.5","-9999","355615.5","18.17","-1","-0.080431187","0.998826865","0","0.599296119","23","0.153846154","0.384615385","N2 O4","de-protonated","0","-9999","C26 H10 O4 N2","26","10","4","2","-9999","-9999","-9999","-9999","-9999"
"1131","413.074047","413.074152128","413.073886973","970305.9","-9999","522684.3","9.93","-1","0.641905898","0.927961816","0","0.556777089","14","0.444444444","0.777777778","N4 O8","de-protonated","0","-9999","C18 H14 O8 N4","18","14","8","4","-9999","-9999","-9999","-9999","-9999"
"1132","413.077709","413.077814126","413.077909725","7065923","-9999","435584.8","83.35","-1","-0.231430559","0.991007328","0.946502209","0.97320528","18","0.260869565","0.608695652","N2 O6","de-protonated","0","-9999","C23 H14 O6 N2","23","14","6","2","-9999","-9999","-9999","-9999","-9999"
"1133","413.081991","413.082096125","413.081932477","1446980.8","-9999","372037.8","15.67","-1","0.396162312","0.971924272","0","0.583154563","22","0.142857143","0.5","O4","de-protonated","0","-9999","C28 H14 O4","28","14","4","-9999","-9999","-9999","-9999","-9999","-9999"
"1134","413.092989","413.09309412","413.093165866","2201416.8","-9999","444268.8","24.76","-1","-0.173680066","0.497270797","0.773979033","0.607954092","22","0.111111111","0.518518519","N2 O3","de-protonated","0","-9999","C27 H14 O3 N2","27","14","3","2","-9999","-9999","-9999","-9999","-9999"
"1135","413.106078","413.106183115","413.106433149","2987341.5","-9999","431435.7","34.23","-1","-0.605251283","0.895874208","0.841802341","0.874245461","12","0.272727273","1","S1 O6","de-protonated","0","-9999","C22 H22 O6 S1","22","22","6","-9999","-9999","1","-9999","-9999","-9999"
"1135","413.106078","413.106183115","413.106053026","2987341.5","-9999","431435.7","34.23","-1","0.314905387","0.991078547","0.855674983","0.936917121","17","0.125","0.791666667","N2 P1 O3","de-protonated","0","-9999","C24 H19 O3 N2 P1","24","19","3","2","1","-9999","-9999","-9999","-9999"
"1135","413.106078","413.106183115","413.1057817","2987341.5","-9999","431435.7","34.23","-1","0.971701437","0.842548107","0","0.505528864","3","0.571428571","1.857142857","N2 S2 O8","de-protonated","0","-9999","C14 H26 O8 N2 S2","14","26","8","2","-9999","2","-9999","-9999","-9999"
"1136","413.107782","413.107887115","413.107770559","786894.3","-9999","564014","7.72","-1","0.28214338","0.985659615","0","0.591395769","17","0.086956522","0.782608696","N4 S1 O2","de-protonated","0","-9999","C23 H18 O2 N4 S1","23","18","2","4","-9999","1","-9999","-9999","-9999"
"1136","413.107782","413.107887115","413.107903501","786894.3","-9999","564014","7.72","-1","-0.039665441","0.999714559","0","0.599828735","4","0.833333333","1.916666667","N4 P1 O10","de-protonated","0","-9999","C12 H23 O10 N4 P1","12","23","10","4","1","-9999","-9999","-9999","-9999"
"1137","413.112297","413.112402113","413.112306375","1876303.9","-9999","491264.9","20.84","-1","0.231747217","0.990302306","0","0.594181383","3","0.733333333","1.733333333","S1 O11","de-protonated","0","-9999","C15 H26 O11 S1","15","26","11","-9999","-9999","1","-9999","-9999","-9999"
"1137","413.112297","413.112402113","413.112795633","1876303.9","-9999","491264.9","20.84","-1","-0.952572099","0.84819444","0","0.508916664","7","0.166666667","1.5","N2 S2 P1 O3","de-protonated","0","-9999","C18 H27 O3 N2 P1 S2","18","27","3","2","1","2","-9999","-9999","-9999"
"1138","413.114089","413.114194112","413.114295235","8819025","-9999","409522.4","104.47","-1","-0.244780359","0.992339632","0.978704377","0.98688553","17","0.208333333","0.75","N2 O5","de-protonated","0","-9999","C24 H18 O5 N2","24","18","5","2","-9999","-9999","-9999","-9999","-9999"
"1139","413.123902","413.124007108","413.124191213","736468.1","-9999","471303.5","7.12","-1","-0.445640398","0.964606659","0","0.578763995","12","0.363636364","1","O8","de-protonated","0","-9999","C22 H22 O8","22","22","8","-9999","-9999","-9999","-9999","-9999","-9999"
"1139","413.123902","413.124007108","413.124029022","736468.1","-9999","471303.5","7.12","-1","-0.05304339","0.999489606","0","0.599693764","7","0.117647059","1.588235294","N4 S2 P1 O2","de-protonated","0","-9999","C17 H27 O2 N4 P1 S2","17","27","2","4","1","2","-9999","-9999","-9999"
"1140","413.129366","413.129471106","413.129551376","1670230.1","-9999","440388","18.36","-1","-0.194296102","0.496586771","0.767553728","0.604973554","21","0.071428571","0.642857143","N2 O2","de-protonated","0","-9999","C28 H18 O2 N2","28","18","2","2","-9999","-9999","-9999","-9999","-9999"
"1141","413.14245","413.142555101","413.142818658","2998619","-9999","431468.5","34.36","-1","-0.637930995","0.955443912","0.998853907","0.97280791","11","0.217391304","1.130434783","S1 O5","de-protonated","0","-9999","C23 H26 O5 S1","23","26","5","-9999","-9999","1","-9999","-9999","-9999"
"1141","413.14245","413.142555101","413.142438535","2998619","-9999","431468.5","34.36","-1","0.282144606","0.961001887","0.987510689","0.971605408","16","0.08","0.92","N2 P1 O2","de-protonated","0","-9999","C25 H23 O2 N2 P1","25","23","2","2","1","-9999","-9999","-9999","-9999"
"1141","413.14245","413.142555101","413.142167209","2998619","-9999","431468.5","34.36","-1","0.93888279","0.426094401","0.860410506","0.599820843","2","0.466666667","2","N2 S2 O7","de-protonated","0","-9999","C15 H30 O7 N2 S2","15","30","7","2","-9999","2","-9999","-9999","-9999"
"1142","413.146681","413.1467861","413.146657992","766940.5","-9999","448281","7.48","-1","0.310078231","0.98270528","0","0.589623168","12","0.3","1.1","N4 O6","de-protonated","0","-9999","C20 H22 O6 N4","20","22","6","4","-9999","-9999","-9999","-9999","-9999"
"1143","413.150485","413.150590098","413.150680744","6673758","-9999","440621.2","78.63","-1","-0.219401032","0.99185658","0.942728699","0.972205428","16","0.16","0.88","N2 O4","de-protonated","0","-9999","C25 H22 O4 N2","25","22","4","2","-9999","-9999","-9999","-9999","-9999"
"1144","413.1635","413.163605093","413.163948026","1738082.8","-9999","470279.8","19.18","-1","-0.830016289","0.882492573","0","0.529495544","6","0.35","1.5","S1 O7","de-protonated","0","-9999","C20 H30 O7 S1","20","30","7","-9999","-9999","1","-9999","-9999","-9999"
"1144","413.1635","413.163605093","413.163567903","1738082.8","-9999","470279.8","19.18","-1","0.090012082","0.998530951","0","0.599118571","11","0.181818182","1.227272727","N2 P1 O4","de-protonated","0","-9999","C22 H27 O4 N2 P1","22","27","4","2","1","-9999","-9999","-9999","-9999"
"1145","413.165841","413.165946092","413.165936885","1161571.5","-9999","455782.8","12.24","-1","0.022284238","0.999909899","0","0.599945939","20","0.034482759","0.75862069","N2 O1","de-protonated","0","-9999","C29 H22 O1 N2","29","22","1","2","-9999","-9999","-9999","-9999","-9999"
"1146","413.172991","413.173096089","413.173463882","1613158.1","-9999","516484.4","17.67","-1","-0.890165411","0.86607918800000006","0","0.519647513","6","0.35","1.55","P1 O7","de-protonated","0","-9999","C20 H31 O7 P1","20","31","7","-9999","1","-9999","-9999","-9999","-9999"
"1147","413.178836","413.178941087","413.179204167","922728.3","-9999","528415","9.36","-1","-0.636721362","0.929078676","0","0.557447206","10","0.166666667","1.25","S1 O4","de-protonated","0","-9999","C24 H30 O4 S1","24","30","4","-9999","-9999","1","-9999","-9999","-9999"
"1147","413.178836","413.178941087","413.178824045","922728.3","-9999","528415","9.36","-1","0.283273216","0.985545369","0","0.591327222","15","0.038461538","1.038461538","N2 P1 O1","de-protonated","0","-9999","C26 H27 O1 N2 P1","26","27","1","2","1","-9999","-9999","-9999","-9999"
"1147","413.178836","413.178941087","413.178552719","922728.3","-9999","528415","9.36","-1","0.939953566","0.851877774","0","0.511126664","1","0.375","2.125","N2 S2 O6","de-protonated","0","-9999","C16 H34 O6 N2 S2","16","34","6","2","-9999","2","-9999","-9999","-9999"
"1148","413.186947","413.187052084","413.187066253","2113387.3","-9999","480784","23.7","-1","-0.034292292","0.499893323","0.780512821","0.612141122","15","0.115384615","1","N2 O3","de-protonated","0","-9999","C26 H26 O3 N2","26","26","3","2","-9999","-9999","-9999","-9999","-9999"
"1149","413.199866","413.199971079","413.200333535","1030768.1","-9999","475343.2","10.66","-1","-0.877192457","0.869689781","0","0.521813868","5","0.285714286","1.619047619","S1 O6","de-protonated","0","-9999","C21 H34 O6 S1","21","34","6","-9999","-9999","1","-9999","-9999","-9999"
"1149","413.199866","413.199971079","413.199953413","1030768.1","-9999","475343.2","10.66","-1","0.042754856","0.99966837099999994","0","0.599801023","10","0.130434783","1.347826087","N2 P1 O3","de-protonated","0","-9999","C23 H31 O3 N2 P1","23","31","3","2","1","-9999","-9999","-9999","-9999"
"1151","414.081071","414.081175738","414.081555074","1205172.6","-9999","408605.1","12.26","-1","-0.916089724","0.858751717","0","0.51525103","3","0.5","1.857142857","N1 S2 P1 O7","de-protonated","0","-9999","C14 H26 O7 N1 P1 S2","14","26","7","1","1","2","-9999","-9999","-9999"
"1151","414.081071","414.081175738","414.08126456","1205172.6","-9999","408605.1","12.26","-1","-0.214503324","0.991685996","0.946502209","0.973612481","18","0.260869565","0.608695652","13C1 N2 O6","de-protonated","1","1132","C22 H14 O6 N2 13C1","22","14","6","2","-9999","-9999","1","-9999","-9999"
"1152","414.1093","414.109404728","414.109787984","1611455.1","-9999","511585.6","16.97","-1","-0.925493943","0.856057371","0.841802341","0.850355359","12","0.272727273","1","13C1 S1 O6","de-protonated","1","1135","C21 H22 O6 S1 13C1","21","22","6","-9999","-9999","1","1","-9999","-9999"
"1152","414.1093","414.109404728","414.109407861","1611455.1","-9999","511585.6","16.97","-1","-0.007567036","0.99998961","0.855674983","0.942263759","17","0.125","0.791666667","13C1 N2 P1 O3","de-protonated","1","1135","C23 H19 O3 N2 P1 13C1","23","19","3","2","1","-9999","1","-9999","-9999"
"1152","414.1093","414.109404728","414.109544207","1611455.1","-9999","511585.6","16.97","-1","-0.33681716","0.979625825","0","0.587775495","17","0.217391304","0.739130435","N3 O5","de-protonated","0","-9999","C23 H17 O5 N3","23","17","5","3","-9999","-9999","-9999","-9999","-9999"
"1153","414.11748","414.117584724","414.117940584","1999042","-9999","464118","21.46","-1","-0.859318682","0.874601523","0","0.524760914","2","0.4","2","N1 S2 P1 O6","de-protonated","0","-9999","C15 H30 O6 N1 P1 S2","15","30","6","1","1","2","-9999","-9999","-9999"
"1153","414.11748","414.117584724","414.11765007","1999042","-9999","464118","21.46","-1","-0.157793885","0.995492316","0.978704377","0.98877714","17","0.208333333","0.75","13C1 N2 O5","de-protonated","1","1138","C23 H18 O5 N2 13C1","23","18","5","2","-9999","-9999","1","-9999","-9999"
"1154","414.145938","414.146042713","414.146173493","751308.6","-9999","402414.8","7.01","-1","-0.315781294","0.982069039","0.998853907","0.988782986","11","0.217391304","1.130434783","13C1 S1 O5","de-protonated","1","1141","C22 H26 O5 S1 13C1","22","26","5","-9999","-9999","1","1","-9999","-9999"
"1154","414.145938","414.146042713","414.14579337","751308.6","-9999","402414.8","7.01","-1","0.602065528","0.936344283","0.987510689","0.956810846","16","0.08","0.92","13C1 N2 P1 O2","de-protonated","1","1141","C24 H23 O2 N2 P1 13C1","24","23","2","2","1","-9999","1","-9999","-9999"
"1154","414.145938","414.146042713","414.145929716","751308.6","-9999","402414.8","7.01","-1","0.272844129","0.986583069","0","0.591949841","16","0.166666667","0.875","N3 O4","de-protonated","0","-9999","C24 H21 O4 N3","24","21","4","3","-9999","-9999","-9999","-9999","-9999"
"1155","414.153846","414.15395071","414.154326093","1229519.5","-9999","453408.5","12.54","-1","-0.906383606","0.861512456","0","0.516907474","1","0.3125","2.125","N1 S2 P1 O5","de-protonated","0","-9999","C16 H34 O5 N1 P1 S2","16","34","5","1","1","2","-9999","-9999","-9999"
"1155","414.153846","414.15395071","414.154035579","1229519.5","-9999","453408.5","12.54","-1","-0.204920475","0.992409489","0.942728699","0.972537173","16","0.16","0.88","13C1 N2 O4","de-protonated","1","1143","C24 H22 O4 N2 13C1","24","22","4","2","-9999","-9999","1","-9999","-9999"
"1156","414.204623","414.204727691","414.205098364","935266.3","-9999","469388.2","9.14","-1","-0.89490229","0.86475141","0","0.518850846","5","0.3","1.7","N1 P1 O6","de-protonated","0","-9999","C20 H34 O6 N1 P1","20","34","6","1","1","-9999","-9999","-9999","-9999"
"1157","415.035903","415.036007369","415.036044912","1857046.4","-9999","461666.8","19.81","-1","-0.090456994","0.499258202","0.787157861","0.614418066","23","0.2","0.32","N2 O5","de-protonated","0","-9999","C25 H8 O5 N2","25","8","5","2","-9999","-9999","-9999","-9999","-9999"
"1158","415.044885","415.044989366","415.045289442","981785.8","-9999","505349","9.67","-1","-0.722996942","0.909511453","0","0.545706872","9","0.666666667","1.066666667","N2 S1 O10","de-protonated","0","-9999","C15 H16 O10 N2 S1","15","16","10","2","-9999","1","-9999","-9999","-9999"
"1158","415.044885","415.044989366","415.04490932","981785.8","-9999","505349","9.67","-1","0.192861165","0.993273662","0","0.595964197","14","0.411764706","0.764705882","N4 P1 O7","de-protonated","0","-9999","C17 H13 O7 N4 P1","17","13","7","4","1","-9999","-9999","-9999","-9999"
"1159","415.057049","415.057153361","415.05717428","2601502.3","-9999","444041","28.43","-1","-0.050400641","0.499769593","0.807789663","0.622977621","18","0.318181818","0.545454545","N2 O7","de-protonated","0","-9999","C22 H12 O7 N2","22","12","7","2","-9999","-9999","-9999","-9999","-9999"
"1160","415.072301","415.072405355","415.072430422","3093540","-9999","446562.5","34.12","-1","-0.060390265","0.499669239","0.780512821","0.612006672","22","0.153846154","0.461538462","N2 O4","de-protonated","0","-9999","C26 H12 O4 N2","26","12","4","2","-9999","-9999","-9999","-9999","-9999"
"1161","415.079859","415.079963352","415.079824477","1496614.8","-9999","304439.6","15.63","-1","0.334575222","0.979893417","0","0.58793605","21","0.071428571","0.571428571","S1 O2","de-protonated","0","-9999","C28 H16 O2 S1","28","16","2","-9999","-9999","1","-9999","-9999","-9999"
"1161","415.079859","415.079963352","415.079957419","1496614.8","-9999","304439.6","15.63","-1","0.014295304","0.999962921","0","0.599977752","8","0.588235294","1.235294118","P1 O10","de-protonated","0","-9999","C17 H21 O10 P1","17","21","10","-9999","1","-9999","-9999","-9999","-9999"
"1162","415.085406","415.08551035","415.085697704","2102312.8","-9999","500463","22.65","-1","-0.451360987","0.96370895","0","0.57822537","12","0.333333333","0.952380952","S1 O7","de-protonated","0","-9999","C21 H20 O7 S1","21","20","7","-9999","-9999","1","-9999","-9999","-9999"
"1162","415.085406","415.08551035","415.085317581","2102312.8","-9999","500463","22.65","-1","0.464408211","0.480810949","0.800793265","0.608803876","17","0.173913043","0.739130435","N2 P1 O4","de-protonated","0","-9999","C23 H17 O4 N2 P1","23","17","4","2","1","-9999","-9999","-9999","-9999"
"1163","415.093394","415.093498347","415.09355979","4784172","-9999","445399.9","53.7","-1","-0.148020962","0.992734235","0.978749977","0.987140532","17","0.260869565","0.695652174","N2 O6","de-protonated","0","-9999","C23 H16 O6 N2","23","16","6","2","-9999","-9999","-9999","-9999","-9999"
"1164","415.103338","415.103442343","415.103455768","872239.5","-9999","441763","8.4","-1","-0.032341726","0.999810225","0","0.599886135","12","0.428571429","0.952380952","O9","de-protonated","0","-9999","C21 H20 O9","21","20","9","-9999","-9999","-9999","-9999","-9999","-9999"
"1164","415.103338","415.103442343","415.103293577","872239.5","-9999","441763","8.4","-1","0.358383491","0.976964427","0","0.586178656","7","0.1875","1.5625","N4 S2 P1 O3","de-protonated","0","-9999","C16 H25 O3 N4 P1 S2","16","25","3","4","1","2","-9999","-9999","-9999"
"1165","415.106986","415.107090342","415.106827072","752688.9","-9999","516215.7","7.02","-1","0.634222542","0.929614217","0","0.55776853","7","0.5","1.333333333","S1 O9","de-protonated","0","-9999","C18 H24 O9 S1","18","24","9","-9999","-9999","1","-9999","-9999","-9999"
"1165","415.106986","415.107090342","415.107316329","752688.9","-9999","516215.7","7.02","-1","-0.54440679300000006","0.9476429","0","0.56858574","11","0.047619048","1.19047619","N2 S2 P1 O1","de-protonated","0","-9999","C21 H25 O1 N2 P1 S2","21","25","1","2","1","2","-9999","-9999","-9999"
"1166","415.108687","415.10879134100003","415.108815931","3125297.5","-9999","413365.3","34.49","-1","-0.059236878","0.999468265","0.98649841","0.994280323","21","0.111111111","0.592592593","N2 O3","de-protonated","0","-9999","C27 H16 O3 N2","27","16","3","2","-9999","-9999","-9999","-9999","-9999"
"1167","415.11991","415.120014337","415.119714231","906037.7","-9999","532717.2","8.8","-1","0.722937338","0.909525676","0","0.545715406","2","0.6","1.933333333","S1 P1 O9","de-protonated","0","-9999","C15 H29 O9 P1 S1","15","29","9","-9999","1","1","-9999","-9999","-9999"
"1167","415.11991","415.120014337","415.12004932","906037.7","-9999","532717.2","8.8","-1","-0.084272921","0.998712195","0","0.599227317","21","0.076923077","0.615384615","N4 O2","de-protonated","0","-9999","C26 H16 O2 N4","26","16","2","4","-9999","-9999","-9999","-9999","-9999"
"1168","415.121771","415.121875336","415.122083213","3954742.3","-9999","442256.6","44.1","-1","-0.500760877","0.916198255","0.948515932","0.929125326","11","0.272727273","1.090909091","S1 O6","de-protonated","0","-9999","C22 H24 O6 S1","22","24","6","-9999","-9999","1","-9999","-9999","-9999"
"1168","415.121771","415.121875336","415.12170309","3954742.3","-9999","442256.6","44.1","-1","0.414928009","0.984267199","0.962388574","0.975515749","16","0.125","0.875","N2 P1 O3","de-protonated","0","-9999","C24 H21 O3 N2 P1","24","21","3","2","1","-9999","-9999","-9999","-9999"
"1169","415.12979","415.129894333","415.129945299","4377657.5","-9999","417566","48.99","-1","-0.12277112","0.498634403","0.793917021","0.61674745","16","0.208333333","0.833333333","N2 O5","de-protonated","0","-9999","C24 H20 O5 N2","24","20","5","2","-9999","-9999","-9999","-9999","-9999"
"1170","415.139765","415.139869329","415.139841278","1161277","-9999","369213.5","11.75","-1","0.067570979","0.999171878","0","0.599503127","11","0.363636364","1.090909091","O8","de-protonated","0","-9999","C22 H24 O8","22","24","8","-9999","-9999","-9999","-9999","-9999","-9999"
"1170","415.139765","415.139869329","415.139679086","1161277","-9999","369213.5","11.75","-1","0.45826199","0.962611901","0","0.57756714","6","0.117647059","1.705882353","N4 S2 P1 O2","de-protonated","0","-9999","C17 H29 O2 N4 P1 S2","17","29","2","4","1","2","-9999","-9999","-9999"
"1171","415.145071","415.145175327","415.14520144","3280447","-9999","449495.9","36.29","-1","-0.062901283","0.499641171","0.767553728","0.606806194","20","0.071428571","0.714285714","N2 O2","de-protonated","0","-9999","C28 H20 O2 N2","28","20","2","2","-9999","-9999","-9999","-9999","-9999"
"1172","415.15813000000003","415.158234322","415.158468722","2747460","-9999","442153.2","30.12","-1","-0.564604415","0.946599966","0.978545258","0.959378082","10","0.217391304","1.217391304","S1 O5","de-protonated","0","-9999","C23 H28 O5 S1","23","28","5","-9999","-9999","1","-9999","-9999","-9999"
"1172","415.15813000000003","415.158234322","415.1580886","2747460","-9999","442153.2","30.12","-1","0.351004159","0.976119392","0.992180662","0.9825439","15","0.08","1","N2 P1 O2","de-protonated","0","-9999","C25 H25 O2 N2 P1","25","25","2","2","1","-9999","-9999","-9999","-9999"
"1173","415.166201","415.166305319","415.166330808","2324039","-9999","388910.6","25.21","-1","-0.06139562","0.499658139","0.787157861","0.614658028","15","0.16","0.96","N2 O4","de-protonated","0","-9999","C25 H24 O4 N2","25","24","4","2","-9999","-9999","-9999","-9999","-9999"
"1174","415.179134","415.179238314","415.17959809","1150923.8","-9999","388775.1","11.63","-1","-0.866556271","0.872621477","0","0.523572886","5","0.35","1.6","S1 O7","de-protonated","0","-9999","C20 H32 O7 S1","20","32","7","-9999","-9999","1","-9999","-9999","-9999"
"1174","415.179134","415.179238314","415.179217968","1150923.8","-9999","388775.1","11.63","-1","0.049005429","0.99956434","0","0.599738604","10","0.181818182","1.318181818","N2 P1 O4","de-protonated","0","-9999","C22 H29 O4 N2 P1","22","29","4","2","1","-9999","-9999","-9999","-9999"
"1175","415.181496","415.181600313","415.18158695","1452620.6","-9999","434933.6","15.12","-1","0.032186887","0.999812038","0","0.599887223","19","0.034482759","0.827586207","N2 O1","de-protonated","0","-9999","C29 H24 O1 N2","29","24","1","2","-9999","-9999","-9999","-9999","-9999"
"1176","415.186762","415.186866311","415.186612023","761934.5","-9999","513272.3","7.13","-1","0.612466201","0.934200593","0","0.560520356","9","0.083333333","1.375","S1 P1 O2","de-protonated","0","-9999","C24 H33 O2 P1 S1","24","33","2","-9999","1","1","-9999","-9999","-9999"
"1176","415.186762","415.186866311","415.186808728","761934.5","-9999","513272.3","7.13","-1","0.138692453","0.99651581","0","0.597909486","1","0.571428571","2.285714286","N4 S1 O8","de-protonated","0","-9999","C14 H32 O8 N4 S1","14","32","8","4","-9999","1","-9999","-9999","-9999"
"1177","415.188655","415.18875931","415.189113947","2081359.3","-9999","472562.6","22.4","-1","-0.854156342","0.876006396","0","0.525603837","5","0.35","1.65","P1 O7","de-protonated","0","-9999","C20 H33 O7 P1","20","33","7","-9999","1","-9999","-9999","-9999","-9999"
"1178","415.202561","415.202665305","415.202716318","935764.4","-9999","515558.4","9.14","-1","-0.122862396","0.997264749","0","0.598358849","14","0.115384615","1.076923077","N2 O3","de-protonated","0","-9999","C26 H28 O3 N2","26","28","3","2","-9999","-9999","-9999","-9999","-9999"
"1179","415.225047","415.225151296","415.225499456","1014364.8","-9999","446464.2","10.05","-1","-0.838483749","0.880233201","0","0.528139921","4","0.285714286","1.761904762","P1 O6","de-protonated","0","-9999","C21 H37 O6 P1","21","37","6","-9999","1","-9999","-9999","-9999","-9999"
"1180","416.080104","416.080207966","416.080566553","1182363.9","-9999","517862.5","11.99","-1","-0.861822771","0.873917831","0","0.524350698","17","0.181818182","0.727272727","N3 P1 O4","de-protonated","0","-9999","C22 H16 O4 N3 P1","22","16","4","3","1","-9999","-9999","-9999","-9999"
"1180","416.080104","416.080207966","416.080295227","1182363.9","-9999","517862.5","11.99","-1","-0.209722854","0.992050982","0","0.595230589","3","0.75","1.916666667","N3 S2 O9","de-protonated","0","-9999","C12 H23 O9 N3 S2","12","23","9","3","-9999","2","-9999","-9999","-9999"
"1181","416.09671","416.096813959","416.097205139","1035682.1","-9999","458800.2","10.29","-1","-0.940115752","0.851830643","0","0.511098386","2","0.5","2","N1 S2 P1 O7","de-protonated","0","-9999","C14 H28 O7 N1 P1 S2","14","28","7","1","1","2","-9999","-9999","-9999"
"1181","416.09671","416.096813959","416.096914625","1035682.1","-9999","458800.2","10.29","-1","-0.241927982","0.989436156","0.978749977","0.985161685","17","0.260869565","0.695652174","13C1 N2 O6","de-protonated","1","1163","C22 H16 O6 N2 13C1","22","16","6","2","-9999","-9999","1","-9999","-9999"
"1182","416.112087","416.112190953","416.11246128","843431.9","-9999","512108.3","8.07","-1","-0.649648344","0.926279603","0","0.555767762","6","0.222222222","1.555555556","N1 S2 P1 O4","de-protonated","0","-9999","C18 H28 O4 N1 P1 S2","18","28","4","1","1","2","-9999","-9999","-9999"
"1182","416.112087","416.112190953","416.112170766","843431.9","-9999","512108.3","8.07","-1","0.048514031","0.999573032","0.98649841","0.994343183","21","0.111111111","0.592592593","13C1 N2 O3","de-protonated","1","1166","C26 H16 O3 N2 13C1","26","16","3","2","-9999","-9999","1","-9999","-9999"
"1183","416.12498","416.125083948","416.125438048","1274284.6","-9999","515815.6","13.05","-1","-0.850944843","0.876877229","0.948515932","0.90553271","11","0.272727273","1.090909091","13C1 S1 O6","de-protonated","1","1168","C21 H24 O6 S1 13C1","21","24","6","-9999","-9999","1","1","-9999","-9999"
"1183","416.12498","416.125083948","416.125057926","1274284.6","-9999","515815.6","13.05","-1","0.062535827","0.999290655","0.962388574","0.984529822","16","0.125","0.875","13C1 N2 P1 O3","de-protonated","1","1168","C23 H21 O3 N2 P1 13C1","23","21","3","2","1","-9999","1","-9999","-9999"
"1183","416.12498","416.125083948","416.125194271","1274284.6","-9999","515815.6","13.05","-1","-0.265119481","0.987327257","0","0.592396354","16","0.217391304","0.826086957","N3 O5","de-protonated","0","-9999","C23 H19 O5 N3","23","19","5","3","-9999","-9999","-9999","-9999","-9999"
"1184","416.130197","416.130300946","416.130219345","873902.6","-9999","582412.9","8.42","-1","0.196096039","0.99304692","0","0.59582815200000006","6","0.333333333","1.555555556","N1 S1 P1 O6","de-protonated","0","-9999","C18 H28 O6 N1 P1 S1","18","28","6","1","1","1","-9999","-9999","-9999"
"1185","416.132623","416.132726945","416.132588327","1917103.5","-9999","366836.8","20.5","-1","0.333112171","0.490033559","0.787157861","0.60888328","15","0.12","0.92","N1 S1 O3","de-protonated","0","-9999","C25 H23 O3 N1 S1","25","23","3","1","-9999","1","-9999","-9999","-9999"
"1185","416.132623","416.132726945","416.132721268","1917103.5","-9999","366836.8","20.5","-1","0.013642522","0.99996623","0","0.599979738","2","0.785714286","2","N1 P1 O11","de-protonated","0","-9999","C14 H28 O11 N1 P1","14","28","11","1","1","-9999","-9999","-9999","-9999"
"1186","416.134668","416.134771945","416.13509025","2326960.3","-9999","467090.5","25.24","-1","-0.764908844","0.449639026","0.81490939","0.595747172","11","0.380952381","1.095238095","N1 O8","de-protonated","0","-9999","C21 H23 O8 N1","21","23","8","1","-9999","-9999","-9999","-9999","-9999"
"1186","416.134668","416.134771945","416.134438801","2326960.3","-9999","467090.5","25.24","-1","0.800566447","0.890215539","0","0.534129323","2","0.769230769","2.076923077","N3 S1 O10","de-protonated","0","-9999","C13 H27 O10 N3 S1","13","27","10","3","-9999","1","-9999","-9999","-9999"
"1188","416.161497","416.161600934","416.161823557","777914.3","-9999","579111.8","7.31","-1","-0.534943981","0.949400758","0.978545258","0.961058558","10","0.217391304","1.217391304","13C1 S1 O5","de-protonated","1","1172","C22 H28 O5 S1 13C1","22","28","5","-9999","-9999","1","1","-9999","-9999"
"1188","416.161497","416.161600934","416.161443435","777914.3","-9999","579111.8","7.31","-1","0.378457111","0.974345947","0.992180662","0.981479833","15","0.08","1","13C1 N2 P1 O2","de-protonated","1","1172","C24 H25 O2 N2 P1 13C1","24","25","2","2","1","-9999","1","-9999","-9999"
"1188","416.161497","416.161600934","416.161579781","777914.3","-9999","579111.8","7.31","-1","0.050830347","0.999531297","0","0.599718778","15","0.166666667","0.958333333","N3 O4","de-protonated","0","-9999","C24 H23 O4 N3","24","23","4","3","-9999","-9999","-9999","-9999","-9999"
"1189","416.256905","416.257008897","416.257133938","1128926","-9999","657102","11.37","-1","-0.300391935","0.983760231","0","0.590256139","3","0.238095238","1.904761905","N1 P1 O5","de-protonated","0","-9999","C21 H40 O5 N1 P1","21","40","5","1","1","-9999","-9999","-9999","-9999"
"1190","416.258604","416.258707897","416.258851471","5190110.5","-9999","447128.1","58.4","-1","-0.344915147","0.972210394","0.979398017","0.975085443","3","0.2","1.95","N3 S1 O4","de-protonated","0","-9999","C20 H39 O4 N3 S1","20","39","4","3","-9999","1","-9999","-9999","-9999"
"1193","417.024218","417.024321601","417.024553997","816510.3","-9999","425106.5","7.75","-1","-0.557273587","0.945208644","0","0.567125187","9","0.785714286","1","N2 S1 O11","de-protonated","0","-9999","C14 H14 O11 N2 S1","14","14","11","2","-9999","1","-9999","-9999","-9999"
"1193","417.024218","417.024321601","417.024173875","816510.3","-9999","425106.5","7.75","-1","0.354237861","0.977488267","0","0.58649296","14","0.5","0.6875","N4 P1 O8","de-protonated","0","-9999","C16 H11 O8 N4 P1","16","11","8","4","1","-9999","-9999","-9999","-9999"
"1194","417.043053","417.043156593","417.043452768","931333.4","-9999","565355.7","9.08","-1","-0.710177365","0.912548552","0","0.547529131","22","0.12","0.44","N2 P1 O3","de-protonated","0","-9999","C25 H11 O3 N2 P1","25","11","3","2","1","-9999","-9999","-9999","-9999"
"1194","417.043053","417.043156593","417.043181442","931333.4","-9999","565355.7","9.08","-1","-0.059582943","0.99935604200000006","0","0.599613625","8","0.533333333","1.2","N2 S2 O8","de-protonated","0","-9999","C15 H18 O8 N2 S2","15","18","8","2","-9999","2","-9999","-9999","-9999"
"1194","417.043053","417.043156593","417.04280132","931333.4","-9999","565355.7","9.08","-1","0.851888244","0.876621666","0","0.525972999","13","0.294117647","0.882352941","N4 S1 P1 O5","de-protonated","0","-9999","C17 H15 O5 N4 P1 S1","17","15","5","4","1","1","-9999","-9999","-9999"
"1195","417.051616","417.05171959","417.051694977","3076360.5","-9999","434785.4","33.92","-1","0.059017575","0.4996841","0.787157861","0.614673605","22","0.2","0.4","N2 O5","de-protonated","0","-9999","C25 H10 O5 N2","25","10","5","2","-9999","-9999","-9999","-9999","-9999"
"1196","417.060737","417.060840587","417.060939507","833164","-9999","405220.6","7.94","-1","-0.237184131","0.989844287","0","0.593906572","8","0.666666667","1.2","N2 S1 O10","de-protonated","0","-9999","C15 H18 O10 N2 S1","15","18","10","2","-9999","1","-9999","-9999","-9999"
"1196","417.060737","417.060840587","417.060559384","833164","-9999","405220.6","7.94","-1","0.674248085","0.920822051","0","0.552493231","13","0.411764706","0.882352941","N4 P1 O7","de-protonated","0","-9999","C17 H15 O7 N4 P1","17","15","7","4","1","-9999","-9999","-9999","-9999"
"1197","417.064767","417.064870585","417.064962259","999181.5","-9999","504563.1","9.87","-1","-0.219806991","0.991271602","0","0.594762961","12","0.4","0.9","S1 O8","de-protonated","0","-9999","C20 H18 O8 S1","20","18","8","-9999","-9999","1","-9999","-9999","-9999"
"1197","417.064767","417.064870585","417.064582136","999181.5","-9999","504563.1","9.87","-1","0.691616449","0.916866912","0","0.550120147","17","0.227272727","0.681818182","N2 P1 O5","de-protonated","0","-9999","C22 H15 O5 N2 P1","22","15","5","2","1","-9999","-9999","-9999","-9999"
"1198","417.07276","417.072863582","417.072824345","1568272.5","-9999","385253.1","16.45","-1","0.094077444","0.998395365","0","0.599037219","17","0.318181818","0.636363636","N2 O7","de-protonated","0","-9999","C22 H14 O7 N2","22","14","7","2","-9999","-9999","-9999","-9999","-9999"
"1199","417.086184","417.086287577","417.086091627","1145365.6","-9999","533725.8","11.56","-1","0.469806761","0.960742302","0","0.576445381","7","0.588235294","1.294117647","S1 O10","de-protonated","0","-9999","C17 H22 O10 S1","17","22","10","-9999","-9999","1","-9999","-9999","-9999"
"1199","417.086184","417.086287577","417.086580884","1145365.6","-9999","533725.8","11.56","-1","-0.703229251","0.914176088","0","0.548505653","11","0.1","1.15","N2 S2 P1 O2","de-protonated","0","-9999","C20 H23 O2 N2 P1 S2","20","23","2","2","1","2","-9999","-9999","-9999"
"1200","417.087991","417.088094576","417.088080486","4758294","-9999","453134.5","53.39","-1","0.033781755","0.999891381","0.980092402","0.991971789","21","0.153846154","0.538461538","N2 O4","de-protonated","0","-9999","C26 H14 O4 N2","26","14","4","2","-9999","-9999","-9999","-9999","-9999"
"1201","417.101038","417.101141571","417.101347768","2332955.3","-9999","418429.1","25.31","-1","-0.494357469","0.478312354","0.81490939","0.612951169","11","0.333333333","1.047619048","S1 O7","de-protonated","0","-9999","C21 H22 O7 S1","21","22","7","-9999","-9999","1","-9999","-9999","-9999"
"1201","417.101038","417.101141571","417.100967646","2332955.3","-9999","418429.1","25.31","-1","0.416986215","0.484471329","0.800793265","0.611000104","16","0.173913043","0.826086957","N2 P1 O4","de-protonated","0","-9999","C23 H19 O4 N2 P1","23","19","4","2","1","-9999","-9999","-9999","-9999"
"1202","417.109158","417.109261568","417.109209854","1926942.3","-9999","469438","20.61","-1","0.123981258","0.997214774","0","0.598328865","16","0.260869565","0.782608696","N2 O6","de-protonated","0","-9999","C23 H18 O6 N2","23","18","6","2","-9999","-9999","-9999","-9999","-9999"
"1203","417.118871","417.118974564","417.119105833","1275681.9","-9999","398150.5","13.07","-1","-0.314703399","0.982190147","0","0.589314088","11","0.428571429","1.047619048","O9","de-protonated","0","-9999","C21 H22 O9","21","22","9","-9999","-9999","-9999","-9999","-9999","-9999"
"1203","417.118871","417.118974564","417.118943642","1275681.9","-9999","398150.5","13.07","-1","0.074133601","0.999003293","0","0.599401976","6","0.1875","1.6875","N4 S2 P1 O3","de-protonated","0","-9999","C16 H27 O3 N4 P1 S2","16","27","3","4","1","2","-9999","-9999","-9999"
"1204","417.124374","417.124477562","417.124465995","5404452","-9999","424744.3","60.87","-1","0.027729258","0.999847129","0.968264496","0.987214076","20","0.111111111","0.666666667","N2 O3","de-protonated","0","-9999","C27 H18 O3 N2","27","18","3","2","-9999","-9999","-9999","-9999","-9999"
"1205","417.137377","417.137480557","417.137733277","2809128.8","-9999","418258.5","30.82","-1","-0.605844412","0.93517075","0.907782702","0.924215531","10","0.272727273","1.181818182","S1 O6","de-protonated","0","-9999","C22 H26 O6 S1","22","26","6","-9999","-9999","1","-9999","-9999","-9999"
"1205","417.137377","417.137480557","417.137353155","2809128.8","-9999","418258.5","30.82","-1","0.305419677","0.983543138","0.921655343","0.95878802","15","0.125","0.958333333","N2 P1 O3","de-protonated","0","-9999","C24 H23 O3 N2 P1","24","23","3","2","1","-9999","-9999","-9999","-9999"
"1205","417.137377","417.137480557","417.137081829","2809128.8","-9999","418258.5","30.82","-1","0.955868305","0.847226843","0","0.508336106","1","0.571428571","2.142857143","N2 S2 O8","de-protonated","0","-9999","C14 H30 O8 N2 S2","14","30","8","2","-9999","2","-9999","-9999","-9999"
"1206","417.139711","417.139814556","417.14007301","2564905.8","-9999","465149.8","27.99","-1","-0.619584652","0.932715127","0","0.559629076","1","0.384615385","2.384615385","N4 S2 P1 O5","de-protonated","0","-9999","C13 H31 O5 N4 P1 S2","13","31","5","4","1","2","-9999","-9999","-9999"
"1207","417.14554","417.145643554","417.145595363","1131180","-9999","389742.8","11.39","-1","0.115523957","0.997581355","0","0.598548813","15","0.208333333","0.916666667","N2 O5","de-protonated","0","-9999","C24 H22 O5 N2","24","22","5","2","-9999","-9999","-9999","-9999","-9999"
"1208","417.155152","417.15525555","417.155491342","1094447.5","-9999","377921.2","10.97","-1","-0.565238097","0.943676572","0","0.566205943","10","0.363636364","1.181818182","O8","de-protonated","0","-9999","C22 H26 O8","22","26","8","-9999","-9999","-9999","-9999","-9999","-9999"
"1208","417.155152","417.15525555","417.154839894","1094447.5","-9999","377921.2","10.97","-1","0.996408202","0.835146957","0","0.501088174","1","0.714285714","2.142857143","N2 S1 O10","de-protonated","0","-9999","C14 H30 O10 N2 S1","14","30","10","2","-9999","1","-9999","-9999","-9999"
"1208","417.155152","417.15525555","417.155329151","1094447.5","-9999","377921.2","10.97","-1","-0.17643511","0.994367543","0","0.596620526","5","0.117647059","1.823529412","N4 S2 P1 O2","de-protonated","0","-9999","C17 H31 O2 N4 P1 S2","17","31","2","4","1","2","-9999","-9999","-9999"
"1209","417.160738","417.160841548","417.160851505","4165425.8","-9999","443436","46.53","-1","-0.023868145","0.998812256","0.936473582","0.973876786","19","0.071428571","0.785714286","N2 O2","de-protonated","0","-9999","C28 H22 O2 N2","28","22","2","2","-9999","-9999","-9999","-9999","-9999"
"1210","417.173796","417.173899543","417.174118787","1620278.6","-9999","489011.8","17.06","-1","-0.525545531","0.951119294","0","0.570671577","9","0.217391304","1.304347826","S1 O5","de-protonated","0","-9999","C23 H30 O5 S1","23","30","5","-9999","-9999","1","-9999","-9999","-9999"
"1210","417.173796","417.173899543","417.173738664","1620278.6","-9999","489011.8","17.06","-1","0.385639151","0.973376227","0","0.584025736","14","0.08","1.08","N2 P1 O2","de-protonated","0","-9999","C25 H27 O2 N2 P1","25","27","2","2","1","-9999","-9999","-9999","-9999"
"1211","417.1971","417.197203534","417.197237014","1559359.4","-9999","429703","16.35","-1","-0.080250442","0.499416064","0.761234226","0.604143329","18","0.034482759","0.896551724","N2 O1","de-protonated","0","-9999","C29 H26 O1 N2","29","26","1","2","-9999","-9999","-9999","-9999","-9999"
"1212","417.204482","417.204585531","417.204764011","756930.1","-9999","444101.2","7.06","-1","-0.427799924","0.967337886","0","0.580402732","4","0.35","1.75","P1 O7","de-protonated","0","-9999","C20 H35 O7 P1","20","35","7","-9999","1","-9999","-9999","-9999","-9999"
"1213","417.218166","417.218269526","417.218366382","764615.3","-9999","461299.1","7.15","-1","-0.232148137","0.990268887","0","0.594161332","13","0.115384615","1.153846154","N2 O3","de-protonated","0","-9999","C26 H30 O3 N2","26","30","3","2","-9999","-9999","-9999","-9999","-9999"
"1214","417.26192","417.262023509","417.262206306","1284951.8","-9999","466287","13.17","-1","-0.438086456","0.965775778","0.979398017","0.971224674","3","0.2","1.95","13C1 N3 S1 O4","de-protonated","1","1190","C19 H39 O4 N3 S1 13C1","19","39","4","3","-9999","1","1","-9999","-9999"
"1215","418.083253","418.083356191","418.083329458","873870.3","-9999","534235.8","8.41","-1","0.063941828","0.999258412","0","0.599555047","21","0.16","0.52","N3 O4","de-protonated","0","-9999","C25 H13 O4 N3","25","13","4","3","-9999","-9999","-9999","-9999","-9999"
"1216","418.091329","418.091432188","418.091725835","1186449.4","-9999","518668.7","12.03","-1","-0.702350732","0.91438094","0","0.548628564","6","0.294117647","1.529411765","N1 S2 P1 O5","de-protonated","0","-9999","C17 H26 O5 N1 P1 S2","17","26","5","1","1","2","-9999","-9999","-9999"
"1216","418.091329","418.091432188","418.091435321","1186449.4","-9999","518668.7","12.03","-1","-0.007493527","0.999989811","0.980092402","0.992030848","21","0.153846154","0.538461538","13C1 N2 O4","de-protonated","1","1200","C25 H14 O4 N2 13C1","25","14","4","2","-9999","-9999","1","-9999","-9999"
"1217","418.119603","418.119706177","418.119714968","1136284.1","-9999","488732.8","11.45","-1","-0.02102362","0.999919804","0","0.599951883","20","0.115384615","0.653846154","N3 O3","de-protonated","0","-9999","C26 H17 O3 N3","26","17","3","3","-9999","-9999","-9999","-9999","-9999"
"1218","418.127705","418.127808174","418.128111345","1303199.1","-9999","384762","13.38","-1","-0.725065916","0.909017158","0","0.545410295","5","0.222222222","1.666666667","N1 S2 P1 O4","de-protonated","0","-9999","C18 H30 O4 N1 P1 S2","18","30","4","1","1","2","-9999","-9999","-9999"
"1218","418.127705","418.127808174","418.12782083","1303199.1","-9999","384762","13.38","-1","-0.030269194","0.999833766","0.968264496","0.987206058","20","0.111111111","0.666666667","13C1 N2 O3","de-protonated","1","1204","C26 H18 O3 N2 13C1","26","18","3","2","-9999","-9999","1","-9999","-9999"
"1219","418.14073","418.140833169","418.141088113","1116580.1","-9999","512164.1","11.22","-1","-0.609706926","0.934772407","0.907782702","0.923976525","10","0.272727273","1.181818182","13C1 S1 O6","de-protonated","1","1205","C21 H26 O6 S1 13C1","21","26","6","-9999","-9999","1","1","-9999","-9999"
"1219","418.14073","418.140833169","418.14070799","1116580.1","-9999","512164.1","11.22","-1","0.299370523","0.983869588","0.921655343","0.95898389","15","0.125","0.958333333","13C1 N2 P1 O3","de-protonated","1","1205","C23 H23 O3 N2 P1 13C1","23","23","3","2","1","-9999","1","-9999","-9999"
"1219","418.14073","418.140833169","418.140844336","1116580.1","-9999","512164.1","11.22","-1","-0.026705397","0.999870603","0","0.599922362","15","0.217391304","0.913043478","N3 O5","de-protonated","0","-9999","C23 H21 O5 N3","23","21","5","3","-9999","-9999","-9999","-9999","-9999"
"1220","418.16415","418.16425316","418.164496854","846636.9","-9999","455232.7","8.09","-1","-0.582770377","0.940236499","0","0.564141899","4","0.157894737","1.789473684","N1 S2 P1 O3","de-protonated","0","-9999","C19 H34 O3 N1 P1 S2","19","34","3","1","1","2","-9999","-9999","-9999"
"1220","418.16415","418.16425316","418.16420634","846636.9","-9999","455232.7","8.09","-1","0.111965988","0.997727875","0.936473582","0.973226158","19","0.071428571","0.785714286","13C1 N2 O2","de-protonated","1","1209","C27 H22 O2 N2 13C1","27","22","2","2","-9999","-9999","1","-9999","-9999"
"1221","418.25656300000003","418.256666124","418.25674347","5316816","-9999","420662.5","59.86","-1","-0.184924901","0.996222545","0.983520345","0.991141665","2","0.1","2.05","N3 S2 O2","de-protonated","0","-9999","C20 H41 O2 N3 S2","20","41","2","3","-9999","2","-9999","-9999","-9999"
"1225","419.022182","419.022284828","419.022445997","802291.3","-9999","457637","7.58","-1","-0.384630648","0.973513436","0","0.584108062","8","0.642857143","1.142857143","N2 S2 O9","de-protonated","0","-9999","C14 H16 O9 N2 S2","14","16","9","2","-9999","2","-9999","-9999","-9999"
"1225","419.022182","419.022284828","419.022065875","802291.3","-9999","457637","7.58","-1","0.52253488","0.951664008","0","0.570998405","13","0.375","0.8125","N4 S1 P1 O6","de-protonated","0","-9999","C16 H13 O6 N4 P1 S1","16","13","6","4","1","1","-9999","-9999","-9999"
"1226","419.030897","419.030999825","419.030959532","1957366.6","-9999","428062.9","20.95","-1","0.096157826","0.499161836","0.793917021","0.61706391","22","0.25","0.333333333","N2 O6","de-protonated","0","-9999","C24 H8 O6 N2","24","8","6","2","-9999","-9999","-9999","-9999","-9999"
"1227","419.039984","419.040086821","419.040204062","1274874","-9999","440813.4","13.05","-1","-0.279783409","0.985896817","0","0.59153809","8","0.785714286","1.142857143","N2 S1 O11","de-protonated","0","-9999","C14 H16 O11 N2 S1","14","16","11","2","-9999","1","-9999","-9999","-9999"
"1227","419.039984","419.040086821","419.039823939","1274874","-9999","440813.4","13.05","-1","0.62734377","0.931079156","0","0.558647494","13","0.5","0.8125","N4 P1 O8","de-protonated","0","-9999","C16 H13 O8 N4 P1","16","13","8","4","1","-9999","-9999","-9999","-9999"
"1228","419.058761","419.058863814","419.059102833","936961.3","-9999","394730.6","9.14","-1","-0.570369488","0.942679307","0","0.565607584","21","0.12","0.52","N2 P1 O3","de-protonated","0","-9999","C25 H13 O3 N2 P1","25","13","3","2","1","-9999","-9999","-9999","-9999"
"1228","419.058761","419.058863814","419.058831506","936961.3","-9999","394730.6","9.14","-1","0.0770957","0.998922096","0","0.59935325800000006","7","0.533333333","1.333333333","N2 S2 O8","de-protonated","0","-9999","C15 H20 O8 N2 S2","15","20","8","2","-9999","2","-9999","-9999","-9999"
"1228","419.058761","419.058863814","419.058451384","936961.3","-9999","394730.6","9.14","-1","0.984182881","0.838824233","0","0.50329454","12","0.294117647","1","N4 S1 P1 O5","de-protonated","0","-9999","C17 H17 O5 N4 P1 S1","17","17","5","4","1","1","-9999","-9999","-9999"
"1229","419.06733","419.067432811","419.067345041","5378564.5","-9999","417892.5","60.57","-1","0.209440493","0.995998589","0.947178316","0.97647048","21","0.2","0.48","N2 O5","de-protonated","0","-9999","C25 H12 O5 N2","25","12","5","2","-9999","-9999","-9999","-9999","-9999"
"1230","419.080321","419.080423806","419.080612323","1351433.4","-9999","467051.7","13.94","-1","-0.449835748","0.963949337","0","0.578369602","11","0.4","1","S1 O8","de-protonated","0","-9999","C20 H20 O8 S1","20","20","8","-9999","-9999","1","-9999","-9999","-9999"
"1230","419.080321","419.080423806","419.080232201","1351433.4","-9999","467051.7","13.94","-1","0.457203811","0.962781118","0","0.577668671","16","0.227272727","0.772727273","N2 P1 O5","de-protonated","0","-9999","C22 H17 O5 N2 P1","22","17","5","2","1","-9999","-9999","-9999","-9999"
"1231","419.098218","419.098320799","419.098370388","916496.3","-9999","341493.2","8.9","-1","-0.118323293","0.997462869","0","0.598477722","11","0.5","1","O10","de-protonated","0","-9999","C20 H20 O10","20","20","10","-9999","-9999","-9999","-9999","-9999","-9999"
"1231","419.098218","419.098320799","419.098208197","916496.3","-9999","341493.2","8.9","-1","0.268677433","0.986987071","0","0.592192243","6","0.266666667","1.666666667","N4 S2 P1 O4","de-protonated","0","-9999","C15 H25 O4 N4 P1 S2","15","25","4","4","1","2","-9999","-9999","-9999"
"1232","419.099888","419.099990798","419.099707798","784144.9","-9999","619367.4","7.37","-1","0.67525634","0.92059474","0","0.552356844","16","0.285714286","0.761904762","N4 O6","de-protonated","0","-9999","C21 H16 O6 N4","21","16","6","4","-9999","-9999","-9999","-9999","-9999"
"1233","419.103697","419.103799797","419.10373055","7803410.5","-9999","423724.7","88.64","-1","0.165224639","0.997516692","0.959195666","0.982188282","20","0.153846154","0.615384615","N2 O4","de-protonated","0","-9999","C26 H16 O4 N2","26","16","4","2","-9999","-9999","-9999","-9999","-9999"
"1234","419.114699","419.114801793","419.114495909","819222.6","-9999","647382.4","7.77","-1","0.729832473","0.907874042","0","0.544724425","14","0.08","0.96","S2 O2","de-protonated","0","-9999","C25 H24 O2 S2","25","24","2","-9999","-9999","2","-9999","-9999","-9999"
"1234","419.114699","419.114801793","419.114628851","819222.6","-9999","647382.4","7.77","-1","0.412635655","0.969577433","0","0.58174646","1","0.714285714","2.071428571","S1 P1 O10","de-protonated","0","-9999","C14 H29 O10 P1 S1","14","29","10","-9999","1","1","-9999","-9999","-9999"
"1234","419.114699","419.114801793","419.11496394","819222.6","-9999","647382.4","7.77","-1","-0.386880199","0.973206912","0","0.583924147","20","0.12","0.64","N4 O3","de-protonated","0","-9999","C25 H16 O3 N4","25","16","3","4","-9999","-9999","-9999","-9999","-9999"
"1235","419.116717","419.116819792","419.116997833","2227223.3","-9999","440916.8","24.08","-1","-0.424799905","0.98382826","0.931003495","0.962698354","10","0.333333333","1.142857143","S1 O7","de-protonated","0","-9999","C21 H24 O7 S1","21","24","7","-9999","-9999","1","-9999","-9999","-9999"
"1235","419.116717","419.116819792","419.11661771","2227223.3","-9999","440916.8","24.08","-1","0.482160932","0.91408242","0.945119621","0.9264973","15","0.173913043","0.913043478","N2 P1 O4","de-protonated","0","-9999","C23 H21 O4 N2 P1","23","21","4","2","1","-9999","-9999","-9999","-9999"
"1236","419.134771","419.134873785","419.134755897","891166.2","-9999","402681.3","8.61","-1","0.281263766","0.985748252","0","0.591448951","10","0.428571429","1.142857143","O9","de-protonated","0","-9999","C21 H24 O9","21","24","9","-9999","-9999","-9999","-9999","-9999","-9999"
"1236","419.134771","419.134873785","419.135245155","891166.2","-9999","402681.3","8.61","-1","-0.88603842","0.867231915","0","0.520339149","14","0.041666667","1.041666667","N2 S1 P1 O1","de-protonated","0","-9999","C24 H25 O1 N2 P1 S1","24","25","1","2","1","1","-9999","-9999","-9999"
"1236","419.134771","419.134873785","419.134593706","891166.2","-9999","402681.3","8.61","-1","0.66823105","0.922172686","0","0.553303611","5","0.1875","1.8125","N4 S2 P1 O3","de-protonated","0","-9999","C16 H29 O3 N4 P1 S2","16","29","3","4","1","2","-9999","-9999","-9999"
"1237","419.136389","419.136491784","419.136093308","796702.8","-9999","666831.1","7.51","-1","0.950708566","0.848740485","0","0.509244291","15","0.227272727","0.909090909","N4 O5","de-protonated","0","-9999","C22 H20 O5 N4","22","20","5","4","-9999","-9999","-9999","-9999","-9999"
"1238","419.140064","419.140166783","419.14011606","8944160","-9999","419394.7","101.85","-1","0.121016461","0.996336863","0.962139487","0.982657913","19","0.111111111","0.740740741","N2 O3","de-protonated","0","-9999","C27 H20 O3 N2","27","20","3","2","-9999","-9999","-9999","-9999","-9999"
"1239","419.153124","419.153226778","419.153383342","1739301.3","-9999","489285.1","18.43","-1","-0.373525043","0.975001866","0","0.585001119","9","0.272727273","1.272727273","S1 O6","de-protonated","0","-9999","C22 H28 O6 S1","22","28","6","-9999","-9999","1","-9999","-9999","-9999"
"1239","419.153124","419.153226778","419.153003219","1739301.3","-9999","489285.1","18.43","-1","0.533357111","0.94969284","0","0.569815704","14","0.125","1.041666667","N2 P1 O3","de-protonated","0","-9999","C24 H25 O3 N2 P1","24","25","3","2","1","-9999","-9999","-9999","-9999"
"1240","419.162568","419.162670774","419.162899198","2316840.8","-9999","473264.2","25.11","-1","-0.544953255","0.473770273","0.807789663","0.607378029","9","0.272727273","1.318181818","P1 O6","de-protonated","0","-9999","C22 H29 O6 P1","22","29","6","-9999","1","-9999","-9999","-9999","-9999"
"1241","419.176476","419.176578769","419.176501569","4306478","-9999","436116.8","48.15","-1","0.184169262","0.988970113","0.970628696","0.981633546","18","0.071428571","0.857142857","N2 O2","de-protonated","0","-9999","C28 H24 O2 N2","28","24","2","2","-9999","-9999","-9999","-9999","-9999"
"1242","419.189577","419.189679764","419.189768851","841395.1","-9999","401097.5","8.03","-1","-0.212523621","0.991838127","0","0.595102876","8","0.217391304","1.391304348","S1 O5","de-protonated","0","-9999","C23 H32 O5 S1","23","32","5","-9999","-9999","1","-9999","-9999","-9999"
"1242","419.189577","419.189679764","419.189388729","841395.1","-9999","401097.5","8.03","-1","0.694279961","0.916253009","0","0.549751805","13","0.08","1.16","N2 P1 O2","de-protonated","0","-9999","C25 H29 O2 N2 P1","25","29","2","2","1","-9999","-9999","-9999","-9999"
"1243","419.211999","419.212101755","419.21223563","1144891.8","-9999","470296.3","11.54","-1","-0.319348922","0.981665348","0","0.588999209","8","0.142857143","1.523809524","N4 S1 O3","de-protonated","0","-9999","C21 H32 O3 N4 S1","21","32","3","4","-9999","1","-9999","-9999","-9999"
"1244","419.213009","419.213111755","419.212887079","1192252","-9999","530173.6","12.09","-1","0.535947154","0.949215711","0","0.569529426","17","0.034482759","0.965517241","N2 O1","de-protonated","0","-9999","C29 H28 O1 N2","29","28","1","2","-9999","-9999","-9999","-9999","-9999"
"1245","419.260032","419.260134736","419.260098305","1282382","-9999","476079.8","13.13","-1","0.086893352","0.998630918","0.983520345","0.992586689","2","0.1","2.05","13C1 N3 S2 O2","de-protonated","1","1221","C19 H41 O2 N3 S2 13C1","19","41","2","3","-9999","2","1","-9999","-9999"
"1246","420.070606","420.070708423","420.07099039","1024644.4","-9999","407819.5","10.15","-1","-0.671237262","0.921499152","0","0.552899491","6","0.375","1.5","N1 S2 P1 O6","de-protonated","0","-9999","C16 H24 O6 N1 P1 S2","16","24","6","1","1","2","-9999","-9999","-9999"
"1246","420.070606","420.070708423","420.070699876","1024644.4","-9999","407819.5","10.15","-1","0.020345976000000002","0.999924891","0.947178316","0.978826261","21","0.2","0.48","13C1 N2 O5","de-protonated","1","1229","C24 H12 O5 N2 13C1","24","12","5","2","-9999","-9999","1","-9999","-9999"
"1247","420.09904","420.099142412","420.098979523","1135503.3","-9999","558548.3","11.43","-1","0.387740233","0.973089277","0","0.583853566","20","0.16","0.6","N3 O4","de-protonated","0","-9999","C25 H15 O4 N3","25","15","4","3","-9999","-9999","-9999","-9999","-9999"
"1248","420.106978","420.107080409","420.1073759","1697682.3","-9999","517043.4","17.94","-1","-0.703369494","0.914143367","0","0.54848602","5","0.294117647","1.647058824","N1 S2 P1 O5","de-protonated","0","-9999","C17 H28 O5 N1 P1 S2","17","28","5","1","1","2","-9999","-9999","-9999"
"1248","420.106978","420.107080409","420.107085386","1697682.3","-9999","517043.4","17.94","-1","-0.011846176","0.999974537","0.959195666","0.983662989","20","0.153846154","0.615384615","13C1 N2 O4","de-protonated","1","1233","C25 H16 O4 N2 13C1","25","16","4","2","-9999","-9999","1","-9999","-9999"
"1249","420.119266","420.119368404","420.119260738","1075095","-9999","637736.2","10.73","-1","0.256276198","0.988153633","0","0.59289218","14","0.083333333","1","N1 S1 P1 O2","de-protonated","0","-9999","C24 H24 O2 N1 P1 S1","24","24","2","1","1","1","-9999","-9999","-9999"
"1250","420.120239","420.120341404","420.120352668","758679.4","-9999","703642.9","7.07","-1","-0.026811077","0.999869577","0.931003495","0.972323144","10","0.333333333","1.142857143","13C1 S1 O7","de-protonated","1","1235","C20 H24 O7 S1 13C1","20","24","7","-9999","-9999","1","1","-9999","-9999"
"1250","420.120239","420.120341404","420.119972545","758679.4","-9999","703642.9","7.07","-1","0.877984064","0.869470554","0.945119621","0.89973018","15","0.173913043","0.913043478","13C1 N2 P1 O4","de-protonated","1","1235","C22 H21 O4 N2 P1 13C1","22","21","4","2","1","-9999","1","-9999","-9999"
"1250","420.120239","420.120341404","420.120108891","758679.4","-9999","703642.9","7.07","-1","0.553444161","0.945938415","0","0.567563049","15","0.272727273","0.863636364","N3 O6","de-protonated","0","-9999","C22 H19 O6 N3","22","19","6","3","-9999","-9999","-9999","-9999","-9999"
"1251","420.135393","420.135495398","420.135365032","835229.3","-9999","627340.4","7.95","-1","0.310294928","0.982681309","0","0.589608786","19","0.115384615","0.730769231","N3 O3","de-protonated","0","-9999","C26 H19 O3 N3","26","19","3","3","-9999","-9999","-9999","-9999","-9999"
"1252","420.143436","420.143538395","420.143761409","2072992.4","-9999","438623.2","22.29","-1","-0.530804399","0.950161064","0","0.570096638","4","0.222222222","1.777777778","N1 S2 P1 O4","de-protonated","0","-9999","C18 H32 O4 N1 P1 S2","18","32","4","1","1","2","-9999","-9999","-9999"
"1252","420.143436","420.143538395","420.143470895","2072992.4","-9999","438623.2","22.29","-1","0.160659151","0.995327512","0.962139487","0.982052302","19","0.111111111","0.740740741","13C1 N2 O3","de-protonated","1","1238","C26 H20 O3 N2 13C1","26","20","3","2","-9999","-9999","1","-9999","-9999"
"1253","420.146515","420.146617394","420.146263332","911393.5","-9999","394311.2","8.84","-1","0.842709394","0.879099281","0","0.527459569","0","0.642857143","2.285714286","N1 S1 P1 O9","de-protonated","0","-9999","C14 H32 O9 N1 P1 S1","14","32","9","1","1","1","-9999","-9999","-9999"
"1254","420.179879","420.179981381","420.180146918","1097390.4","-9999","498770.6","10.99","-1","-0.39396815","0.972230061","0","0.583338036","3","0.157894737","1.894736842","N1 S2 P1 O3","de-protonated","0","-9999","C19 H36 O3 N1 P1 S2","19","36","3","1","1","2","-9999","-9999","-9999"
"1254","420.179879","420.179981381","420.179856404","1097390.4","-9999","498770.6","10.99","-1","0.297435617","0.98407576","0.970628696","0.978696934","18","0.071428571","0.857142857","13C1 N2 O2","de-protonated","1","1241","C27 H24 O2 N2 13C1","27","24","2","2","-9999","-9999","1","-9999","-9999"
"1259","421.019248","421.019350056","421.019468617","872945.6","-9999","578779.7","8.39","-1","-0.281603994","0.985714","0","0.5914284","8","0.923076923","1.076923077","N2 S1 O12","de-protonated","0","-9999","C13 H14 O12 N2 S1","13","14","12","2","-9999","1","-9999","-9999","-9999"
"1259","421.019248","421.019350056","421.019088494","872945.6","-9999","578779.7","8.39","-1","0.621258663","0.932363651","0","0.55941819","13","0.6","0.733333333","N4 P1 O9","de-protonated","0","-9999","C15 H11 O9 N4 P1","15","11","9","4","1","-9999","-9999","-9999","-9999"
"1260","421.037968","421.038070049","421.038367388","1214968.8","-9999","425145.9","12.35","-1","-0.706203505","0.913480999","0","0.548088599","21","0.166666667","0.458333333","N2 P1 O4","de-protonated","0","-9999","C24 H11 O4 N2 P1","24","11","4","2","1","-9999","-9999","-9999","-9999"
"1260","421.037968","421.038070049","421.038096062","1214968.8","-9999","425145.9","12.35","-1","-0.061782084","0.999307645","0","0.599584587","7","0.642857143","1.285714286","N2 S2 O9","de-protonated","0","-9999","C14 H18 O9 N2 S2","14","18","9","2","-9999","2","-9999","-9999","-9999"
"1260","421.037968","421.038070049","421.037715939","1214968.8","-9999","425145.9","12.35","-1","0.841040828","0.879547534","0","0.527728521","12","0.375","0.9375","N4 S1 P1 O6","de-protonated","0","-9999","C16 H15 O6 N4 P1 S1","16","15","6","4","1","1","-9999","-9999","-9999"
"1261","421.040501","421.040603048","421.040217863","3352825.8","-9999","401212.2","37.1","-1","0.914842487","0.859107621","0","0.515464573","8","0.916666667","1.25","N4 P1 O11","de-protonated","0","-9999","C12 H15 O11 N4 P1","12","15","11","4","1","-9999","-9999","-9999","-9999"
"1262","421.046601","421.046703046","421.046609596","4660476","-9999","401311.3","52.24","-1","0.221945504","0.989729024","0.948922014","0.97340622","21","0.25","0.416666667","N2 O6","de-protonated","0","-9999","C24 H10 O6 N2","24","10","6","2","-9999","-9999","-9999","-9999","-9999"
"1263","421.055549","421.055651042","421.055854126","833151.6","-9999","407498.9","7.93","-1","-0.482321159","0.958667404","0","0.575200443","7","0.785714286","1.285714286","N2 S1 O11","de-protonated","0","-9999","C14 H18 O11 N2 S1","14","18","11","2","-9999","1","-9999","-9999","-9999"
"1263","421.055549","421.055651042","421.055474004","833151.6","-9999","407498.9","7.93","-1","0.420463297","0.968430846","0","0.581058508","12","0.5","0.9375","N4 P1 O8","de-protonated","0","-9999","C16 H15 O8 N4 P1","16","15","8","4","1","-9999","-9999","-9999","-9999"
"1264","421.074371","421.074473035","421.074752897","955654.8","-9999","475854.9","9.34","-1","-0.664637791","0.92297442","0","0.553784652","20","0.12","0.6","N2 P1 O3","de-protonated","0","-9999","C25 H15 O3 N2 P1","25","15","3","2","1","-9999","-9999","-9999","-9999"
"1264","421.074371","421.074473035","421.074481571","955654.8","-9999","475854.9","9.34","-1","-0.020272028","0.999925436","0","0.599955261","6","0.533333333","1.466666667","N2 S2 O8","de-protonated","0","-9999","C15 H22 O8 N2 S2","15","22","8","2","-9999","2","-9999","-9999","-9999"
"1264","421.074371","421.074473035","421.074101448","955654.8","-9999","475854.9","9.34","-1","0.882472907","0.868224728","0","0.520934837","11","0.294117647","1.117647059","N4 S1 P1 O5","de-protonated","0","-9999","C17 H19 O5 N4 P1 S1","17","19","5","4","1","1","-9999","-9999","-9999"
"1265","421.079085","421.079187033","421.078775649","895816.6","-9999","340266.5","8.65","-1","0.976976299","0.840978125","0","0.504586875","24","0.033333333","0.5","P1 O1","de-protonated","0","-9999","C30 H15 O1 P1","30","15","1","-9999","1","-9999","-9999","-9999","-9999"
"1265","421.079085","421.079187033","421.078972354","895816.6","-9999","340266.5","8.65","-1","0.509831903","0.953931229","0","0.572358737","16","0.35","0.7","N4 O7","de-protonated","0","-9999","C20 H14 O7 N4","20","14","7","4","-9999","-9999","-9999","-9999","-9999"
"1266","421.08301","421.083112032","421.082995106","8682762","-9999","409240.1","98.82","-1","0.27767917","0.981918616","0.95161047","0.969795358","20","0.2","0.56","N2 O5","de-protonated","0","-9999","C25 H14 O5 N2","25","14","5","2","-9999","-9999","-9999","-9999","-9999"
"1267","421.094017","421.094119027","421.093760464","879374.4","-9999","487077.3","8.46","-1","0.851504143","0.876725742","0","0.526035445","14","0.125","0.916666667","S2 O3","de-protonated","0","-9999","C24 H22 O3 S2","24","22","3","-9999","-9999","2","-9999","-9999","-9999"
"1267","421.094017","421.094119027","421.093893406","879374.4","-9999","487077.3","8.46","-1","0.535798203","0.949243206","0","0.569545924","1","0.846153846","2.076923077","S1 P1 O11","de-protonated","0","-9999","C13 H27 O11 P1 S1","13","27","11","-9999","1","1","-9999","-9999","-9999"
"1267","421.094017","421.094119027","421.094228495","879374.4","-9999","487077.3","8.46","-1","-0.259959793","0.987812736","0","0.592687641","20","0.166666667","0.583333333","N4 O4","de-protonated","0","-9999","C24 H14 O4 N4","24","14","4","4","-9999","-9999","-9999","-9999","-9999"
"1268","421.115397","421.115499019","421.115357863","1441558.8","-9999","462295.7","14.97","-1","0.335195816","0.979819516","0","0.58789171","15","0.285714286","0.857142857","N4 O6","de-protonated","0","-9999","C21 H18 O6 N4","21","18","6","4","-9999","-9999","-9999","-9999","-9999"
"1269","421.119388","421.119490018","421.119380615","13350168","-9999","426656.2","152.86","-1","0.259789904","0.653584531","0.935915593","0.766516956","19","0.153846154","0.692307692","N2 O4","de-protonated","0","-9999","C26 H18 O4 N2","26","18","4","2","-9999","-9999","-9999","-9999","-9999"
"1270","421.120963","421.121065017","421.121034385","975640.9","-9999","608092.9","9.57","-1","0.07273841","0.999040438","0","0.599424263","14","0.208333333","0.958333333","P1 O5","de-protonated","0","-9999","C24 H23 O5 P1","24","23","5","-9999","1","-9999","-9999","-9999","-9999"
"1270","421.120963","421.121065017","421.120763059","975640.9","-9999","608092.9","9.57","-1","0.717033832","0.910929678","0","0.546557807","0","0.714285714","2.142857143","S2 O10","de-protonated","0","-9999","C14 H30 O10 S2","14","30","10","-9999","-9999","2","-9999","-9999","-9999"
"1270","421.120963","421.121065017","421.12123109","975640.9","-9999","608092.9","9.57","-1","-0.394358686","0.972175751","0","0.583305451","6","0.785714286","1.571428571","N4 O11","de-protonated","0","-9999","C14 H22 O11 N4","14","22","11","4","-9999","-9999","-9999","-9999","-9999"
"1271","421.130488","421.130590013","421.130278915","1058332.5","-9999","497552.2","10.53","-1","0.738721289","0.905726217","0","0.54343573","0","0.714285714","2.214285714","S1 P1 O10","de-protonated","0","-9999","C14 H31 O10 P1 S1","14","31","10","-9999","1","1","-9999","-9999","-9999"
"1271","421.130488","421.130590013","421.130614004","1058332.5","-9999","497552.2","10.53","-1","-0.056968116","0.999411306","0","0.599646784","19","0.12","0.72","N4 O3","de-protonated","0","-9999","C25 H18 O3 N4","25","18","3","4","-9999","-9999","-9999","-9999","-9999"
"1272","421.132516","421.132618012","421.132647897","911901.3","-9999","537708.8","8.84","-1","-0.070962444","0.999086702","0","0.599452021","9","0.333333333","1.238095238","S1 O7","de-protonated","0","-9999","C21 H26 O7 S1","21","26","7","-9999","-9999","1","-9999","-9999","-9999"
"1272","421.132516","421.132618012","421.132267775","911901.3","-9999","537708.8","8.84","-1","0.831657759","0.88205592","0","0.529233552","14","0.173913043","1","N2 P1 O4","de-protonated","0","-9999","C23 H23 O4 N2 P1","23","23","4","2","1","-9999","-9999","-9999","-9999"
"1273","421.154027","421.154129004","421.153777265","1658661.6","-9999","375186.6","17.48","-1","0.83517955","0.881116899","0","0.528670139","4","0.5","1.666666667","S1 O9","de-protonated","0","-9999","C18 H30 O9 S1","18","30","9","-9999","-9999","1","-9999","-9999","-9999"
"1273","421.154027","421.154129004","421.154266522","1658661.6","-9999","375186.6","17.48","-1","-0.32652721","0.980839872","0","0.588503923","8","0.047619048","1.476190476","N2 S2 P1 O1","de-protonated","0","-9999","C21 H31 O1 N2 P1 S2","21","31","1","2","1","2","-9999","-9999","-9999"
"1274","421.155796","421.155898003","421.155766124","9571622","-9999","415137.4","109.11","-1","0.313136253","0.983947061","0.939545435","0.966186411","18","0.111111111","0.814814815","N2 O3","de-protonated","0","-9999","C27 H22 O3 N2","27","22","3","2","-9999","-9999","-9999","-9999","-9999"
"1275","421.15892","421.159022002","421.159137428","1585703.5","-9999","394269.9","16.64","-1","-0.274065974","0.986463452","0","0.591878071","13","0.125","1.083333333","N2 S1 O3","de-protonated","0","-9999","C24 H26 O3 N2 S1","24","26","3","2","-9999","1","-9999","-9999","-9999"
"1275","421.15892","421.159022002","421.159270369","1585703.5","-9999","394269.9","16.64","-1","-0.589722551","0.938846864","0","0.563308118","0","0.846153846","2.384615385","N2 P1 O11","de-protonated","0","-9999","C13 H31 O11 N2 P1","13","31","11","2","1","-9999","-9999","-9999","-9999"
"1276","421.160612","421.160714002","421.160791198","9313576","-9999","419876.8","106.12","-1","-0.183294183","0.994652755","0.982854411","0.989933417","8","0.181818182","1.409090909","S1 P1 O4","de-protonated","0","-9999","C22 H31 O4 P1 S1","22","31","4","-9999","1","1","-9999","-9999","-9999"
"1276","421.160612","421.160714002","421.160987902","9313576","-9999","419876.8","106.12","-1","-0.650347067","0.928783199","0.939814021","0.933195528","0","0.833333333","2.5","N4 S1 O10","de-protonated","0","-9999","C12 H30 O10 N4 S1","12","30","10","4","-9999","1","-9999","-9999","-9999"
"1277","421.168928","421.169029998","421.169033406","841323.4","-9999","349628.9","8.02","-1","-0.00809183","0.999988119","0","0.599992872","8","0.272727273","1.363636364","S1 O6","de-protonated","0","-9999","C22 H30 O6 S1","22","30","6","-9999","-9999","1","-9999","-9999","-9999"
"1277","421.168928","421.169029998","421.168653284","841323.4","-9999","349628.9","8.02","-1","0.894450451","0.86487828","0","0.518926968","13","0.125","1.125","N2 P1 O3","de-protonated","0","-9999","C24 H27 O3 N2 P1","24","27","3","2","1","-9999","-9999","-9999","-9999"
"1278","421.190413","421.19051499","421.190162774","854835.7","-9999","581708.6","8.18","-1","0.836238918","0.880833857","0","0.528500314","3","0.421052632","1.789473684","S1 O8","de-protonated","0","-9999","C19 H34 O8 S1","19","34","8","-9999","-9999","1","-9999","-9999","-9999"
"1279","421.192146","421.192247989","421.192151634","3243316.3","-9999","445547.8","35.83","-1","0.228769068","0.495274389","0.767553728","0.604186124","17","0.071428571","0.928571429","N2 O2","de-protonated","0","-9999","C28 H26 O2 N2","28","26","2","2","-9999","-9999","-9999","-9999","-9999"
"1280","421.213325","421.213426981","421.213281002","851516.5","-9999","516723.5","8.14","-1","0.346569055","0.978441948","0","0.587065169","12","0.16","1.2","N2 O4","de-protonated","0","-9999","C25 H30 O4 N2","25","30","4","2","-9999","-9999","-9999","-9999","-9999"
"1281","421.231879","421.231980974","421.231908446","2190659.8","-9999","445145.6","23.64","-1","0.17217999","0.497317612","0.780512821","0.610595695","11","0.038461538","1.307692308","N2 S1 O1","de-protonated","0","-9999","C26 H34 O1 N2 S1","26","34","1","2","-9999","1","-9999","-9999","-9999"
"1282","422.04997","422.050071658","422.050254945","854912.8","-9999","511150.7","8.17","-1","-0.434279105","0.966357992","0","0.579814795","6","0.466666667","1.466666667","N1 S2 P1 O7","de-protonated","0","-9999","C15 H22 O7 N1 P1 S2","15","22","7","1","1","2","-9999","-9999","-9999"
"1282","422.04997","422.050071658","422.049964431","854912.8","-9999","511150.7","8.17","-1","0.254061016","0.98835635","0.948922014","0.972582615","21","0.25","0.416666667","13C1 N2 O6","de-protonated","1","1262","C23 H10 O6 N2 13C1","23","10","6","2","-9999","-9999","1","-9999","-9999"
"1283","422.078295","422.078396647","422.078244078","1133707.9","-9999","443209.4","11.4","-1","0.361470924","0.976570526","0","0.585942315","20","0.208333333","0.541666667","N3 O5","de-protonated","0","-9999","C24 H13 O5 N3","24","13","5","3","-9999","-9999","-9999","-9999","-9999"
"1284","422.086397","422.086498644","422.086640455","1708943","-9999","442420.8","18.06","-1","-0.335976138","0.979726408","0","0.587835845","5","0.375","1.625","N1 S2 P1 O6","de-protonated","0","-9999","C16 H26 O6 N1 P1 S2","16","26","6","1","1","2","-9999","-9999","-9999"
"1284","422.086397","422.086498644","422.086349941","1708943","-9999","442420.8","18.06","-1","0.352304714","0.977730549","0.95161047","0.967282518","20","0.2","0.56","13C1 N2 O5","de-protonated","1","1266","C24 H14 O5 N2 13C1","24","14","5","2","-9999","-9999","1","-9999","-9999"
"1285","422.09863","422.098731639","422.098525293","1379219.8","-9999","458894.8","14.24","-1","0.488858049","0.957563727","0","0.574538236","14","0.130434783","0.956521739","N1 S1 P1 O3","de-protonated","0","-9999","C23 H22 O3 N1 P1 S1","23","22","3","1","1","1","-9999","-9999","-9999"
"1286","422.114501","422.114602633","422.114629587","1082265.9","-9999","496264","10.8","-1","-0.063855484","0.999260412","0","0.599556247","19","0.16","0.68","N3 O4","de-protonated","0","-9999","C25 H17 O4 N3","25","17","4","3","-9999","-9999","-9999","-9999","-9999"
"1288","422.121144","422.12124563","422.121372194","814492.5","-9999","467122.4","7.7","-1","-0.299827373","0.98382072","0","0.590292432","9","0.210526316","1.315789474","N3 S2 O4","de-protonated","0","-9999","C19 H25 O4 N3 S2","19","25","4","3","-9999","2","-9999","-9999","-9999"
"1289","422.122798","422.12289963","422.123025964","2888861.3","-9999","453357.6","31.72","-1","-0.299283512","0.491939444","0.844689208","0.633039349","4","0.294117647","1.764705882","N1 S2 P1 O5","de-protonated","0","-9999","C17 H30 O5 N1 P1 S2","17","30","5","1","1","2","-9999","-9999","-9999"
"1289","422.122798","422.12289963","422.12273545","2888861.3","-9999","453357.6","31.72","-1","0.388938038","0.648616687","0.935915593","0.763536249","19","0.153846154","0.692307692","13C1 N2 O4","de-protonated","1","1269","C25 H18 O4 N2 13C1","25","18","4","2","-9999","-9999","1","-9999","-9999"
"1290","422.159139","422.159240616","422.159411473","1899179.3","-9999","350615.3","20.26","-1","-0.404723561","0.970715835","0","0.582429501","3","0.222222222","1.888888889","N1 S2 P1 O4","de-protonated","0","-9999","C18 H34 O4 N1 P1 S2","18","34","4","1","1","2","-9999","-9999","-9999"
"1290","422.159139","422.159240616","422.159120959","1899179.3","-9999","350615.3","20.26","-1","0.283438598","0.98552860900000006","0.939545435","0.967135339","18","0.111111111","0.814814815","13C1 N2 O3","de-protonated","1","1274","C26 H22 O3 N2 13C1","26","22","3","2","-9999","-9999","1","-9999","-9999"
"1291","422.162096","422.162197614","422.161780455","773036.4","-9999","656278.6","7.22","-1","0.988150268","0.837634084","0","0.50258045","12","0.04","1.16","N1 S2 O1","de-protonated","0","-9999","C25 H29 O1 N1 S2","25","29","1","1","-9999","2","-9999","-9999","-9999"
"1292","422.163977","422.164078614","422.164146033","1976493.1","-9999","449012.5","21.16","-1","-0.15969921","0.995383053","0.982854411","0.990371596","8","0.181818182","1.409090909","13C1 S1 P1 O4","de-protonated","1","1276","C21 H31 O4 P1 S1 13C1","21","31","4","-9999","1","1","1","-9999","-9999"
"1292","422.163977","422.164078614","422.164282379","1976493.1","-9999","449012.5","21.16","-1","-0.482667315","0.958609301","0","0.57516558","8","0.285714286","1.380952381","N1 S1 O6","de-protonated","0","-9999","C21 H29 O6 N1 S1","21","29","6","1","-9999","1","-9999","-9999","-9999"
"1292","422.163977","422.164078614","422.163902256","1976493.1","-9999","449012.5","21.16","-1","0.4177468","0.484415522","0.800793265","0.610966619","13","0.130434783","1.130434783","N3 P1 O3","de-protonated","0","-9999","C23 H26 O3 N3 P1","23","26","3","3","1","-9999","-9999","-9999","-9999"
"1292","422.163977","422.164078614","422.164342737","1976493.1","-9999","449012.5","21.16","-1","-0.625642064","0.931439449","0.939814021","0.934789278","0","0.833333333","2.5","13C1 N4 S1 O10","de-protonated","1","1276","C11 H30 O10 N4 S1 13C1","11","30","10","4","-9999","1","1","-9999","-9999"
"1299","423.025965","423.02606628","423.025874151","1111037.3","-9999","542586.9","11.13","-1","0.45417812","0.963262971","0","0.577957783","21","0.304347826","0.347826087","N2 O7","de-protonated","0","-9999","C23 H8 O7 N2","23","8","7","2","-9999","-9999","-9999","-9999","-9999"
"1300","423.034928","423.035029277","423.035118681","1276928.8","-9999","376082.1","13.05","-1","-0.211340512","0.99192838","0","0.595157028","7","0.923076923","1.230769231","N2 S1 O12","de-protonated","0","-9999","C13 H16 O12 N2 S1","13","16","12","2","-9999","1","-9999","-9999","-9999"
"1300","423.034928","423.035029277","423.034738559","1276928.8","-9999","376082.1","13.05","-1","0.687220303","0.917875895","0","0.550725537","12","0.6","0.866666667","N4 P1 O9","de-protonated","0","-9999","C15 H13 O9 N4 P1","15","13","9","4","1","-9999","-9999","-9999","-9999"
"1301","423.038468","423.038569276","423.038761311","3875842.3","-9999","429139.2","43.15","-1","-0.453942581","0.481650179","0.822155738","0.617852403","16","0.35","0.65","N2 P1 O7","de-protonated","0","-9999","C20 H13 O7 N2 P1","20","13","7","2","1","-9999","-9999","-9999","-9999"
"1302","423.050107","423.050208271","423.050374823","1002758.7","-9999","504543.2","9.88","-1","-0.393692162","0.97226841","0","0.583361046","11","0.529411765","0.941176471","N2 S1 O9","de-protonated","0","-9999","C17 H16 O9 N2 S1","17","16","9","2","-9999","1","-9999","-9999","-9999"
"1302","423.050107","423.050208271","423.0499947","1002758.7","-9999","504543.2","9.88","-1","0.504836086","0.95480904","0","0.572885424","16","0.315789474","0.684210526","N4 P1 O6","de-protonated","0","-9999","C19 H13 O6 N4 P1","19","13","6","4","1","-9999","-9999","-9999","-9999"
"1303","423.053585","423.05368627","423.054017452","1024776.1","-9999","570353.3","10.13","-1","-0.782837244","0.894761612","0","0.536856967","20","0.166666667","0.541666667","N2 P1 O4","de-protonated","0","-9999","C24 H13 O4 N2 P1","24","13","4","2","1","-9999","-9999","-9999","-9999"
"1303","423.053585","423.05368627","423.053746126","1024776.1","-9999","570353.3","10.13","-1","-0.141486234","0.996374285","0","0.597824571","6","0.642857143","1.428571429","N2 S2 O9","de-protonated","0","-9999","C14 H20 O9 N2 S2","14","20","9","2","-9999","2","-9999","-9999","-9999"
"1303","423.053585","423.05368627","423.053366004","1024776.1","-9999","570353.3","10.13","-1","0.75703508","0.901235549","0","0.540741329","11","0.375","1.0625","N4 S1 P1 O6","de-protonated","0","-9999","C16 H17 O6 N4 P1 S1","16","17","6","4","1","1","-9999","-9999","-9999"
"1304","423.062272","423.062373266","423.062259661","8308747.5","-9999","427831.3","94.48","-1","0.268531895","0.981004023","0.964552428","0.974423385","20","0.25","0.5","N2 O6","de-protonated","0","-9999","C24 H12 O6 N2","24","12","6","2","-9999","-9999","-9999","-9999","-9999"
"1305","423.090638","423.090739255","423.090783084","1113366.6","-9999","430800.8","11.16","-1","-0.103591563","0.99805473","0","0.598832838","14","0.260869565","0.869565217","S1 O6","de-protonated","0","-9999","C23 H20 O6 S1","23","20","6","-9999","-9999","1","-9999","-9999","-9999"
"1305","423.090638","423.090739255","423.090402962","1113366.6","-9999","430800.8","11.16","-1","0.794851129","0.891689626","0","0.535013775","19","0.12","0.68","N2 P1 O3","de-protonated","0","-9999","C25 H17 O3 N2 P1","25","17","3","2","1","-9999","-9999","-9999","-9999"
"1306","423.094711","423.094812254","423.094425714","1529368.1","-9999","519378.5","15.98","-1","0.913602937","0.429730498","0.755017935","0.559845473","23","0.033333333","0.566666667","P1 O1","de-protonated","0","-9999","C30 H17 O1 P1","30","17","1","-9999","1","-9999","-9999","-9999","-9999"
"1306","423.094711","423.094812254","423.094622418","1529368.1","-9999","519378.5","15.98","-1","0.448684077","0.964130348","0","0.578478209","15","0.35","0.8","N4 O7","de-protonated","0","-9999","C20 H16 O7 N4","20","16","7","4","-9999","-9999","-9999","-9999","-9999"
"1307","423.098681","423.098782252","423.09864517","12896282","-9999","405835.9","147.6","-1","0.323996039","0.98288784","0.969227775","0.977423814","19","0.2","0.64","N2 O5","de-protonated","0","-9999","C25 H16 O5 N2","25","16","5","2","-9999","-9999","-9999","-9999","-9999"
"1308","423.100395","423.100496252","423.10029894","834330.4","-9999","572208.4","7.93","-1","0.466346498","0.961307166","0","0.5767843","14","0.260869565","0.913043478","P1 O6","de-protonated","0","-9999","C23 H21 O6 P1","23","21","6","-9999","1","-9999","-9999","-9999","-9999"
"1308","423.100395","423.100496252","423.100495645","834330.4","-9999","572208.4","7.93","-1","0.001434299","0.999999627","0","0.599999776","6","0.923076923","1.538461538","N4 O12","de-protonated","0","-9999","C13 H20 O12 N4","13","20","12","4","-9999","-9999","-9999","-9999","-9999"
"1309","423.109816","423.109917248","423.10954347","844062.1","-9999","491462.7","8.04","-1","0.883406239","0.86796512","0","0.520779072","0","0.846153846","2.230769231","S1 P1 O11","de-protonated","0","-9999","C13 H29 O11 P1 S1","13","29","11","-9999","1","1","-9999","-9999","-9999"
"1309","423.109816","423.109917248","423.109878559","844062.1","-9999","491462.7","8.04","-1","0.091438874","0.998484045","0","0.599090427","19","0.166666667","0.666666667","N4 O4","de-protonated","0","-9999","C24 H16 O4 N4","24","16","4","4","-9999","-9999","-9999","-9999","-9999"
"1310","423.127111","423.127212241","423.127168593","1484324.9","-9999","464543.1","15.46","-1","0.103155547","0.998071055","0","0.598842633","13","0.208333333","1","S1 O5","de-protonated","0","-9999","C24 H24 O5 S1","24","24","5","-9999","-9999","1","-9999","-9999","-9999"
"1311","423.128168","423.128269241","423.128506004","968485.3","-9999","446650.3","9.48","-1","-0.559553447","0.944772053","0","0.566863232","18","0.04","0.8","N4 S1 O1","de-protonated","0","-9999","C25 H20 O1 N4 S1","25","20","1","4","-9999","1","-9999","-9999","-9999"
"1311","423.128168","423.128269241","423.128638946","968485.3","-9999","446650.3","9.48","-1","-0.873740773","0.870644019","0","0.522386412","5","0.642857143","1.785714286","N4 P1 O9","de-protonated","0","-9999","C14 H25 O9 N4 P1","14","25","9","4","1","-9999","-9999","-9999","-9999"
"1312","423.131253","423.13135424","423.131007927","1596454.5","-9999","375439.6","16.75","-1","0.81845182","0.885550467","0","0.53133028","14","0.285714286","0.952380952","N4 O6","de-protonated","0","-9999","C21 H20 O6 N4","21","20","6","4","-9999","-9999","-9999","-9999","-9999"
"1313","423.135078","423.135179238","423.135030679","16754728","-9999","418224.7","192.28","-1","0.351090914","0.651977573","0.927836753","0.762321245","18","0.153846154","0.769230769","N2 O4","de-protonated","0","-9999","C26 H20 O4 N2","26","20","4","2","-9999","-9999","-9999","-9999","-9999"
"1314","423.157682","423.15778323","423.157813818","3710000.8","-9999","432544.6","41.23","-1","-0.072285594","0.998451518","0.999523775","0.998880421","8","0.333333333","1.380952381","P1 O7","de-protonated","0","-9999","C21 H29 O7 P1","21","29","7","-9999","1","-9999","-9999","-9999","-9999"
"1315","423.171477","423.171578224","423.171416189","6987830","-9999","424371.1","79.18","-1","0.382907344","0.98507288","0.968637604","0.97849877","17","0.111111111","0.888888889","N2 O3","de-protonated","0","-9999","C27 H24 O3 N2","27","24","3","2","-9999","-9999","-9999","-9999","-9999"
"1316","423.207867","423.20796821","423.207801698","1798468.5","-9999","435403.3","19.09","-1","0.393452164","0.486150869","0.767553728","0.598712013","16","0.071428571","1","N2 O2","de-protonated","0","-9999","C28 H28 O2 N2","28","28","2","2","-9999","-9999","-9999","-9999","-9999"
"1319","424.065672","424.065772879","424.06590501","1709461.1","-9999","439933.9","17.35","-1","-0.311582018","0.982538601","0","0.589523161","5","0.466666667","1.6","N1 S2 P1 O7","de-protonated","0","-9999","C15 H24 O7 N1 P1 S2","15","24","7","1","1","2","-9999","-9999","-9999"
"1319","424.065672","424.065772879","424.065614496","1709461.1","-9999","439933.9","17.35","-1","0.373486399","0.975006973","0.964552428","0.970825155","20","0.25","0.5","13C1 N2 O6","de-protonated","1","1304","C23 H12 O6 N2 13C1","23","12","6","2","-9999","-9999","1","-9999","-9999"
"1320","424.093902","424.094002868","424.093894142","943264.3","-9999","445568.1","8.83","-1","0.25637093","0.988144926","0","0.592886955","19","0.208333333","0.625","N3 O5","de-protonated","0","-9999","C24 H15 O5 N3","24","15","5","3","-9999","-9999","-9999","-9999","-9999"
"1321","424.096626","424.096726867","424.096417292","1311649.3","-9999","442729.6","12.93","-1","0.729961703","0.907842966","0","0.54470578","13","0.043478261","1.043478261","N1 S2 P1 O1","de-protonated","0","-9999","C23 H24 O1 N1 P1 S2","23","24","1","1","1","2","-9999","-9999","-9999"
"1322","424.102023","424.102123864","424.102290519","2870691.5","-9999","422854.1","30.28","-1","-0.392958768","0.486185098","0.85247738","0.632702011","4","0.375","1.75","N1 S2 P1 O6","de-protonated","0","-9999","C16 H28 O6 N1 P1 S2","16","28","6","1","1","2","-9999","-9999","-9999"
"1322","424.102023","424.102123864","424.102000005","2870691.5","-9999","422854.1","30.28","-1","0.29205082","0.984642718","0.969227775","0.978476741","19","0.2","0.64","13C1 N2 O5","de-protonated","1","1307","C24 H16 O5 N2 13C1","24","16","5","2","-9999","-9999","1","-9999","-9999"
"1323","424.130364","424.130464854","424.130279652","1084590.5","-9999","419545.8","10.4","-1","0.436662765","0.965994041","0","0.579596424","18","0.16","0.76","N3 O4","de-protonated","0","-9999","C25 H19 O4 N3","25","19","4","3","-9999","-9999","-9999","-9999","-9999"
"1324","424.138433","424.13853385","424.138676029","3427249.8","-9999","415952.3","36.47","-1","-0.335216161","0.489908546","0.844689208","0.63182081","3","0.294117647","1.882352941","N1 S2 P1 O5","de-protonated","0","-9999","C17 H32 O5 N1 P1 S2","17","32","5","1","1","2","-9999","-9999","-9999"
"1324","424.138433","424.13853385","424.138385514","3427249.8","-9999","415952.3","36.47","-1","0.3497347","0.652033793","0.927836753","0.762354977","18","0.153846154","0.769230769","13C1 N2 O4","de-protonated","1","1313","C25 H20 O4 N2 13C1","25","20","4","2","-9999","-9999","1","-9999","-9999"
"1325","424.161114","424.161214842","424.161168653","839994.6","-9999","399473.1","7.68","-1","0.108894463","0.997850694","0.999523775","0.998519926","8","0.333333333","1.380952381","13C1 P1 O7","de-protonated","1","1314","C20 H29 O7 P1 13C1","20","29","7","-9999","1","-9999","1","-9999","-9999"
"1325","424.161114","424.161214842","424.161304998","839994.6","-9999","399473.1","7.68","-1","-0.21255314","0.991835868","0","0.595101521","8","0.45","1.35","N1 O9","de-protonated","0","-9999","C20 H27 O9 N1","20","27","9","1","-9999","-9999","-9999","-9999","-9999"
"1326","424.17473","424.174830836","424.175061538","1689024","-9999","462616.8","17.13","-1","-0.543882801","0.947740959","0","0.568644575","2","0.222222222","2","N1 S2 P1 O4","de-protonated","0","-9999","C18 H36 O4 N1 P1 S2","18","36","4","1","1","2","-9999","-9999","-9999"
"1326","424.17473","424.174830836","424.174771024","1689024","-9999","462616.8","17.13","-1","0.141009162","0.99639865","0.968637604","0.985294232","17","0.111111111","0.888888889","13C1 N2 O3","de-protonated","1","1315","C26 H24 O3 N2 13C1","26","24","3","2","-9999","-9999","1","-9999","-9999"
"1330","425.033084","425.033184505","425.033282007","1385234.9","-9999","414737.2","13.74","-1","-0.229400386","0.99049679","0","0.594298074","20","0.217391304","0.47826087","N2 P1 O5","de-protonated","0","-9999","C23 H11 O5 N2 P1","23","11","5","2","1","-9999","-9999","-9999","-9999"
"1330","425.033084","425.033184505","425.033010681","1385234.9","-9999","414737.2","13.74","-1","0.408964378","0.970108235","0","0.582064941","6","0.769230769","1.384615385","N2 S2 O10","de-protonated","0","-9999","C13 H18 O10 N2 S2","13","18","10","2","-9999","2","-9999","-9999","-9999"
"1331","425.039908","425.040008502","425.040024614","823317.6","-9999","553545.9","7.49","-1","-0.0379072","0.9997393","0","0.59984358","10","0.294117647","1.117647059","N2 S2 P1 O5","de-protonated","0","-9999","C17 H19 O5 N2 P1 S2","17","19","5","2","1","2","-9999","-9999","-9999"
"1332","425.041632","425.041732501","425.041524216","3281686.3","-9999","439261.7","34.85","-1","0.490035431","0.478681748","0.800793265","0.607526355","20","0.304347826","0.434782609","N2 O7","de-protonated","0","-9999","C23 H10 O7 N2","23","10","7","2","-9999","-9999","-9999","-9999","-9999"
"1333","425.057001","425.057101495","425.056780357","1107996.4","-9999","429465.5","10.66","-1","0.755518297","0.901610795","0","0.540966477","24","0.148148148","0.37037037","N2 O4","de-protonated","0","-9999","C27 H10 O4 N2","27","10","4","2","-9999","-9999","-9999","-9999","-9999"
"1334","425.065837","425.065937492","425.066024887","866463.9","-9999","383728.4","7.97","-1","-0.205604132","0.992358951","0","0.595415371","10","0.529411765","1.058823529","N2 S1 O9","de-protonated","0","-9999","C17 H18 O9 N2 S1","17","18","9","2","-9999","1","-9999","-9999","-9999"
"1334","425.065837","425.065937492","425.065644765","866463.9","-9999","383728.4","7.97","-1","0.688663487","0.91754525","0","0.55052715","15","0.315789474","0.789473684","N4 P1 O6","de-protonated","0","-9999","C19 H15 O6 N4 P1","19","15","6","4","1","-9999","-9999","-9999","-9999"
"1335","425.070256","425.07035649","425.070047639","841505.6","-9999","484975.4","7.69","-1","0.726588388","0.908652697","0","0.545191618","14","0.318181818","0.818181818","S1 O7","de-protonated","0","-9999","C22 H18 O7 S1","22","18","7","-9999","-9999","1","-9999","-9999","-9999"
"1336","425.074083","425.074183489","425.073886973","1250339.1","-9999","512148.7","12.24","-1","0.697562284","0.915493801","0","0.549296281","15","0.421052632","0.736842105","N4 O8","de-protonated","0","-9999","C19 H14 O8 N4","19","14","8","4","-9999","-9999","-9999","-9999","-9999"
"1337","425.078001","425.078101487","425.077909725","10027813","-9999","418099.6","109.91","-1","0.451122","0.955787532","0.940642426","0.949729489","19","0.25","0.583333333","N2 O6","de-protonated","0","-9999","C24 H14 O6 N2","24","14","6","2","-9999","-9999","-9999","-9999","-9999"
"1338","425.093215","425.093315481","425.093678931","1125418.8","-9999","455594.8","10.85","-1","-0.85498666","0.875780853","0","0.525468512","5","0.933333333","1.466666667","O14","de-protonated","0","-9999","C15 H22 O14","15","22","14","-9999","-9999","-9999","-9999","-9999","-9999"
"1338","425.093215","425.093315481","425.093165866","1125418.8","-9999","455594.8","10.85","-1","0.351957729","0.977773903","0","0.586664342","23","0.107142857","0.5","N2 O3","de-protonated","0","-9999","C28 H14 O3 N2","28","14","3","2","-9999","-9999","-9999","-9999","-9999"
"1339","425.106438","425.106538476","425.106433149","2084144","-9999","389378.8","21.52","-1","0.247767653","0.991813391","0.796771939","0.91379681","13","0.260869565","0.956521739","S1 O6","de-protonated","0","-9999","C23 H22 O6 S1","23","22","6","-9999","-9999","1","-9999","-9999","-9999"
"1340","425.112674","425.112774474","425.112795633","2627890.5","-9999","413875.4","27.57","-1","-0.049772455","0.499775299","0.829532115","0.631678025","8","0.157894737","1.421052632","N2 S2 P1 O3","de-protonated","0","-9999","C19 H27 O3 N2 P1 S2","19","27","3","2","1","2","-9999","-9999","-9999"
"1341","425.114389","425.114489473","425.114295235","15530803","-9999","410418.1","171.15","-1","0.456909075","0.642947217","0.919847921","0.753707499","18","0.2","0.72","N2 O5","de-protonated","0","-9999","C25 H18 O5 N2","25","18","5","2","-9999","-9999","-9999","-9999","-9999"
"1342","425.116096","425.116196472","425.115949005","859187.8","-9999","302615.1","7.89","-1","0.582117985","0.940366161","0","0.564219697","13","0.260869565","1","P1 O6","de-protonated","0","-9999","C23 H23 O6 P1","23","23","6","-9999","1","-9999","-9999","-9999","-9999"
"1342","425.116096","425.116196472","425.116145709","859187.8","-9999","302615.1","7.89","-1","0.119410072","0.99741611","0","0.598449666","5","0.923076923","1.692307692","N4 O12","de-protonated","0","-9999","C13 H22 O12 N4","13","22","12","4","-9999","-9999","-9999","-9999","-9999"
"1343","425.129653","425.129753467","425.13006444","907961.1","-9999","430212.6","8.43","-1","-0.731476993","0.907478251","0","0.544486951","4","0.8125","1.625","O13","de-protonated","0","-9999","C16 H26 O13","16","26","13","-9999","-9999","-9999","-9999","-9999","-9999"
"1343","425.129653","425.129753467","425.129551376","907961.1","-9999","430212.6","8.43","-1","0.475364246","0.959827046","0","0.575896228","22","0.068965517","0.620689655","N2 O2","de-protonated","0","-9999","C29 H18 O2 N2","29","18","2","2","-9999","-9999","-9999","-9999","-9999"
"1344","425.142818","425.142918462","425.142818658","2039102.4","-9999","400308.4","21.02","-1","0.234754546","0.99196237","0.87391347","0.94474281","12","0.208333333","1.083333333","S1 O5","de-protonated","0","-9999","C24 H26 O5 S1","24","26","5","-9999","-9999","1","-9999","-9999","-9999"
"1345","425.146847","425.146947461","425.146657992","1179712","-9999","504963.6","11.45","-1","0.680867828","0.919324458","0","0.551594675","13","0.285714286","1.047619048","N4 O6","de-protonated","0","-9999","C21 H22 O6 N4","21","22","6","4","-9999","-9999","-9999","-9999","-9999"
"1346","425.150765","425.150865459","425.150680744","11418434","-9999","421035.3","125.39","-1","0.434469884","0.953946072","0.961534464","0.956981429","17","0.153846154","0.846153846","N2 O4","de-protonated","0","-9999","C26 H22 O4 N2","26","22","4","2","-9999","-9999","-9999","-9999","-9999"
"1347","425.163825","425.163925454","425.163948026","1497414.8","-9999","397130.9","14.99","-1","-0.053090042","0.999488708","0","0.599693225","7","0.333333333","1.428571429","S1 O7","de-protonated","0","-9999","C21 H30 O7 S1","21","30","7","-9999","-9999","1","-9999","-9999","-9999"
"1347","425.163825","425.163925454","425.163567903","1497414.8","-9999","397130.9","14.99","-1","0.840971746","0.879566079","0","0.527739647","12","0.173913043","1.173913043","N2 P1 O4","de-protonated","0","-9999","C23 H27 O4 N2 P1","23","27","4","2","1","-9999","-9999","-9999","-9999"
"1348","425.17928","425.179380448","425.179204167","896460.8","-9999","469436.2","8.3","-1","0.414603447","0.969291093","0","0.581574656","11","0.16","1.2","S1 O4","de-protonated","0","-9999","C25 H30 O4 S1","25","30","4","-9999","-9999","1","-9999","-9999","-9999"
"1349","425.187165","425.187265445","425.187066253","3296080","-9999","439215.9","35","-1","0.468480255","0.48047965","0.773979033","0.597879403","16","0.111111111","0.962962963","N2 O3","de-protonated","0","-9999","C27 H26 O3 N2","27","26","3","2","-9999","-9999","-9999","-9999","-9999"
"1350","425.209628","425.209728436","425.209849392","4036440.8","-9999","435133.7","43.24","-1","-0.284460199","0.989822593","0.97721903","0.984781168","6","0.272727273","1.590909091","P1 O6","de-protonated","0","-9999","C22 H35 O6 P1","22","35","6","-9999","1","-9999","-9999","-9999","-9999"
"1351","425.22358","425.223680431","425.223451763","861534.4","-9999","558751.2","7.91","-1","0.537760363","0.948880455","0","0.569328273","15","0.071428571","1.071428571","N2 O2","de-protonated","0","-9999","C28 H30 O2 N2","28","30","2","2","-9999","-9999","-9999","-9999","-9999"
"1352","425.263279","425.263379416","425.263208575","1105262.1","-9999","454224.8","10.63","-1","0.401728382","0.971141377","0","0.582684826","9","0.038461538","1.461538462","N2 S1 O1","de-protonated","0","-9999","C26 H38 O1 N2 S1","26","38","1","2","-9999","1","-9999","-9999","-9999"
"1353","425.282446","425.282546408","425.28262041","1412981.6","-9999","458104.2","14.05","-1","-0.174006944","0.994521085","0","0.596712651","4","0.166666667","1.791666667","P1 O4","de-protonated","0","-9999","C24 H43 O4 P1","24","43","4","-9999","1","-9999","-9999","-9999","-9999"
"1356","426.081396","426.081496099","426.081555074","1724339.3","-9999","416260.7","17.51","-1","-0.138412521","0.996529836","0","0.597917902","4","0.466666667","1.733333333","N1 S2 P1 O7","de-protonated","0","-9999","C15 H26 O7 N1 P1 S2","15","26","7","1","1","2","-9999","-9999","-9999"
"1356","426.081396","426.081496099","426.08126456","1724339.3","-9999","416260.7","17.51","-1","0.543415181","0.947828398","0.940642426","0.944954009","19","0.25","0.583333333","13C1 N2 O6","de-protonated","1","1337","C23 H14 O6 N2 13C1","23","14","6","2","-9999","-9999","1","-9999","-9999"
"1357","426.109615","426.109715088","426.109787984","1403582.5","-9999","483792","13.94","-1","-0.171071549","0.994703892","0.796771939","0.915531111","13","0.260869565","0.956521739","13C1 S1 O6","de-protonated","1","1339","C22 H22 O6 S1 13C1","22","22","6","-9999","-9999","1","1","-9999","-9999"
"1357","426.109615","426.109715088","426.109544207","1403582.5","-9999","483792","13.94","-1","0.401027484","0.971240528","0","0.582744317","18","0.208333333","0.708333333","N3 O5","de-protonated","0","-9999","C24 H17 O5 N3","24","17","5","3","-9999","-9999","-9999","-9999","-9999"
"1358","426.117736","426.117836085","426.117940584","2823873.8","-9999","414350","29.75","-1","-0.245233563","0.494573545","0.85247738","0.637735079","3","0.375","1.875","N1 S2 P1 O6","de-protonated","0","-9999","C16 H30 O6 N1 P1 S2","16","30","6","1","1","2","-9999","-9999","-9999"
"1358","426.117736","426.117836085","426.11765007","2823873.8","-9999","414350","29.75","-1","0.436535846","0.644008977","0.919847921","0.754344555","18","0.2","0.72","13C1 N2 O5","de-protonated","1","1341","C24 H18 O5 N2 13C1","24","18","5","2","-9999","-9999","1","-9999","-9999"
"1359","426.145995","426.146095074","426.146173493","1014220.9","-9999","456014.9","9.61","-1","-0.184018256","0.993874492","0.87391347","0.945890083","12","0.208333333","1.083333333","13C1 S1 O5","de-protonated","1","1344","C23 H26 O5 S1 13C1","23","26","5","-9999","-9999","1","1","-9999","-9999"
"1359","426.145995","426.146095074","426.145929716","1014220.9","-9999","456014.9","9.61","-1","0.388031923","0.973049323","0","0.583829594","17","0.16","0.84","N3 O4","de-protonated","0","-9999","C25 H21 O4 N3","25","21","4","3","-9999","-9999","-9999","-9999","-9999"
"1360","426.154181","426.154281071","426.154326093","2523856.3","-9999","455058.6","26.41","-1","-0.105646845","0.997976854","0","0.598786112","2","0.294117647","2","N1 S2 P1 O5","de-protonated","0","-9999","C17 H34 O5 N1 P1 S2","17","34","5","1","1","2","-9999","-9999","-9999"
"1360","426.154181","426.154281071","426.154035579","2523856.3","-9999","455058.6","26.41","-1","0.576064449","0.941563213","0.961534464","0.949551714","17","0.153846154","0.846153846","13C1 N2 O4","de-protonated","1","1346","C25 H22 O4 N2 13C1","25","22","4","2","-9999","-9999","1","-9999","-9999"
"1361","426.204991","426.205091051","426.205098364","1419492.5","-9999","438642","14.12","-1","-0.017156699","0.999946592","0","0.599967955","6","0.285714286","1.619047619","N1 P1 O6","de-protonated","0","-9999","C21 H34 O6 N1 P1","21","34","6","1","1","-9999","-9999","-9999","-9999"
"1362","426.213028","426.213128048","426.213204227","823399.7","-9999","402462","7.48","-1","-0.17873273","0.994220318","0.97721903","0.987419803","6","0.272727273","1.590909091","13C1 P1 O6","de-protonated","1","1350","C21 H35 O6 P1 13C1","21","35","6","-9999","1","-9999","1","-9999","-9999"
"1362","426.213028","426.213128048","426.213340572","823399.7","-9999","402462","7.48","-1","-0.498632608","0.955888123","0","0.573532874","6","0.380952381","1.571428571","N1 O8","de-protonated","0","-9999","C21 H33 O8 N1","21","33","8","1","-9999","-9999","-9999","-9999","-9999"
"1363","426.241225","426.241325037","426.241483873","4331763","-9999","466335.2","46.52","-1","-0.372642355","0.982994073","0.967637121","0.976851292","5","0.227272727","1.727272727","N1 P1 O5","de-protonated","0","-9999","C22 H38 O5 N1 P1","22","38","5","1","1","-9999","-9999","-9999","-9999"
"1368","426.936925","426.937024769","426.936622172","827400.9","-9999","554574.8","7.53","-1","0.942989897","0.850994507","0","0.510596704","17","0.3125","0.3125","N4 S2 P1 O5","de-protonated","0","-9999","C16 H5 O5 N4 P1 S2","16","5","5","4","1","2","-9999","-9999","-9999"
"1369","427.027516","427.027615734","427.027802704","837677.3","-9999","441925","7.64","-1","-0.437840858","0.965813477","0","0.579488086","24","0.115384615","0.346153846","N2 P1 O3","de-protonated","0","-9999","C26 H9 O3 N2 P1","26","9","3","2","1","-9999","-9999","-9999","-9999"
"1369","427.027516","427.027615734","427.027531378","837677.3","-9999","441925","7.64","-1","0.197542158","0.992944354","0","0.595766612","10","0.5","1","N2 S2 O8","de-protonated","0","-9999","C16 H16 O8 N2 S2","16","16","8","2","-9999","2","-9999","-9999","-9999"
"1370","427.036191","427.03629073","427.036044912","1325360.8","-9999","485265.4","13.07","-1","0.575637442","0.941647236","0","0.564988342","24","0.192307692","0.307692308","N2 O5","de-protonated","0","-9999","C26 H8 O5 N2","26","8","5","2","-9999","-9999","-9999","-9999","-9999"
"1371","427.045198","427.045297727","427.045289442","1333300.4","-9999","439956.4","13.16","-1","0.019399265","0.999931717","0","0.59995903","10","0.625","1","N2 S1 O10","de-protonated","0","-9999","C16 H16 O10 N2 S1","16","16","10","2","-9999","1","-9999","-9999","-9999"
"1371","427.045198","427.045297727","427.04490932","1333300.4","-9999","439956.4","13.16","-1","0.909522339","0.860621947","0","0.516373168","15","0.388888889","0.722222222","N4 P1 O7","de-protonated","0","-9999","C18 H13 O7 N4 P1","18","13","7","4","1","-9999","-9999","-9999","-9999"
"1372","427.053423","427.053522724","427.053151528","1004599.6","-9999","511356.1","9.5","-1","0.869201442","0.8718948","0","0.52313688","15","0.5","0.666666667","N4 O9","de-protonated","0","-9999","C18 H12 O9 N4","18","12","9","4","-9999","-9999","-9999","-9999","-9999"
"1373","427.057348","427.057447722","427.05717428","5387833","-9999","421988.3","58.27","-1","0.640292949","0.931001188","0.947407328","0.937563644","19","0.304347826","0.52173913","N2 O7","de-protonated","0","-9999","C23 H12 O7 N2","23","12","7","2","-9999","-9999","-9999","-9999","-9999"
"1374","427.072553","427.072652716","427.072430422","1747263.3","-9999","428389.5","17.76","-1","0.520507796","0.476014589","0.773979033","0.595200366","23","0.148148148","0.444444444","N2 O4","de-protonated","0","-9999","C27 H12 O4 N2","27","12","4","2","-9999","-9999","-9999","-9999","-9999"
"1375","427.081364","427.081463713","427.081674952","940994.8","-9999","411060.6","8.79","-1","-0.494610233","0.956581319","0","0.573948791","9","0.529411765","1.176470588","N2 S1 O9","de-protonated","0","-9999","C17 H20 O9 N2 S1","17","20","9","2","-9999","1","-9999","-9999","-9999"
"1375","427.081364","427.081463713","427.081294829","940994.8","-9999","411060.6","8.79","-1","0.395436549","0.972025595","0","0.583215357","14","0.315789474","0.894736842","N4 P1 O6","de-protonated","0","-9999","C19 H17 O6 N4 P1","19","17","6","4","1","-9999","-9999","-9999","-9999"
"1376","427.085607","427.085706711","427.085697704","1541188.5","-9999","279997.8","15.47","-1","0.021090365","0.999919294","0","0.599951577","13","0.318181818","0.909090909","S1 O7","de-protonated","0","-9999","C22 H20 O7 S1","22","20","7","-9999","-9999","1","-9999","-9999","-9999"
"1376","427.085607","427.085706711","427.085317581","1541188.5","-9999","279997.8","15.47","-1","0.911129222","0.860165214","0","0.516099128","18","0.166666667","0.708333333","N2 P1 O4","de-protonated","0","-9999","C24 H17 O4 N2 P1","24","17","4","2","1","-9999","-9999","-9999","-9999"
"1377","427.08689","427.086989711","427.087035114","886213.1","-9999","466805","8.18","-1","-0.10631","0.997951402","0","0.598770841","18","0.130434783","0.695652174","N4 S1 O3","de-protonated","0","-9999","C23 H16 O3 N4 S1","23","16","3","4","-9999","1","-9999","-9999","-9999"
"1377","427.08689","427.086989711","427.087168056","886213.1","-9999","466805","8.18","-1","-0.41758537","0.968854749","0","0.58131285","5","0.916666667","1.75","N4 P1 O11","de-protonated","0","-9999","C12 H21 O11 N4 P1","12","21","11","4","1","-9999","-9999","-9999","-9999"
"1378","427.089697","427.089796709","427.089537038","1192774.1","-9999","465992.2","11.59","-1","0.608003286","0.935124342","0","0.561074605","14","0.421052632","0.842105263","N4 O8","de-protonated","0","-9999","C19 H16 O8 N4","19","16","8","4","-9999","-9999","-9999","-9999","-9999"
"1379","427.093683","427.093782708","427.09355979","10204744","-9999","406068.6","111.87","-1","0.521942549","0.951506279","0.952126144","0.951754225","18","0.25","0.666666667","N2 O6","de-protonated","0","-9999","C24 H16 O6 N2","24","16","6","2","-9999","-9999","-9999","-9999","-9999"
"1380","427.097835","427.097934706","427.097582542","1395785.5","-9999","361963.4","13.85","-1","0.824553241","0.883941148","0","0.530364689","22","0.137931034","0.551724138","O4","de-protonated","0","-9999","C29 H16 O4","29","16","4","-9999","-9999","-9999","-9999","-9999","-9999"
"1381","427.107489","427.107588703","427.107316329","1377357.3","-9999","462525.9","13.65","-1","0.63771683","0.92886483","0","0.557318898","12","0.045454545","1.136363636","N2 S2 P1 O1","de-protonated","0","-9999","C22 H25 O1 N2 P1 S2","22","25","1","2","1","2","-9999","-9999","-9999"
"1382","427.109036","427.109135702","427.109328995","1757261.9","-9999","482392.5","17.87","-1","-0.452561349","0.963519235","0","0.578111541","4","0.933333333","1.6","O14","de-protonated","0","-9999","C15 H24 O14","15","24","14","-9999","-9999","-9999","-9999","-9999","-9999"
"1382","427.109036","427.109135702","427.108815931","1757261.9","-9999","482392.5","17.87","-1","0.748687603","0.451646638","0.767553728","0.578009474","22","0.107142857","0.571428571","N2 O3","de-protonated","0","-9999","C28 H16 O3 N2","28","16","3","2","-9999","-9999","-9999","-9999","-9999"
"1383","427.122074","427.122173697","427.122083213","4056659.3","-9999","433891.7","43.46","-1","0.211845627","0.995019462","0.929713842","0.968897214","12","0.260869565","1.043478261","S1 O6","de-protonated","0","-9999","C23 H24 O6 S1","23","24","6","-9999","-9999","1","-9999","-9999","-9999"
"1384","427.123047","427.123146697","427.123420624","1108563.5","-9999","534679","10.65","-1","-0.641329736","0.928086314","0","0.556851788","17","0.083333333","0.833333333","N4 S1 O2","de-protonated","0","-9999","C24 H20 O2 N4 S1","24","20","2","4","-9999","1","-9999","-9999","-9999"
"1384","427.123047","427.123146697","427.123553565","1108563.5","-9999","534679","10.65","-1","-0.952578422","0.848192586","0","0.508915551","4","0.769230769","1.923076923","N4 P1 O10","de-protonated","0","-9999","C13 H25 O10 N4 P1","13","25","10","4","1","-9999","-9999","-9999","-9999"
"1385","427.126056","427.126155695","427.125922547","1105236.8","-9999","497377.1","10.62","-1","0.5458541","0.947371613","0","0.568422968","13","0.35","1","N4 O7","de-protonated","0","-9999","C20 H20 O7 N4","20","20","7","4","-9999","-9999","-9999","-9999","-9999"
"1386","427.130076","427.130175694","427.129945299","10178134","-9999","414432.6","111.58","-1","0.539402317","0.911821448","0.942677718","0.924163956","17","0.2","0.8","N2 O5","de-protonated","0","-9999","C25 H20 O5 N2","25","20","5","2","-9999","-9999","-9999","-9999","-9999"
"1387","427.145333","427.145432688","427.145714505","1776220.5","-9999","418339.1","18.08","-1","-0.659766788","0.924055448","0","0.554433269","3","0.8125","1.75","O13","de-protonated","0","-9999","C16 H28 O13","16","28","13","-9999","-9999","-9999","-9999","-9999","-9999"
"1387","427.145333","427.145432688","427.14520144","1776220.5","-9999","418339.1","18.08","-1","0.54137959","0.474104123","0.761234226","0.588956164","21","0.068965517","0.689655172","N2 O2","de-protonated","0","-9999","C29 H20 O2 N2","29","20","2","2","-9999","-9999","-9999","-9999","-9999"
"1388","427.15842","427.158519683","427.158468722","2246753.8","-9999","464353.5","23.32","-1","0.119301262","0.997175305","0.946590939","0.976941558","11","0.208333333","1.166666667","S1 O5","de-protonated","0","-9999","C24 H28 O5 S1","24","28","5","-9999","-9999","1","-9999","-9999","-9999"
"1389","427.16458","427.164679681","427.164341949","1041508.2","-9999","497264","9.91","-1","0.790635734","0.892771637","0","0.535662982","2","0.588235294","1.882352941","S1 O10","de-protonated","0","-9999","C17 H32 O10 S1","17","32","10","-9999","-9999","1","-9999","-9999","-9999"
"1389","427.16458","427.164679681","427.164831206","1041508.2","-9999","497264","9.91","-1","-0.354724794","0.977427039","0","0.586456224","6","0.1","1.65","N2 S2 P1 O2","de-protonated","0","-9999","C20 H33 O2 N2 P1 S2","20","33","2","2","1","2","-9999","-9999","-9999"
"1390","427.166477","427.16657668","427.166330808","4984421","-9999","420887.6","53.78","-1","0.575587171","0.918072366","0.992417387","0.947810375","16","0.153846154","0.923076923","N2 O4","de-protonated","0","-9999","C26 H24 O4 N2","26","24","4","2","-9999","-9999","-9999","-9999","-9999"
"1391","427.179585","427.179684675","427.17959809","2291306.3","-9999","400131.9","23.81","-1","0.20268829","0.496286671","0.81490939","0.623735759","6","0.333333333","1.523809524","S1 O7","de-protonated","0","-9999","C21 H32 O7 S1","21","32","7","-9999","-9999","1","-9999","-9999","-9999"
"1392","427.181856","427.181955674","427.182100014","859243.1","-9999","545681.6","7.88","-1","-0.337888749","0.979497318","0","0.587698391","2","0.705882353","1.882352941","O12","de-protonated","0","-9999","C17 H32 O12","17","32","12","-9999","-9999","-9999","-9999","-9999","-9999"
"1392","427.181856","427.181955674","427.18158695","859243.1","-9999","545681.6","7.88","-1","0.863155707","0.873553306","0","0.524131984","20","0.033333333","0.8","N2 O1","de-protonated","0","-9999","C30 H24 O1 N2","30","24","1","2","-9999","-9999","-9999","-9999","-9999"
"1393","427.184905","427.185004673","427.184958253","946540.3","-9999","482308.8","8.85","-1","0.108664233","0.997859763","0","0.598715858","15","0.037037037","1.037037037","N2 S1 O1","de-protonated","0","-9999","C27 H28 O1 N2 S1","27","28","1","2","-9999","1","-9999","-9999","-9999"
"1393","427.184905","427.185004673","427.185091195","946540.3","-9999","482308.8","8.85","-1","-0.20253985","0.992584175","0","0.595550505","2","0.5625","2.0625","N2 P1 O9","de-protonated","0","-9999","C16 H33 O9 N2 P1","16","33","9","2","1","-9999","-9999","-9999","-9999"
"1394","427.188929","427.189028671","427.189113947","5582446","-9999","399607.4","60.44","-1","-0.199620161","0.991125072","0.982648552","0.987734464","6","0.333333333","1.571428571","P1 O7","de-protonated","0","-9999","C21 H33 O7 P1","21","33","7","-9999","1","-9999","-9999","-9999","-9999"
"1395","427.202774","427.202873666","427.202716318","1276275.5","-9999","455046.9","12.52","-1","0.368321811","0.975684989","0","0.585410993","15","0.111111111","1.037037037","N2 O3","de-protonated","0","-9999","C27 H28 O3 N2","27","28","3","2","-9999","-9999","-9999","-9999","-9999"
"1396","427.22536","427.225459657","427.225499456","1848956.6","-9999","422084.2","18.89","-1","-0.093156877","0.99842659","0","0.599055954","5","0.272727273","1.681818182","P1 O6","de-protonated","0","-9999","C22 H37 O6 P1","22","37","6","-9999","1","-9999","-9999","-9999","-9999"
"1397","427.244643","427.24474265","427.244838708","1254532.3","-9999","483891.8","12.28","-1","-0.224832694","0.990869752","0.967637121","0.9815767","5","0.227272727","1.727272727","13C1 N1 P1 O5","de-protonated","1","1363","C21 H38 O5 N1 P1 13C1","21","38","5","1","1","-9999","1","-9999","-9999"
"1397","427.244643","427.24474265","427.244975054","1254532.3","-9999","483891.8","12.28","-1","-0.54396012","0.947726495","0","0.568635897","5","0.333333333","1.714285714","N2 O7","de-protonated","0","-9999","C21 H36 O7 N2","21","36","7","2","-9999","-9999","-9999","-9999","-9999"
"1399","428.060693","428.060792334","428.060819629","925644.6","-9999","487132.9","8.61","-1","-0.063765009","0.999262506","0","0.599557504","4","0.571428571","1.714285714","N1 S2 P1 O8","de-protonated","0","-9999","C14 H24 O8 N1 P1 S2","14","24","8","1","1","2","-9999","-9999","-9999"
"1399","428.060693","428.060792334","428.060529115","925644.6","-9999","487132.9","8.61","-1","0.614910112","0.933692271","0.947407328","0.939178294","19","0.304347826","0.52173913","13C1 N2 O7","de-protonated","1","1373","C22 H12 O7 N2 13C1","22","12","7","2","-9999","-9999","1","-9999","-9999"
"1400","428.089017","428.089116323","428.088808762","937175.9","-9999","498968.8","8.74","-1","0.718452134","0.910593224","0","0.546355934","18","0.260869565","0.652173913","N3 O6","de-protonated","0","-9999","C23 H15 O6 N3","23","15","6","3","-9999","-9999","-9999","-9999","-9999"
"1401","428.09704","428.09713932","428.097205139","1917915.3","-9999","425103.8","19.66","-1","-0.153747099","0.99572007","0","0.597432042","3","0.466666667","1.866666667","N1 S2 P1 O7","de-protonated","0","-9999","C15 H28 O7 N1 P1 S2","15","28","7","1","1","2","-9999","-9999","-9999"
"1401","428.09704","428.09713932","428.096914625","1917915.3","-9999","425103.8","19.66","-1","0.524870278","0.951241712","0.952126144","0.951595485","18","0.25","0.666666667","13C1 N2 O6","de-protonated","1","1379","C23 H16 O6 N2 13C1","23","16","6","2","-9999","-9999","1","-9999","-9999"
"1402","428.125382","428.125481309","428.125438048","1496550.6","-9999","482240.4","14.97","-1","0.101047511","0.998149015","0.929713842","0.970774946","12","0.260869565","1.043478261","13C1 S1 O6","de-protonated","1","1383","C22 H24 O6 S1 13C1","22","24","6","-9999","-9999","1","1","-9999","-9999"
"1402","428.125382","428.125481309","428.125194271","1496550.6","-9999","482240.4","14.97","-1","0.670453208","0.921675061","0","0.553005036","17","0.208333333","0.791666667","N3 O5","de-protonated","0","-9999","C24 H19 O5 N3","24","19","5","3","-9999","-9999","-9999","-9999","-9999"
"1403","428.133568","428.133667306","428.133590648","1874409.9","-9999","402316.7","19.17","-1","0.179051182","0.994199764","0","0.596519858","2","0.375","2","N1 S2 P1 O6","de-protonated","0","-9999","C16 H32 O6 N1 P1 S2","16","32","6","1","1","2","-9999","-9999","-9999"
"1403","428.133568","428.133667306","428.133300134","1874409.9","-9999","402316.7","19.17","-1","0.857611112","0.875066906","0.942677718","0.902111231","17","0.2","0.8","13C1 N2 O5","de-protonated","1","1386","C24 H20 O5 N2 13C1","24","20","5","2","-9999","-9999","1","-9999","-9999"
"1404","428.16178","428.161879295","428.161823557","787317.3","-9999","493556","7.07","-1","0.130178792","0.996929799","0.946590939","0.976794255","11","0.208333333","1.166666667","13C1 S1 O5","de-protonated","1","1388","C23 H28 O5 S1 13C1","23","28","5","-9999","-9999","1","1","-9999","-9999"
"1404","428.16178","428.161879295","428.161579781","787317.3","-9999","493556","7.07","-1","0.699536117","0.91503583","0","0.549021498","16","0.16","0.92","N3 O4","de-protonated","0","-9999","C25 H23 O4 N3","25","23","4","3","-9999","-9999","-9999","-9999","-9999"
"1405","428.169922","428.170021292","428.169976157","1464312.6","-9999","463150.9","14.61","-1","0.105412392","0.997985815","0","0.598791489","1","0.294117647","2.117647059","N1 S2 P1 O5","de-protonated","0","-9999","C17 H36 O5 N1 P1 S2","17","36","5","1","1","2","-9999","-9999","-9999"
"1405","428.169922","428.170021292","428.169685643","1464312.6","-9999","463150.9","14.61","-1","0.783914608","0.894487608","0.992417387","0.933659519","16","0.153846154","0.923076923","13C1 N2 O4","de-protonated","1","1390","C25 H24 O4 N2 13C1","25","24","4","2","-9999","-9999","1","-9999","-9999"
"1406","428.192473","428.192572283","428.192468782","1125121.8","-9999","426887.2","10.83","-1","0.241717034","0.989454473","0.982648552","0.986732105","6","0.333333333","1.571428571","13C1 P1 O7","de-protonated","1","1394","C20 H33 O7 P1 13C1","20","33","7","-9999","1","-9999","1","-9999","-9999"
"1406","428.192473","428.192572283","428.192605127","1125121.8","-9999","426887.2","10.83","-1","-0.076704282","0.998933008","0","0.599359805","6","0.45","1.55","N1 O9","de-protonated","0","-9999","C20 H31 O9 N1","20","31","9","1","-9999","-9999","-9999","-9999","-9999"
"1407","428.220554","428.220653272","428.220748428","1742093","-9999","415002.6","17.7","-1","-0.222212311","0.991080388","0","0.594648233","5","0.285714286","1.714285714","N1 P1 O6","de-protonated","0","-9999","C21 H36 O6 N1 P1","21","36","6","1","1","-9999","-9999","-9999","-9999"
"1409","429.024588","429.024686961","429.024553997","1207890.3","-9999","487103.4","11.75","-1","0.30992177","0.982722577","0","0.589633546","10","0.733333333","0.933333333","N2 S1 O11","de-protonated","0","-9999","C15 H14 O11 N2 S1","15","14","11","2","-9999","1","-9999","-9999","-9999"
"1409","429.024588","429.024686961","429.025043255","1207890.3","-9999","487103.4","11.75","-1","-0.830472035","0.882371403","0","0.529422842","14","0.166666667","0.833333333","N4 S2 P1 O3","de-protonated","0","-9999","C18 H15 O3 N4 P1 S2","18","15","3","4","1","2","-9999","-9999","-9999"
"1410","429.036599","429.036697957","429.036438835","1144919.3","-9999","493381.3","11.05","-1","0.603961371","0.935955902","0","0.561573541","19","0.363636364","0.454545455","N2 O8","de-protonated","0","-9999","C22 H10 O8 N2","22","10","8","2","-9999","-9999","-9999","-9999","-9999"
"1411","429.043156","429.043254954","429.043452768","1304921.9","-9999","515472.9","12.83","-1","-0.46105796","0.962163049","0","0.577297829","23","0.115384615","0.423076923","N2 P1 O3","de-protonated","0","-9999","C26 H11 O3 N2 P1","26","11","3","2","1","-9999","-9999","-9999","-9999"
"1411","429.043156","429.043254954","429.043181442","1304921.9","-9999","515472.9","12.83","-1","0.171340005","0.994687301","0","0.596812381","9","0.5","1.125","N2 S2 O8","de-protonated","0","-9999","C16 H18 O8 N2 S2","16","18","8","2","-9999","2","-9999","-9999","-9999"
"1412","429.051894","429.051992951","429.051694977","2535773.3","-9999","443697.5","26.53","-1","0.694494944","0.458101687","0.780512821","0.58706614","23","0.192307692","0.384615385","N2 O5","de-protonated","0","-9999","C26 H10 O5 N2","26","10","5","2","-9999","-9999","-9999","-9999","-9999"
"1413","429.060871","429.060969947","429.060939507","1426785","-9999","423698.6","14.19","-1","0.070947201","0.999087094","0","0.599452256","9","0.625","1.125","N2 S1 O10","de-protonated","0","-9999","C16 H18 O10 N2 S1","16","18","10","2","-9999","1","-9999","-9999","-9999"
"1413","429.060871","429.060969947","429.060559384","1426785","-9999","423698.6","14.19","-1","0.956888681","0.84692686","0","0.508156116","14","0.388888889","0.833333333","N4 P1 O7","de-protonated","0","-9999","C18 H15 O7 N4 P1","18","15","7","4","1","-9999","-9999","-9999","-9999"
"1414","429.065104","429.065202946","429.064962259","1232226.8","-9999","399518.1","12.02","-1","0.560957098","0.944502469","0","0.566701481","13","0.380952381","0.857142857","S1 O8","de-protonated","0","-9999","C21 H18 O8 S1","21","18","8","-9999","-9999","1","-9999","-9999","-9999"
"1415","429.073009","429.073107943","429.072824345","4681062","-9999","400391.8","50.4","-1","0.660955423","0.911996881","0.994430481","0.944970321","18","0.304347826","0.608695652","N2 O7","de-protonated","0","-9999","C23 H14 O7 N2","23","14","7","2","-9999","-9999","-9999","-9999","-9999"
"1416","429.079518","429.07961694","429.079838278","846440.6","-9999","414428.8","7.73","-1","-0.515841777","0.952864872","0","0.571718923","22","0.074074074","0.555555556","N2 P1 O2","de-protonated","0","-9999","C27 H15 O2 N2 P1","27","15","2","2","1","-9999","-9999","-9999","-9999"
"1416","429.079518","429.07961694","429.079566951","846440.6","-9999","414428.8","7.73","-1","0.116502527","0.997540256","0","0.598524154","8","0.411764706","1.294117647","N2 S2 O7","de-protonated","0","-9999","C17 H22 O7 N2 S2","17","22","7","2","-9999","2","-9999","-9999","-9999"
"1417","429.088256","429.088354937","429.088080486","3402092","-9999","400394.5","36.17","-1","0.639614192","0.464228225","0.773979033","0.588128548","22","0.148148148","0.518518519","N2 O4","de-protonated","0","-9999","C27 H14 O4 N2","27","14","4","2","-9999","-9999","-9999","-9999","-9999"
"1418","429.095823","429.095921934","429.095607483","1498991.1","-9999","350391.9","14.99","-1","0.732822348","0.907153927","0","0.544292356","8","0.555555556","1.277777778","P1 O10","de-protonated","0","-9999","C18 H23 O10 P1","18","23","10","-9999","1","-9999","-9999","-9999","-9999"
"1419","429.096876","429.096974934","429.097325016","916079.6","-9999","360461.8","8.5","-1","-0.815858259","0.886231809","0","0.531739085","8","0.529411765","1.294117647","N2 S1 O9","de-protonated","0","-9999","C17 H22 O9 N2 S1","17","22","9","2","-9999","1","-9999","-9999","-9999"
"1419","429.096876","429.096974934","429.096944894","916079.6","-9999","360461.8","8.5","-1","0.070007312","0.999111111","0","0.599466667","13","0.315789474","1","N4 P1 O6","de-protonated","0","-9999","C19 H19 O6 N4 P1","19","19","6","4","1","-9999","-9999","-9999","-9999"
"1420","429.101367","429.101465932","429.101347768","3447153.5","-9999","449698.3","36.67","-1","0.275374729","0.979040129","0.929215722","0.959110366","12","0.318181818","1","S1 O7","de-protonated","0","-9999","C22 H22 O7 S1","22","22","7","-9999","-9999","1","-9999","-9999","-9999"
"1421","429.102417","429.102515931","429.102685179","968561.9","-9999","1057895.1","9.09","-1","-0.394421346","0.972167032","0","0.583300219","17","0.130434783","0.782608696","N4 S1 O3","de-protonated","0","-9999","C23 H18 O3 N4 S1","23","18","3","4","-9999","1","-9999","-9999","-9999"
"1421","429.102417","429.102515931","429.10281812","968561.9","-9999","1057895.1","9.09","-1","-0.704234453","0.913941439","0","0.548364864","4","0.916666667","1.916666667","N4 P1 O11","de-protonated","0","-9999","C12 H23 O11 N4 P1","12","23","11","4","1","-9999","-9999","-9999","-9999"
"1422","429.109396","429.109494929","429.109209854","6308212.5","-9999","429657.1","68.51","-1","0.664340422","0.905566266","0.967701989","0.930420555","17","0.25","0.75","N2 O6","de-protonated","0","-9999","C24 H18 O6 N2","24","18","6","2","-9999","-9999","-9999","-9999","-9999"
"1423","429.119279","429.119377925","429.119105833","1120376.8","-9999","471086.5","10.78","-1","0.634071052","0.929646627","0","0.557787976","12","0.409090909","1","O9","de-protonated","0","-9999","C22 H22 O9","22","22","9","-9999","-9999","-9999","-9999","-9999","-9999"
"1423","429.119279","429.119377925","429.11959509","1120376.8","-9999","471086.5","10.78","-1","-0.50607185","0.954592634","0","0.572755581","16","0.04","0.92","N2 S1 P1 O1","de-protonated","0","-9999","C25 H23 O1 N2 P1 S1","25","23","1","2","1","1","-9999","-9999","-9999"
"1424","429.122921","429.123019923","429.122966394","835706.3","-9999","567348.5","7.61","-1","0.124742624","0.99718051","0","0.598308306","11","0.045454545","1.227272727","N2 S2 P1 O1","de-protonated","0","-9999","C22 H27 O1 N2 P1 S2","22","27","1","2","1","2","-9999","-9999","-9999"
"1425","429.124654","429.124752923","429.12497906","3305339","-9999","422035.4","35.09","-1","-0.526971992","0.962977688","0.939207739","0.953469708","3","0.933333333","1.733333333","O14","de-protonated","0","-9999","C15 H26 O14","15","26","14","-9999","-9999","-9999","-9999","-9999","-9999"
"1425","429.124654","429.124752923","429.124465995","3305339","-9999","422035.4","35.09","-1","0.668634458","0.90361283","0.967935483","0.929341891","21","0.107142857","0.642857143","N2 O3","de-protonated","0","-9999","C28 H18 O3 N2","28","18","3","2","-9999","-9999","-9999","-9999","-9999"
"1426","429.137732","429.137830918","429.137733277","4359552","-9999","409927.1","46.82","-1","0.227526623","0.989489182","0.994621086","0.991541944","11","0.260869565","1.130434783","S1 O6","de-protonated","0","-9999","C23 H26 O6 S1","23","26","6","-9999","-9999","1","-9999","-9999","-9999"
"1427","429.145744","429.145842915","429.145595363","4517251.5","-9999","407724.1","48.58","-1","0.576846633","0.47070458","0.787157861","0.597285892","16","0.2","0.88","N2 O5","de-protonated","0","-9999","C25 H22 O5 N2","25","22","5","2","-9999","-9999","-9999","-9999","-9999"
"1428","429.161036","429.161134909","429.161364569","2593161.8","-9999","408756.8","27.17","-1","-0.535137314","0.949365119","0","0.569619072","2","0.8125","1.875","O13","de-protonated","0","-9999","C16 H30 O13","16","30","13","-9999","-9999","-9999","-9999","-9999","-9999"
"1428","429.161036","429.161134909","429.160851505","2593161.8","-9999","408756.8","27.17","-1","0.66036776","0.461961218","0.761234226","0.581670421","20","0.068965517","0.75862069","N2 O2","de-protonated","0","-9999","C29 H22 O2 N2","29","22","2","2","-9999","-9999","-9999","-9999","-9999"
"1429","429.168282","429.168380906","429.168378502","864012.6","-9999","365082.3","7.92","-1","0.005601855","0.999994306","0","0.599996584","6","0.4","1.55","P1 O8","de-protonated","0","-9999","C20 H31 O8 P1","20","31","8","-9999","1","-9999","-9999","-9999","-9999"
"1430","429.174192","429.174290904","429.174118787","1575823","-9999","492740.1","15.84","-1","0.401041924","0.971238487","0","0.582743092","10","0.208333333","1.25","S1 O5","de-protonated","0","-9999","C24 H30 O5 S1","24","30","5","-9999","-9999","1","-9999","-9999","-9999"
"1431","429.182234","429.182332901","429.181980873","1812114.3","-9999","423324.9","18.47","-1","0.820229532","0.442541254","0.780512821","0.57772988","15","0.153846154","1","N2 O4","de-protonated","0","-9999","C26 H26 O4 N2","26","26","4","2","-9999","-9999","-9999","-9999","-9999"
"1432","429.195204","429.195302896","429.195248155","1761687.5","-9999","446846.2","17.91","-1","0.127542491","0.99705271","0","0.598231626","5","0.333333333","1.619047619","S1 O7","de-protonated","0","-9999","C21 H34 O7 S1","21","34","7","-9999","-9999","1","-9999","-9999","-9999"
"1433","429.197462","429.197560895","429.197750078","1069976.4","-9999","402185.1","10.22","-1","-0.440784444","0.965360345","0","0.579216207","1","0.705882353","2","O12","de-protonated","0","-9999","C17 H34 O12","17","34","12","-9999","-9999","-9999","-9999","-9999","-9999"
"1433","429.197462","429.197560895","429.197237014","1069976.4","-9999","402185.1","10.22","-1","0.754619393","0.901832899","0","0.541099739","19","0.033333333","0.866666667","N2 O1","de-protonated","0","-9999","C30 H26 O1 N2","30","26","1","2","-9999","-9999","-9999","-9999","-9999"
"1434","429.204644","429.204742892","429.204764011","2526107.3","-9999","400888.6","26.42","-1","-0.049205577","0.499780387","0.81490939","0.625831989","5","0.333333333","1.666666667","P1 O7","de-protonated","0","-9999","C21 H35 O7 P1","21","35","7","-9999","1","-9999","-9999","-9999","-9999"
"1435","429.241058","429.241156878","429.24114952","1386410.1","-9999","431222","13.74","-1","0.01714026","0.999946694","0","0.599968016","4","0.272727273","1.772727273","P1 O6","de-protonated","0","-9999","C22 H39 O6 P1","22","39","6","-9999","1","-9999","-9999","-9999","-9999"
"1436","430.076408","430.076506555","430.076469694","1124094.3","-9999","502398.9","10.81","-1","0.08570799","0.998667991","0","0.599200795","3","0.571428571","1.857142857","N1 S2 P1 O8","de-protonated","0","-9999","C14 H26 O8 N1 P1 S2","14","26","8","1","1","2","-9999","-9999","-9999"
"1436","430.076408","430.076506555","430.07617918","1124094.3","-9999","502398.9","10.81","-1","0.761202446","0.900201492","0.994430481","0.937893088","18","0.304347826","0.608695652","13C1 N2 O7","de-protonated","1","1415","C22 H14 O7 N2 13C1","22","14","7","2","-9999","-9999","1","-9999","-9999"
"1437","430.104775","430.104873544","430.104702603","1230089.8","-9999","554094.7","11.99","-1","0.397439722","0.971745508","0.929215722","0.954733594","12","0.318181818","1","13C1 S1 O7","de-protonated","1","1420","C21 H22 O7 S1 13C1","21","22","7","-9999","-9999","1","1","-9999","-9999"
"1437","430.104775","430.104873544","430.104458826","1230089.8","-9999","554094.7","11.99","-1","0.964225282","0.84476368","0","0.506858208","17","0.260869565","0.739130435","N3 O6","de-protonated","0","-9999","C23 H17 O6 N3","23","17","6","3","-9999","-9999","-9999","-9999","-9999"
"1438","430.112814","430.112912541","430.112855203","1326861","-9999","457169.6","13.07","-1","0.133308188","0.996780655","0","0.598068393","2","0.466666667","2","N1 S2 P1 O7","de-protonated","0","-9999","C15 H30 O7 N1 P1 S2","15","30","7","1","1","2","-9999","-9999","-9999"
"1438","430.112814","430.112912541","430.112564689","1326861","-9999","457169.6","13.07","-1","0.808745533","0.888091925","0.967701989","0.919935951","17","0.25","0.75","13C1 N2 O6","de-protonated","1","1422","C23 H18 O6 N2 13C1","23","18","6","2","-9999","-9999","1","-9999","-9999"
"1439","430.128075","430.128173535","430.128333895","828307.3","-9999","437388.1","7.52","-1","-0.372818556","0.975095153","0.939207739","0.960740187","3","0.933333333","1.733333333","13C1 O14","de-protonated","1","1425","C14 H26 O14 13C1","14","26","14","-9999","-9999","-9999","1","-9999","-9999"
"1439","430.128075","430.128173535","430.128111345","828307.3","-9999","437388.1","7.52","-1","0.144585704","0.996213996","0","0.597728397","6","0.210526316","1.578947368","N1 S2 P1 O4","de-protonated","0","-9999","C19 H30 O4 N1 P1 S2","19","30","4","1","1","2","-9999","-9999","-9999"
"1439","430.128075","430.128173535","430.12782083","828307.3","-9999","437388.1","7.52","-1","0.8199991","0.885143209","0.967935483","0.918260119","21","0.107142857","0.642857143","13C1 N2 O3","de-protonated","1","1425","C27 H18 O3 N2 13C1","27","18","3","2","-9999","-9999","1","-9999","-9999"
"1440","430.141099","430.14119753","430.141088113","1121304.6","-9999","377302.6","10.78","-1","0.254375376","0.988327687","0.994621086","0.990845047","11","0.260869565","1.130434783","13C1 S1 O6","de-protonated","1","1426","C22 H26 O6 S1 13C1","22","26","6","-9999","-9999","1","1","-9999","-9999"
"1440","430.141099","430.14119753","430.140844336","1121304.6","-9999","377302.6","10.78","-1","0.821112911","0.884849684","0","0.53090981","16","0.208333333","0.875","N3 O5","de-protonated","0","-9999","C24 H21 O5 N3","24","21","5","3","-9999","-9999","-9999","-9999","-9999"
"1442","430.199725","430.199823507","430.200012983","861232.6","-9999","492178.4","7.89","-1","-0.440437349","0.965413923","0","0.579248354","5","0.35","1.7","N1 P1 O7","de-protonated","0","-9999","C20 H34 O7 N1 P1","20","34","7","1","1","-9999","-9999","-9999","-9999"
"1443","431.022688","431.022786189","431.023097446","1185665.5","-9999","458381.2","11.49","-1","-0.722134826","0.909717082","0","0.545830249","18","0.304347826","0.52173913","S1 O7","de-protonated","0","-9999","C23 H12 O7 S1","23","12","7","-9999","-9999","1","-9999","-9999","-9999"
"1443","431.022688","431.022786189","431.022717323","1185665.5","-9999","458381.2","11.49","-1","0.159772856","0.995378804","0","0.597227282","23","0.16","0.36","N2 P1 O4","de-protonated","0","-9999","C25 H9 O4 N2 P1","25","9","4","2","1","-9999","-9999","-9999","-9999"
"1443","431.022688","431.022786189","431.022445997","1185665.5","-9999","458381.2","11.49","-1","0.789267226","0.893121951","0","0.53587317","9","0.6","1.066666667","N2 S2 O9","de-protonated","0","-9999","C15 H16 O9 N2 S2","15","16","9","2","-9999","2","-9999","-9999","-9999"
"1444","431.031181","431.031279186","431.030959532","1841285","-9999","430108.2","18.79","-1","0.741603242","0.452512682","0.787157861","0.586370754","23","0.24","0.32","N2 O6","de-protonated","0","-9999","C25 H8 O6 N2","25","8","6","2","-9999","-9999","-9999","-9999","-9999"
"1445","431.040322","431.040420182","431.040204062","1450120.8","-9999","482559.6","14.44","-1","0.501392518","0.955409539","0","0.573245723","9","0.733333333","1.066666667","N2 S1 O11","de-protonated","0","-9999","C15 H16 O11 N2 S1","15","16","11","2","-9999","1","-9999","-9999","-9999"
"1445","431.040322","431.040420182","431.040693319","1450120.8","-9999","482559.6","14.44","-1","-0.633668748","0.929732662","0","0.557839597","13","0.166666667","0.944444444","N4 S2 P1 O3","de-protonated","0","-9999","C18 H17 O3 N4 P1 S2","18","17","3","4","1","2","-9999","-9999","-9999"
"1446","431.052385","431.052483178","431.0520889","1108109.8","-9999","451362.4","10.63","-1","0.914686902","0.859151994","0","0.515491196","18","0.363636364","0.545454545","N2 O8","de-protonated","0","-9999","C22 H12 O8 N2","22","12","8","2","-9999","-9999","-9999","-9999","-9999"
"1447","431.058874","431.058972175","431.059102833","1714320.4","-9999","446790.6","17.38","-1","-0.303108339","0.983467647","0","0.590080588","22","0.115384615","0.5","N2 P1 O3","de-protonated","0","-9999","C26 H13 O3 N2 P1","26","13","3","2","1","-9999","-9999","-9999","-9999"
"1447","431.058874","431.058972175","431.058831506","1714320.4","-9999","446790.6","17.38","-1","0.326332605","0.980862483","0","0.58851749","8","0.5","1.25","N2 S2 O8","de-protonated","0","-9999","C16 H20 O8 N2 S2","16","20","8","2","-9999","2","-9999","-9999","-9999"
"1448","431.067606","431.067704172","431.067345041","4060308","-9999","418461.4","43.48","-1","0.833119302","0.894612048","0.98045419599999994","0.928948907","22","0.192307692","0.461538462","N2 O5","de-protonated","0","-9999","C26 H12 O5 N2","26","12","5","2","-9999","-9999","-9999","-9999","-9999"
"1449","431.076652","431.076750168","431.076589571","1255831.6","-9999","434492.4","12.27","-1","0.372548504","0.975130767","0","0.58507846","8","0.625","1.25","N2 S1 O10","de-protonated","0","-9999","C16 H20 O10 N2 S1","16","20","10","2","-9999","1","-9999","-9999","-9999"
"1449","431.076652","431.076750168","431.077078829","1255831.6","-9999","434492.4","12.27","-1","-0.76241681","0.899899326","0","0.539939595","12","0.105263158","1.105263158","N4 S2 P1 O2","de-protonated","0","-9999","C19 H21 O2 N4 P1 S2","19","21","2","4","1","2","-9999","-9999","-9999"
"1450","431.080723","431.080821167","431.080612323","1692825.4","-9999","438367.7","17.14","-1","0.484464759","0.95830698","0","0.574984188","12","0.380952381","0.952380952","S1 O8","de-protonated","0","-9999","C21 H20 O8 S1","21","20","8","-9999","-9999","1","-9999","-9999","-9999"
"1451","431.088714","431.088812164","431.088474409","2487452.5","-9999","425054.9","25.98","-1","0.783491848","0.447297581","0.800793265","0.588695855","17","0.304347826","0.695652174","N2 O7","de-protonated","0","-9999","C23 H16 O7 N2","23","16","7","2","-9999","-9999","-9999","-9999","-9999"
"1452","431.095376","431.095474161","431.095868465","1203615.3","-9999","487313.5","11.69","-1","-0.914654068","0.859161358","0","0.515496815","16","0.2","0.8","S1 O5","de-protonated","0","-9999","C25 H20 O5 S1","25","20","5","-9999","-9999","1","-9999","-9999","-9999"
"1452","431.095376","431.095474161","431.095488342","1203615.3","-9999","487313.5","11.69","-1","-0.032895426","0.999803672","0","0.599882203","21","0.074074074","0.62962963","N2 P1 O2","de-protonated","0","-9999","C27 H17 O2 N2 P1","27","17","2","2","1","-9999","-9999","-9999","-9999"
"1452","431.095376","431.095474161","431.095217016","1203615.3","-9999","487313.5","11.69","-1","0.596492561","0.937479812","0","0.562487887","7","0.411764706","1.411764706","N2 S2 O7","de-protonated","0","-9999","C17 H24 O7 N2 S2","17","24","7","2","-9999","2","-9999","-9999","-9999"
"1453","431.098559","431.09865716","431.098370388","967328.6","-9999","360028.3","9.06","-1","0.665211816","0.922846586","0","0.553707952","12","0.476190476","0.952380952","O10","de-protonated","0","-9999","C21 H20 O10","21","20","10","-9999","-9999","-9999","-9999","-9999","-9999"
"1453","431.098559","431.09865716","431.098859645","967328.6","-9999","360028.3","9.06","-1","-0.469696488","0.960760362","0","0.576456217","16","0.083333333","0.875","N2 S1 P1 O2","de-protonated","0","-9999","C24 H21 O2 N2 P1 S1","24","21","2","2","1","1","-9999","-9999","-9999"
"1454","431.10397","431.104068158","431.10373055","5298339","-9999","399963.9","57.26","-1","0.783122701","0.87320823","0.939769807","0.899832861","21","0.148148148","0.592592593","N2 O4","de-protonated","0","-9999","C27 H16 O4 N2","27","16","4","2","-9999","-9999","-9999","-9999","-9999"
"1455","431.117108","431.117206153","431.116997833","3952808.3","-9999","395897","42.29","-1","0.483209778","0.949315174","0.989131287","0.965241619","11","0.318181818","1.090909091","S1 O7","de-protonated","0","-9999","C22 H24 O7 S1","22","24","7","-9999","-9999","1","-9999","-9999","-9999"
"1456","431.125078","431.125176149","431.124859919","2207403.5","-9999","408563.5","22.86","-1","0.733501886","0.45349496500000003","0.793917021","0.589663787","16","0.25","0.833333333","N2 O6","de-protonated","0","-9999","C24 H20 O6 N2","24","20","6","2","-9999","-9999","-9999","-9999","-9999"
"1457","431.134853","431.134951146","431.134755897","1617071.5","-9999","424363.4","16.29","-1","0.452870817","0.963470249","0","0.578082149","11","0.409090909","1.090909091","O9","de-protonated","0","-9999","C22 H24 O9","22","24","9","-9999","-9999","-9999","-9999","-9999","-9999"
"1457","431.134853","431.134951146","431.135245155","1617071.5","-9999","424363.4","16.29","-1","-0.681941466","0.91908042","0","0.551448252","15","0.04","1","N2 S1 P1 O1","de-protonated","0","-9999","C25 H25 O1 N2 P1 S1","25","25","1","2","1","1","-9999","-9999","-9999"
"1457","431.134853","431.134951146","431.134593706","1617071.5","-9999","424363.4","16.29","-1","0.829067498","0.882744669","0","0.529646801","6","0.176470588","1.705882353","N4 S2 P1 O3","de-protonated","0","-9999","C17 H29 O3 N4 P1 S2","17","29","3","4","1","2","-9999","-9999","-9999"
"1458","431.140333","431.140431144","431.140629124","4875442","-9999","399840.5","52.55","-1","-0.459201769","0.976661469","0.929924055","0.957966503","2","0.933333333","1.866666667","O14","de-protonated","0","-9999","C15 H28 O14","15","28","14","-9999","-9999","-9999","-9999","-9999","-9999"
"1458","431.140333","431.140431144","431.14011606","4875442","-9999","399840.5","52.55","-1","0.730815108","0.876481929","0.977219167","0.916776824","20","0.107142857","0.714285714","N2 O3","de-protonated","0","-9999","C28 H20 O3 N2","28","20","3","2","-9999","-9999","-9999","-9999","-9999"
"1459","431.153445","431.153543138","431.153383342","3233975.3","-9999","396903","34.29","-1","0.370625763","0.981150173","0.992666929","0.985756875","10","0.260869565","1.217391304","S1 O6","de-protonated","0","-9999","C23 H28 O6 S1","23","28","6","-9999","-9999","1","-9999","-9999","-9999"
"1460","431.161475","431.161573135","431.161245428","984762.4","-9999","418930.5","9.26","-1","0.760057822","0.900485957","0","0.540291574","15","0.2","0.96","N2 O5","de-protonated","0","-9999","C25 H24 O5 N2","25","24","5","2","-9999","-9999","-9999","-9999","-9999"
"1461","431.174336","431.17443413","431.17451271","1138111.8","-9999","404029.7","10.96","-1","-0.18224543","0.993991596","0","0.596394958","5","0.4","1.6","S1 O8","de-protonated","0","-9999","C20 H32 O8 S1","20","32","8","-9999","-9999","1","-9999","-9999","-9999"
"1461","431.174336","431.17443413","431.174132587","1138111.8","-9999","404029.7","10.96","-1","0.699353028","0.915078355","0","0.549047013","10","0.227272727","1.318181818","N2 P1 O5","de-protonated","0","-9999","C22 H29 O5 N2 P1","22","29","5","2","1","-9999","-9999","-9999","-9999"
"1462","431.176822","431.176920129","431.177014633","3013824.8","-9999","453069.2","31.84","-1","-0.219176794","0.495660681","0.85247738","0.638387361","1","0.8125","2","O13","de-protonated","0","-9999","C16 H32 O13","16","32","13","-9999","-9999","-9999","-9999","-9999","-9999"
"1462","431.176822","431.176920129","431.176501569","3013824.8","-9999","453069.2","31.84","-1","0.970739947","0.421416839","0.761234226","0.557343794","19","0.068965517","0.827586207","N2 O2","de-protonated","0","-9999","C29 H24 O2 N2","29","24","2","2","-9999","-9999","-9999","-9999","-9999"
"1463","431.183917","431.184015127","431.184028566","2322627.8","-9999","458733.3","24.15","-1","-0.031168915","0.499911869","0.822155738","0.628809417","5","0.4","1.65","P1 O8","de-protonated","0","-9999","C20 H33 O8 P1","20","33","8","-9999","1","-9999","-9999","-9999","-9999"
"1464","431.189866","431.189964124","431.189768851","869318.1","-9999","411589.1","7.97","-1","0.452870489","0.963470301","0","0.57808218","9","0.208333333","1.333333333","S1 O5","de-protonated","0","-9999","C24 H32 O5 S1","24","32","5","-9999","-9999","1","-9999","-9999","-9999"
"1465","431.192219","431.192317124","431.192270775","800455.1","-9999","441408.8","7.21","-1","0.107489779","0.997905728","0","0.598743437","5","0.5","1.6","O10","de-protonated","0","-9999","C20 H32 O10","20","32","10","-9999","-9999","-9999","-9999","-9999","-9999"
"1465","431.192219","431.192317124","431.192108583","800455.1","-9999","441408.8","7.21","-1","0.483636152","0.958446475","0","0.575067885","0","0.266666667","2.466666667","N4 S2 P1 O4","de-protonated","0","-9999","C15 H37 O4 N4 P1 S2","15","37","4","4","1","2","-9999","-9999","-9999"
"1466","431.213161","431.213259115","431.213400143","1101007.6","-9999","430203","10.55","-1","-0.3270478","0.98077932","0","0.588467592","0","0.705882353","2.117647059","O12","de-protonated","0","-9999","C17 H36 O12","17","36","12","-9999","-9999","-9999","-9999","-9999","-9999"
"1466","431.213161","431.213259115","431.212887079","1101007.6","-9999","430203","10.55","-1","0.862768408","0.873659265","0","0.524195559","18","0.033333333","0.933333333","N2 O1","de-protonated","0","-9999","C30 H28 O1 N2","30","28","1","2","-9999","-9999","-9999","-9999","-9999"
"1467","431.220398","431.220496113","431.220414076","1387986.6","-9999","445070.9","13.74","-1","0.190243796","0.993454398","0","0.596072639","4","0.333333333","1.761904762","P1 O7","de-protonated","0","-9999","C21 H37 O7 P1","21","37","7","-9999","1","-9999","-9999","-9999","-9999"
"1468","431.234021","431.234119107","431.234016447","1276120.3","-9999","483942.7","12.5","-1","0.238062694","0.989769298","0","0.593861579","13","0.111111111","1.185185185","N2 O3","de-protonated","0","-9999","C27 H32 O3 N2","27","32","3","2","-9999","-9999","-9999","-9999","-9999"
"1469","431.23567","431.235768107","431.235670217","970201","-9999","465332.5","9.1","-1","0.226998417","0.990693834","0","0.5944163","8","0.16","1.48","P1 O4","de-protonated","0","-9999","C25 H37 O4 P1","25","37","4","-9999","1","-9999","-9999","-9999","-9999"
"1469","431.23567","431.235768107","431.235866921","970201","-9999","465332.5","9.1","-1","-0.229142989","0.990518003","0","0.594310802","0","0.666666667","2.4","N4 O10","de-protonated","0","-9999","C15 H36 O10 N4","15","36","10","4","-9999","-9999","-9999","-9999","-9999"
"1470","432.070918","432.071015784","432.07099039","1014705.1","-9999","413351.8","9.59","-1","0.058771682","0.999373453","0","0.599624072","7","0.352941176","1.411764706","N1 S2 P1 O6","de-protonated","0","-9999","C17 H24 O6 N1 P1 S2","17","24","6","1","1","2","-9999","-9999","-9999"
"1470","432.070918","432.071015784","432.070699876","1014705.1","-9999","413351.8","9.59","-1","0.731147909","0.90755751","0.98045419599999994","0.936716185","22","0.192307692","0.461538462","13C1 N2 O5","de-protonated","1","1448","C25 H12 O5 N2 13C1","25","12","5","2","-9999","-9999","1","-9999","-9999"
"1471","432.09926","432.099357773","432.098979523","988476.8","-9999","493084.4","9.3","-1","0.87537849","0.870191601","0","0.522114961","21","0.153846154","0.576923077","N3 O4","de-protonated","0","-9999","C26 H15 O4 N3","26","15","4","3","-9999","-9999","-9999","-9999","-9999"
"1472","432.107394","432.10749177","432.1073759","1052992.1","-9999","397928","10.01","-1","0.268151145","0.98703767","0","0.592222602","6","0.277777778","1.555555556","N1 S2 P1 O5","de-protonated","0","-9999","C18 H28 O5 N1 P1 S2","18","28","5","1","1","2","-9999","-9999","-9999"
"1472","432.107394","432.10749177","432.107085386","1052992.1","-9999","397928","10.01","-1","0.940470896","0.85172742","0.939769807","0.886944375","21","0.148148148","0.592592593","13C1 N2 O4","de-protonated","1","1454","C26 H16 O4 N2 13C1","26","16","4","2","-9999","-9999","1","-9999","-9999"
"1473","432.120507","432.120604765","432.120352668","875589.5","-9999","330066.7","8.04","-1","0.58339529","0.940112179","0.989131287","0.959719822","11","0.318181818","1.090909091","13C1 S1 O7","de-protonated","1","1455","C21 H24 O7 S1 13C1","21","24","7","-9999","-9999","1","1","-9999","-9999"
"1473","432.120507","432.120604765","432.120978271","875589.5","-9999","330066.7","8.04","-1","-0.864355147","0.873224938","0","0.523934963","15","0.041666667","0.958333333","N3 S2 O1","de-protonated","0","-9999","C24 H23 O1 N3 S2","24","23","1","3","-9999","2","-9999","-9999","-9999"
"1474","432.135658","432.135755759","432.135365032","856395.8","-9999","578169.2","7.83","-1","0.904176707","0.862137295","0","0.517282377","20","0.111111111","0.703703704","N3 O3","de-protonated","0","-9999","C27 H19 O3 N3","27","19","3","3","-9999","-9999","-9999","-9999","-9999"
"1475","432.143789","432.143886756","432.143983959","1293391.1","-9999","417692.6","12.69","-1","-0.224933207","0.990861624","0.929924055","0.966486597","2","0.933333333","1.866666667","13C1 O14","de-protonated","1","1458","C14 H28 O14 13C1","14","28","14","-9999","-9999","-9999","1","-9999","-9999"
"1475","432.143789","432.143886756","432.143761409","1293391.1","-9999","417692.6","12.69","-1","0.290057798","0.984850016","0","0.590910009","5","0.210526316","1.684210526","N1 S2 P1 O4","de-protonated","0","-9999","C19 H32 O4 N1 P1 S2","19","32","4","1","1","2","-9999","-9999","-9999"
"1475","432.143789","432.143886756","432.143470895","1293391.1","-9999","417692.6","12.69","-1","0.962320956","0.845326222","0.977219167","0.8980834","20","0.107142857","0.714285714","13C1 N2 O3","de-protonated","1","1458","C27 H20 O3 N2 13C1","27","20","3","2","-9999","-9999","1","-9999","-9999"
"1476","432.156524","432.156621751","432.156738177","841812.4","-9999","370894.8","7.66","-1","-0.269407567","0.986916715","0.992666929","0.989216801","10","0.260869565","1.217391304","13C1 S1 O6","de-protonated","1","1459","C22 H28 O6 S1 13C1","22","28","6","-9999","-9999","1","1","-9999","-9999"
"1476","432.156524","432.156621751","432.1564944","841812.4","-9999","370894.8","7.66","-1","0.294686315","0.984366484","0","0.59061989","15","0.208333333","0.958333333","N3 O5","de-protonated","0","-9999","C24 H23 O5 N3","24","23","5","3","-9999","-9999","-9999","-9999","-9999"
"1477","433.038249","433.03834641","433.03874751","1641409.6","-9999","455907.1","16.56","-1","-0.926246071","0.855841062","0","0.513504637","17","0.304347826","0.608695652","S1 O7","de-protonated","0","-9999","C23 H14 O7 S1","23","14","7","-9999","-9999","1","-9999","-9999","-9999"
"1477","433.038249","433.03834641","433.038367388","1641409.6","-9999","455907.1","16.56","-1","-0.048443556","0.999574271","0","0.599744563","22","0.16","0.44","N2 P1 O4","de-protonated","0","-9999","C25 H11 O4 N2 P1","25","11","4","2","1","-9999","-9999","-9999","-9999"
"1477","433.038249","433.03834641","433.038096062","1641409.6","-9999","455907.1","16.56","-1","0.578120595","0.941157855","0","0.564694713","8","0.6","1.2","N2 S2 O9","de-protonated","0","-9999","C15 H18 O9 N2 S2","15","18","9","2","-9999","2","-9999","-9999","-9999"
"1478","433.0469","433.046997407","433.046609596","5228485","-9999","441942.8","56.47","-1","0.895539276","0.432286239","0.787157861","0.574234888","22","0.24","0.4","N2 O6","de-protonated","0","-9999","C25 H10 O6 N2","25","10","6","2","-9999","-9999","-9999","-9999","-9999"
"1479","433.047937","433.048034406","433.048263367","867781.7","-9999","650946.7","7.95","-1","-0.528718051","0.950542248","0","0.570325349","17","0.304347826","0.652173913","P1 O7","de-protonated","0","-9999","C23 H15 O7 P1","23","15","7","-9999","1","-9999","-9999","-9999","-9999"
"1479","433.047937","433.048034406","433.04799204","867781.7","-9999","650946.7","7.95","-1","0.097831481","0.998264862","0","0.598958917","3","0.923076923","1.692307692","S2 O12","de-protonated","0","-9999","C13 H22 O12 S2","13","22","12","-9999","-9999","2","-9999","-9999","-9999"
"1479","433.047937","433.048034406","433.047611918","867781.7","-9999","650946.7","7.95","-1","0.975616155","0.841383484","0","0.50483009","8","0.6","1.266666667","N2 S1 P1 O9","de-protonated","0","-9999","C15 H19 O9 N2 P1 S1","15","19","9","2","1","1","-9999","-9999","-9999"
"1480","433.055967","433.056064403","433.055854126","1731529","-9999","410803.7","17.56","-1","0.485564737","0.958121462","0","0.574872877","8","0.733333333","1.2","N2 S1 O11","de-protonated","0","-9999","C15 H18 O11 N2 S1","15","18","11","2","-9999","1","-9999","-9999","-9999"
"1480","433.055967","433.056064403","433.056343384","1731529","-9999","410803.7","17.56","-1","-0.644213397","0.927462253","0","0.556477352","12","0.166666667","1.055555556","N4 S2 P1 O3","de-protonated","0","-9999","C18 H19 O3 N4 P1 S2","18","19","3","4","1","2","-9999","-9999","-9999"
"1481","433.059918","433.060015401","433.059876878","827850.6","-9999","549822","7.5","-1","0.319870604","0.981605952","0","0.588963571","12","0.45","0.9","S1 O9","de-protonated","0","-9999","C20 H18 O9 S1","20","18","9","-9999","-9999","1","-9999","-9999","-9999"
"1481","433.059918","433.060015401","433.060366136","827850.6","-9999","549822","7.5","-1","-0.809896848","0.887791675","0","0.532675005","16","0.043478261","0.826086957","N2 S2 P1 O1","de-protonated","0","-9999","C23 H19 O1 N2 P1 S2","23","19","1","2","1","2","-9999","-9999","-9999"
"1482","433.074519","433.074616396","433.074752897","1676752.8","-9999","446144.4","16.95","-1","-0.315191059","0.982135405","0","0.589281243","21","0.115384615","0.576923077","N2 P1 O3","de-protonated","0","-9999","C26 H15 O3 N2 P1","26","15","3","2","1","-9999","-9999","-9999","-9999"
"1482","433.074519","433.074616396","433.074481571","1676752.8","-9999","446144.4","16.95","-1","0.311320283","0.982567668","0","0.589540601","7","0.5","1.375","N2 S2 O8","de-protonated","0","-9999","C16 H22 O8 N2 S2","16","22","8","2","-9999","2","-9999","-9999","-9999"
"1483","433.083264","433.083361392","433.082995106","6369236.5","-9999","396936.5","69.17","-1","0.845765924","0.887903664","0.994650975","0.930602588","21","0.192307692","0.538461538","N2 O5","de-protonated","0","-9999","C26 H14 O5 N2","26","14","5","2","-9999","-9999","-9999","-9999","-9999"
"1484","433.092163","433.092260389","433.092239636","909016.1","-9999","411532.2","8.41","-1","0.047918913","0.99958344","0","0.599750064","7","0.625","1.375","N2 S1 O10","de-protonated","0","-9999","C16 H22 O10 N2 S1","16","22","10","2","-9999","1","-9999","-9999","-9999"
"1484","433.092163","433.092260389","433.091859513","909016.1","-9999","411532.2","8.41","-1","0.925613863","0.85602289","0","0.513613734","12","0.388888889","1.055555556","N4 P1 O7","de-protonated","0","-9999","C18 H19 O7 N4 P1","18","19","7","4","1","-9999","-9999","-9999","-9999"
"1485","433.096367","433.096464387","433.096262388","1913305.8","-9999","365536.7","19.58","-1","0.466408282","0.961297114","0","0.576778269","11","0.380952381","1.047619048","S1 O8","de-protonated","0","-9999","C21 H22 O8 S1","21","22","8","-9999","-9999","1","-9999","-9999","-9999"
"1486","433.110927","433.111024382","433.111138406","806623.8","-9999","465903.7","7.27","-1","-0.26326895","0.987502445","0","0.592501467","20","0.074074074","0.703703704","N2 P1 O2","de-protonated","0","-9999","C27 H19 O2 N2 P1","27","19","2","2","1","-9999","-9999","-9999","-9999"
"1486","433.110927","433.111024382","433.11086708","806623.8","-9999","465903.7","7.27","-1","0.363189791","0.976349834","0","0.585809901","6","0.411764706","1.529411765","N2 S2 O7","de-protonated","0","-9999","C17 H26 O7 N2 S2","17","26","7","2","-9999","2","-9999","-9999","-9999"
"1487","433.114289","433.11438638","433.114020452","1292513.3","-9999","414005.1","12.67","-1","0.844876864","0.878516015","0","0.527109609","11","0.476190476","1.047619048","O10","de-protonated","0","-9999","C21 H22 O10","21","22","10","-9999","-9999","-9999","-9999","-9999","-9999"
"1487","433.114289","433.11438638","433.11450971","1292513.3","-9999","414005.1","12.67","-1","-0.284749949","0.985395378","0","0.591237227","15","0.083333333","0.958333333","N2 S1 P1 O2","de-protonated","0","-9999","C24 H23 O2 N2 P1 S1","24","23","2","2","1","1","-9999","-9999","-9999"
"1488","433.11539","433.11548738","433.115357863","1099745.8","-9999","358076.7","10.53","-1","0.299035967","0.983905329","0","0.590343197","16","0.272727273","0.818181818","N4 O6","de-protonated","0","-9999","C22 H18 O6 N4","22","18","6","4","-9999","-9999","-9999","-9999","-9999"
"1489","433.11776","433.117857379","433.117881013","1809890.6","-9999","546690.4","18.43","-1","-0.054567122","0.99945987","0","0.599675922","10","0.095238095","1.285714286","N2 S2 P1 O2","de-protonated","0","-9999","C21 H27 O2 N2 P1 S2","21","27","2","2","1","2","-9999","-9999","-9999"
"1490","433.119649","433.119746378","433.119380615","9234403","-9999","415592.3","101.05","-1","0.844486393","0.873282336","0.958157403","0.907232363","20","0.148148148","0.666666667","N2 O4","de-protonated","0","-9999","C27 H18 O4 N2","27","18","4","2","-9999","-9999","-9999","-9999","-9999"
"1491","433.130568","433.130665374","433.130278915","1009128","-9999","671249.5","9.52","-1","0.89224617","0.865496555","0","0.519297933","1","0.666666667","2.066666667","S1 P1 O10","de-protonated","0","-9999","C15 H31 O10 P1 S1","15","31","10","-9999","1","1","-9999","-9999","-9999"
"1491","433.130568","433.130665374","433.130614004","1009128","-9999","671249.5","9.52","-1","0.118601435","0.997450943","0","0.598470566","20","0.115384615","0.692307692","N4 O3","de-protonated","0","-9999","C26 H18 O3 N4","26","18","3","4","-9999","-9999","-9999","-9999","-9999"
"1492","433.132771","433.132868373","433.132647897","2306025","-9999","422596","23.95","-1","0.509027111","0.477036584","0.807789663","0.609337815","10","0.318181818","1.181818182","S1 O7","de-protonated","0","-9999","C22 H26 O7 S1","22","26","7","-9999","-9999","1","-9999","-9999","-9999"
"1493","433.151807","433.151904366","433.151743372","1128944.8","-9999","482643","10.85","-1","0.371679542","0.9752452","0","0.58514712","15","0.217391304","0.956521739","N4 O5","de-protonated","0","-9999","C23 H22 O5 N4","23","22","5","4","-9999","-9999","-9999","-9999","-9999"
"1494","433.154382","433.154479365","433.154266522","1254897.9","-9999","446202.5","12.26","-1","0.491378044","0.957134631","0","0.574280778","9","0.045454545","1.409090909","N2 S2 P1 O1","de-protonated","0","-9999","C22 H31 O1 N2 P1 S2","22","31","1","2","1","2","-9999","-9999","-9999"
"1495","433.156073","433.156170364","433.156279189","7606258.5","-9999","421290.9","82.93","-1","-0.251235554","0.989319062","0.940935974","0.969965826","1","0.933333333","2","O14","de-protonated","0","-9999","C15 H30 O14","15","30","14","-9999","-9999","-9999","-9999","-9999","-9999"
"1495","433.156073","433.156170364","433.155766124","7606258.5","-9999","421290.9","82.93","-1","0.933243937","0.851868145","0.966207248","0.897603787","19","0.107142857","0.785714286","N2 O3","de-protonated","0","-9999","C28 H22 O3 N2","28","22","3","2","-9999","-9999","-9999","-9999","-9999"
"1496","433.169108","433.169205359","433.169033406","1563640","-9999","460904.6","15.69","-1","0.39696481","0.971812031","0","0.583087219","9","0.260869565","1.304347826","S1 O6","de-protonated","0","-9999","C23 H30 O6 S1","23","30","6","-9999","-9999","1","-9999","-9999","-9999"
"1497","433.192512","433.19260935","433.192664698","2952193.8","-9999","430708.1","31.14","-1","-0.127766924","0.498521172","0.85247738","0.640103655","0","0.8125","2.125","O13","de-protonated","0","-9999","C16 H34 O13","16","34","13","-9999","-9999","-9999","-9999","-9999","-9999"
"1498","433.199638","433.199735347","433.199678631","1445636.8","-9999","422092.4","14.38","-1","0.130925191","0.996894546","0","0.598136728","4","0.4","1.75","P1 O8","de-protonated","0","-9999","C20 H35 O8 P1","20","35","8","-9999","1","-9999","-9999","-9999","-9999"
"1499","433.213561","433.213658342","433.213281002","1251850.5","-9999","418437.2","12.22","-1","0.871026755","0.871392415","0","0.522835449","13","0.153846154","1.153846154","N2 O4","de-protonated","0","-9999","C26 H30 O4 N2","26","30","4","2","-9999","-9999","-9999","-9999","-9999"
"1500","434.050307","434.050404019","434.050254945","1069159.3","-9999","456382.7","9.78","-1","0.343446921","0.978824495","0","0.587294697","7","0.4375","1.375","N1 S2 P1 O7","de-protonated","0","-9999","C16 H22 O7 N1 P1 S2","16","22","7","1","1","2","-9999","-9999","-9999"
"1502","434.086588","434.086685005","434.086640455","1735542.4","-9999","468345.5","16.91","-1","0.102628931","0.998090681","0","0.598854409","6","0.352941176","1.529411765","N1 S2 P1 O6","de-protonated","0","-9999","C17 H26 O6 N1 P1 S2","17","26","6","1","1","2","-9999","-9999","-9999"
"1502","434.086588","434.086685005","434.086349941","1735542.4","-9999","468345.5","16.91","-1","0.771883055","0.897530879","0.994650975","0.936378918","21","0.192307692","0.538461538","13C1 N2 O5","de-protonated","1","1483","C25 H14 O5 N2 13C1","25","14","5","2","-9999","-9999","1","-9999","-9999"
"1503","434.114825","434.114921994","434.114629587","1145730.3","-9999","453556.2","10.6","-1","0.673569794","0.920974812","0","0.552584887","20","0.153846154","0.653846154","N3 O4","de-protonated","0","-9999","C26 H17 O4 N3","26","17","4","3","-9999","-9999","-9999","-9999","-9999"
"1504","434.123022","434.12311899","434.123025964","2084741.6","-9999","414355.3","20.64","-1","0.21428583","0.991702777","0","0.595021666","5","0.277777778","1.666666667","N1 S2 P1 O5","de-protonated","0","-9999","C18 H30 O5 N1 P1 S2","18","30","5","1","1","2","-9999","-9999","-9999"
"1504","434.123022","434.12311899","434.12273545","2084741.6","-9999","414355.3","20.64","-1","0.883483936","0.8679435","0.958157403","0.904029061","20","0.148148148","0.666666667","13C1 N2 O4","de-protonated","1","1490","C26 H18 O4 N2 13C1","26","18","4","2","-9999","-9999","1","-9999","-9999"
"1506","434.159435","434.159531976","434.159634024","1885588.9","-9999","377261.3","18.51","-1","-0.235045375","0.990025703","0.940935974","0.970389811","1","0.933333333","2","13C1 O14","de-protonated","1","1495","C14 H30 O14 13C1","14","30","14","-9999","-9999","-9999","1","-9999","-9999"
"1506","434.159435","434.159531976","434.159411473","1885588.9","-9999","377261.3","18.51","-1","0.277554702","0.986119049","0","0.591671429","4","0.210526316","1.789473684","N1 S2 P1 O4","de-protonated","0","-9999","C19 H34 O4 N1 P1 S2","19","34","4","1","1","2","-9999","-9999","-9999"
"1506","434.159435","434.159531976","434.159120959","1885588.9","-9999","377261.3","18.51","-1","0.946696767","0.849913566","0.966207248","0.896431039","19","0.107142857","0.785714286","13C1 N2 O3","de-protonated","1","1495","C27 H22 O3 N2 13C1","27","22","3","2","-9999","-9999","1","-9999","-9999"
"1508","435.026144","435.026240641","435.025874151","1615616.1","-9999","419480.7","15.62","-1","0.84245561","0.879167502","0","0.527500501","22","0.291666667","0.333333333","N2 O7","de-protonated","0","-9999","C24 H8 O7 N2","24","8","7","2","-9999","-9999","-9999","-9999","-9999"
"1509","435.035379","435.035475638","435.03577013","1159172","-9999","503387.5","10.74","-1","-0.676938248","0.920214923","0","0.552128954","17","0.454545455","0.545454545","O10","de-protonated","0","-9999","C22 H12 O10","22","12","10","-9999","-9999","-9999","-9999","-9999","-9999"
"1509","435.035379","435.035475638","435.035118681","1159172","-9999","503387.5","10.74","-1","0.820523017","0.885005178","0","0.531003107","8","0.857142857","1.142857143","N2 S1 O12","de-protonated","0","-9999","C14 H16 O12 N2 S1","14","16","12","2","-9999","1","-9999","-9999","-9999"
"1509","435.035379","435.035475638","435.035607939","1159172","-9999","503387.5","10.74","-1","-0.304115387","0.983358531","0","0.590015119","12","0.235294118","1","N4 S2 P1 O4","de-protonated","0","-9999","C17 H17 O4 N4 P1 S2","17","17","4","4","1","2","-9999","-9999","-9999"
"1510","435.053983","435.054079631","435.054397575","1872651.8","-9999","466565.4","18.37","-1","-0.730814712","0.907637731","0","0.544582639","16","0.304347826","0.695652174","S1 O7","de-protonated","0","-9999","C23 H16 O7 S1","23","16","7","-9999","-9999","1","-9999","-9999","-9999"
"1510","435.053983","435.054079631","435.054017452","1872651.8","-9999","466565.4","18.37","-1","0.142921025","0.498150257","0.787157861","0.613753298","21","0.16","0.52","N2 P1 O4","de-protonated","0","-9999","C25 H13 O4 N2 P1","25","13","4","2","1","-9999","-9999","-9999","-9999"
"1510","435.053983","435.054079631","435.053746126","1872651.8","-9999","466565.4","18.37","-1","0.766582356","0.898859942","0","0.539315965","7","0.6","1.333333333","N2 S2 O9","de-protonated","0","-9999","C15 H20 O9 N2 S2","15","20","9","2","-9999","2","-9999","-9999","-9999"
"1511","435.062591","435.062687627","435.062259661","7793423.5","-9999","407232.9","81.66","-1","0.983690354","0.419485883","0.787157861","0.566554674","21","0.24","0.48","N2 O6","de-protonated","0","-9999","C25 H12 O6 N2","25","12","6","2","-9999","-9999","-9999","-9999","-9999"
"1512","435.071623","435.071719624","435.071504191","1026835.3","-9999","502987.7","9.33","-1","0.495166804","0.956485707","0","0.573891424","7","0.733333333","1.333333333","N2 S1 O11","de-protonated","0","-9999","C15 H20 O11 N2 S1","15","20","11","2","-9999","1","-9999","-9999","-9999"
"1512","435.071623","435.071719624","435.071993448","1026835.3","-9999","502987.7","9.33","-1","-0.629377178","0.930647535","0","0.558388521","11","0.166666667","1.166666667","N4 S2 P1 O3","de-protonated","0","-9999","C18 H21 O3 N4 P1 S2","18","21","3","4","1","2","-9999","-9999","-9999"
"1513","435.090771","435.090867616","435.090783084","1253659.3","-9999","317776","11.75","-1","0.19428652","0.993174213","0","0.595904528","15","0.25","0.833333333","S1 O6","de-protonated","0","-9999","C24 H20 O6 S1","24","20","6","-9999","-9999","1","-9999","-9999","-9999"
"1514","435.094685","435.094781615","435.094425714","1597468.9","-9999","395355.1","15.43","-1","0.817986304","0.442836441","0.748902347","0.565262803","24","0.032258065","0.548387097","P1 O1","de-protonated","0","-9999","C31 H17 O1 P1","31","17","1","-9999","1","-9999","-9999","-9999","-9999"
"1514","435.094685","435.094781615","435.094622418","1597468.9","-9999","395355.1","15.43","-1","0.365890045","0.976001127","0","0.585600676","16","0.333333333","0.761904762","N4 O7","de-protonated","0","-9999","C21 H16 O7 N4","21","16","7","4","-9999","-9999","-9999","-9999","-9999"
"1515","435.098968","435.099064613","435.09864517","11299615","-9999","416224","119.14","-1","0.964018482","0.846576313","0.943813992","0.885471385","20","0.192307692","0.615384615","N2 O5","de-protonated","0","-9999","C26 H16 O5 N2","26","16","5","2","-9999","-9999","-9999","-9999","-9999"
"1516","435.112042","435.112138608","435.111912452","1316644.1","-9999","483487","12.42","-1","0.51976511","0.952162649","0","0.571297589","10","0.380952381","1.142857143","S1 O8","de-protonated","0","-9999","C21 H24 O8 S1","21","24","8","-9999","-9999","1","-9999","-9999","-9999"
"1517","435.135333","435.135429599","435.135030679","13753134","-9999","412156.3","145.36","-1","0.916772264","0.566830357","0.937482295","0.715091132","19","0.148148148","0.740740741","N2 O4","de-protonated","0","-9999","C27 H20 O4 N2","27","20","4","2","-9999","-9999","-9999","-9999","-9999"
"1518","435.148353","435.148449594","435.148297962","1379635.4","-9999","380758.8","13.1","-1","0.348461902","0.97820841","0","0.586925046","9","0.318181818","1.272727273","S1 O7","de-protonated","0","-9999","C22 H28 O7 S1","22","28","7","-9999","-9999","1","-9999","-9999","-9999"
"1519","435.167578","435.167674587","435.167393437","987195.5","-9999","506078.8","8.9","-1","0.646073019","0.927058546","0","0.556235128","14","0.217391304","1.043478261","N4 O5","de-protonated","0","-9999","C23 H24 O5 N4","23","24","5","4","-9999","-9999","-9999","-9999","-9999"
"1520","435.169928","435.170024586","435.169916587","1529404.5","-9999","467929.6","14.7","-1","0.248176285","0.988886525","0","0.593331915","8","0.045454545","1.5","N2 S2 P1 O1","de-protonated","0","-9999","C22 H33 O1 N2 P1 S2","22","33","1","2","1","2","-9999","-9999","-9999"
"1521","435.171736","435.171832585","435.171929253","7349053.5","-9999","408493.8","76.91","-1","-0.222137365","0.994404609","0.944093975","0.974280356","0","0.933333333","2.133333333","O14","de-protonated","0","-9999","C15 H32 O14","15","32","14","-9999","-9999","-9999","-9999","-9999","-9999"
"1521","435.171736","435.171832585","435.171416189","7349053.5","-9999","408493.8","76.91","-1","0.956855824","0.423468262","0.767553728","0.561102448","18","0.107142857","0.857142857","N2 O3","de-protonated","0","-9999","C28 H24 O3 N2","28","24","3","2","-9999","-9999","-9999","-9999","-9999"
"1522","435.192702","435.192798577","435.192545557","947014.1","-9999","567822","8.47","-1","0.581398146","0.940509081","0","0.564305448","13","0.2","1.12","N2 O5","de-protonated","0","-9999","C25 H28 O5 N2","25","28","5","2","-9999","-9999","-9999","-9999","-9999"
"1523","435.194276","435.194372576","435.194199327","3880774.8","-9999","447965.2","39.83","-1","0.398096415","0.485826699","0.800793265","0.611813325","8","0.260869565","1.434782609","P1 O6","de-protonated","0","-9999","C23 H33 O6 P1","23","33","6","-9999","1","-9999","-9999","-9999","-9999"
"1523","435.194276","435.194372576","435.194396032","3880774.8","-9999","447965.2","39.83","-1","-0.053896005","0.499736535","0.876728111","0.650533165","0","0.923076923","2.461538462","N4 O12","de-protonated","0","-9999","C13 H32 O12 N4","13","32","12","4","-9999","-9999","-9999","-9999","-9999"
"1525","435.229227","435.229323563","435.228931066","1142101.5","-9999","410590.8","10.56","-1","0.901816586","0.86280433","0","0.517682598","12","0.153846154","1.230769231","N2 O4","de-protonated","0","-9999","C26 H32 O4 N2","26","32","4","2","-9999","-9999","-9999","-9999","-9999"
"1526","436.065992","436.066088239","436.06590501","1183926.4","-9999","470856.8","11","-1","0.420187693","0.968471559","0","0.581082936","6","0.4375","1.5","N1 S2 P1 O7","de-protonated","0","-9999","C16 H24 O7 N1 P1 S2","16","24","7","1","1","2","-9999","-9999","-9999"
"1527","436.094136","436.094232228","436.093894142","955586.2","-9999","466067.4","8.56","-1","0.775260147","0.896680386","0","0.538008232","20","0.2","0.6","N3 O5","de-protonated","0","-9999","C25 H15 O5 N3","25","15","5","3","-9999","-9999","-9999","-9999","-9999"
"1528","436.102319","436.102415225","436.102290519","2205381.8","-9999","433752.9","21.92","-1","0.285956153","0.985272303","0","0.591163382","5","0.352941176","1.647058824","N1 S2 P1 O6","de-protonated","0","-9999","C17 H28 O6 N1 P1 S2","17","28","6","1","1","2","-9999","-9999","-9999"
"1528","436.102319","436.102415225","436.102000005","2205381.8","-9999","433752.9","21.92","-1","0.952117127","0.84832782","0.943813992","0.886522289","20","0.192307692","0.615384615","13C1 N2 O5","de-protonated","1","1515","C25 H16 O5 N2 13C1","25","16","5","2","-9999","-9999","1","-9999","-9999"
"1529","436.130771","436.130867214","436.131281973","1207761.8","-9999","415307.2","11.26","-1","-0.950995522","0.848656449","0","0.50919387","5","0.4375","1.75","N3 S1 P1 O7","de-protonated","0","-9999","C16 H28 O7 N3 P1 S1","16","28","7","3","1","1","-9999","-9999","-9999"
"1530","436.138714","436.138810211","436.138676029","3170517","-9999","464540.8","32.24","-1","0.307660661","0.491485805","0.837042051","0.629708303","4","0.277777778","1.777777778","N1 S2 P1 O5","de-protonated","0","-9999","C18 H32 O5 N1 P1 S2","18","32","5","1","1","2","-9999","-9999","-9999"
"1530","436.138714","436.138810211","436.138385514","3170517","-9999","464540.8","32.24","-1","0.973766074","0.561289509","0.937482295","0.711766623","19","0.148148148","0.740740741","13C1 N2 O4","de-protonated","1","1517","C26 H20 O4 N2 13C1","26","20","4","2","-9999","-9999","1","-9999","-9999"
"1531","436.175139","436.175235197","436.175284088","1785828.5","-9999","393277.1","17.43","-1","-0.11209007","0.997722842","0.944093975","0.976271295","0","0.933333333","2.133333333","13C1 O14","de-protonated","1","1521","C14 H32 O14 13C1","14","32","14","-9999","-9999","-9999","1","-9999","-9999"
"1531","436.175139","436.175235197","436.175061538","1785828.5","-9999","393277.1","17.43","-1","0.398141245","0.971647104","0","0.582988263","3","0.210526316","1.894736842","N1 S2 P1 O4","de-protonated","0","-9999","C19 H36 O4 N1 P1 S2","19","36","4","1","1","2","-9999","-9999","-9999"
"1535","437.030013","437.030108867","437.030290827","888142.9","-9999","301784.5","7.83","-1","-0.416355238","0.969035109","0","0.581421065","21","0.32","0.4","O8","de-protonated","0","-9999","C25 H10 O8","25","10","8","-9999","-9999","-9999","-9999","-9999","-9999"
"1535","437.030013","437.030108867","437.030128635","888142.9","-9999","301784.5","7.83","-1","-0.045233771","0.999628808","0","0.599777285","16","0.1","0.75","N4 S2 P1 O2","de-protonated","0","-9999","C20 H15 O2 N4 P1 S2","20","15","2","4","1","2","-9999","-9999","-9999"
"1536","437.03321999999997","437.033315865","437.03366213","1137744.4","-9999","401520.6","10.5","-1","-0.792306041","0.892343433","0","0.53540606","16","0.363636364","0.636363636","S1 O8","de-protonated","0","-9999","C22 H14 O8 S1","22","14","8","-9999","-9999","1","-9999","-9999","-9999"
"1536","437.03321999999997","437.033315865","437.033282007","1137744.4","-9999","401520.6","10.5","-1","0.077472611","0.998911537","0","0.599346922","21","0.208333333","0.458333333","N2 P1 O5","de-protonated","0","-9999","C24 H11 O5 N2 P1","24","11","5","2","1","-9999","-9999","-9999","-9999"
"1536","437.03321999999997","437.033315865","437.033010681","1137744.4","-9999","401520.6","10.5","-1","0.698309423","0.915320574","0","0.549192345","7","0.714285714","1.285714286","N2 S2 O10","de-protonated","0","-9999","C14 H18 O10 N2 S2","14","18","10","2","-9999","2","-9999","-9999","-9999"
"1537","437.041927","437.042022862","437.042393596","4413012","-9999","407890.7","45.51","-1","-0.848278387","0.438799214","0.787157861","0.578142673","20","0.08","0.56","N2 S2 O2","de-protonated","0","-9999","C25 H14 O2 N2 S2","25","14","2","2","-9999","2","-9999","-9999","-9999"
"1538","437.057198","437.057293856","437.05713123","911962.5","-9999","465313.8","8.09","-1","0.372093551","0.975190711","0","0.585114427","2","0.9","2.3","N4 S2 P1 O9","de-protonated","0","-9999","C10 H23 O9 N4 P1 S2","10","23","9","4","1","2","-9999","-9999","-9999"
"1539","437.069829","437.069924851","437.070047639","1001951.9","-9999","361092.2","9.05","-1","-0.280934175","0.985781395","0","0.591468837","15","0.304347826","0.782608696","S1 O7","de-protonated","0","-9999","C23 H18 O7 S1","23","18","7","-9999","-9999","1","-9999","-9999","-9999"
"1539","437.069829","437.069924851","437.069667517","1001951.9","-9999","361092.2","9.05","-1","0.588772514","0.939037612","0","0.563422567","20","0.16","0.6","N2 P1 O4","de-protonated","0","-9999","C25 H15 O4 N2 P1","25","15","4","2","1","-9999","-9999","-9999","-9999"
"1540","437.070556","437.070651851","437.07104996100003","1040224.2","-9999","387780.5","9.46","-1","-0.910858301","0.860242259","0","0.516145355","1","0.769230769","2.076923077","S2 P1 O10","de-protonated","0","-9999","C13 H27 O10 P1 S2","13","27","10","-9999","1","2","-9999","-9999","-9999"
"1541","437.074164","437.07425985","437.073886973","1268577.8","-9999","396437.8","11.9","-1","0.853119923","0.876287696","0","0.525772617","16","0.4","0.7","N4 O8","de-protonated","0","-9999","C20 H14 O8 N4","20","14","8","4","-9999","-9999","-9999","-9999","-9999"
"1542","437.078278","437.078373848","437.078779105","10511971","-9999","394590","110.71","-1","-0.927194453","0.573131899","0.895541052","0.70209556","19","0.038461538","0.692307692","N2 S2 O1","de-protonated","0","-9999","C26 H18 O1 N2 S2","26","18","1","2","-9999","2","-9999","-9999","-9999"
"1543","437.087346","437.087441845","437.087805704","1156967.4","-9999","391027.9","10.71","-1","-0.832462998","0.88184148","0","0.529104888","15","0.391304348","0.782608696","O9","de-protonated","0","-9999","C23 H18 O9","23","18","9","-9999","-9999","-9999","-9999","-9999","-9999"
"1543","437.087346","437.087441845","437.087154255","1156967.4","-9999","391027.9","10.71","-1","0.657967758","0.924453016","0","0.55467181","6","0.733333333","1.466666667","N2 S1 O11","de-protonated","0","-9999","C15 H22 O11 N2 S1","15","22","11","2","-9999","1","-9999","-9999","-9999"
"1543","437.087346","437.087441845","437.087643513","1156967.4","-9999","391027.9","10.71","-1","-0.46139052","0.962109493","0","0.577265696","10","0.166666667","1.277777778","N4 S2 P1 O3","de-protonated","0","-9999","C18 H23 O3 N4 P1 S2","18","23","3","4","1","2","-9999","-9999","-9999"
"1545","437.112833","437.112928835","437.112795633","2604146.3","-9999","472755.8","26.18","-1","0.304731395","0.491645806","0.822155738","0.623849779","9","0.15","1.35","N2 S2 P1 O3","de-protonated","0","-9999","C20 H27 O3 N2 P1 S2","20","27","3","2","1","2","-9999","-9999","-9999"
"1547","437.143037","437.143132823","437.142818658","1507711","-9999","329356.6","14.46","-1","0.718678364","0.910539507","0","0.546323704","13","0.2","1.04","S1 O5","de-protonated","0","-9999","C25 H26 O5 S1","25","26","5","-9999","-9999","1","-9999","-9999","-9999"
"1547","437.143037","437.143132823","437.1429516","1507711","-9999","329356.6","14.46","-1","0.414563142","0.969296971","0","0.581578182","0","0.928571429","2.214285714","P1 O13","de-protonated","0","-9999","C14 H31 O13 P1","14","31","13","-9999","1","-9999","-9999","-9999","-9999"
"1548","437.146875","437.146970822","437.146657992","1725568.6","-9999","449890.4","16.79","-1","0.715617119","0.911265215","0","0.546759129","14","0.272727273","1","N4 O6","de-protonated","0","-9999","C22 H22 O6 N4","22","22","6","4","-9999","-9999","-9999","-9999","-9999"
"1551","437.194697","437.194792803","437.194460309","1056149","-9999","440059","9.63","-1","0.760518499","0.900371509","0","0.540222905","16","0.033333333","1","S1 O1","de-protonated","0","-9999","C30 H30 O1 S1","30","30","1","-9999","-9999","1","-9999","-9999","-9999"
"1551","437.194697","437.194792803","437.19459325","1056149","-9999","440059","9.63","-1","0.456439187","0.962903167","0","0.5777419","3","0.473684211","1.842105263","P1 O9","de-protonated","0","-9999","C19 H35 O9 P1","19","35","9","-9999","1","-9999","-9999","-9999","-9999"
"1554","437.282781","437.282876769","437.28262041","813754.5","-9999","410753.7","7.04","-1","0.586254039","0.93954197","0","0.563725182","5","0.16","1.72","P1 O4","de-protonated","0","-9999","C25 H43 O4 P1","25","43","4","-9999","1","-9999","-9999","-9999","-9999"
"1555","438.046313","438.046408474","438.046669167","1816576.3","-9999","430989.3","17.75","-1","-0.595126084","0.937756838","0","0.562654103","16","0.476190476","0.619047619","N1 O10","de-protonated","0","-9999","C21 H13 O10 N1","21","13","10","1","-9999","-9999","-9999","-9999","-9999"
"1555","438.046313","438.046408474","438.046017718","1816576.3","-9999","430989.3","17.75","-1","0.892042537","0.865553617","0","0.51933217","7","0.923076923","1.307692308","N3 S1 O12","de-protonated","0","-9999","C13 H17 O12 N3 S1","13","17","12","3","-9999","1","-9999","-9999","-9999"
"1556","438.073547","438.073642463","438.074028077","1237771.9","-9999","447735.1","11.57","-1","-0.880248434","0.868842675","0","0.521305605","19","0.04","0.68","N3 S2 O1","de-protonated","0","-9999","C25 H17 O1 N3 S2","25","17","1","3","-9999","2","-9999","-9999","-9999"
"1557","438.081645","438.08174046","438.081555074","2092047.4","-9999","414217","20.7","-1","0.423176553","0.968028704","0","0.580817222","5","0.4375","1.625","N1 S2 P1 O7","de-protonated","0","-9999","C16 H26 O7 N1 P1 S2","16","26","7","1","1","2","-9999","-9999","-9999"
"1557","438.081645","438.08174046","438.08213394","2092047.4","-9999","414217","20.7","-1","-0.898187685","0.575885039","0.895541052","0.703747444","19","0.038461538","0.692307692","13C1 N2 S2 O1","de-protonated","1","1542","C25 H18 O1 N2 S2 13C1","25","18","1","2","-9999","2","1","-9999","-9999"
"1559","438.117949","438.118044446","438.117940584","2867231","-9999","492192.9","28.99","-1","0.237065064","0.494927215","0.844689208","0.634832012","4","0.352941176","1.764705882","N1 S2 P1 O6","de-protonated","0","-9999","C17 H30 O6 N1 P1 S2","17","30","6","1","1","2","-9999","-9999","-9999"
"1560","438.119007","438.119102446","438.119440185","2097695.3","-9999","489208.6","20.76","-1","-0.770885221","0.92144042","0.610147186","0.796923127","14","0.347826087","0.913043478","N1 O8","de-protonated","0","-9999","C23 H21 O8 N1","23","21","8","1","-9999","-9999","-9999","-9999","-9999"
"1560","438.119007","438.119102446","438.118788737","2097695.3","-9999","489208.6","20.76","-1","0.716036122","0.911166034","0","0.54669962","5","0.666666667","1.666666667","N3 S1 O10","de-protonated","0","-9999","C15 H25 O10 N3 S1","15","25","10","3","-9999","1","-9999","-9999","-9999"
"1561","438.146479","438.146574435","438.146932038","1216299.1","-9999","498618.7","11.34","-1","-0.816170502","0.886149868","0","0.531689921","4","0.4375","1.875","N3 S1 P1 O7","de-protonated","0","-9999","C16 H30 O7 N3 P1 S1","16","30","7","3","1","1","-9999","-9999","-9999"
"1562","438.154401","438.154496432","438.154326093","2768430.5","-9999","416567.9","27.93","-1","0.388764884","0.486474401","0.837042051","0.626701461","3","0.277777778","1.888888889","N1 S2 P1 O5","de-protonated","0","-9999","C18 H34 O5 N1 P1 S2","18","34","5","1","1","2","-9999","-9999","-9999"
"1563","438.19092","438.191015418","438.190711602","1043262.1","-9999","534087.7","9.49","-1","0.693340913","0.916469669","0","0.549881801","2","0.210526316","2","N1 S2 P1 O4","de-protonated","0","-9999","C19 H38 O4 N1 P1 S2","19","38","4","1","1","2","-9999","-9999","-9999"
"1564","438.241637","438.241732398","438.241483873","991443.8","-9999","361407.3","8.93","-1","0.567096409","0.943316336","0","0.565989802","6","0.217391304","1.652173913","N1 P1 O5","de-protonated","0","-9999","C23 H38 O5 N1 P1","23","38","5","1","1","-9999","-9999","-9999","-9999"
"1566","439.021354","439.021449097","439.021658151","865186.3","-9999","358888.9","7.58","-1","-0.476181397","0.959691637","0","0.575814982","20","0.125","0.5","N2 S2 O3","de-protonated","0","-9999","C24 H12 O3 N2 S2","24","12","3","2","-9999","2","-9999","-9999","-9999"
"1566","439.021354","439.021449097","439.021791093","865186.3","-9999","358888.9","7.58","-1","-0.778994764","0.895736475","0","0.537441885","7","0.846153846","1.307692308","N2 S1 P1 O11","de-protonated","0","-9999","C13 H17 O11 N2 P1 S1","13","17","11","2","1","1","-9999","-9999","-9999"
"1567","439.027838","439.027933094","439.028182826","886693.1","-9999","397355.2","7.81","-1","-0.568828866","0.942979556","0","0.565787734","20","0.24","0.48","S1 O6","de-protonated","0","-9999","C25 H12 O6 S1","25","12","6","-9999","-9999","1","-9999","-9999","-9999"
"1567","439.027838","439.027933094","439.027802704","886693.1","-9999","397355.2","7.81","-1","0.296998541","0.984122153","0","0.590473292","25","0.111111111","0.333333333","N2 P1 O3","de-protonated","0","-9999","C27 H9 O3 N2 P1","27","9","3","2","1","-9999","-9999","-9999","-9999"
"1567","439.027838","439.027933094","439.027531378","886693.1","-9999","397355.2","7.81","-1","0.915015","0.859058414","0","0.515435048","11","0.470588235","0.941176471","N2 S2 O8","de-protonated","0","-9999","C17 H16 O8 N2 S2","17","16","8","2","-9999","2","-9999","-9999","-9999"
"1568","439.045564","439.045659088","439.045940891","1443756.8","-9999","459888.2","13.76","-1","-0.641854233","0.927972983","0","0.55678379","20","0.32","0.48","O8","de-protonated","0","-9999","C25 H12 O8","25","12","8","-9999","-9999","-9999","-9999","-9999","-9999"
"1568","439.045564","439.045659088","439.045289442","1443756.8","-9999","459888.2","13.76","-1","0.841929507","0.879308877","0","0.527585326","11","0.588235294","0.941176471","N2 S1 O10","de-protonated","0","-9999","C17 H16 O10 N2 S1","17","16","10","2","-9999","1","-9999","-9999","-9999"
"1568","439.045564","439.045659088","439.0457787","1443756.8","-9999","459888.2","13.76","-1","-0.272436661","0.986622844","0","0.591973706","15","0.1","0.85","N4 S2 P1 O2","de-protonated","0","-9999","C20 H17 O2 N4 P1 S2","20","17","2","4","1","2","-9999","-9999","-9999"
"1570","439.057647","439.057742083","439.05804366","7514546","-9999","416616.5","78.66","-1","-0.686873481","0.624565772","0.906981467","0.73753205","19","0.08","0.64","N2 S2 O2","de-protonated","0","-9999","C25 H16 O2 N2 S2","25","16","2","2","-9999","2","-9999","-9999","-9999"
"1570","439.057647","439.057742083","439.058176602","7514546","-9999","416616.5","78.66","-1","-0.98966169","0.863567303","0.959886861","0.902095126","6","0.714285714","1.5","N2 S1 P1 O10","de-protonated","0","-9999","C14 H21 O10 N2 P1 S1","14","21","10","2","1","1","-9999","-9999","-9999"
"1571","439.072891","439.072986077","439.072781294","1034936.4","-9999","418487.5","9.39","-1","0.466397483","0.961298871","0","0.576779323","1","0.9","2.5","N4 S2 P1 O9","de-protonated","0","-9999","C10 H25 O9 N4 P1 S2","10","25","9","4","1","2","-9999","-9999","-9999"
"1572","439.08181","439.081905073","439.0823264","1733564.3","-9999","468681.3","16.86","-1","-0.959562325","0.423069908","0.780512821","0.566047073","19","0.269230769","0.615384615","O7","de-protonated","0","-9999","C26 H16 O7","26","16","7","-9999","-9999","-9999","-9999","-9999","-9999"
"1572","439.08181","439.081905073","439.081674952","1733564.3","-9999","468681.3","16.86","-1","0.524097987","0.951381548","0","0.570828929","10","0.5","1.111111111","N2 S1 O9","de-protonated","0","-9999","C18 H20 O9 N2 S1","18","20","9","2","-9999","1","-9999","-9999","-9999"
"1572","439.08181","439.081905073","439.082164209","1733564.3","-9999","468681.3","16.86","-1","-0.590175482","0.93875583","0","0.563253498","14","0.047619048","1","N4 S2 P1 O1","de-protonated","0","-9999","C21 H21 O1 N4 P1 S2","21","21","1","4","1","2","-9999","-9999","-9999"
"1573","439.086028","439.086123072","439.085697704","1914814.1","-9999","314228.3","18.8","-1","0.968758931","0.843421472","0","0.506052883","14","0.304347826","0.869565217","S1 O7","de-protonated","0","-9999","C23 H20 O7 S1","23","20","7","-9999","-9999","1","-9999","-9999","-9999"
"1574","439.089868","439.08996307","439.089537038","1520575.8","-9999","382170.4","14.59","-1","0.970263923","0.842974993","0","0.505784996","15","0.4","0.8","N4 O8","de-protonated","0","-9999","C20 H16 O8 N4","20","16","8","4","-9999","-9999","-9999","-9999","-9999"
"1575","439.094","439.094095069","439.09442917","13857218","-9999","406138.6","146.46","-1","-0.760885833","0.455836657","0.861083753","0.617935496","18","0.038461538","0.769230769","N2 S2 O1","de-protonated","0","-9999","C26 H20 O1 N2 S2","26","20","1","2","-9999","2","-9999","-9999","-9999"
"1576","439.109194","439.109289063","439.109328995","1201864","-9999","430306.9","11.18","-1","-0.090939253","0.998500554","0","0.599100332","5","0.875","1.5","O14","de-protonated","0","-9999","C16 H24 O14","16","24","14","-9999","-9999","-9999","-9999","-9999","-9999"
"1577","439.122455","439.122550058","439.122795021","3006925.8","-9999","377589.8","30.47","-1","-0.557845763","0.945099222","0.610147186","0.811118407","14","0.347826087","0.913043478","13C1 N1 O8","de-protonated","1","1560","C22 H21 O8 N1 13C1","22","21","8","1","-9999","-9999","1","-9999","-9999"
"1578","439.128623","439.128718055","439.129097146","2557392.5","-9999","426023.8","25.67","-1","-0.863277856","0.43675994","0.767553728","0.569077455","17","0.035714286","0.892857143","S1 P1 O1","de-protonated","0","-9999","C28 H25 O1 P1 S1","28","25","1","-9999","1","1","-9999","-9999","-9999"
"1578","439.128623","439.128718055","439.128445697","2557392.5","-9999","426023.8","25.67","-1","0.620224577","0.466290432","0.822155738","0.608636555","8","0.15","1.45","N2 S2 P1 O3","de-protonated","0","-9999","C20 H29 O3 N2 P1 S2","20","29","3","2","1","2","-9999","-9999","-9999"
"1580","439.132098","439.132193054","439.132468449","956369.9","-9999","465239.9","8.55","-1","-0.627134426","0.931123525","0","0.558674115","12","0.04","1.16","S2 P1 O1","de-protonated","0","-9999","C25 H29 O1 P1 S2","25","29","1","-9999","1","2","-9999","-9999","-9999"
"1580","439.132098","439.132193054","439.131795774","956369.9","-9999","465239.9","8.55","-1","0.904694889","0.861990679","0","0.517194407","5","0.857142857","1.714285714","N4 O12","de-protonated","0","-9999","C14 H24 O12 N4","14","24","12","4","-9999","-9999","-9999","-9999","-9999"
"1581","439.158772","439.158867044","439.158468722","2087389.4","-9999","434967.4","20.64","-1","0.907010562","0.852146353","0.908955151","0.874869872","12","0.2","1.12","S1 O5","de-protonated","0","-9999","C25 H28 O5 S1","25","28","5","-9999","-9999","1","-9999","-9999","-9999"
"1582","439.162614","439.162709042","439.162308056","1248735","-9999","527059.5","11.68","-1","0.913069967","0.859612835","0","0.515767701","13","0.272727273","1.090909091","N4 O6","de-protonated","0","-9999","C22 H24 O6 N4","22","24","6","4","-9999","-9999","-9999","-9999","-9999"
"1583","439.166804","439.166899041","439.16733313","8165857","-9999","421481.2","85.62","-1","-0.988437147","0.418773953","0.844689208","0.589140055","3","0.411764706","1.941176471","N2 S1 P1 O7","de-protonated","0","-9999","C17 H33 O7 N2 P1 S1","17","33","7","2","1","1","-9999","-9999","-9999"
"1584","439.179712","439.179807036","439.17959809","826854.4","-9999","554602","7.17","-1","0.47576257","0.959761067","0","0.57585664","7","0.318181818","1.454545455","S1 O7","de-protonated","0","-9999","C22 H32 O7 S1","22","32","7","-9999","-9999","1","-9999","-9999","-9999"
"1586","439.225651","439.225746018","439.225499456","923386.2","-9999","525278.7","8.2","-1","0.561355967","0.944425753","0","0.566655452","6","0.260869565","1.608695652","P1 O6","de-protonated","0","-9999","C23 H37 O6 P1","23","37","6","-9999","1","-9999","-9999","-9999","-9999"
"1587","440.044213","440.044307701","440.044561167","1654619.4","-9999","374583.5","16.01","-1","-0.575998666","0.941576161","0","0.564945697","15","0.380952381","0.714285714","N1 S1 O8","de-protonated","0","-9999","C21 H15 O8 N1 S1","21","15","8","1","-9999","1","-9999","-9999","-9999"
"1587","440.044213","440.044307701","440.044181044","1654619.4","-9999","374583.5","16.01","-1","0.287828917","0.985080215","0","0.591048129","20","0.217391304","0.52173913","N3 P1 O5","de-protonated","0","-9999","C23 H12 O5 N3 P1","23","12","5","3","1","-9999","-9999","-9999","-9999"
"1587","440.044213","440.044307701","440.043909718","1654619.4","-9999","374583.5","16.01","-1","0.904417925","0.862069051","0","0.517241431","6","0.769230769","1.461538462","N3 S2 O10","de-protonated","0","-9999","C13 H19 O10 N3 S2","13","19","10","3","-9999","2","-9999","-9999","-9999"
"1588","440.061084","440.061178695","440.060819629","1556834.6","-9999","470474.3","14.97","-1","0.815945187","0.886208999","0","0.531725399","5","0.533333333","1.6","N1 S2 P1 O8","de-protonated","0","-9999","C15 H24 O8 N1 P1 S2","15","24","8","1","1","2","-9999","-9999","-9999"
"1588","440.061084","440.061178695","440.061398495","1556834.6","-9999","470474.3","14.97","-1","-0.499476466","0.637161365","0.906981467","0.745089406","19","0.08","0.64","13C1 N2 S2 O2","de-protonated","1","1570","C24 H16 O2 N2 S2 13C1","24","16","2","2","-9999","2","1","-9999","-9999"
"1588","440.061084","440.061178695","440.061531437","1556834.6","-9999","470474.3","14.97","-1","-0.801574364","0.889954737","0.959886861","0.917927586","6","0.714285714","1.5","13C1 N2 S1 P1 O10","de-protonated","1","1570","C13 H21 O10 N2 P1 S1 13C1","13","21","10","2","1","1","1","-9999","-9999"
"1589","440.089146","440.089240684","440.089678142","974702.8","-9999","385538.9","8.75","-1","-0.994019315","0.835867809","0","0.501520685","18","0.04","0.76","N3 S2 O1","de-protonated","0","-9999","C25 H19 O1 N3 S2","25","19","1","3","-9999","2","-9999","-9999","-9999"
"1589","440.089146","440.089240684","440.088808762","974702.8","-9999","385538.9","8.75","-1","0.981443338","0.839644237","0","0.503786542","19","0.25","0.625","N3 O6","de-protonated","0","-9999","C24 H15 O6 N3","24","15","6","3","-9999","-9999","-9999","-9999","-9999"
"1590","440.097397","440.097491681","440.097205139","2468722.3","-9999","444986.4","24.72","-1","0.651088251","0.925964868","0","0.555578921","4","0.4375","1.75","N1 S2 P1 O7","de-protonated","0","-9999","C16 H28 O7 N1 P1 S2","16","28","7","1","1","2","-9999","-9999","-9999"
"1590","440.097397","440.097491681","440.097784005","2468722.3","-9999","444986.4","24.72","-1","-0.664224431","0.461533209","0.861083753","0.621353426","18","0.038461538","0.769230769","13C1 N2 S2 O1","de-protonated","1","1575","C25 H20 O1 N2 S2 13C1","25","20","1","2","-9999","2","1","-9999","-9999"
"1591","440.125851","440.12594567","440.126196593","1384574.8","-9999","351711.7","13.13","-1","-0.570115826","0.942728792","0","0.565637275","4","0.533333333","1.866666667","N3 S1 P1 O8","de-protonated","0","-9999","C15 H28 O8 N3 P1 S1","15","28","8","3","1","1","-9999","-9999","-9999"
"1592","440.133795","440.133889667","440.133590648","3279746.3","-9999","401620.5","33.39","-1","0.679381681","0.459830866","0.844689208","0.613774203","3","0.352941176","1.882352941","N1 S2 P1 O6","de-protonated","0","-9999","C17 H32 O6 N1 P1 S2","17","32","6","1","1","2","-9999","-9999","-9999"
"1593","440.162156","440.162250656","440.161823557","911246.4","-9999","476841.9","8.07","-1","0.970321327","0.842957955","0.908955151","0.869356833","12","0.2","1.12","13C1 S1 O5","de-protonated","1","1581","C24 H28 O5 S1 13C1","24","28","5","-9999","-9999","1","1","-9999","-9999"
"1593","440.162156","440.162250656","440.162582102","911246.4","-9999","476841.9","8.07","-1","-0.753008795","0.902230326","0","0.541338195","3","0.4375","2","N3 S1 P1 O7","de-protonated","0","-9999","C16 H32 O7 N3 P1 S1","16","32","7","3","1","1","-9999","-9999","-9999"
"1594","440.170077","440.170171653","440.169976157","1785745.9","-9999","440153.8","17.42","-1","0.444135977","0.964840978","0","0.578904587","2","0.277777778","2","N1 S2 P1 O5","de-protonated","0","-9999","C18 H36 O5 N1 P1 S2","18","36","5","1","1","2","-9999","-9999","-9999"
"1595","440.220779","440.220873633","440.220748428","841767.8","-9999","454756","7.32","-1","0.284414018","0.985429565","0","0.591257739","6","0.272727273","1.636363636","N1 P1 O6","de-protonated","0","-9999","C22 H36 O6 N1 P1","22","36","6","1","1","-9999","-9999","-9999","-9999"
"1596","440.257347","440.257441619","440.257133938","2037687.5","-9999","477007.4","20.11","-1","0.698867642","0.457595525","0.800793265","0.594874621","5","0.217391304","1.739130435","N1 P1 O5","de-protonated","0","-9999","C23 H40 O5 N1 P1","23","40","5","1","1","-9999","-9999","-9999","-9999"
"1597","440.922361","440.922455362","440.922791525","1203416","-9999","559586.9","11.19","-1","-0.762407267","0.899901702","0","0.539941021","13","0.8","0.4","S2 O12","de-protonated","0","-9999","C15 H6 O12 S2","15","6","12","-9999","-9999","2","-9999","-9999","-9999"
"1599","441.007125","441.007219329","441.007447381","942844.9","-9999","508730.4","8.4","-1","-0.51711639","0.95263726","0","0.571582356","20","0.291666667","0.416666667","S1 O7","de-protonated","0","-9999","C24 H10 O7 S1","24","10","7","-9999","-9999","1","-9999","-9999","-9999"
"1599","441.007125","441.007219329","441.006795933","942844.9","-9999","508730.4","8.4","-1","0.960067974","0.845990803","0","0.507594482","11","0.5625","0.875","N2 S2 O9","de-protonated","0","-9999","C16 H14 O9 N2 S2","16","14","9","2","-9999","2","-9999","-9999","-9999"
"1600","441.024924","441.025018322","441.025205446","1362948.6","-9999","389478.3","12.89","-1","-0.424292756","0.967862565","0","0.580717539","20","0.375","0.416666667","O9","de-protonated","0","-9999","C24 H10 O9","24","10","9","-9999","-9999","-9999","-9999","-9999","-9999"
"1600","441.024924","441.025018322","441.025043255","1362948.6","-9999","389478.3","12.89","-1","-0.056533002","0.999420262","0","0.599652157","15","0.157894737","0.789473684","N4 S2 P1 O3","de-protonated","0","-9999","C19 H15 O3 N4 P1 S2","19","15","3","4","1","2","-9999","-9999","-9999"
"1601","441.036915","441.037009318","441.037308215","2424585.8","-9999","413638","24.24","-1","-0.677714991","0.460019625","0.793917021","0.593578583","19","0.125","0.583333333","N2 S2 O3","de-protonated","0","-9999","C24 H14 O3 N2 S2","24","14","3","2","-9999","2","-9999","-9999","-9999"
"1601","441.036915","441.037009318","441.037441157","2424585.8","-9999","413638","24.24","-1","-0.979144365","0.840331221","0","0.504198733","6","0.846153846","1.461538462","N2 S1 P1 O11","de-protonated","0","-9999","C13 H19 O11 N2 P1 S1","13","19","11","2","1","1","-9999","-9999","-9999"
"1602","441.04349","441.043584315","441.043832891","1171724.8","-9999","458426.1","10.85","-1","-0.563607444","0.943991815","0","0.566395089","19","0.24","0.56","S1 O6","de-protonated","0","-9999","C25 H14 O6 S1","25","14","6","-9999","-9999","1","-9999","-9999","-9999"
"1602","441.04349","441.043584315","441.043452768","1171724.8","-9999","458426.1","10.85","-1","0.298262976","0.98398776","0","0.590392656","24","0.111111111","0.407407407","N2 P1 O3","de-protonated","0","-9999","C27 H11 O3 N2 P1","27","11","3","2","1","-9999","-9999","-9999","-9999"
"1602","441.04349","441.043584315","441.043181442","1171724.8","-9999","458426.1","10.85","-1","0.913454985","0.859503153","0","0.515701892","10","0.470588235","1.058823529","N2 S2 O8","de-protonated","0","-9999","C17 H18 O8 N2 S2","17","18","8","2","-9999","2","-9999","-9999","-9999"
"1604","441.061237","441.061331308","441.061590955","1892116.5","-9999","385297.5","18.55","-1","-0.588686916","0.469527393","0.787157861","0.59657958","19","0.32","0.56","O8","de-protonated","0","-9999","C25 H14 O8","25","14","8","-9999","-9999","-9999","-9999","-9999","-9999"
"1604","441.061237","441.061331308","441.060939507","1892116.5","-9999","385297.5","18.55","-1","0.888316006","0.866596226","0","0.519957736","10","0.588235294","1.058823529","N2 S1 O10","de-protonated","0","-9999","C17 H18 O10 N2 S1","17","18","10","2","-9999","1","-9999","-9999","-9999"
"1604","441.061237","441.061331308","441.061428764","1892116.5","-9999","385297.5","18.55","-1","-0.220957562","0.991180391","0","0.594708235","14","0.1","0.95","N4 S2 P1 O2","de-protonated","0","-9999","C20 H19 O2 N4 P1 S2","20","19","2","4","1","2","-9999","-9999","-9999"
"1606","441.06609","441.066184306","441.06596458","899606.6","-9999","686270.8","7.94","-1","0.498170418","0.955968034","0","0.57358082","0","0.916666667","2.25","S2 P1 O11","de-protonated","0","-9999","C12 H27 O11 P1 S2","12","27","11","-9999","1","2","-9999","-9999","-9999"
"1606","441.06609","441.066184306","441.066299669","899606.6","-9999","686270.8","7.94","-1","-0.261554565","0.987663676","0","0.592598206","19","0.173913043","0.608695652","N4 S1 O4","de-protonated","0","-9999","C23 H14 O4 N4 S1","23","14","4","4","-9999","1","-9999","-9999","-9999"
"1607","441.069166","441.069260305","441.069670973","1098519.9","-9999","502720.3","10.06","-1","-0.93107153","0.85445041","0","0.512670246","14","0.2","0.9","N4 S2 O4","de-protonated","0","-9999","C20 H18 O4 N4 S2","20","18","4","4","-9999","2","-9999","-9999","-9999"
"1608","441.073316","441.073410304","441.073693725","8262937.5","-9999","407803.1","86.65","-1","-0.642570667","0.626947771","0.903110405","0.737412825","18","0.08","0.72","N2 S2 O2","de-protonated","0","-9999","C25 H18 O2 N2 S2","25","18","2","2","-9999","2","-9999","-9999","-9999"
"1608","441.073316","441.073410304","441.073826666","8262937.5","-9999","407803.1","86.65","-1","-0.943975186","0.868495337","0.963757922","0.906600371","5","0.714285714","1.642857143","N2 S1 P1 O10","de-protonated","0","-9999","C14 H23 O10 N2 P1 S1","14","23","10","2","1","1","-9999","-9999","-9999"
"1609","441.088591","441.088685298","441.089082808","2100000.3","-9999","416923","20.77","-1","-0.901201046","0.862978097","0","0.517786858","9","0.388888889","1.277777778","N2 S1 P1 O7","de-protonated","0","-9999","C18 H23 O7 N2 P1 S1","18","23","7","2","1","1","-9999","-9999","-9999"
"1610","441.097549","441.097643294","441.097976465","1374244.3","-9999","377960.2","13.01","-1","-0.755321025","0.901659556","0","0.540995733","18","0.269230769","0.692307692","O7","de-protonated","0","-9999","C26 H18 O7","26","18","7","-9999","-9999","-9999","-9999","-9999","-9999"
"1610","441.097549","441.097643294","441.097325016","1374244.3","-9999","377960.2","13.01","-1","0.721559815","0.909854121","0","0.545912473","9","0.5","1.222222222","N2 S1 O9","de-protonated","0","-9999","C18 H22 O9 N2 S1","18","22","9","2","-9999","1","-9999","-9999","-9999"
"1610","441.097549","441.097643294","441.097814273","1374244.3","-9999","377960.2","13.01","-1","-0.387622065","0.973105454","0","0.583863273","13","0.047619048","1.095238095","N4 S2 P1 O1","de-protonated","0","-9999","C21 H23 O1 N4 P1 S2","21","23","1","4","1","2","-9999","-9999","-9999"
"1612","441.105531","441.105625291","441.106056482","1714471.8","-9999","504436.9","16.65","-1","-0.97752188","0.840815424","0","0.504489254","13","0.142857143","1.047619048","N4 S2 O3","de-protonated","0","-9999","C21 H22 O3 N4 S2","21","22","3","4","-9999","2","-9999","-9999","-9999"
"1612","441.105531","441.105625291","441.105187102","1714471.8","-9999","504436.9","16.65","-1","0.993389018","0.836057818","0","0.501634691","14","0.4","0.9","N4 O8","de-protonated","0","-9999","C20 H18 O8 N4","20","18","8","4","-9999","-9999","-9999","-9999","-9999"
"1613","441.109698","441.10979229","441.110079234","11623722","-9999","405484.3","122.57","-1","-0.650505273","0.608834045","0.898449718","0.724680314","17","0.038461538","0.846153846","N2 S2 O1","de-protonated","0","-9999","C26 H22 O1 N2 S2","26","22","1","2","-9999","2","-9999","-9999","-9999"
"1613","441.109698","441.10979229","441.110212176","11623722","-9999","405484.3","122.57","-1","-0.951884928","0.282798625","0.828515875","0.501085525","4","0.6","1.8","N2 S1 P1 O9","de-protonated","0","-9999","C15 H27 O9 N2 P1 S1","15","27","9","2","1","1","-9999","-9999","-9999"
"1614","441.113953","441.114047288","441.114234928","1101739.4","-9999","288816.3","10.1","-1","-0.425376903","0.967700805","0","0.580620483","8","0.35","1.35","S1 P1 O7","de-protonated","0","-9999","C20 H27 O7 P1 S1","20","27","7","-9999","1","1","-9999","-9999","-9999"
"1615","441.124992","441.125086284","441.12497906","2115888.3","-9999","417764.3","20.94","-1","0.243069403","0.989336775","0","0.593602065","4","0.875","1.625","O14","de-protonated","0","-9999","C16 H26 O14","16","26","14","-9999","-9999","-9999","-9999","-9999","-9999"
"1615","441.124992","441.125086284","441.125468317","2115888.3","-9999","417764.3","20.94","-1","-0.866042413","0.872762457","0","0.523657474","8","0.315789474","1.421052632","N2 S1 P1 O6","de-protonated","0","-9999","C19 H27 O6 N2 P1 S1","19","27","6","2","1","1","-9999","-9999","-9999"
"1617","441.141914","441.142008277","441.142441991","1018935.5","-9999","545063.6","9.21","-1","-0.983161436","0.839130147","0","0.503478088","12","0.090909091","1.181818182","N4 S2 O2","de-protonated","0","-9999","C22 H26 O2 N4 S2","22","26","2","4","-9999","2","-9999","-9999","-9999"
"1617","441.141914","441.142008277","441.141572611","1018935.5","-9999","545063.6","9.21","-1","0.987586889","0.837803277","0","0.502681966","13","0.333333333","1.047619048","N4 O7","de-protonated","0","-9999","C21 H22 O7 N4","21","22","7","4","-9999","-9999","-9999","-9999","-9999"
"1618","441.146063","441.146157275","441.146597685","8668473","-9999","395968.9","90.98","-1","-0.998329292","0.849674326","0.944329312","0.887536321","3","0.5","1.9375","N2 S1 P1 O8","de-protonated","0","-9999","C16 H31 O8 N2 P1 S1","16","31","8","2","1","1","-9999","-9999","-9999"
"1619","441.161347","441.16144127","441.161364569","962111.9","-9999","363159.7","8.61","-1","0.173860603","0.994530272","0","0.596718163","3","0.764705882","1.764705882","O13","de-protonated","0","-9999","C17 H30 O13","17","30","13","-9999","-9999","-9999","-9999","-9999","-9999"
"1619","441.161347","441.16144127","441.161853826","962111.9","-9999","363159.7","8.61","-1","-0.93515966","0.853268375","0","0.511961025","7","0.25","1.55","N2 S1 P1 O5","de-protonated","0","-9999","C20 H31 O5 N2 P1 S1","20","31","5","2","1","1","-9999","-9999","-9999"
"1620","441.17446","441.174554265","441.174118787","1562693.8","-9999","367175.4","15.03","-1","0.987087984","0.837953055","0","0.502771833","11","0.2","1.2","S1 O5","de-protonated","0","-9999","C25 H30 O5 S1","25","30","5","-9999","-9999","1","-9999","-9999","-9999"
"1621","441.182487","441.182581261","441.182983194","3276105.3","-9999","434203.7","33.34","-1","-0.911034688","0.85815231","0.940503102","0.891092627","2","0.411764706","2.058823529","N2 S1 P1 O7","de-protonated","0","-9999","C17 H35 O7 N2 P1 S1","17","35","7","2","1","1","-9999","-9999","-9999"
"1622","441.194254","441.194348257","441.194216584","1542222.4","-9999","430626.9","14.81","-1","0.298447156","0.983968138","0","0.590380883","2","0.375","2.1875","N4 S1 P1 O6","de-protonated","0","-9999","C16 H35 O6 N4 P1 S1","16","35","6","4","1","1","-9999","-9999","-9999"
"1623","441.195559","441.195653256","441.195248155","1410894.9","-9999","508878.4","13.4","-1","0.918190884","0.858151381","0","0.514890829","6","0.318181818","1.545454545","S1 O7","de-protonated","0","-9999","C22 H34 O7 S1","22","34","7","-9999","-9999","1","-9999","-9999","-9999"
"1624","441.205013","441.205107253","441.204764011","1550931","-9999","365142.2","14.9","-1","0.777964288","0.895997278","0","0.537598367","6","0.318181818","1.590909091","P1 O7","de-protonated","0","-9999","C22 H35 O7 P1","22","35","7","-9999","1","-9999","-9999","-9999","-9999"
"1625","441.208964","441.209058251","441.208983468","2018644.8","-9999","389899.7","19.9","-1","0.16949685","0.994800691","0","0.596880415","2","0.647058824","2","N2 O11","de-protonated","0","-9999","C17 H34 O11 N2","17","34","11","2","-9999","-9999","-9999","-9999","-9999"
"1625","441.208964","441.209058251","441.209472725","2018644.8","-9999","389899.7","19.9","-1","-0.939403714","0.852037519","0","0.511222512","6","0.15","1.75","N4 S1 P1 O3","de-protonated","0","-9999","C20 H35 O3 N4 P1 S1","20","35","3","4","1","1","-9999","-9999","-9999"
"1626","441.239327","441.239421239","441.23949575","988001.9","-9999","483299.7","8.88","-1","-0.168866989","0.994839161","0","0.596903497","10","0.2","1.36","N2 O5","de-protonated","0","-9999","C25 H34 O5 N2","25","34","5","2","-9999","-9999","-9999","-9999","-9999"
"1627","441.241336","441.241430239","441.24114952","3392866.8","-9999","401036.5","34.59","-1","0.636201221","0.46459515","0.800793265","0.599074396","5","0.260869565","1.695652174","P1 O6","de-protonated","0","-9999","C23 H39 O6 P1","23","39","6","-9999","1","-9999","-9999","-9999","-9999"
"1628","442.076727","442.076820916","442.076469694","1665487.4","-9999","405777.7","16.12","-1","0.794482067","0.891784534","0","0.535070721","4","0.533333333","1.733333333","N1 S2 P1 O8","de-protonated","0","-9999","C15 H26 O8 N1 P1 S2","15","26","8","1","1","2","-9999","-9999","-9999"
"1628","442.076727","442.076820916","442.07704856","1665487.4","-9999","405777.7","16.12","-1","-0.514941894","0.635350174","0.903110405","0.742454266","18","0.08","0.72","13C1 N2 S2 O2","de-protonated","1","1608","C24 H18 O2 N2 S2 13C1","24","18","2","2","-9999","2","1","-9999","-9999"
"1628","442.076727","442.076820916","442.077181501","1665487.4","-9999","405777.7","16.12","-1","-0.815662373","0.886283203","0.963757922","0.917273091","5","0.714285714","1.642857143","13C1 N2 S1 P1 O10","de-protonated","1","1608","C13 H23 O10 N2 P1 S1 13C1","13","23","10","2","1","1","1","-9999","-9999"
"1629","442.105178","442.105271905","442.105328206","1475547.9","-9999","434780.7","14.09","-1","-0.127348548","0.997061654","0","0.598236992","17","0.04","0.84","N3 S2 O1","de-protonated","0","-9999","C25 H21 O1 N3 S2","25","21","1","3","-9999","2","-9999","-9999","-9999"
"1629","442.105178","442.105271905","442.105461148","1475547.9","-9999","434780.7","14.09","-1","-0.428049907","0.967300334","0","0.580380201","4","0.642857143","1.857142857","N3 S1 P1 O9","de-protonated","0","-9999","C14 H26 O9 N3 P1 S1","14","26","9","3","1","1","-9999","-9999","-9999"
"1630","442.113004","442.113097902","442.112855203","2362079.3","-9999","404666.6","23.57","-1","0.54895136","0.9467889","0","0.56807334","3","0.4375","1.875","N1 S2 P1 O7","de-protonated","0","-9999","C16 H30 O7 N1 P1 S2","16","30","7","1","1","2","-9999","-9999","-9999"
"1630","442.113004","442.113097902","442.113434069","2362079.3","-9999","404666.6","23.57","-1","-0.760364515","0.60027318","0.898449718","0.719543795","17","0.038461538","0.846153846","13C1 N2 S2 O1","de-protonated","1","1613","C25 H22 O1 N2 S2 13C1","25","22","1","2","-9999","2","1","-9999","-9999"
"1631","442.141458","442.141551891","442.141846657","1219819.8","-9999","510718.5","11.36","-1","-0.666678757","0.922519481","0","0.553511689","3","0.533333333","2","N3 S1 P1 O8","de-protonated","0","-9999","C15 H30 O8 N3 P1 S1","15","30","8","3","1","1","-9999","-9999","-9999"
"1632","442.149463","442.149556888","442.149240713","2210543.3","-9999","420206.1","21.95","-1","0.715086625","0.91139072","0","0.546834432","2","0.352941176","2","N1 S2 P1 O6","de-protonated","0","-9999","C17 H34 O6 N1 P1 S2","17","34","6","1","1","2","-9999","-9999","-9999"
"1632","442.149463","442.149556888","442.14995252","2210543.3","-9999","420206.1","21.95","-1","-0.894792681","0.864782191","0.944329312","0.89660104","3","0.5","1.9375","13C1 N2 S1 P1 O8","de-protonated","1","1618","C15 H31 O8 N2 P1 S1 13C1","15","31","8","2","1","1","1","-9999","-9999"
"1633","442.163926","442.164019882","442.163627474","859893.6","-9999","410928","7.51","-1","0.887472358","0.866831829","0","0.520099098","7","0.4","1.5","N1 P1 O8","de-protonated","0","-9999","C20 H30 O8 N1 P1","20","30","8","1","1","-9999","-9999","-9999","-9999"
"1635","442.185835","442.185928874","442.185626222","896255.1","-9999","486003.5","7.9","-1","0.684444676","0.918510199","0","0.551106119","1","0.277777778","2.111111111","N1 S2 P1 O5","de-protonated","0","-9999","C18 H38 O5 N1 P1 S2","18","38","5","1","1","2","-9999","-9999","-9999"
"1635","442.185835","442.185928874","442.186338029","896255.1","-9999","486003.5","7.9","-1","-0.925302112","0.856112521","0.940503102","0.889868753","2","0.411764706","2.058823529","13C1 N2 S1 P1 O7","de-protonated","1","1621","C16 H35 O7 N2 P1 S1 13C1","16","35","7","2","1","1","1","-9999","-9999"
"1636","442.200233","442.200326868","442.200012983","1154053.4","-9999","377811.4","10.65","-1","0.709824971","0.912631412","0","0.547578847","6","0.333333333","1.619047619","N1 P1 O7","de-protonated","0","-9999","C21 H34 O7 N1 P1","21","34","7","1","1","-9999","-9999","-9999","-9999"
"1637","442.2324","442.232493856","442.232375741","1332499.5","-9999","491270.5","12.56","-1","0.267087696","0.987139617","0","0.59228377","1","0.470588235","2.235294118","N3 P1 O8","de-protonated","0","-9999","C17 H38 O8 N3 P1","17","38","8","3","1","-9999","-9999","-9999","-9999"
"1638","442.234673","442.234766855","442.234744722","1837844.5","-9999","495780.3","17.96","-1","0.050046333","0.99954564","0","0.599727384","10","0.208333333","1.375","N3 O5","de-protonated","0","-9999","C24 H33 O5 N3","24","33","5","3","-9999","-9999","-9999","-9999","-9999"
"1639","442.236574","442.236667854","442.236398493","9873173","-9999","410876.9","103.86","-1","0.609088744","0.929551825","0.967802349","0.944852035","5","0.272727273","1.727272727","N1 P1 O6","de-protonated","0","-9999","C22 H38 O6 N1 P1","22","38","6","1","1","-9999","-9999","-9999","-9999"
"1641","442.974114","442.974207569","442.974446976","1355864.9","-9999","466874.7","12.81","-1","-0.540453772","0.948380584","0","0.56902835","16","0.444444444","0.5","N2 S1 P1 O8","de-protonated","0","-9999","C18 H9 O8 N2 P1 S1","18","9","8","2","1","1","-9999","-9999","-9999"
"1642","442.976376","442.976469568","442.976164509","1444953.9","-9999","581938.7","13.76","-1","0.688657538","0.917546614","0","0.550527968","16","0.411764706","0.470588235","N4 S2 O7","de-protonated","0","-9999","C17 H8 O7 N4 S2","17","8","7","4","-9999","2","-9999","-9999","-9999"
"1643","442.978223","442.978316567","442.978469728","9756763","-9999","397548","102.61","-1","-0.345752242","0.489271175","0.800793265","0.613880011","20","0.260869565","0.391304348","S1 P1 O6","de-protonated","0","-9999","C23 H9 O6 P1 S1","23","9","6","-9999","1","1","-9999","-9999","-9999"
"1643","442.978223","442.978316567","442.978666432","9756763","-9999","397548","102.61","-1","-0.789801667","0.4464926","0.876728111","0.618586804","12","0.923076923","0.615384615","N4 S1 O12","de-protonated","0","-9999","C13 H8 O12 N4 S1","13","8","12","4","-9999","1","-9999","-9999","-9999"
"1644","443.022885","443.02297855","443.023097446","1163118.4","-9999","438860.4","10.75","-1","-0.268374054","0.987016251","0","0.59220975","19","0.291666667","0.5","S1 O7","de-protonated","0","-9999","C24 H12 O7 S1","24","12","7","-9999","-9999","1","-9999","-9999","-9999"
"1644","443.022885","443.02297855","443.022717323","1163118.4","-9999","438860.4","10.75","-1","0.589646095","0.938862225","0","0.563317335","24","0.153846154","0.346153846","N2 P1 O4","de-protonated","0","-9999","C26 H9 O4 N2 P1","26","9","4","2","1","-9999","-9999","-9999","-9999"
"1645","443.031474","443.031567547","443.031828912","1217138.1","-9999","455546.8","11.32","-1","-0.589946474","0.938801866","0","0.563281119","23","0.037037037","0.444444444","N2 S2 O1","de-protonated","0","-9999","C27 H12 O1 N2 S2","27","12","1","2","-9999","2","-9999","-9999","-9999"
"1645","443.031474","443.031567547","443.031961853","1217138.1","-9999","455546.8","11.32","-1","-0.890018845","0.866120191","0","0.519672115","10","0.5625","1.0625","N2 S1 P1 O9","de-protonated","0","-9999","C16 H17 O9 N2 P1 S1","16","17","9","2","1","1","-9999","-9999","-9999"
"1646","443.040641","443.040734543","443.040855511","1809526.1","-9999","412237.8","17.66","-1","-0.273039174","0.986564009","0","0.591938406","19","0.375","0.5","O9","de-protonated","0","-9999","C24 H12 O9","24","12","9","-9999","-9999","-9999","-9999","-9999","-9999"
"1646","443.040641","443.040734543","443.040693319","1809526.1","-9999","412237.8","17.66","-1","0.093047482","0.998430281","0","0.599058168","14","0.157894737","0.894736842","N4 S2 P1 O3","de-protonated","0","-9999","C19 H17 O3 N4 P1 S2","19","17","3","4","1","2","-9999","-9999","-9999"
"1647","443.052626","443.052719538","443.05295828","3008635.5","-9999","461409","30.47","-1","-0.538855001","0.474338785","0.793917021","0.60217008","18","0.125","0.666666667","N2 S2 O3","de-protonated","0","-9999","C24 H16 O3 N2 S2","24","16","3","2","-9999","2","-9999","-9999","-9999"
"1647","443.052626","443.052719538","443.053091221","3008635.5","-9999","461409","30.47","-1","-0.838913078","0.880118187","0","0.528070912","5","0.846153846","1.615384615","N2 S1 P1 O11","de-protonated","0","-9999","C13 H21 O11 N2 P1 S1","13","21","11","2","1","1","-9999","-9999","-9999"
"1648","443.059292","443.059385536","443.059482955","1750142.4","-9999","401680.5","17.02","-1","-0.219878668","0.991265933","0","0.59475956","18","0.24","0.64","S1 O6","de-protonated","0","-9999","C25 H16 O6 S1","25","16","6","-9999","-9999","1","-9999","-9999","-9999"
"1648","443.059292","443.059385536","443.059102833","1750142.4","-9999","401680.5","17.02","-1","0.638071059","0.464394333","0.773979033","0.58822821300000006","23","0.111111111","0.481481481","N2 P1 O3","de-protonated","0","-9999","C27 H13 O3 N2 P1","27","13","3","2","1","-9999","-9999","-9999","-9999"
"1649","443.067849","443.067942533","443.068347363","2919042.3","-9999","393940.3","29.52","-1","-0.913696972","0.4297171","0.844689208","0.595705943","9","0.470588235","1.235294118","N2 S1 P1 O8","de-protonated","0","-9999","C17 H21 O8 N2 P1 S1","17","21","8","2","1","1","-9999","-9999","-9999"
"1650","443.071216","443.071309531","443.071367793","824451.7","-9999","500331.8","7.13","-1","-0.13149554","0.996867473","0","0.598120484","27","0.09375","0.375","O3","de-protonated","0","-9999","C32 H12 O3","32","12","3","-9999","-9999","-9999","-9999","-9999","-9999"
"1650","443.071216","443.071309531","443.071718666","824451.7","-9999","500331.8","7.13","-1","-0.923405425","0.856657383","0","0.51399443","4","0.571428571","1.785714286","N2 S2 P1 O8","de-protonated","0","-9999","C14 H25 O8 N2 P1 S2","14","25","8","2","1","2","-9999","-9999","-9999"
"1651","443.076882","443.076975529","443.07724102","2253446.3","-9999","410490.6","22.4","-1","-0.599197712","0.468464883","0.787157861","0.595942075","18","0.32","0.64","O8","de-protonated","0","-9999","C25 H16 O8","25","16","8","-9999","-9999","-9999","-9999","-9999","-9999"
"1651","443.076882","443.076975529","443.076589571","2253446.3","-9999","410490.6","22.4","-1","0.871085992","0.871376098","0","0.522825659","9","0.588235294","1.176470588","N2 S1 O10","de-protonated","0","-9999","C17 H20 O10 N2 S1","17","20","10","2","-9999","1","-9999","-9999","-9999"
"1651","443.076882","443.076975529","443.077078829","2253446.3","-9999","410490.6","22.4","-1","-0.233141239","0.495092931","0.822155738","0.625918054","13","0.1","1.05","N4 S2 P1 O2","de-protonated","0","-9999","C20 H21 O2 N4 P1 S2","20","21","2","4","1","2","-9999","-9999","-9999"
"1653","443.084922","443.085015526","443.08532103700003","849801.7","-9999","488503.3","7.4","-1","-0.689508596","0.917351361","0","0.550410817","13","0.2","1","N4 S2 O4","de-protonated","0","-9999","C20 H20 O4 N4 S2","20","20","4","4","-9999","2","-9999","-9999","-9999"
"1654","443.086949","443.087042525","443.086974807","1337994.5","-9999","560441.2","12.62","-1","0.152831843","0.995770768","0","0.597462461","8","0.277777778","1.388888889","N2 S2 P1 O5","de-protonated","0","-9999","C18 H25 O5 N2 P1 S2","18","25","5","2","1","2","-9999","-9999","-9999"
"1655","443.08903","443.089123524","443.089343789","6752395.5","-9999","407081.7","70.49","-1","-0.497111313","0.627643189","0.877205369","0.727468061","17","0.08","0.8","N2 S2 O2","de-protonated","0","-9999","C25 H20 O2 N2 S2","25","20","2","2","-9999","2","-9999","-9999","-9999"
"1655","443.08903","443.089123524","443.089476731","6752395.5","-9999","407081.7","70.49","-1","-0.797144762","0.870503624","0.989662958","0.918167358","4","0.714285714","1.785714286","N2 S1 P1 O10","de-protonated","0","-9999","C14 H25 O10 N2 P1 S1","14","25","10","2","1","1","-9999","-9999","-9999"
"1656","443.095636","443.095729522","443.095868465","956814.4","-9999","507724.6","8.54","-1","-0.313572613","0.982316769","0","0.589390061","17","0.192307692","0.769230769","S1 O5","de-protonated","0","-9999","C26 H20 O5 S1","26","20","5","-9999","-9999","1","-9999","-9999","-9999"
"1656","443.095636","443.095729522","443.096001406","956814.4","-9999","507724.6","8.54","-1","-0.613601699","0.933964632","0","0.560378779","4","0.866666667","1.666666667","P1 O13","de-protonated","0","-9999","C15 H25 O13 P1","15","25","13","-9999","1","-9999","-9999","-9999","-9999"
"1656","443.095636","443.095729522","443.095488342","956814.4","-9999","507724.6","8.54","-1","0.544306582","0.947661659","0","0.568596996","22","0.071428571","0.607142857","N2 P1 O2","de-protonated","0","-9999","C28 H17 O2 N2 P1","28","17","2","2","1","-9999","-9999","-9999","-9999"
"1657","443.104211","443.104304518","443.104732872","3573906.3","-9999","417853.8","36.52","-1","-0.966709634","0.422014346","0.837042051","0.588025428","8","0.388888889","1.388888889","N2 S1 P1 O7","de-protonated","0","-9999","C18 H25 O7 N2 P1 S1","18","25","7","2","1","1","-9999","-9999","-9999"
"1658","443.111665","443.111758516","443.112126927","1227669.5","-9999","329643","11.44","-1","-0.831418942","0.882119489","0","0.529271693","7","0.25","1.45","S2 P1 O5","de-protonated","0","-9999","C20 H29 O5 P1 S2","20","29","5","-9999","1","2","-9999","-9999","-9999"
"1659","443.113172","443.113265515","443.113626529","1056406.1","-9999","306853.2","9.61","-1","-0.814721613","0.886529895","0","0.531917937","17","0.269230769","0.769230769","O7","de-protonated","0","-9999","C26 H20 O7","26","20","7","-9999","-9999","-9999","-9999","-9999","-9999"
"1659","443.113172","443.113265515","443.112975081","1056406.1","-9999","306853.2","9.61","-1","0.655441045","0.92500985","0","0.55500591","8","0.5","1.333333333","N2 S1 O9","de-protonated","0","-9999","C18 H24 O9 N2 S1","18","24","9","2","-9999","1","-9999","-9999","-9999"
"1659","443.113172","443.113265515","443.11346433800003","1056406.1","-9999","306853.2","9.61","-1","-0.448695277","0.96412859","0","0.578477154","12","0.047619048","1.19047619","N4 S2 P1 O1","de-protonated","0","-9999","C21 H25 O1 N4 P1 S2","21","25","1","4","1","2","-9999","-9999","-9999"
"1661","443.11834","443.118433513","443.118335243","1089432.4","-9999","547044.3","9.96","-1","0.221769008","0.991115783","0","0.59466947","17","0.125","0.833333333","N4 S1 O3","de-protonated","0","-9999","C24 H20 O3 N4 S1","24","20","3","4","-9999","1","-9999","-9999","-9999"
"1661","443.11834","443.118433513","443.118468185","1089432.4","-9999","547044.3","9.96","-1","-0.078245027","0.998889736","0","0.599333842","4","0.846153846","1.923076923","N4 P1 O11","de-protonated","0","-9999","C13 H25 O11 N4 P1","13","25","11","4","1","-9999","-9999","-9999","-9999"
"1662","443.121204","443.121297512","443.121706546","1063065.6","-9999","450714","9.68","-1","-0.923074874","0.856752262","0","0.514051357","12","0.142857143","1.142857143","N4 S2 O3","de-protonated","0","-9999","C21 H24 O3 N4 S2","21","24","3","4","-9999","2","-9999","-9999","-9999"
"1663","443.125387","443.12548051","443.125729298","6615195.5","-9999","411161.5","69.03","-1","-0.561439145","0.62381114","0.920115648","0.742332943","16","0.038461538","0.923076923","N2 S2 O1","de-protonated","0","-9999","C26 H24 O1 N2 S2","26","24","1","2","-9999","2","-9999","-9999","-9999"
"1663","443.125387","443.12548051","443.12586224","6615195.5","-9999","411161.5","69.03","-1","-0.861447939","0.862132161","0.949032325","0.896892227","3","0.6","1.933333333","N2 S1 P1 O9","de-protonated","0","-9999","C15 H29 O9 N2 P1 S1","15","29","9","2","1","1","-9999","-9999","-9999"
"1664","443.135099","443.135192507","443.135625277","1000607.8","-9999","398268.1","9.01","-1","-0.976609937","0.841087347","0","0.504652408","11","0.166666667","1.166666667","S2 O4","de-protonated","0","-9999","C24 H28 O4 S2","24","28","4","-9999","-9999","2","-9999","-9999","-9999"
"1664","443.135099","443.135192507","443.134755897","1000607.8","-9999","398268.1","9.01","-1","0.985274138","0.838497183","0","0.50309831","12","0.391304348","1.043478261","O9","de-protonated","0","-9999","C23 H24 O9","23","24","9","-9999","-9999","-9999","-9999","-9999","-9999"
"1664","443.135099","443.135192507","443.135245155","1000607.8","-9999","398268.1","9.01","-1","-0.118808278","0.997442055","0","0.598465233","16","0.038461538","0.961538462","N2 S1 P1 O1","de-protonated","0","-9999","C26 H25 O1 N2 P1 S1","26","25","1","2","1","1","-9999","-9999","-9999"
"1665","443.138792","443.138885505","443.138616458","932257.4","-9999","626379.9","8.28","-1","0.607139859","0.935302382","0","0.561181429","11","0.043478261","1.260869565","N2 S2 P1 O1","de-protonated","0","-9999","C23 H29 O1 N2 P1 S2","23","29","1","2","1","2","-9999","-9999","-9999"
"1666","443.14069","443.140783504","443.140629124","3579042.3","-9999","403050.4","36.57","-1","0.348377633","0.489109417","0.85247738","0.634456602","3","0.875","1.75","O14","de-protonated","0","-9999","C16 H28 O14","16","28","14","-9999","-9999","-9999","-9999","-9999","-9999"
"1666","443.14069","443.140783504","443.141118381","3579042.3","-9999","403050.4","36.57","-1","-0.755689447","0.450784242","0.829532115","0.602283391","7","0.315789474","1.526315789","N2 S1 P1 O6","de-protonated","0","-9999","C19 H29 O6 N2 P1 S1","19","29","6","2","1","1","-9999","-9999","-9999"
"1667","443.143838","443.143931503","443.144138812","841251.6","-9999","438960.2","7.31","-1","-0.467813213","0.961068204","0","0.576640923","25","0.029411765","0.588235294","O1","de-protonated","0","-9999","C34 H20 O1","34","20","1","-9999","-9999","-9999","-9999","-9999","-9999"
"1667","443.143838","443.143931503","443.143620305","841251.6","-9999","438960.2","7.31","-1","0.702251487","0.914404068","0","0.548642441","3","0.733333333","1.933333333","N2 P1 O11","de-protonated","0","-9999","C15 H29 O11 N2 P1","15","29","11","2","1","-9999","-9999","-9999","-9999"
"1669","443.16178","443.161873496","443.16224775","3687595.5","-9999","411626.5","37.73","-1","-0.844506231","0.90197321","0.932600848","0.914224265","2","0.5","2.0625","N2 S1 P1 O8","de-protonated","0","-9999","C16 H33 O8 N2 P1 S1","16","33","8","2","1","1","-9999","-9999","-9999"
"1670","443.174789","443.174882491","443.17451271","1427633.3","-9999","427139.7","13.57","-1","0.834391849","0.881327182","0","0.528796309","6","0.380952381","1.523809524","S1 O8","de-protonated","0","-9999","C21 H32 O8 S1","21","32","8","-9999","-9999","1","-9999","-9999","-9999"
"1671","443.177115","443.17720849","443.177014633","1969842.3","-9999","422413.4","19.37","-1","0.43742533","0.965877216","0","0.57952633","2","0.764705882","1.882352941","O13","de-protonated","0","-9999","C17 H32 O13","17","32","13","-9999","-9999","-9999","-9999","-9999","-9999"
"1671","443.177115","443.17720849","443.177503891","1969842.3","-9999","422413.4","19.37","-1","-0.666551202","0.922547948","0","0.553528769","6","0.25","1.65","N2 S1 P1 O5","de-protonated","0","-9999","C20 H33 O5 N2 P1 S1","20","33","5","2","1","1","-9999","-9999","-9999"
"1672","443.180115","443.180208489","443.179872873","1227443.5","-9999","468711.9","11.43","-1","0.757292113","0.901171901","0","0.54070314","15","0.074074074","1.037037037","N2 S1 O2","de-protonated","0","-9999","C27 H28 O2 N2 S1","27","28","2","2","-9999","1","-9999","-9999","-9999"
"1672","443.180115","443.180208489","443.180005814","1227443.5","-9999","468711.9","11.43","-1","0.457319576","0.962762623","0","0.577657574","2","0.625","2.0625","N2 P1 O10","de-protonated","0","-9999","C16 H33 O10 N2 P1","16","33","10","2","1","-9999","-9999","-9999","-9999"
"1673","443.182319","443.182412488","443.182374796","1638068.5","-9999","578014.3","15.82","-1","0.085049231","0.998688375","0","0.599213025","11","0.304347826","1.217391304","N2 O7","de-protonated","0","-9999","C23 H28 O7 N2","23","28","7","2","-9999","-9999","-9999","-9999","-9999"
"1674","443.184248","443.184341488","443.184028566","8124597.5","-9999","393774.8","85.16","-1","0.706075297","0.896493432","0.982124851","0.930746","6","0.380952381","1.571428571","P1 O8","de-protonated","0","-9999","C21 H33 O8 P1","21","33","8","-9999","1","-9999","-9999","-9999","-9999"
"1675","443.198175","443.198268482","443.198633259","2135227.5","-9999","404921.2","21.14","-1","-0.823054658","0.884337252","0","0.530602351","1","0.411764706","2.176470588","N2 S1 P1 O7","de-protonated","0","-9999","C17 H37 O7 N2 P1 S1","17","37","7","2","1","1","-9999","-9999","-9999"
"1676","443.220622","443.220715473","443.220414076","1337029.4","-9999","441954.9","12.6","-1","0.680018052","0.919517386","0","0.551710431","5","0.318181818","1.681818182","P1 O7","de-protonated","0","-9999","C22 H37 O7 P1","22","37","7","-9999","1","-9999","-9999","-9999","-9999"
"1677","443.239952","443.240045466","443.239753328","1880781.9","-9999","416058","18.42","-1","0.659097583","0.924203443","0.967802349","0.941643005","5","0.272727273","1.727272727","13C1 N1 P1 O6","de-protonated","1","1639","C21 H38 O6 N1 P1 13C1","21","38","6","1","1","-9999","1","-9999","-9999"
"1677","443.239952","443.240045466","443.239889673","1880781.9","-9999","416058","18.42","-1","0.351486032","0.977832774","0","0.586699664","5","0.380952381","1.714285714","N2 O8","de-protonated","0","-9999","C21 H36 O8 N2","21","36","8","2","-9999","-9999","-9999","-9999","-9999"
"1678","444.063528","444.063621148","444.063976457","816569.3","-9999","394824.8","7.04","-1","-0.800132103","0.890327849","0","0.534196709","4","0.785714286","1.642857143","N1 S2 O11","de-protonated","0","-9999","C14 H23 O11 N1 S2","14","23","11","1","-9999","2","-9999","-9999","-9999"
"1678","444.063528","444.063621148","444.063596335","816569.3","-9999","394824.8","7.04","-1","0.055876403","0.999433646","0","0.599660188","9","0.5","1.25","N3 S1 P1 O8","de-protonated","0","-9999","C16 H20 O8 N3 P1 S1","16","20","8","3","1","1","-9999","-9999","-9999"
"1679","444.084429","444.08452214","444.084592761","1033282.6","-9999","595527.7","9.35","-1","-0.15902766","0.995421712","0","0.597253027","17","0.083333333","0.791666667","N3 S2 O2","de-protonated","0","-9999","C24 H19 O2 N3 S2","24","19","2","3","-9999","2","-9999","-9999","-9999"
"1679","444.084429","444.08452214","444.084725703","1033282.6","-9999","595527.7","9.35","-1","-0.458388798","0.962591598","0","0.577554959","4","0.769230769","1.846153846","N3 S1 P1 O10","de-protonated","0","-9999","C13 H24 O10 N3 P1 S1","13","24","10","3","1","1","-9999","-9999","-9999"
"1680","444.092318","444.092411136","444.092119758","1116102.1","-9999","359684.8","10.24","-1","0.656121002","0.924860179","0","0.554916108","3","0.533333333","1.866666667","N1 S2 P1 O8","de-protonated","0","-9999","C15 H28 O8 N1 P1 S2","15","28","8","1","1","2","-9999","-9999","-9999"
"1680","444.092318","444.092411136","444.092698624","1116102.1","-9999","359684.8","10.24","-1","-0.647359558","0.617852448","0.877205369","0.721593617","17","0.08","0.8","13C1 N2 S2 O2","de-protonated","1","1655","C24 H20 O2 N2 S2 13C1","24","20","2","2","-9999","2","1","-9999","-9999"
"1680","444.092318","444.092411136","444.092831566","1116102.1","-9999","359684.8","10.24","-1","-0.946715086","0.849908217","0.989662958","0.905810114","4","0.714285714","1.785714286","13C1 N2 S1 P1 O10","de-protonated","1","1655","C13 H25 O10 N2 P1 S1 13C1","13","25","10","2","1","1","1","-9999","-9999"
"1681","444.120631","444.120724126","444.120978271","1393746.6","-9999","448347.4","13.21","-1","-0.572242905","0.942313234","0","0.565387941","16","0.04","0.92","N3 S2 O1","de-protonated","0","-9999","C25 H23 O1 N3 S2","25","23","1","3","-9999","2","-9999","-9999","-9999"
"1681","444.120631","444.120724126","444.121111212","1393746.6","-9999","448347.4","13.21","-1","-0.871579393","0.871240161","0","0.522744096","3","0.642857143","2","N3 S1 P1 O9","de-protonated","0","-9999","C14 H28 O9 N3 P1 S1","14","28","9","3","1","1","-9999","-9999","-9999"
"1682","444.128704","444.128797122","444.128505268","1557334.1","-9999","384825.9","14.96","-1","0.657140325","0.924635564","0","0.554781338","2","0.4375","2","N1 S2 P1 O7","de-protonated","0","-9999","C16 H32 O7 N1 P1 S2","16","32","7","1","1","2","-9999","-9999","-9999"
"1682","444.128704","444.128797122","444.129084133","1557334.1","-9999","384825.9","14.96","-1","-0.646233448","0.618015781","0.920115648","0.738855728","16","0.038461538","0.923076923","13C1 N2 S2 O1","de-protonated","1","1663","C25 H24 O1 N2 S2 13C1","25","24","1","2","-9999","2","1","-9999","-9999"
"1682","444.128704","444.128797122","444.129217075","1557334.1","-9999","384825.9","14.96","-1","-0.945564452","0.850244059","0.949032325","0.889759365","3","0.6","1.933333333","13C1 N2 S1 P1 O9","de-protonated","1","1663","C14 H29 O9 N2 P1 S1 13C1","14","29","9","2","1","1","1","-9999","-9999"
"1683","444.157084","444.157177111","444.157496722","1175906.8","-9999","473936.4","10.88","-1","-0.719587654","0.910323462","0","0.546194077","2","0.533333333","2.133333333","N3 S1 P1 O8","de-protonated","0","-9999","C15 H32 O8 N3 P1 S1","15","32","8","3","1","1","-9999","-9999","-9999"
"1684","444.165219","444.165312108","444.164890777","1009510.3","-9999","460858.4","9.1","-1","0.94859205","0.849359787","0","0.509615872","1","0.352941176","2.117647059","N1 S2 P1 O6","de-protonated","0","-9999","C17 H36 O6 N1 P1 S2","17","36","6","1","1","2","-9999","-9999","-9999"
"1684","444.165219","444.165312108","444.165602585","1009510.3","-9999","460858.4","9.1","-1","-0.653981902","0.92533059","0.932600848","0.928238693","2","0.5","2.0625","13C1 N2 S1 P1 O8","de-protonated","1","1669","C15 H33 O8 N2 P1 S1 13C1","15","33","8","2","1","1","1","-9999","-9999"
"1684","444.165219","444.165312108","444.16573893","1009510.3","-9999","460858.4","9.1","-1","-0.960951844","0.845730204","0","0.507438122","2","0.666666667","2.066666667","N3 S1 O10","de-protonated","0","-9999","C15 H31 O10 N3 S1","15","31","10","3","-9999","1","-9999","-9999","-9999"
"1685","444.179565","444.179658103","444.179277538","1363564.6","-9999","484696","12.88","-1","0.856780893","0.875292929","0","0.525175758","6","0.4","1.6","N1 P1 O8","de-protonated","0","-9999","C20 H32 O8 N1 P1","20","32","8","1","1","-9999","-9999","-9999","-9999"
"1686","444.187664","444.1877571","444.187383401","1631344.3","-9999","431175.3","15.75","-1","0.841307816","0.879475854","0.982124851","0.920535453","6","0.380952381","1.571428571","13C1 P1 O8","de-protonated","1","1674","C20 H33 O8 P1 13C1","20","33","8","-9999","1","-9999","1","-9999","-9999"
"1686","444.187664","444.1877571","444.187519747","1631344.3","-9999","431175.3","15.75","-1","0.534352468","0.949509724","0","0.569705834","6","0.5","1.55","N1 O10","de-protonated","0","-9999","C20 H31 O10 N1","20","31","10","1","-9999","-9999","-9999","-9999","-9999"
"1686","444.187664","444.1877571","444.188009004","1631344.3","-9999","431175.3","15.75","-1","-0.567112681","0.943313177","0","0.565987906","10","0.086956522","1.391304348","N3 S1 P1 O2","de-protonated","0","-9999","C23 H32 O2 N3 P1 S1","23","32","2","3","1","1","-9999","-9999","-9999"
"1687","444.215764","444.215857089","444.215663048","1026684.7","-9999","500925.5","9.28","-1","0.436817047","0.96597042","0","0.579582252","5","0.333333333","1.714285714","N1 P1 O7","de-protonated","0","-9999","C21 H36 O7 N1 P1","21","36","7","1","1","-9999","-9999","-9999","-9999"
"1688","444.234503","444.234596082","444.234290492","901765","-9999","397653.3","7.95","-1","0.687900791","0.917720061","0","0.550632037","4","0.181818182","1.818181818","N1 S1 P1 O4","de-protonated","0","-9999","C22 H40 O4 N1 P1 S1","22","40","4","1","1","1","-9999","-9999","-9999"
"1689","444.252316","444.252409075","444.252048557","1197964.9","-9999","444993.6","11.11","-1","0.811515659","0.887368957","0","0.532421374","4","0.272727273","1.818181818","N1 P1 O6","de-protonated","0","-9999","C22 H40 O6 N1 P1","22","40","6","1","1","-9999","-9999","-9999","-9999"
"1691","445.0023","445.002392785","445.002362001","960473.7","-9999","465551.4","8.23","-1","0.069176644","0.999132071","0","0.599479243","19","0.347826087","0.434782609","S1 O8","de-protonated","0","-9999","C23 H10 O8 S1","23","10","8","-9999","-9999","1","-9999","-9999","-9999"
"1692","445.019839","445.019931778","445.020120066","1043425.5","-9999","418790.7","9.08","-1","-0.42309941","0.968040171","0","0.580824102","19","0.434782609","0.434782609","O10","de-protonated","0","-9999","C23 H10 O10","23","10","10","-9999","-9999","-9999","-9999","-9999","-9999"
"1692","445.019839","445.019931778","445.019957874","1043425.5","-9999","418790.7","9.08","-1","-0.058641011","0.999376235","0","0.599625741","14","0.222222222","0.833333333","N4 S2 P1 O4","de-protonated","0","-9999","C18 H15 O4 N4 P1 S2","18","15","4","4","1","2","-9999","-9999","-9999"
"1693","445.038555","445.038647771","445.03874751","1787369.8","-9999","402703.8","16.72","-1","-0.224114409","0.990927732","0","0.594556639","18","0.291666667","0.583333333","S1 O7","de-protonated","0","-9999","C24 H14 O7 S1","24","14","7","-9999","-9999","1","-9999","-9999","-9999"
"1693","445.038555","445.038647771","445.038367388","1787369.8","-9999","402703.8","16.72","-1","0.630019667","0.465255454","0.780512821","0.591358401","23","0.153846154","0.423076923","N2 P1 O4","de-protonated","0","-9999","C26 H11 O4 N2 P1","26","11","4","2","1","-9999","-9999","-9999","-9999"
"1694","445.04716","445.047252767","445.047478976","2932717.5","-9999","403393.4","28.47","-1","-0.508280067","0.47710237","0.773979033","0.595853035","22","0.037037037","0.518518519","N2 S2 O1","de-protonated","0","-9999","C27 H14 O1 N2 S2","27","14","1","2","-9999","2","-9999","-9999","-9999"
"1694","445.04716","445.047252767","445.047611918","2932717.5","-9999","403393.4","28.47","-1","-0.806993415","0.444274116","0.85247738","0.607555422","9","0.5625","1.1875","N2 S1 P1 O9","de-protonated","0","-9999","C16 H19 O9 N2 P1 S1","16","19","9","2","1","1","-9999","-9999","-9999"
"1695","445.05629","445.056382764","445.056505575","2337265.8","-9999","370202.1","22.36","-1","-0.275945167","0.493139233","0.793917021","0.613450348","18","0.375","0.583333333","O9","de-protonated","0","-9999","C24 H14 O9","24","14","9","-9999","-9999","-9999","-9999","-9999","-9999"
"1695","445.05629","445.056382764","445.056343384","2337265.8","-9999","370202.1","22.36","-1","0.088483489","0.998580387","0","0.599148232","13","0.157894737","1","N4 S2 P1 O3","de-protonated","0","-9999","C19 H19 O3 N4 P1 S2","19","19","3","4","1","2","-9999","-9999","-9999"
"1696","445.068329","445.068421759","445.068608344","2395127","-9999","405847.1","22.95","-1","-0.419227513","0.484306602","0.793917021","0.60815077","17","0.125","0.75","N2 S2 O3","de-protonated","0","-9999","C24 H18 O3 N2 S2","24","18","3","2","-9999","2","-9999","-9999","-9999"
"1696","445.068329","445.068421759","445.068741286","2395127","-9999","405847.1","22.95","-1","-0.717926707","0.91071793","0","0.546430758","4","0.846153846","1.769230769","N2 S1 P1 O11","de-protonated","0","-9999","C13 H23 O11 N2 P1 S1","13","23","11","2","1","1","-9999","-9999","-9999"
"1697","445.074967","445.075059757","445.07513302","2397178","-9999","405184.8","22.98","-1","-0.164608213","0.94987668","0.947980821","0.949118337","17","0.24","0.72","S1 O6","de-protonated","0","-9999","C25 H18 O6 S1","25","18","6","-9999","-9999","1","-9999","-9999","-9999"
"1697","445.074967","445.075059757","445.074752897","2397178","-9999","405184.8","22.98","-1","0.689456088","0.957604347","0.961159649","0.959026468","22","0.111111111","0.555555556","N2 P1 O3","de-protonated","0","-9999","C27 H15 O3 N2 P1","27","15","3","2","1","-9999","-9999","-9999","-9999"
"1698","445.079407","445.079499755","445.079841733","968700","-9999","573123.7","8.31","-1","-0.76835333","0.8984167","0","0.53905002","17","0.086956522","0.782608696","N4 S2 O2","de-protonated","0","-9999","C23 H18 O2 N4 S2","23","18","2","4","-9999","2","-9999","-9999","-9999"
"1699","445.083576","445.083668753","445.083997427","4783102","-9999","393888.7","47.47","-1","-0.73845369","0.905387238","0.961881409","0.927984906","8","0.470588235","1.352941176","N2 S1 P1 O8","de-protonated","0","-9999","C17 H23 O8 N2 P1 S1","17","23","8","2","1","1","-9999","-9999","-9999"
"1700","445.092641","445.09273375","445.092891084","1750785.9","-9999","338376.9","16.34","-1","-0.353487099","0.97758251","0","0.586549506","17","0.32","0.72","O8","de-protonated","0","-9999","C25 H18 O8","25","18","8","-9999","-9999","-9999","-9999","-9999","-9999"
"1700","445.092641","445.09273375","445.092728893","1750785.9","-9999","338376.9","16.34","-1","0.010911738","0.999978396","0","0.599987038","12","0.1","1.15","N4 S2 P1 O2","de-protonated","0","-9999","C20 H23 O2 N4 P1 S2","20","23","2","4","1","2","-9999","-9999","-9999"
"1702","445.104706","445.104798745","445.104993854","3288071.3","-9999","388262.6","32.12","-1","-0.438342462","0.48286823","0.787157861","0.604584083","16","0.08","0.88","N2 S2 O2","de-protonated","0","-9999","C25 H22 O2 N2 S2","25","22","2","2","-9999","2","-9999","-9999","-9999"
"1702","445.104706","445.104798745","445.105126795","3288071.3","-9999","388262.6","32.12","-1","-0.737017233","0.453069796","0.86849267","0.619238945","3","0.714285714","1.928571429","N2 S1 P1 O10","de-protonated","0","-9999","C14 H27 O10 N2 P1 S1","14","27","10","2","1","1","-9999","-9999","-9999"
"1703","445.111355","445.111447743","445.111518529","1043594.2","-9999","315021.7","9.08","-1","-0.159030796","0.995421532","0","0.597252919","16","0.192307692","0.846153846","S1 O5","de-protonated","0","-9999","C26 H22 O5 S1","26","22","5","-9999","-9999","1","-9999","-9999","-9999"
"1703","445.111355","445.111447743","445.111651471","1043594.2","-9999","315021.7","9.08","-1","-0.457701272","0.962701612","0","0.577620967","3","0.866666667","1.8","P1 O13","de-protonated","0","-9999","C15 H27 O13 P1","15","27","13","-9999","1","-9999","-9999","-9999","-9999"
"1703","445.111355","445.111447743","445.111138406","1043594.2","-9999","315021.7","9.08","-1","0.694963693","0.916095103","0","0.549657062","21","0.071428571","0.678571429","N2 P1 O2","de-protonated","0","-9999","C28 H19 O2 N2 P1","28","19","2","2","1","-9999","-9999","-9999","-9999"
"1704","445.114414","445.114506741","445.114889832","1328907.5","-9999","334349","12.01","-1","-0.860656317","0.874236489","0","0.524541893","11","0.217391304","1.130434783","S2 O5","de-protonated","0","-9999","C23 H26 O5 S2","23","26","5","-9999","-9999","2","-9999","-9999","-9999"
"1704","445.114414","445.114506741","445.11450971","1328907.5","-9999","334349","12.01","-1","-0.006668895","0.99999193","0","0.599995158","16","0.08","0.92","N2 S1 P1 O2","de-protonated","0","-9999","C25 H23 O2 N2 P1 S1","25","23","2","2","1","1","-9999","-9999","-9999"
"1705","445.115607","445.115699741","445.115357863","893324.1","-9999","418863.2","7.54","-1","0.768065943","0.898488682","0","0.539093209","17","0.260869565","0.782608696","N4 O6","de-protonated","0","-9999","C23 H18 O6 N4","23","18","6","4","-9999","-9999","-9999","-9999","-9999"
"1706","445.118198","445.11829074","445.117881013","857101.3","-9999","705055.5","7.17","-1","0.920490532","0.85749324","0","0.514495944","11","0.090909091","1.227272727","N2 S2 P1 O2","de-protonated","0","-9999","C22 H27 O2 N2 P1 S2","22","27","2","2","1","2","-9999","-9999","-9999"
"1706","445.118198","445.11829074","445.118729166","857101.3","-9999","705055.5","7.17","-1","-0.984965013","0.838589852","0","0.503153911","12","0.3","1.1","N4 S1 O6","de-protonated","0","-9999","C20 H22 O6 N4 S1","20","22","6","4","-9999","1","-9999","-9999","-9999"
"1707","445.119999","445.120091739","445.120382937","5256206","-9999","406679","52.32","-1","-0.654199093","0.880587299","0.991268925","0.924859949","7","0.388888889","1.5","N2 S1 P1 O7","de-protonated","0","-9999","C18 H27 O7 N2 P1 S1","18","27","7","2","1","1","-9999","-9999","-9999"
"1708","445.128785","445.128877736","445.129276594","847377.9","-9999","446658.6","7.07","-1","-0.896049616","0.864429055","0","0.518657433","16","0.269230769","0.846153846","O7","de-protonated","0","-9999","C26 H22 O7","26","22","7","-9999","-9999","-9999","-9999","-9999","-9999"
"1708","445.128785","445.128877736","445.128625145","847377.9","-9999","446658.6","7.07","-1","0.567455671","0.943246572","0","0.565947943","7","0.5","1.444444444","N2 S1 O9","de-protonated","0","-9999","C18 H26 O9 N2 S1","18","26","9","2","-9999","1","-9999","-9999","-9999"
"1708","445.128785","445.128877736","445.129114402","847377.9","-9999","446658.6","7.07","-1","-0.531680764","0.950000546","0","0.570000328","11","0.047619048","1.285714286","N4 S2 P1 O1","de-protonated","0","-9999","C21 H27 O1 N4 P1 S2","21","27","1","4","1","2","-9999","-9999","-9999"
"1710","445.141087","445.141179731","445.141379363","2608151.5","-9999","377512.6","25.14","-1","-0.44846838","0.482082101","0.780512821","0.601454389","15","0.038461538","1","N2 S2 O1","de-protonated","0","-9999","C26 H26 O1 N2 S2","26","26","1","2","-9999","2","-9999","-9999","-9999"
"1710","445.141087","445.141179731","445.141512305","2608151.5","-9999","377512.6","25.14","-1","-0.747118734","0.903677988","0","0.542206793","2","0.6","2.066666667","N2 S1 P1 O9","de-protonated","0","-9999","C15 H31 O9 N2 P1 S1","15","31","9","2","1","1","-9999","-9999","-9999"
"1711","445.156397","445.156489725","445.156279189","4645918.5","-9999","380800.3","46.06","-1","0.472949811","0.949038474","0.920375431","0.937573257","2","0.875","1.875","O14","de-protonated","0","-9999","C16 H30 O14","16","30","14","-9999","-9999","-9999","-9999","-9999","-9999"
"1711","445.156397","445.156489725","445.156768446","4645918.5","-9999","380800.3","46.06","-1","-0.626118239","0.94332688","0.943320696","0.943324407","6","0.315789474","1.631578947","N2 S1 P1 O6","de-protonated","0","-9999","C19 H31 O6 N2 P1 S1","19","31","6","2","1","1","-9999","-9999","-9999"
"1713","445.177414","445.17750671700003","445.177897814","1033767.6","-9999","412475.5","8.98","-1","-0.87851836","0.869322506","0","0.521593503","1","0.5","2.1875","N2 S1 P1 O8","de-protonated","0","-9999","C16 H35 O8 N2 P1 S1","16","35","8","2","1","1","-9999","-9999","-9999"
"1715","445.190441","445.190533712","445.190162774","1958957.4","-9999","374735.6","18.48","-1","0.833211396","0.881642037","0","0.528985222","5","0.380952381","1.619047619","S1 O8","de-protonated","0","-9999","C21 H34 O8 S1","21","34","8","-9999","-9999","1","-9999","-9999","-9999"
"1716","445.192767","445.192859711","445.192664698","3689518.5","-9999","399178.3","36.24","-1","0.438042186","0.482891288","0.844689208","0.627610456","1","0.764705882","2","O13","de-protonated","0","-9999","C17 H34 O13","17","34","13","-9999","-9999","-9999","-9999","-9999","-9999"
"1716","445.192767","445.192859711","445.193153955","3689518.5","-9999","399178.3","36.24","-1","-0.660935999","0.461898287","0.822155738","0.606001267","5","0.25","1.75","N2 S1 P1 O5","de-protonated","0","-9999","C20 H35 O5 N2 P1 S1","20","35","5","2","1","1","-9999","-9999","-9999"
"1717","445.199877","445.199969708","445.199678631","1336369.6","-9999","380672.2","12.09","-1","0.653813633","0.925367539","0","0.555220523","5","0.380952381","1.666666667","P1 O8","de-protonated","0","-9999","C21 H35 O8 P1","21","35","8","-9999","1","-9999","-9999","-9999","-9999"
"1718","445.236395","445.236487694","445.23606414","1161281.9","-9999","405327","10.29","-1","0.951302435","0.84856655","0","0.50913993","4","0.318181818","1.772727273","P1 O7","de-protonated","0","-9999","C22 H39 O7 P1","22","39","7","-9999","1","-9999","-9999","-9999","-9999"
"1719","446.078064","446.078156369","446.078487855","863673.4","-9999","442162.3","7.23","-1","-0.7431111","0.904657804","0.947980821","0.92198701","17","0.24","0.72","13C1 S1 O6","de-protonated","1","1697","C24 H18 O6 S1 13C1","24","18","6","-9999","-9999","1","1","-9999","-9999"
"1719","446.078064","446.078156369","446.078107732","863673.4","-9999","442162.3","7.23","-1","0.109031677","0.99784528","0.961159649","0.983171027","22","0.111111111","0.555555556","13C1 N2 P1 O3","de-protonated","1","1697","C26 H15 O3 N2 P1 13C1","26","15","3","2","1","-9999","1","-9999","-9999"
"1719","446.078064","446.078156369","446.078244078","863673.4","-9999","442162.3","7.23","-1","-0.196622402","0.993009674","0","0.595805804","22","0.192307692","0.5","N3 O5","de-protonated","0","-9999","C26 H13 O5 N3","26","13","5","3","-9999","-9999","-9999","-9999","-9999"
"1720","446.079005","446.079097368","446.079246399","921785.9","-9999","393872.6","7.83","-1","-0.334090727","0.97995102","0","0.587970612","8","0.5","1.375","N3 S1 P1 O8","de-protonated","0","-9999","C16 H22 O8 N3 P1 S1","16","22","8","3","1","1","-9999","-9999","-9999"
"1721","446.086929","446.087021365","446.086640455","1147069.4","-9999","422052.3","10.14","-1","0.853893935","0.876077641","0","0.525646584","7","0.333333333","1.444444444","N1 S2 P1 O6","de-protonated","0","-9999","C18 H26 O6 N1 P1 S2","18","26","6","1","1","2","-9999","-9999","-9999"
"1721","446.086929","446.087021365","446.087352262","1147069.4","-9999","422052.3","10.14","-1","-0.741775958","0.904983293","0.961881409","0.927742539","8","0.470588235","1.352941176","13C1 N2 S1 P1 O8","de-protonated","1","1699","C16 H23 O8 N2 P1 S1 13C1","16","23","8","2","1","1","1","-9999","-9999"
"1722","446.100169","446.10026136","446.100242826","876227.4","-9999","548948","7.36","-1","0.041547945","0.999686827","0","0.599812096","16","0.083333333","0.875","N3 S2 O2","de-protonated","0","-9999","C24 H21 O2 N3 S2","24","21","2","3","-9999","2","-9999","-9999","-9999"
"1722","446.100169","446.10026136","446.100375767","876227.4","-9999","548948","7.36","-1","-0.256460626","0.988136678","0","0.592882007","3","0.769230769","2","N3 S1 P1 O10","de-protonated","0","-9999","C13 H26 O10 N3 P1 S1","13","26","10","3","1","1","-9999","-9999","-9999"
"1723","446.123202","446.123294351","446.123025964","1089485.6","-9999","414422.3","9.55","-1","0.601599309","0.93643963","0","0.561863778","6","0.263157895","1.578947368","N1 S2 P1 O5","de-protonated","0","-9999","C19 H30 O5 N1 P1 S2","19","30","5","1","1","2","-9999","-9999","-9999"
"1723","446.123202","446.123294351","446.123737772","1089485.6","-9999","414422.3","9.55","-1","-0.99394004","0.835891711","0.991268925","0.898042597","7","0.388888889","1.5","13C1 N2 S1 P1 O7","de-protonated","1","1707","C17 H27 O7 N2 P1 S1 13C1","17","27","7","2","1","1","1","-9999","-9999"
"1724","446.136261","446.136353346","446.136628335","1224403.5","-9999","456059.6","10.93","-1","-0.616377891","0.93338614","0","0.560031684","15","0.04","1","N3 S2 O1","de-protonated","0","-9999","C25 H25 O1 N3 S2","25","25","1","3","-9999","2","-9999","-9999","-9999"
"1724","446.136261","446.136353346","446.136761277","1224403.5","-9999","456059.6","10.93","-1","-0.914361962","0.859244651","0","0.51554679","2","0.642857143","2.142857143","N3 S1 P1 O9","de-protonated","0","-9999","C14 H30 O9 N3 P1 S1","14","30","9","3","1","1","-9999","-9999","-9999"
"1725","446.159807","446.159899337","446.159634024","1365470","-9999","477228.8","12.38","-1","0.594660707","0.937851057","0.920375431","0.930860806","2","0.875","1.875","13C1 O14","de-protonated","1","1711","C15 H30 O14 13C1","15","30","14","-9999","-9999","-9999","1","-9999","-9999"
"1725","446.159807","446.159899337","446.160123281","1365470","-9999","477228.8","12.38","-1","-0.501935819","0.955315045","0.943320696","0.950517305","6","0.315789474","1.631578947","13C1 N2 S1 P1 O6","de-protonated","1","1711","C18 H31 O6 N2 P1 S1 13C1","18","31","6","2","1","1","1","-9999","-9999"
"1725","446.159807","446.159899337","446.160259627","1365470","-9999","477228.8","12.38","-1","-0.807533524","0.888407652","0","0.533044591","6","0.444444444","1.611111111","N3 S1 O8","de-protonated","0","-9999","C18 H29 O8 N3 S1","18","29","8","3","-9999","1","-9999","-9999","-9999"
"1726","446.174148","446.174240332","446.174667615","932836.4","-9999","394456.8","7.94","-1","-0.957658652","0.846700353","0","0.508020212","9","0.041666667","1.416666667","N1 S2 P1 O1","de-protonated","0","-9999","C24 H34 O1 N1 P1 S2","24","34","1","1","1","2","-9999","-9999","-9999"
"1726","446.174148","446.174240332","446.173798235","932836.4","-9999","394456.8","7.94","-1","0.990862397","0.836818712","0","0.502091227","10","0.260869565","1.304347826","N1 P1 O6","de-protonated","0","-9999","C23 H30 O6 N1 P1","23","30","6","1","1","-9999","-9999","-9999","-9999"
"1728","447.017973","447.018065005","447.018012065","1095391","-9999","355104.4","9.61","-1","0.118429406","0.997458323","0","0.598474994","18","0.347826087","0.52173913","S1 O8","de-protonated","0","-9999","C23 H12 O8 S1","23","12","8","-9999","-9999","1","-9999","-9999","-9999"
"1728","447.017973","447.018065005","447.017631943","1095391","-9999","355104.4","9.61","-1","0.968781916","0.843414657","0","0.506048794","23","0.2","0.36","N2 P1 O5","de-protonated","0","-9999","C25 H9 O5 N2 P1","25","9","5","2","1","-9999","-9999","-9999","-9999"
"1729","447.026427","447.026519002","447.026743531","1553506.8","-9999","325729.1","14.31","-1","-0.502272031","0.955256522","0","0.573153913","22","0.076923077","0.461538462","N2 S2 O2","de-protonated","0","-9999","C26 H12 O2 N2 S2","26","12","2","2","-9999","2","-9999","-9999","-9999"
"1729","447.026427","447.026519002","447.026876473","1553506.8","-9999","325729.1","14.31","-1","-0.799662793","0.890449148","0","0.534269489","9","0.666666667","1.133333333","N2 S1 P1 O10","de-protonated","0","-9999","C15 H17 O10 N2 P1 S1","15","17","10","2","1","1","-9999","-9999","-9999"
"1730","447.035731","447.035822999","447.03577013","1334118.9","-9999","371215.3","12.06","-1","0.118264524","0.997465386","0","0.598479232","18","0.434782609","0.52173913","O10","de-protonated","0","-9999","C23 H12 O10","23","12","10","-9999","-9999","-9999","-9999","-9999","-9999"
"1730","447.035731","447.035822999","447.036259387","1334118.9","-9999","371215.3","12.06","-1","-0.976182285","0.841214807","0","0.504728884","22","0.076923077","0.5","N2 S1 P1 O2","de-protonated","0","-9999","C26 H13 O2 N2 P1 S1","26","13","2","2","1","1","-9999","-9999","-9999"
"1730","447.035731","447.035822999","447.035607939","1334118.9","-9999","371215.3","12.06","-1","0.481079804","0.958875456","0","0.575325274","13","0.222222222","0.944444444","N4 S2 P1 O4","de-protonated","0","-9999","C18 H17 O4 N4 P1 S2","18","17","4","4","1","2","-9999","-9999","-9999"
"1731","447.054282","447.054373991","447.054397575","2504047.3","-9999","418914.9","24.06","-1","-0.05275266","0.499747592","0.793917021","0.617415364","17","0.291666667","0.666666667","S1 O7","de-protonated","0","-9999","C24 H16 O7 S1","24","16","7","-9999","-9999","1","-9999","-9999","-9999"
"1731","447.054282","447.054373991","447.054017452","2504047.3","-9999","418914.9","24.06","-1","0.797530494","0.44549979","0.780512821","0.579505002","22","0.153846154","0.5","N2 P1 O4","de-protonated","0","-9999","C26 H13 O4 N2 P1","26","13","4","2","1","-9999","-9999","-9999","-9999"
"1732","447.062878","447.062969988","447.063129041","5973875","-9999","401261.9","59.68","-1","-0.35577184","0.658276114","0.891972914","0.751754834","21","0.037037037","0.592592593","N2 S2 O1","de-protonated","0","-9999","C27 H16 O1 N2 S2","27","16","1","2","-9999","2","-9999","-9999","-9999"
"1732","447.062878","447.062969988","447.063261982","5973875","-9999","401261.9","59.68","-1","-0.653138441","0.947493238","0.979396523","0.960254552","8","0.5625","1.3125","N2 S1 P1 O9","de-protonated","0","-9999","C16 H21 O9 N2 P1 S1","16","21","9","2","1","1","-9999","-9999","-9999"
"1733","447.072024","447.072115985","447.072155639","1939319.3","-9999","453649.8","18.27","-1","-0.088699122","0.499286732","0.793917021","0.617138848","17","0.375","0.666666667","O9","de-protonated","0","-9999","C24 H16 O9","24","16","9","-9999","-9999","-9999","-9999","-9999","-9999"
"1733","447.072024","447.072115985","447.071993448","1939319.3","-9999","453649.8","18.27","-1","0.274086555","0.986461433","0","0.59187686","12","0.157894737","1.105263158","N4 S2 P1 O3","de-protonated","0","-9999","C19 H21 O3 N4 P1 S2","19","21","3","4","1","2","-9999","-9999","-9999"
"1734","447.076043","447.076134983","447.0760162","970361.1","-9999","498976.5","8.32","-1","0.265688304","0.987273167","0","0.5923639","16","0.041666667","0.875","N2 S2 P1 O1","de-protonated","0","-9999","C24 H21 O1 N2 P1 S2","24","21","1","2","1","2","-9999","-9999","-9999"
"1735","447.084125","447.08421698","447.084258409","1099388.6","-9999","418065.7","9.65","-1","-0.092664291","0.998443173","0","0.599065904","16","0.125","0.833333333","N2 S2 O3","de-protonated","0","-9999","C24 H20 O3 N2 S2","24","20","3","2","-9999","2","-9999","-9999","-9999"
"1735","447.084125","447.08421698","447.08439135","1099388.6","-9999","418065.7","9.65","-1","-0.390016917","0.972776681","0","0.583666008","3","0.846153846","1.923076923","N2 S1 P1 O11","de-protonated","0","-9999","C13 H25 O11 N2 P1 S1","13","25","11","2","1","1","-9999","-9999","-9999"
"1736","447.090705","447.090796977","447.090783084","1988479.6","-9999","355586.5","18.77","-1","0.031074809","0.4999124","0.787157861","0.614810585","16","0.24","0.8","S1 O6","de-protonated","0","-9999","C25 H20 O6 S1","25","20","6","-9999","-9999","1","-9999","-9999","-9999"
"1736","447.090705","447.090796977","447.090402962","1988479.6","-9999","355586.5","18.77","-1","0.881288836","0.434276898","0.773979033","0.570157752","21","0.111111111","0.62962963","N2 P1 O3","de-protonated","0","-9999","C27 H17 O3 N2 P1","27","17","3","2","1","-9999","-9999","-9999","-9999"
"1737","447.094161","447.094252976","447.094425714","952705.2","-9999","311174.5","8.14","-1","-0.386355869","0.973278508","0","0.583967105","25","0.03125","0.53125","P1 O1","de-protonated","0","-9999","C32 H17 O1 P1","32","17","1","-9999","1","-9999","-9999","-9999","-9999"
"1737","447.094161","447.094252976","447.094154387","952705.2","-9999","311174.5","8.14","-1","0.220509715","0.991215949","0","0.59472957","11","0.272727273","1.090909091","S2 O6","de-protonated","0","-9999","C22 H24 O6 S2","22","24","6","-9999","-9999","2","-9999","-9999","-9999"
"1737","447.094161","447.094252976","447.094622418","952705.2","-9999","311174.5","8.14","-1","-0.826317354","0.883474164","0","0.530084499","17","0.318181818","0.727272727","N4 O7","de-protonated","0","-9999","C22 H16 O7 N4","22","16","7","4","-9999","-9999","-9999","-9999","-9999"
"1738","447.099273","447.099364974","447.099647492","7546755.5","-9999","393518","75.82","-1","-0.63188961","0.937441673","0.995379354","0.960616746","7","0.470588235","1.470588235","N2 S1 P1 O8","de-protonated","0","-9999","C17 H25 O8 N2 P1 S1","17","25","8","2","1","1","-9999","-9999","-9999"
"1739","447.108261","447.108352971","447.108541149","948743.5","-9999","306973.4","8.1","-1","-0.420878263","0.968369499","0","0.5810217","16","0.32","0.8","O8","de-protonated","0","-9999","C25 H20 O8","25","20","8","-9999","-9999","-9999","-9999","-9999","-9999"
"1739","447.108261","447.108352971","447.108378958","948743.5","-9999","306973.4","8.1","-1","-0.058122231","0.999387219","0","0.599632331","11","0.1","1.25","N4 S2 P1 O2","de-protonated","0","-9999","C20 H25 O2 N4 P1 S2","20","25","2","4","1","2","-9999","-9999","-9999"
"1741","447.120476","447.120567966","447.120643918","1209229","-9999","389759.7","10.77","-1","-0.169869474","0.994777865","0","0.596866719","15","0.08","0.96","N2 S2 O2","de-protonated","0","-9999","C25 H24 O2 N2 S2","25","24","2","2","-9999","2","-9999","-9999","-9999"
"1741","447.120476","447.120567966","447.12077686","1209229","-9999","389759.7","10.77","-1","-0.467197879","0.961168541","0","0.576701124","2","0.714285714","2.071428571","N2 S1 P1 O10","de-protonated","0","-9999","C14 H29 O10 N2 P1 S1","14","29","10","2","1","1","-9999","-9999","-9999"
"1742","447.130482","447.130573962","447.130539897","1150481.5","-9999","327301.4","10.17","-1","0.076186282","0.998947363","0","0.599368418","10","0.217391304","1.217391304","S2 O5","de-protonated","0","-9999","C23 H28 O5 S2","23","28","5","-9999","-9999","2","-9999","-9999","-9999"
"1742","447.130482","447.130573962","447.130159774","1150481.5","-9999","327301.4","10.17","-1","0.92632475","0.855818428","0","0.513491057","15","0.08","1","N2 S1 P1 O2","de-protonated","0","-9999","C25 H25 O2 N2 P1 S1","25","25","2","2","1","1","-9999","-9999","-9999"
"1742","447.130482","447.130573962","447.131007927","1150481.5","-9999","327301.4","10.17","-1","-0.97055545","0.842888455","0","0.505733073","16","0.260869565","0.869565217","N4 O6","de-protonated","0","-9999","C23 H20 O6 N4","23","20","6","4","-9999","-9999","-9999","-9999","-9999"
"1743","447.131216","447.131307962","447.131007927","1158289.9","-9999","411245.7","10.25","-1","0.671020963","0.921547697","0","0.552928618","16","0.260869565","0.869565217","N4 O6","de-protonated","0","-9999","C23 H20 O6 N4","23","20","6","4","-9999","-9999","-9999","-9999","-9999"
"1744","447.133835","447.133926961","447.133531078","1555859.1","-9999","499108.3","14.33","-1","0.88538007","0.867415448","0","0.520449269","10","0.090909091","1.318181818","N2 S2 P1 O2","de-protonated","0","-9999","C22 H29 O2 N2 P1 S2","22","29","2","2","1","2","-9999","-9999","-9999"
"1745","447.135687","447.13577896","447.136033001","7333780","-9999","378856.3","73.64","-1","-0.568151592","0.944684928","0.964312929","0.952536128","6","0.388888889","1.611111111","N2 S1 P1 O7","de-protonated","0","-9999","C18 H29 O7 N2 P1 S1","18","29","7","2","1","1","-9999","-9999","-9999"
"1746","447.140334","447.140425958","447.140055753","2815382","-9999","397634.4","27.26","-1","0.827940038","0.441521978","0.800793265","0.585230493","10","0.217391304","1.260869565","S1 P1 O5","de-protonated","0","-9999","C23 H29 O5 P1 S1","23","29","5","-9999","1","1","-9999","-9999","-9999"
"1746","447.140334","447.140425958","447.140252458","2815382","-9999","397634.4","27.26","-1","0.388022916","0.973050557","0","0.583830334","2","0.846153846","2.153846154","N4 S1 O11","de-protonated","0","-9999","C13 H28 O11 N4 S1","13","28","11","4","-9999","1","-9999","-9999","-9999"
"1748","447.167721","447.167812948","447.167393437","965538.3","-9999","521120.1","8.27","-1","0.938151626","0.852401043","0","0.511440626","15","0.208333333","1","N4 O5","de-protonated","0","-9999","C24 H24 O5 N4","24","24","5","4","-9999","-9999","-9999","-9999","-9999"
"1749","447.172045","447.172136946","447.171929253","6471588","-9999","413282.2","64.79","-1","0.464458706","0.936241795","0.997399825","0.960705007","1","0.875","2","O14","de-protonated","0","-9999","C16 H32 O14","16","32","14","-9999","-9999","-9999","-9999","-9999","-9999"
"1749","447.172045","447.172136946","447.17241851","6471588","-9999","413282.2","64.79","-1","-0.629655235","0.952738673","0.97965491","0.963505167","5","0.315789474","1.736842105","N2 S1 P1 O6","de-protonated","0","-9999","C19 H33 O6 N2 P1 S1","19","33","6","2","1","1","-9999","-9999","-9999"
"1750","447.184982","447.185073941","447.184683471","1130410","-9999","403005.5","9.96","-1","0.873174035","0.870800438","0","0.522480263","9","0.25","1.333333333","S1 O6","de-protonated","0","-9999","C24 H32 O6 S1","24","32","6","-9999","-9999","1","-9999","-9999","-9999"
"1751","447.194493","447.194584937","447.194199327","1211310.3","-9999","373824","10.79","-1","0.862287857","0.873790688","0","0.524274413","9","0.25","1.375","P1 O6","de-protonated","0","-9999","C24 H33 O6 P1","24","33","6","-9999","1","-9999","-9999","-9999","-9999"
"1751","447.194493","447.194584937","447.194396032","1211310.3","-9999","373824","10.79","-1","0.422423982","0.968140488","0","0.580884293","1","0.857142857","2.285714286","N4 O12","de-protonated","0","-9999","C14 H32 O12 N4","14","32","12","4","-9999","-9999","-9999","-9999","-9999"
"1752","447.197901","447.197992936","447.19757063","1853615.9","-9999","415819.9","17.39","-1","0.944337621","0.85060183599999994","0","0.510361102","4","0.285714286","1.761904762","S1 P1 O6","de-protonated","0","-9999","C21 H37 O6 P1 S1","21","37","6","-9999","1","1","-9999","-9999","-9999"
"1752","447.197901","447.197992936","447.198418784","1853615.9","-9999","415819.9","17.39","-1","-0.952256676","0.848286914","0","0.508972148","5","0.526315789","1.684210526","N2 O10","de-protonated","0","-9999","C19 H32 O10 N2","19","32","10","2","-9999","-9999","-9999","-9999","-9999"
"1753","447.208549","447.208640932","447.208314762","2238388.8","-9999","444801.4","21.34","-1","0.729345638","0.907991073","0","0.544794644","0","0.764705882","2.117647059","O13","de-protonated","0","-9999","C17 H36 O13","17","36","13","-9999","-9999","-9999","-9999","-9999","-9999"
"1753","447.208549","447.208640932","447.20880402","2238388.8","-9999","444801.4","21.34","-1","-0.364679574","0.976157749","0","0.58569465","4","0.25","1.85","N2 S1 P1 O5","de-protonated","0","-9999","C20 H37 O5 N2 P1 S1","20","37","5","2","1","1","-9999","-9999","-9999"
"1755","448.058232","448.058323603","448.058378013","913459.9","-9999","424667.9","7.73","-1","-0.121433869","0.997327901","0","0.59839674","21","0.038461538","0.576923077","N3 S2 O1","de-protonated","0","-9999","C26 H15 O1 N3 S2","26","15","1","3","-9999","2","-9999","-9999","-9999"
"1755","448.058232","448.058323603","448.058510955","913459.9","-9999","424667.9","7.73","-1","-0.418140015","0.968773265","0","0.581263959","8","0.6","1.333333333","N3 S1 P1 O9","de-protonated","0","-9999","C15 H20 O9 N3 P1 S1","15","20","9","3","1","1","-9999","-9999","-9999"
"1756","448.06634","448.0664316","448.066483876","1207351.6","-9999","406374.2","10.75","-1","-0.116668996","0.665022154","0.891972914","0.755802458","21","0.037037037","0.592592593","13C1 N2 S2 O1","de-protonated","1","1732","C26 H16 O1 N2 S2 13C1","26","16","1","2","-9999","2","1","-9999","-9999"
"1756","448.06634","448.0664316","448.066616817","1207351.6","-9999","406374.2","10.75","-1","-0.413369776","0.969470758","0.979396523","0.973441064","8","0.5625","1.3125","13C1 N2 S1 P1 O9","de-protonated","1","1732","C15 H21 O9 N2 P1 S1 13C1","15","21","9","2","1","1","1","-9999","-9999"
"1756","448.06634","448.0664316","448.066753163","1207351.6","-9999","406374.2","10.75","-1","-0.71766721","0.910779493","0","0.546467696","8","0.733333333","1.266666667","N3 S1 O11","de-protonated","0","-9999","C15 H19 O11 N3 S1","15","19","11","3","-9999","1","-9999","-9999","-9999"
"1757","448.094678","448.094769589","448.094896464","1158980.5","-9999","493862.8","10.25","-1","-0.283142328","0.985558627","0","0.591335176","7","0.5","1.5","N3 S1 P1 O8","de-protonated","0","-9999","C16 H24 O8 N3 P1 S1","16","24","8","3","1","1","-9999","-9999","-9999"
"1758","448.10266","448.102751586","448.103002327","1436744","-9999","395363.2","13.1","-1","-0.55956016","0.944770765","0.995379354","0.9650142","7","0.470588235","1.470588235","13C1 N2 S1 P1 O8","de-protonated","1","1738","C16 H25 O8 N2 P1 S1 13C1","16","25","8","2","1","1","1","-9999","-9999"
"1758","448.10266","448.102751586","448.103138672","1436744","-9999","395363.2","13.1","-1","-0.863832842","0.873367969","0","0.524020782","7","0.625","1.4375","N3 S1 O10","de-protonated","0","-9999","C16 H23 O10 N3 S1","16","23","10","3","-9999","1","-9999","-9999","-9999"
"1759","448.139049","448.139140572","448.139387836","1817944.5","-9999","422511.1","17.02","-1","-0.551756913","0.946258533","0.964312929","0.953480291","6","0.388888889","1.611111111","13C1 N2 S1 P1 O7","de-protonated","1","1745","C17 H29 O7 N2 P1 S1 13C1","17","29","7","2","1","1","1","-9999","-9999"
"1759","448.139049","448.139140572","448.139524182","1817944.5","-9999","422511.1","17.02","-1","-0.856004892","0.875504047","0","0.525302428","6","0.529411765","1.588235294","N3 S1 O9","de-protonated","0","-9999","C17 H27 O9 N3 S1","17","27","9","3","-9999","1","-9999","-9999","-9999"
"1760","448.175514","448.175605558","448.175284088","1143145","-9999","452714.8","10.09","-1","0.717286092","0.910869876","0.997399825","0.945481855","1","0.875","2","13C1 O14","de-protonated","1","1749","C15 H32 O14 13C1","15","32","14","-9999","-9999","-9999","1","-9999","-9999"
"1760","448.175514","448.175605558","448.175773345","1143145","-9999","452714.8","10.09","-1","-0.374378675","0.974888925","0.97965491","0.976795319","5","0.315789474","1.736842105","13C1 N2 S1 P1 O6","de-protonated","1","1749","C18 H33 O6 N2 P1 S1 13C1","18","33","6","2","1","1","1","-9999","-9999"
"1760","448.175514","448.175605558","448.175909691","1143145","-9999","452714.8","10.09","-1","-0.678602007","0.91983843","0","0.551903058","5","0.444444444","1.722222222","N3 S1 O8","de-protonated","0","-9999","C18 H31 O8 N3 S1","18","31","8","3","-9999","1","-9999","-9999","-9999"
"1761","448.997182","448.99727324","448.997276621","869853.6","-9999","570413.3","7.28","-1","-0.007528259","0.999989717","0","0.59999383","18","0.409090909","0.454545455","S1 O9","de-protonated","0","-9999","C22 H10 O9 S1","22","10","9","-9999","-9999","1","-9999","-9999","-9999"
"1762","449.033749","449.033840226","449.03366213","1667310.3","-9999","374017","15.47","-1","0.396621369","0.971860093","0","0.583116056","17","0.347826087","0.608695652","S1 O8","de-protonated","0","-9999","C23 H14 O8 S1","23","14","8","-9999","-9999","1","-9999","-9999","-9999"
"1763","449.042237","449.042328223","449.042393596","4361970","-9999","388615.1","43.12","-1","-0.145582637","0.994004134","0.975865832","0.986748813","21","0.076923077","0.538461538","N2 S2 O2","de-protonated","0","-9999","C26 H14 O2 N2 S2","26","14","2","2","-9999","2","-9999","-9999","-9999"
"1763","449.042237","449.042328223","449.042526537","4361970","-9999","388615.1","43.12","-1","-0.441638584","0.959757954","0.944236482","0.953549365","8","0.666666667","1.266666667","N2 S1 P1 O10","de-protonated","0","-9999","C15 H19 O10 N2 P1 S1","15","19","10","2","1","1","-9999","-9999","-9999"
"1764","449.05134","449.051431219","449.051420195","1082486.3","-9999","336842.7","9.46","-1","0.024551321","0.999890635","0","0.599934381","17","0.434782609","0.608695652","O10","de-protonated","0","-9999","C23 H14 O10","23","14","10","-9999","-9999","-9999","-9999","-9999","-9999"
"1764","449.05134","449.051431219","449.051258003","1082486.3","-9999","336842.7","9.46","-1","0.385738003","0.973362759","0","0.584017656","12","0.222222222","1.055555556","N4 S2 P1 O4","de-protonated","0","-9999","C18 H19 O4 N4 P1 S2","18","19","4","4","1","2","-9999","-9999","-9999"
"1765","449.070028","449.070119212","449.070047639","2422526.8","-9999","372255","23.22","-1","0.159380416","0.497700713","0.793917021","0.616187236","16","0.291666667","0.75","S1 O7","de-protonated","0","-9999","C24 H18 O7 S1","24","18","7","-9999","-9999","1","-9999","-9999","-9999"
"1766","449.074319","449.074410211","449.074756353","1461504.6","-9999","495606.8","13.35","-1","-0.770790437","0.897805423","0","0.538683254","16","0.136363636","0.818181818","N4 S2 O3","de-protonated","0","-9999","C22 H18 O3 N4 S2","22","18","3","4","-9999","2","-9999","-9999","-9999"
"1767","449.07858","449.078671209","449.078779105","8338178.5","-9999","400273.9","83.94","-1","-0.240261131","0.648656457","0.89457854","0.74702529","20","0.037037037","0.666666667","N2 S2 O1","de-protonated","0","-9999","C27 H18 O1 N2 S2","27","18","1","2","-9999","2","-9999","-9999","-9999"
"1767","449.07858","449.078671209","449.078912047","8338178.5","-9999","400273.9","83.94","-1","-0.536293063","0.92090205","0.976790896","0.943257589","7","0.5625","1.4375","N2 S1 P1 O9","de-protonated","0","-9999","C16 H23 O9 N2 P1 S1","16","23","9","2","1","1","-9999","-9999","-9999"
"1768","449.087732","449.087823205","449.087805704","909574.8","-9999","448686.1","7.69","-1","0.038970969","0.999724465","0","0.599834679","16","0.375","0.75","O9","de-protonated","0","-9999","C24 H18 O9","24","18","9","-9999","-9999","-9999","-9999","-9999","-9999"
"1768","449.087732","449.087823205","449.087643513","909574.8","-9999","448686.1","7.69","-1","0.400128392","0.971367477","0","0.582820486","11","0.157894737","1.210526316","N4 S2 P1 O3","de-protonated","0","-9999","C19 H23 O3 N4 P1 S2","19","23","3","4","1","2","-9999","-9999","-9999"
"1769","449.091825","449.091916204","449.091666265","920840.7","-9999","473851.2","7.8","-1","0.556543693","0.945348084","0","0.567208851","15","0.041666667","0.958333333","N2 S2 P1 O1","de-protonated","0","-9999","C24 H23 O1 N2 P1 S2","24","23","1","2","1","2","-9999","-9999","-9999"
"1770","449.106245","449.106336198","449.106433149","1539087.3","-9999","373374","14.15","-1","-0.215873951","0.991579857","0","0.594947914","15","0.24","0.88","S1 O6","de-protonated","0","-9999","C25 H22 O6 S1","25","22","6","-9999","-9999","1","-9999","-9999","-9999"
"1770","449.106245","449.106336198","449.106053026","1539087.3","-9999","373374","14.15","-1","0.630523989","0.93040358","0","0.558242148","20","0.111111111","0.703703704","N2 P1 O3","de-protonated","0","-9999","C27 H19 O3 N2 P1","27","19","3","2","1","-9999","-9999","-9999","-9999"
"1771","449.110648","449.110739196","449.111141862","1749777.1","-9999","374796.1","16.31","-1","-0.89658413","0.864278777","0","0.518567266","15","0.086956522","0.956521739","N4 S2 O2","de-protonated","0","-9999","C23 H22 O2 N4 S2","23","22","2","4","-9999","2","-9999","-9999","-9999"
"1772","449.114999","449.115090195","449.115297556","11377427","-9999","402205.3","115.13","-1","-0.461710691","0.641161053","0.96358357","0.77013006","6","0.470588235","1.588235294","N2 S1 P1 O8","de-protonated","0","-9999","C17 H27 O8 N2 P1 S1","17","27","8","2","1","1","-9999","-9999","-9999"
"1773","449.151345","449.151436181","449.151683065","9585444","-9999","378273.2","96.74","-1","-0.549668953","0.952288292","0.96182901","0.956104579","5","0.388888889","1.722222222","N2 S1 P1 O7","de-protonated","0","-9999","C18 H31 O7 N2 P1 S1","18","31","7","2","1","1","-9999","-9999","-9999"
"1774","449.154049","449.15414018","449.154052047","1714212.9","-9999","310011.3","15.95","-1","0.196218868","0.993038237","0","0.595822942","14","0.16","1.04","N2 S1 O4","de-protonated","0","-9999","C25 H26 O4 N2 S1","25","26","4","2","-9999","1","-9999","-9999","-9999"
"1774","449.154049","449.15414018","449.154184989","1714212.9","-9999","310011.3","15.95","-1","-0.099763582","0.998195712","0","0.598917427","1","0.857142857","2.214285714","N2 P1 O12","de-protonated","0","-9999","C14 H31 O12 N2 P1","14","31","12","2","1","-9999","-9999","-9999","-9999"
"1775","449.156019","449.156110179","449.155705817","12112678","-9999","393478","122.68","-1","0.900270113","0.287746913","0.773094277","0.481885859","9","0.217391304","1.347826087","S1 P1 O5","de-protonated","0","-9999","C23 H31 O5 P1 S1","23","31","5","-9999","1","1","-9999","-9999","-9999"
"1775","449.156019","449.156110179","449.156553971","12112678","-9999","393478","122.68","-1","-0.988055742","0.860850607","0.985518723","0.910717853","10","0.428571429","1.238095238","N2 O9","de-protonated","0","-9999","C21 H26 O9 N2","21","26","9","2","-9999","-9999","-9999","-9999","-9999"
"1775","449.156019","449.156110179","449.155902522","12112678","-9999","393478","122.68","-1","0.462327149","0.631320923","0.94800959","0.75799639","1","0.846153846","2.307692308","N4 S1 O11","de-protonated","0","-9999","C13 H30 O11 N4 S1","13","30","11","4","-9999","1","-9999","-9999","-9999"
"1778","449.183159","449.183250168","449.183043501","905266.2","-9999","438192.6","7.64","-1","0.460095765","0.962317799","0","0.57739068","14","0.208333333","1.083333333","N4 O5","de-protonated","0","-9999","C24 H26 O5 N4","24","26","5","4","-9999","-9999","-9999","-9999","-9999"
"1779","449.187729","449.187820167","449.187579317","4427572.5","-9999","403645.6","43.8","-1","0.536188466","0.955115874","0.930139511","0.945125329","0","0.875","2.125","O14","de-protonated","0","-9999","C16 H34 O14","16","34","14","-9999","-9999","-9999","-9999","-9999","-9999"
"1779","449.187729","449.187820167","449.188068575","4427572.5","-9999","403645.6","43.8","-1","-0.553015915","0.939437422","0.953084777","0.944896364","4","0.315789474","1.842105263","N2 S1 P1 O6","de-protonated","0","-9999","C19 H35 O6 N2 P1 S1","19","35","6","2","1","1","-9999","-9999","-9999"
"1780","449.208033","449.208124159","449.208195621","1424701.5","-9999","484903.1","12.98","-1","-0.159085388","0.995418395","0","0.597251037","13","0.192307692","1.153846154","N2 O5","de-protonated","0","-9999","C26 H30 O5 N2","26","30","5","2","-9999","-9999","-9999","-9999","-9999"
"1781","449.224074","449.224165153","449.224454084","1332804.9","-9999","458712.3","12.03","-1","-0.643178591","0.927686472","0","0.556611883","3","0.25","1.95","N2 S1 P1 O5","de-protonated","0","-9999","C20 H39 O5 N2 P1 S1","20","39","5","2","1","1","-9999","-9999","-9999"
"1783","450.045562","450.045652835","450.045748431","1059003.5","-9999","426932.2","9.22","-1","-0.212413333","0.991846561","0.975865832","0.985454269","21","0.076923077","0.538461538","13C1 N2 S2 O2","de-protonated","1","1763","C25 H14 O2 N2 S2 13C1","25","14","2","2","-9999","2","1","-9999","-9999"
"1783","450.045562","450.045652835","450.045881372","1059003.5","-9999","426932.2","9.22","-1","-0.507809219","0.954287577","0.944236482","0.950267139","8","0.666666667","1.266666667","13C1 N2 S1 P1 O10","de-protonated","1","1763","C14 H19 O10 N2 P1 S1 13C1","14","19","10","2","1","1","1","-9999","-9999"
"1783","450.045562","450.045652835","450.046017718","1059003.5","-9999","426932.2","9.22","-1","-0.810768351","0.88756418","0","0.532538508","8","0.857142857","1.214285714","N3 S1 O12","de-protonated","0","-9999","C14 H17 O12 N3 S1","14","17","12","3","-9999","1","-9999","-9999","-9999"
"1784","450.073939","450.074029824","450.074028077","1049544.4","-9999","478063.3","9.12","-1","0.003881211","0.999997267","0","0.59999836","20","0.038461538","0.653846154","N3 S2 O1","de-protonated","0","-9999","C26 H17 O1 N3 S2","26","17","1","3","-9999","2","-9999","-9999","-9999"
"1784","450.073939","450.074029824","450.074161019","1049544.4","-9999","478063.3","9.12","-1","-0.291496178","0.984700545","0","0.590820327","7","0.6","1.466666667","N3 S1 P1 O9","de-protonated","0","-9999","C15 H22 O9 N3 P1 S1","15","22","9","3","1","1","-9999","-9999","-9999"
"1785","450.08182","450.081910821","450.081555074","1716684","-9999","385954.7","15.97","-1","0.790405054","0.89283072","0","0.535698432","6","0.411764706","1.529411765","N1 S2 P1 O7","de-protonated","0","-9999","C17 H26 O7 N1 P1 S2","17","26","7","1","1","2","-9999","-9999","-9999"
"1785","450.08182","450.081910821","450.08213394","1716684","-9999","385954.7","15.97","-1","-0.495729707","0.637592605","0.89457854","0.740386979","20","0.037037037","0.666666667","13C1 N2 S2 O1","de-protonated","1","1767","C26 H18 O1 N2 S2 13C1","26","18","1","2","-9999","2","1","-9999","-9999"
"1785","450.08182","450.081910821","450.082266882","1716684","-9999","385954.7","15.97","-1","-0.791101629","0.892652269","0.976790896","0.92630772","7","0.5625","1.4375","13C1 N2 S1 P1 O9","de-protonated","1","1767","C15 H23 O9 N2 P1 S1 13C1","15","23","9","2","1","1","1","-9999","-9999"
"1786","450.110428","450.11051881","450.110926651","966617.1","-9999","420817","8.27","-1","-0.906089698","0.861595732","0","0.516957439","1","0.785714286","2.071428571","N1 S2 O11","de-protonated","0","-9999","C14 H29 O11 N1 S2","14","29","11","1","-9999","2","-9999","-9999","-9999"
"1786","450.110428","450.11051881","450.110546528","966617.1","-9999","420817","8.27","-1","-0.061581214","0.999312139","0","0.599587283","6","0.5","1.625","N3 S1 P1 O8","de-protonated","0","-9999","C16 H26 O8 N3 P1 S1","16","26","8","3","1","1","-9999","-9999","-9999"
"1787","450.118352","450.118442807","450.118652391","2458332.8","-9999","392147.5","23.58","-1","-0.465620089","0.640950173","0.96358357","0.770003532","6","0.470588235","1.588235294","13C1 N2 S1 P1 O8","de-protonated","1","1772","C16 H27 O8 N2 P1 S1 13C1","16","27","8","2","1","1","1","-9999","-9999"
"1787","450.118352","450.118442807","450.118788737","2458332.8","-9999","392147.5","23.58","-1","-0.768530254","0.898372375","0","0.539023425","6","0.625","1.5625","N3 S1 O10","de-protonated","0","-9999","C16 H25 O10 N3 S1","16","25","10","3","-9999","1","-9999","-9999","-9999"
"1788","450.146784","450.146874796","450.14731216","860649.8","-9999","593143.9","7.18","-1","-0.971602555","0.842577485","0","0.505546491","0","0.666666667","2.2","N1 S2 O10","de-protonated","0","-9999","C15 H33 O10 N1 S2","15","33","10","1","-9999","2","-9999","-9999","-9999"
"1788","450.146784","450.146874796","450.146932038","860649.8","-9999","593143.9","7.18","-1","-0.127162387","0.997070225","0","0.598242135","5","0.411764706","1.764705882","N3 S1 P1 O7","de-protonated","0","-9999","C17 H30 O7 N3 P1 S1","17","30","7","3","1","1","-9999","-9999","-9999"
"1789","450.154728","450.154818793","450.155037901","2413293.3","-9999","393890.9","23.12","-1","-0.486738304","0.957923109","0.96182901","0.95948547","5","0.388888889","1.722222222","13C1 N2 S1 P1 O7","de-protonated","1","1773","C17 H31 O7 N2 P1 S1 13C1","17","31","7","2","1","1","1","-9999","-9999"
"1789","450.154728","450.154818793","450.155174246","2413293.3","-9999","393890.9","23.12","-1","-0.789623978","0.893030674","0","0.535818404","5","0.529411765","1.705882353","N3 S1 O9","de-protonated","0","-9999","C17 H29 O9 N3 S1","17","29","9","3","-9999","1","-9999","-9999","-9999"
"1790","450.159447","450.159537791","450.159196998","2491631.5","-9999","428347.4","23.92","-1","0.757049636","0.887044622","0.873231986","0.881519568","9","0.318181818","1.318181818","N1 S1 O7","de-protonated","0","-9999","C22 H29 O7 N1 S1","22","29","7","1","-9999","1","-9999","-9999","-9999"
"1790","450.159447","450.159537791","450.159908806","2491631.5","-9999","428347.4","23.92","-1","-0.824184221","0.884038737","0.985518723","0.924630732","10","0.428571429","1.238095238","13C1 N2 O9","de-protonated","1","1775","C20 H26 O9 N2 13C1","20","26","9","2","-9999","-9999","1","-9999","-9999"
"1790","450.159447","450.159537791","450.159257357","2491631.5","-9999","428347.4","23.92","-1","0.622966165","0.621336202","0.94800959","0.752005557","1","0.846153846","2.307692308","13C1 N4 S1 O11","de-protonated","1","1775","C12 H30 O11 N4 S1 13C1","12","30","11","4","-9999","1","1","-9999","-9999"
"1791","450.191054","450.191144779","450.190934153","1229822","-9999","421088.4","10.97","-1","0.467859837","0.961060597","0.930139511","0.948692163","0","0.875","2.125","13C1 O14","de-protonated","1","1779","C15 H34 O14 13C1","15","34","14","-9999","-9999","-9999","1","-9999","-9999"
"1791","450.191054","450.191144779","450.190711602","1229822","-9999","421088.4","10.97","-1","0.962206563","0.84535999","0","0.507215994","3","0.2","1.9","N1 S2 P1 O4","de-protonated","0","-9999","C20 H38 O4 N1 P1 S2","20","38","4","1","1","2","-9999","-9999","-9999"
"1791","450.191054","450.191144779","450.19142341","1229822","-9999","421088.4","10.97","-1","-0.618916928","0.932855095","0.953084777","0.940946968","4","0.315789474","1.842105263","13C1 N2 S1 P1 O6","de-protonated","1","1779","C18 H35 O6 N2 P1 S1 13C1","18","35","6","2","1","1","1","-9999","-9999"
"1791","450.191054","450.191144779","450.191559756","1229822","-9999","421088.4","10.97","-1","-0.921778083","0.857124255","0","0.514274553","4","0.444444444","1.833333333","N3 S1 O8","de-protonated","0","-9999","C18 H33 O8 N3 S1","18","33","8","3","-9999","1","-9999","-9999","-9999"
"1792","451.021406","451.021496458","451.021658151","1066106.6","-9999","429359.6","9.29","-1","-0.358503861","0.97694913","0","0.586169478","21","0.12","0.48","N2 S2 O3","de-protonated","0","-9999","C25 H12 O3 N2 S2","25","12","3","2","-9999","2","-9999","-9999","-9999"
"1792","451.021406","451.021496458","451.021791093","1066106.6","-9999","429359.6","9.29","-1","-0.653260533","0.925488934","0","0.55529336","8","0.785714286","1.214285714","N2 S1 P1 O11","de-protonated","0","-9999","C14 H17 O11 N2 P1 S1","14","17","11","2","1","1","-9999","-9999","-9999"
"1793","451.045641","451.045731448","451.045940891","977797.8","-9999","431045.4","8.38","-1","-0.46434863","0.961631553","0","0.57697893200000006","21","0.307692308","0.461538462","O8","de-protonated","0","-9999","C26 H12 O8","26","12","8","-9999","-9999","-9999","-9999","-9999","-9999"
"1793","451.045641","451.045731448","451.045289442","977797.8","-9999","431045.4","8.38","-1","0.979959498","0.840087762","0","0.504052657","12","0.555555556","0.888888889","N2 S1 O10","de-protonated","0","-9999","C18 H16 O10 N2 S1","18","16","10","2","-9999","1","-9999","-9999","-9999"
"1793","451.045641","451.045731448","451.0457787","977797.8","-9999","431045.4","8.38","-1","-0.104759288","0.998010671","0","0.598806403","16","0.095238095","0.80952381","N4 S2 P1 O2","de-protonated","0","-9999","C21 H17 O2 N4 P1 S2","21","17","2","4","1","2","-9999","-9999","-9999"
"1794","451.049389","451.049479447","451.049312194","1542791.5","-9999","332116.1","14.18","-1","0.370807941","0.975359725","0","0.585215835","16","0.347826087","0.695652174","S1 O8","de-protonated","0","-9999","C23 H16 O8 S1","23","16","8","-9999","-9999","1","-9999","-9999","-9999"
"1795","451.053517","451.053607445","451.054020908","1084553.4","-9999","433463.2","9.48","-1","-0.916659092","0.858589134","0","0.51515348","16","0.19047619","0.761904762","N4 S2 O4","de-protonated","0","-9999","C21 H16 O4 N4 S2","21","16","4","4","-9999","2","-9999","-9999","-9999"
"1796","451.0579","451.057990444","451.05804366","8160907.5","-9999","401036.8","82.11","-1","-0.117981409","0.665619004","0.900788653","0.759686864","20","0.076923077","0.615384615","N2 S2 O2","de-protonated","0","-9999","C26 H16 O2 N2 S2","26","16","2","2","-9999","2","-9999","-9999","-9999"
"1796","451.0579","451.057990444","451.058176602","8160907.5","-9999","401036.8","82.11","-1","-0.412714376","0.97363199","0.96835932","0.971522922","7","0.666666667","1.4","N2 S1 P1 O10","de-protonated","0","-9999","C15 H21 O10 N2 P1 S1","15","21","10","2","1","1","-9999","-9999","-9999"
"1797","451.085637","451.085727433","451.085697704","1466520.1","-9999","367464.7","13.4","-1","0.06590611","0.999212167","0","0.5995273","15","0.291666667","0.833333333","S1 O7","de-protonated","0","-9999","C24 H20 O7 S1","24","20","7","-9999","-9999","1","-9999","-9999","-9999"
"1797","451.085637","451.085727433","451.085317581","1466520.1","-9999","367464.7","13.4","-1","0.908590476","0.860886556","0","0.516531934","20","0.153846154","0.653846154","N2 P1 O4","de-protonated","0","-9999","C26 H17 O4 N2 P1","26","17","4","2","1","-9999","-9999","-9999","-9999"
"1798","451.086395","451.086485433","451.086700025","1772696.5","-9999","361568.1","16.54","-1","-0.475723602","0.959767524","0","0.575860514","1","0.714285714","2.071428571","S2 P1 O10","de-protonated","0","-9999","C14 H29 O10 P1 S2","14","29","10","-9999","1","2","-9999","-9999","-9999"
"1799","451.087398","451.087488432","451.087686563","886937","-9999","668028.5","7.45","-1","-0.439228521","0.965600214","0","0.579360128","29","0.03030303","0.363636364","N2 O1","de-protonated","0","-9999","C33 H12 O1 N2","33","12","1","2","-9999","-9999","-9999","-9999","-9999"
"1799","451.087398","451.087488432","451.087168056","886937","-9999","668028.5","7.45","-1","0.710231626","0.91253579","0","0.547521474","7","0.785714286","1.5","N4 P1 O11","de-protonated","0","-9999","C14 H21 O11 N4 P1","14","21","11","4","1","-9999","-9999","-9999","-9999"
"1800","451.090044","451.090134431","451.090406418","1639578.3","-9999","477482.8","15.17","-1","-0.602952837","0.936162642","0","0.561697585","15","0.136363636","0.909090909","N4 S2 O3","de-protonated","0","-9999","C22 H20 O3 N4 S2","22","20","3","4","-9999","2","-9999","-9999","-9999"
"1801","451.094307","451.09439743","451.09442917","11970204","-9999","388277.9","121.21","-1","-0.07036196","0.747385246","0.871720329","0.797119279","19","0.037037037","0.740740741","N2 S2 O1","de-protonated","0","-9999","C27 H20 O1 N2 S2","27","20","1","2","-9999","2","-9999","-9999","-9999"
"1801","451.094307","451.09439743","451.094562111","11970204","-9999","388277.9","121.21","-1","-0.365071167","0.642634578","0.96326014","0.770884803","6","0.5625","1.5625","N2 S1 P1 O9","de-protonated","0","-9999","C16 H25 O9 N2 P1 S1","16","25","9","2","1","1","-9999","-9999","-9999"
"1802","451.108168","451.108258424","451.108164482","855458.5","-9999","606695","7.12","-1","0.208247202","0.992162012","0","0.595297207","15","0.227272727","0.909090909","N4 S1 O5","de-protonated","0","-9999","C22 H20 O5 N4 S1","22","20","5","4","-9999","1","-9999","-9999","-9999"
"1803","451.122948","451.123038419","451.123085535","1504809.4","-9999","301586.7","13.79","-1","-0.104441719","0.998022702","0","0.598813621","0","0.6","2.2","S2 P1 O9","de-protonated","0","-9999","C15 H33 O9 P1 S2","15","33","9","-9999","1","2","-9999","-9999","-9999"
"1803","451.122948","451.123038419","451.123420624","1504809.4","-9999","301586.7","13.79","-1","-0.847229324","0.877881712","0","0.526729027","19","0.076923077","0.769230769","N4 S1 O2","de-protonated","0","-9999","C26 H20 O2 N4 S1","26","20","2","4","-9999","1","-9999","-9999","-9999"
"1804","451.126428","451.126518417","451.126791927","1953450.9","-9999","469895.8","18.39","-1","-0.606281118","0.467739619","0.800793265","0.600961078","14","0.086956522","1.043478261","N4 S2 O2","de-protonated","0","-9999","C23 H24 O2 N4 S2","23","24","2","4","-9999","2","-9999","-9999","-9999"
"1804","451.126428","451.126518417","451.126924869","1953450.9","-9999","469895.8","18.39","-1","-0.900969025","0.863043574","0","0.517826145","1","0.833333333","2.416666667","N4 S1 P1 O10","de-protonated","0","-9999","C12 H29 O10 N4 P1 S1","12","29","10","4","1","1","-9999","-9999","-9999"
"1805","451.130673","451.130763416","451.130947621","15308461","-9999","397274.4","155.47","-1","-0.408318312","0.649389726","0.96358357","0.775067263","5","0.470588235","1.705882353","N2 S1 P1 O8","de-protonated","0","-9999","C17 H29 O8 N2 P1 S1","17","29","8","2","1","1","-9999","-9999","-9999"
"1806","451.159288","451.159378405","451.159806133","1133242","-9999","335908.9","9.97","-1","-0.948064041","0.84951414","0","0.509708484","18","0.037037037","0.888888889","N4 S1 O1","de-protonated","0","-9999","C27 H24 O1 N4 S1","27","24","1","4","-9999","1","-9999","-9999","-9999"
"1807","451.162852","451.162942403","451.162551833","1167035.6","-9999","518050.3","10.32","-1","0.865696591","0.8728573","0.873231986","0.873007174","9","0.318181818","1.318181818","13C1 N1 S1 O7","de-protonated","1","1790","C21 H29 O7 N1 S1 13C1","21","29","7","1","-9999","1","1","-9999","-9999"
"1807","451.162852","451.162942403","451.163177436","1167035.6","-9999","518050.3","10.32","-1","-0.520949179","0.951949773","0","0.571169864","13","0.041666667","1.166666667","N4 S2 O1","de-protonated","0","-9999","C24 H28 O1 N4 S2","24","28","1","4","-9999","2","-9999","-9999","-9999"
"1808","451.165126","451.165216402","451.164831206","1874620.6","-9999","532309.2","17.58","-1","0.853780542","0.876108423","0","0.525665054","8","0.090909091","1.5","N2 S2 P1 O2","de-protonated","0","-9999","C22 H33 O2 N2 P1 S2","22","33","2","2","1","2","-9999","-9999","-9999"
"1809","451.167078","451.167168401","451.16733313","9545406","-9999","399600.9","96.32","-1","-0.365116085","0.98232193","0.996385105","0.9879472","4","0.388888889","1.833333333","N2 S1 P1 O7","de-protonated","0","-9999","C18 H33 O7 N2 P1 S1","18","33","7","2","1","1","-9999","-9999","-9999"
"1810","451.203452","451.203542387","451.203718639","2741454.3","-9999","433136.1","26.48","-1","-0.390625908","0.981887563","0.933996266","0.962731044","3","0.315789474","1.947368421","N2 S1 P1 O6","de-protonated","0","-9999","C19 H37 O6 N2 P1 S1","19","37","6","2","1","1","-9999","-9999","-9999"
"1811","451.206091","451.206181386","451.206087621","1063375.5","-9999","428671.2","9.26","-1","0.207810577","0.992194716","0","0.59531683","12","0.115384615","1.230769231","N2 S1 O3","de-protonated","0","-9999","C26 H32 O3 N2 S1","26","32","3","2","-9999","1","-9999","-9999","-9999"
"1813","452.061282","452.061372056","452.061398495","1686105.8","-9999","454771.5","15.64","-1","-0.058486365","0.666253013","0.900788653","0.760067269","20","0.076923077","0.615384615","13C1 N2 S2 O2","de-protonated","1","1796","C25 H16 O2 N2 S2 13C1","25","16","2","2","-9999","2","1","-9999","-9999"
"1813","452.061282","452.061372056","452.061531437","1686105.8","-9999","454771.5","15.64","-1","-0.352565186","0.977697978","0.96835932","0.973962515","7","0.666666667","1.4","13C1 N2 S1 P1 O10","de-protonated","1","1796","C14 H21 O10 N2 P1 S1 13C1","14","21","10","2","1","1","1","-9999","-9999"
"1813","452.061282","452.061372056","452.061667783","1686105.8","-9999","454771.5","15.64","-1","-0.654173532","0.925288501","0","0.555173101","7","0.857142857","1.357142857","N3 S1 O12","de-protonated","0","-9999","C14 H19 O12 N3 S1","14","19","12","3","-9999","1","-9999","-9999","-9999"
"1814","452.089519","452.089609045","452.089678142","1092198.8","-9999","396273.8","9.55","-1","-0.152838756","0.995770386","0","0.597462232","19","0.038461538","0.730769231","N3 S2 O1","de-protonated","0","-9999","C26 H19 O1 N3 S2","26","19","1","3","-9999","2","-9999","-9999","-9999"
"1814","452.089519","452.089609045","452.089811083","1092198.8","-9999","396273.8","9.55","-1","-0.446899154","0.964410039","0","0.578646023","6","0.6","1.6","N3 S1 P1 O9","de-protonated","0","-9999","C15 H24 O9 N3 P1 S1","15","24","9","3","1","1","-9999","-9999","-9999"
"1815","452.097591","452.097681042","452.097784005","2137706.5","-9999","358356.7","20.28","-1","-0.227744568","0.745267935","0.871720329","0.795848893","19","0.037037037","0.740740741","13C1 N2 S2 O1","de-protonated","1","1801","C26 H20 O1 N2 S2 13C1","26","20","1","2","-9999","2","1","-9999","-9999"
"1815","452.097591","452.097681042","452.097916946","2137706.5","-9999","358356.7","20.28","-1","-0.521799671","0.634531067","0.96326014","0.766022696","6","0.5625","1.5625","13C1 N2 S1 P1 O9","de-protonated","1","1801","C15 H25 O9 N2 P1 S1 13C1","15","25","9","2","1","1","1","-9999","-9999"
"1815","452.097591","452.097681042","452.098053292","2137706.5","-9999","358356.7","20.28","-1","-0.823383692","0.884250329","0","0.530550197","6","0.733333333","1.533333333","N3 S1 O11","de-protonated","0","-9999","C15 H23 O11 N3 S1","15","23","11","3","-9999","1","-9999","-9999","-9999"
"1816","452.126018","452.126108031","452.126196593","1548663.8","-9999","374884.1","14.23","-1","-0.19587897","0.993062251","0","0.595837351","5","0.5","1.75","N3 S1 P1 O8","de-protonated","0","-9999","C16 H28 O8 N3 P1 S1","16","28","8","3","1","1","-9999","-9999","-9999"
"1817","452.134054","452.134144028","452.134302456","3398779.5","-9999","400086","33.22","-1","-0.35040029","0.651978663","0.96358357","0.776620625","5","0.470588235","1.705882353","13C1 N2 S1 P1 O8","de-protonated","1","1805","C16 H29 O8 N2 P1 S1 13C1","16","29","8","2","1","1","1","-9999","-9999"
"1817","452.134054","452.134144028","452.134438801","3398779.5","-9999","400086","33.22","-1","-0.651960092","0.462887007","0.85247738","0.618723156","5","0.625","1.6875","N3 S1 O10","de-protonated","0","-9999","C16 H27 O10 N3 S1","16","27","10","3","-9999","1","-9999","-9999","-9999"
"1818","452.162446","452.162536017","452.162582102","891784.5","-9999","542557.4","7.49","-1","-0.101922292","0.998116859","0","0.598870115","4","0.411764706","1.882352941","N3 S1 P1 O7","de-protonated","0","-9999","C17 H32 O7 N3 P1 S1","17","32","7","3","1","1","-9999","-9999","-9999"
"1819","452.170484","452.170574014","452.170687965","1809292.3","-9999","359294.1","16.91","-1","-0.252009754","0.988542533","0.996385105","0.991679562","4","0.388888889","1.833333333","13C1 N2 S1 P1 O7","de-protonated","1","1809","C17 H33 O7 N2 P1 S1 13C1","17","33","7","2","1","1","1","-9999","-9999"
"1819","452.170484","452.170574014","452.170824311","1809292.3","-9999","359294.1","16.91","-1","-0.553545321","0.945919195","0","0.567551517","4","0.529411765","1.823529412","N3 S1 O9","de-protonated","0","-9999","C17 H31 O9 N3 S1","17","31","9","3","-9999","1","-9999","-9999","-9999"
"1820","452.206883","452.206973","452.207073474","849053.1","-9999","472015.7","7.05","-1","-0.22218769","0.991082356","0.933996266","0.96824792","3","0.315789474","1.947368421","13C1 N2 S1 P1 O6","de-protonated","1","1810","C18 H37 O6 N2 P1 S1 13C1","18","37","6","2","1","1","1","-9999","-9999"
"1820","452.206883","452.206973","452.20720982","849053.1","-9999","472015.7","7.05","-1","-0.523699004","0.951453718","0","0.570872231","3","0.444444444","1.944444444","N3 S1 O8","de-protonated","0","-9999","C18 H35 O8 N3 S1","18","35","8","3","-9999","1","-9999","-9999","-9999"
"1821","453.025286","453.025375683","453.025205446","1088792.4","-9999","407322","9.51","-1","0.375778255","0.974703223","0","0.584821934","21","0.36","0.4","O9","de-protonated","0","-9999","C25 H10 O9","25","10","9","-9999","-9999","-9999","-9999","-9999","-9999"
"1821","453.025286","453.025375683","453.025694703","1088792.4","-9999","407322","9.51","-1","-0.704199194","0.913949675","0","0.548369805","25","0.035714286","0.392857143","N2 S1 P1 O1","de-protonated","0","-9999","C28 H11 O1 N2 P1 S1","28","11","1","2","1","1","-9999","-9999","-9999"
"1821","453.025286","453.025375683","453.025043255","1088792.4","-9999","407322","9.51","-1","0.733796853","0.906918704","0","0.544151223","16","0.15","0.75","N4 S2 P1 O3","de-protonated","0","-9999","C20 H15 O3 N4 P1 S2","20","15","3","4","1","2","-9999","-9999","-9999"
"1822","453.037184","453.037273679","453.037308215","3091998","-9999","352468.7","30.07","-1","-0.076233762","0.499473026","0.787157861","0.61454696","20","0.12","0.56","N2 S2 O3","de-protonated","0","-9999","C25 H14 O3 N2 S2","25","14","3","2","-9999","2","-9999","-9999","-9999"
"1822","453.037184","453.037273679","453.037441157","3091998","-9999","352468.7","30.07","-1","-0.369679089","0.975507672","0","0.585304603","7","0.785714286","1.357142857","N2 S1 P1 O11","de-protonated","0","-9999","C14 H19 O11 N2 P1 S1","14","19","11","2","1","1","-9999","-9999","-9999"
"1823","453.043822","453.043911676","453.043832891","861217","-9999","480945.6","7.17","-1","0.173902037","0.994527672","0","0.596716603","20","0.230769231","0.538461538","S1 O6","de-protonated","0","-9999","C26 H14 O6 S1","26","14","6","-9999","-9999","1","-9999","-9999","-9999"
"1823","453.043822","453.043911676","453.043965832","861217","-9999","480945.6","7.17","-1","-0.119539137","0.997410528","0","0.598446317","7","0.933333333","1.266666667","P1 O14","de-protonated","0","-9999","C15 H19 O14 P1","15","19","14","-9999","1","-9999","-9999","-9999","-9999"
"1824","453.052363","453.052452673","453.052697298","1081893","-9999","364514.6","9.44","-1","-0.539949608","0.948474322","0","0.569084593","11","0.444444444","1.055555556","N2 S1 P1 O8","de-protonated","0","-9999","C18 H19 O8 N2 P1 S1","18","19","8","2","1","1","-9999","-9999","-9999"
"1825","453.061643","453.061732669","453.061590955","1448233.3","-9999","387456.8","13.2","-1","0.312791062","0.982404028","0","0.589442417","20","0.307692308","0.538461538","O8","de-protonated","0","-9999","C26 H14 O8","26","14","8","-9999","-9999","-9999","-9999","-9999","-9999"
"1825","453.061643","453.061732669","453.061428764","1448233.3","-9999","387456.8","13.2","-1","0.670780885","0.921601565","0","0.552960939","15","0.095238095","0.904761905","N4 S2 P1 O2","de-protonated","0","-9999","C21 H19 O2 N4 P1 S2","21","19","2","4","1","2","-9999","-9999","-9999"
"1826","453.065248","453.065337668","453.064962259","1470506.9","-9999","358981.8","13.43","-1","0.828598399","0.882869229","0","0.529721538","15","0.347826087","0.782608696","S1 O8","de-protonated","0","-9999","C23 H18 O8 S1","23","18","8","-9999","-9999","1","-9999","-9999","-9999"
"1827","453.073611","453.073700664","453.073693725","10615343","-9999","389961.1","107.29","-1","0.01531722","0.665104966","0.905184228","0.761136671","19","0.076923077","0.692307692","N2 S2 O2","de-protonated","0","-9999","C26 H18 O2 N2 S2","26","18","2","2","-9999","2","-9999","-9999","-9999"
"1827","453.073611","453.073700664","453.073826666","10615343","-9999","389961.1","107.29","-1","-0.278104567","0.991438795","0.963963745","0.980448775","6","0.666666667","1.533333333","N2 S1 P1 O10","de-protonated","0","-9999","C15 H23 O10 N2 P1 S1","15","23","10","2","1","1","-9999","-9999","-9999"
"1828","453.082601","453.082690661","453.082720324","1491507","-9999","438218.1","13.64","-1","-0.065468279","0.999222596","0","0.599533558","15","0.434782609","0.782608696","O10","de-protonated","0","-9999","C23 H18 O10","23","18","10","-9999","-9999","-9999","-9999","-9999","-9999"
"1828","453.082601","453.082690661","453.082558132","1491507","-9999","438218.1","13.64","-1","0.292504714","0.984595315","0","0.590757189","10","0.222222222","1.277777778","N4 S2 P1 O4","de-protonated","0","-9999","C18 H23 O4 N4 P1 S2","18","23","4","4","1","2","-9999","-9999","-9999"
"1829","453.088878","453.088967659","453.08859355","1177397.9","-9999","408853.9","10.42","-1","0.825684563","0.883641759","0","0.530185055","6","0.9375","1.375","O15","de-protonated","0","-9999","C16 H22 O15","16","22","15","-9999","-9999","-9999","-9999","-9999","-9999"
"1829","453.088878","453.088967659","453.089082808","1177397.9","-9999","408853.9","10.42","-1","-0.25414228","0.988348943","0","0.593009366","10","0.368421053","1.210526316","N2 S1 P1 O7","de-protonated","0","-9999","C19 H23 O7 N2 P1 S1","19","23","7","2","1","1","-9999","-9999","-9999"
"1830","453.097907","453.097996655","453.097976465","846138.1","-9999","377747.4","7.02","-1","0.044560444","0.999639774","0","0.599783865","19","0.259259259","0.666666667","O7","de-protonated","0","-9999","C27 H18 O7","27","18","7","-9999","-9999","-9999","-9999","-9999","-9999"
"1830","453.097907","453.097996655","453.097814273","846138.1","-9999","377747.4","7.02","-1","0.402521423","0.971028995","0","0.582617397","14","0.045454545","1.045454545","N4 S2 P1 O1","de-protonated","0","-9999","C22 H23 O1 N4 P1 S2","22","23","1","4","1","2","-9999","-9999","-9999"
"1831","453.101064","453.101153654","453.101347768","1172027.5","-9999","490788","10.36","-1","-0.428412527","0.967245826","0","0.580347496","14","0.291666667","0.916666667","S1 O7","de-protonated","0","-9999","C24 H22 O7 S1","24","22","7","-9999","-9999","1","-9999","-9999","-9999"
"1831","453.101064","453.101153654","453.10113884","1172027.5","-9999","490788","10.36","-1","0.032695099","0.747561238","0.871720329","0.797224875","19","0.037037037","0.740740741","13C2 N2 S2 O1","de-protonated","1","1801","C25 H20 O1 N2 S2 13C2","25","20","1","2","-9999","2","2","-9999","-9999"
"1831","453.101064","453.101153654","453.100967646","1172027.5","-9999","490788","10.36","-1","0.410522686","0.969883475","0","0.581930085","19","0.153846154","0.730769231","N2 P1 O4","de-protonated","0","-9999","C26 H19 O4 N2 P1","26","19","4","2","1","-9999","-9999","-9999","-9999"
"1832","453.102167","453.102256653","453.10235009","1935932","-9999","421685.2","18.2","-1","-0.2062146","0.992313684","0","0.595388211","0","0.714285714","2.214285714","S2 P1 O10","de-protonated","0","-9999","C14 H31 O10 P1 S2","14","31","10","-9999","1","2","-9999","-9999","-9999"
"1832","453.102167","453.102256653","453.102685179","1935932","-9999","421685.2","18.2","-1","-0.94575745","0.425093873","0.787157861","0.569919468","19","0.12","0.72","N4 S1 O3","de-protonated","0","-9999","C25 H18 O3 N4 S1","25","18","3","4","-9999","1","-9999","-9999","-9999"
"1833","453.105683","453.105772652","453.106056482","2123325.8","-9999","492877.6","20.13","-1","-0.626409458","0.465638538","0.807789663","0.602498988","14","0.136363636","1","N4 S2 O3","de-protonated","0","-9999","C22 H22 O3 N4 S2","22","22","3","4","-9999","2","-9999","-9999","-9999"
"1834","453.110005","453.11009465","453.110079234","14060096","-9999","390071.7","142.65","-1","0.034023542","0.709790292","0.896138695","0.784329653","18","0.037037037","0.814814815","N2 S2 O1","de-protonated","0","-9999","C27 H22 O1 N2 S2","27","22","1","2","-9999","2","-9999","-9999","-9999"
"1834","453.110005","453.11009465","453.110212176","14060096","-9999","390071.7","142.65","-1","-0.259374688","0.660054654","0.96326014","0.781336848","5","0.5625","1.6875","N2 S1 P1 O9","de-protonated","0","-9999","C16 H27 O9 N2 P1 S1","16","27","9","2","1","1","-9999","-9999","-9999"
"1836","453.142089","453.142178638","453.142441991","1534030.6","-9999","444725.6","14.08","-1","-0.581171214","0.940554104","0","0.564332463","13","0.086956522","1.130434783","N4 S2 O2","de-protonated","0","-9999","C23 H26 O2 N4 S2","23","26","2","4","-9999","2","-9999","-9999","-9999"
"1837","453.144521","453.144610637","453.14474721","2305615.8","-9999","499665.3","22","-1","-0.301389886","0.491826519","0.761234226","0.599589602","17","0.034482759","0.931034483","S1 P1 O1","de-protonated","0","-9999","C29 H27 O1 P1 S1","29","27","1","-9999","1","1","-9999","-9999","-9999"
"1837","453.144521","453.144610637","453.144943915","2305615.8","-9999","499665.3","22","-1","-0.735477109","0.906512539","0","0.543907523","9","0.368421053","1.368421053","N4 S1 O7","de-protonated","0","-9999","C19 H26 O7 N4 S1","19","26","7","4","-9999","1","-9999","-9999","-9999"
"1838","453.14638","453.146469636","453.146597685","12053073","-9999","388516.3","122.05","-1","-0.282576837","0.657726283","0.96358357","0.780069197","4","0.470588235","1.823529412","N2 S1 P1 O8","de-protonated","0","-9999","C17 H31 O8 N2 P1 S1","17","31","8","2","1","1","-9999","-9999","-9999"
"1839","453.158464","453.158553632","453.158862646","1007958.2","-9999","347894","8.68","-1","-0.681910736","0.919087409","0","0.551452446","8","0.363636364","1.363636364","S1 O8","de-protonated","0","-9999","C22 H30 O8 S1","22","30","8","-9999","-9999","1","-9999","-9999","-9999"
"1839","453.158464","453.158553632","453.158482523","1007958.2","-9999","347894","8.68","-1","0.156917787","0.99554212","0","0.597325272","13","0.208333333","1.125","N2 P1 O5","de-protonated","0","-9999","C24 H27 O5 N2 P1","24","27","5","2","1","-9999","-9999","-9999","-9999"
"1841","453.178119","453.178208624","453.177958121","1018207.4","-9999","403021.7","8.78","-1","0.55277015","0.946066398","0","0.567639839","13","0.260869565","1.130434783","N4 O6","de-protonated","0","-9999","C23 H26 O6 N4","23","26","6","4","-9999","-9999","-9999","-9999","-9999"
"1842","453.18275","453.182839622","453.182983194","5181025.5","-9999","398505.2","51.51","-1","-0.316808326","0.986260859","0.997400239","0.990716611","3","0.388888889","1.944444444","N2 S1 P1 O7","de-protonated","0","-9999","C18 H35 O7 N2 P1 S1","18","35","7","2","1","1","-9999","-9999","-9999"
"1843","453.200945","453.201034615","453.200608317","9302634","-9999","420077","93.82","-1","0.940638221","0.843245829","0.954442813","0.887724622","16","0.034482759","1.034482759","N2 S1 O1","de-protonated","0","-9999","C29 H30 O1 N2 S1","29","30","1","2","-9999","1","-9999","-9999","-9999"
"1843","453.200945","453.201034615","453.200741259","9302634","-9999","420077","93.82","-1","0.647298332","0.92029806","0.969749362","0.940078581","3","0.5","1.944444444","N2 P1 O9","de-protonated","0","-9999","C18 H35 O9 N2 P1","18","35","9","2","1","-9999","-9999","-9999","-9999"
"1844","453.205231","453.205320614","453.205633391","65583724","-9999","396455.7","671.5","-1","-0.69014465","0.463369227","0.8932626","0.635326576","6","0.083333333","1.625","S2 P1 O2","de-protonated","0","-9999","C24 H39 O2 P1 S2","24","39","2","-9999","1","2","-9999","-9999","-9999"
"1845","453.207756","453.207845613","453.208135314","2521197","-9999","328660.3","24.21","-1","-0.639224777","0.464270175","0.822155738","0.6074244","2","0.35","1.95","S1 P1 O7","de-protonated","0","-9999","C20 H39 O7 P1 S1","20","39","7","-9999","1","1","-9999","-9999","-9999"
"1846","453.219125","453.219214608","453.219368704","1345138.4","-9999","453573.3","12.14","-1","-0.340002138","0.979242729","0","0.587545637","2","0.315789474","2.052631579","N2 S1 P1 O6","de-protonated","0","-9999","C19 H39 O6 N2 P1 S1","19","39","6","2","1","1","-9999","-9999","-9999"
"1848","454.077032","454.077121277","454.07704856","2261506.3","-9999","453601","21.54","-1","0.160142096","0.663571646","0.905184228","0.760216679","19","0.076923077","0.692307692","13C1 N2 S2 O2","de-protonated","1","1827","C25 H18 O2 N2 S2 13C1","25","18","2","2","-9999","2","1","-9999","-9999"
"1848","454.077032","454.077121277","454.077181501","2261506.3","-9999","453601","21.54","-1","-0.132631372","0.99681321","0.963963745","0.983673424","6","0.666666667","1.533333333","13C1 N2 S1 P1 O10","de-protonated","1","1827","C14 H23 O10 N2 P1 S1 13C1","14","23","10","2","1","1","1","-9999","-9999"
"1848","454.077032","454.077121277","454.077317847","2261506.3","-9999","453601","21.54","-1","-0.432900945","0.966567571","0","0.579940543","6","0.857142857","1.5","N3 S1 O12","de-protonated","0","-9999","C14 H21 O12 N3 S1","14","21","12","3","-9999","1","-9999","-9999","-9999"
"1849","454.105377","454.105466266","454.10584127","1079823.4","-9999","369490.8","9.41","-1","-0.825809323","0.883608724","0","0.530165234","0","0.923076923","2.230769231","N1 S2 O12","de-protonated","0","-9999","C13 H29 O12 N1 S2","13","29","12","1","-9999","2","-9999","-9999","-9999"
"1849","454.105377","454.105466266","454.105328206","1079823.4","-9999","369490.8","9.41","-1","0.304025088","0.983368329","0","0.590020998","18","0.038461538","0.807692308","N3 S2 O1","de-protonated","0","-9999","C26 H21 O1 N3 S2","26","21","1","3","-9999","2","-9999","-9999","-9999"
"1849","454.105377","454.105466266","454.105461148","1079823.4","-9999","369490.8","9.41","-1","0.01126981","0.999976955","0","0.599986173","5","0.6","1.733333333","N3 S1 P1 O9","de-protonated","0","-9999","C15 H26 O9 N3 P1 S1","15","26","9","3","1","1","-9999","-9999","-9999"
"1850","454.113384","454.113473262","454.113434069","2931731.3","-9999","421347.7","28.42","-1","0.086307614","0.709505124","0.896138695","0.784158552","18","0.037037037","0.814814815","13C1 N2 S2 O1","de-protonated","1","1834","C26 H22 O1 N2 S2 13C1","26","22","1","2","-9999","2","1","-9999","-9999"
"1850","454.113384","454.113473262","454.113567011","2931731.3","-9999","421347.7","28.42","-1","-0.206442374","0.661531174","0.96326014","0.78222276","5","0.5625","1.6875","13C1 N2 S1 P1 O9","de-protonated","1","1834","C15 H27 O9 N2 P1 S1 13C1","15","27","9","2","1","1","1","-9999","-9999"
"1850","454.113384","454.113473262","454.113703356","2931731.3","-9999","421347.7","28.42","-1","-0.506687865","0.954484579","0","0.572690748","5","0.733333333","1.666666667","N3 S1 O11","de-protonated","0","-9999","C15 H25 O11 N3 S1","15","25","11","3","-9999","1","-9999","-9999","-9999"
"1851","454.141674","454.141763252","454.141846657","1207328.4","-9999","381456","10.72","-1","-0.183655613","0.993898538","0","0.596339123","4","0.5","1.875","N3 S1 P1 O8","de-protonated","0","-9999","C16 H30 O8 N3 P1 S1","16","30","8","3","1","1","-9999","-9999","-9999"
"1852","454.149744","454.149833248","454.14995252","2586660.3","-9999","406779.4","24.88","-1","-0.262626228","0.65837534","0.96358357","0.780458632","4","0.470588235","1.823529412","13C1 N2 S1 P1 O8","de-protonated","1","1838","C16 H31 O8 N2 P1 S1 13C1","16","31","8","2","1","1","1","-9999","-9999"
"1852","454.149744","454.149833248","454.150088866","2586660.3","-9999","406779.4","24.88","-1","-0.562847648","0.944138426","0","0.566483056","4","0.625","1.8125","N3 S1 O10","de-protonated","0","-9999","C16 H29 O10 N3 S1","16","29","10","3","-9999","1","-9999","-9999","-9999"
"1853","454.186145","454.186234234","454.186338029","989493.2","-9999","421750.1","8.48","-1","-0.228529796","0.990568444","0.997400239","0.993301162","3","0.388888889","1.944444444","13C1 N2 S1 P1 O7","de-protonated","1","1842","C17 H35 O7 N2 P1 S1 13C1","17","35","7","2","1","1","1","-9999","-9999"
"1853","454.186145","454.186234234","454.186474375","989493.2","-9999","421750.1","8.48","-1","-0.528727175","0.950540584","0","0.57032435","3","0.529411765","1.941176471","N3 S1 O9","de-protonated","0","-9999","C17 H33 O9 N3 S1","17","33","9","3","-9999","1","-9999","-9999","-9999"
"1854","454.200696","454.200785229","454.200882363","853819.9","-9999","411107.1","7.09","-1","-0.213857965","0.991735741","0","0.595041445","6","0.086956522","1.652173913","N1 S2 P1 O2","de-protonated","0","-9999","C23 H38 O2 N1 P1 S2","23","38","2","1","1","2","-9999","-9999","-9999"
"1855","454.204327","454.204416227","454.20396315199997","2227773.8","-9999","443923.6","21.19","-1","0.997514083","0.83481288","0.954442813","0.882664853","16","0.034482759","1.034482759","13C1 N2 S1 O1","de-protonated","1","1843","C28 H30 O1 N2 S1 13C1","28","30","1","2","-9999","1","1","-9999","-9999"
"1855","454.204327","454.204416227","454.204096094","2227773.8","-9999","443923.6","21.19","-1","0.704822177","0.913804117","0.969749362","0.936182215","3","0.5","1.944444444","13C1 N2 P1 O9","de-protonated","1","1843","C17 H35 O9 N2 P1 13C1","17","35","9","2","1","-9999","1","-9999","-9999"
"1855","454.204327","454.204416227","454.20423244","2227773.8","-9999","443923.6","21.19","-1","0.404636255","0.970728281","0","0.582436969","3","0.647058824","1.941176471","N3 O11","de-protonated","0","-9999","C17 H33 O11 N3","17","33","11","3","-9999","-9999","-9999","-9999","-9999"
"1856","454.208628","454.208717226","454.208988226","13548608","-9999","384283.8","137.39","-1","-0.596642559","0.466743237","0.8932626","0.637350983","6","0.083333333","1.625","13C1 S2 P1 O2","de-protonated","1","1844","C23 H39 O2 P1 S2 13C1","23","39","2","-9999","1","2","1","-9999","-9999"
"1856","454.208628","454.208717226","454.209124572","13548608","-9999","384283.8","137.39","-1","-0.896824856","0.570813374","0.862053842","0.687309561","6","0.173913043","1.608695652","N1 S2 O4","de-protonated","0","-9999","C23 H37 O4 N1 S2","23","37","4","1","-9999","2","-9999","-9999","-9999"
"1856","454.208628","454.208717226","454.208744449","13548608","-9999","384283.8","137.39","-1","-0.059936127","0.333116129","0.760378351","0.504021018","11","0.04","1.36","N3 S1 P1 O1","de-protonated","0","-9999","C25 H34 O1 N3 P1 S1","25","34","1","3","1","1","-9999","-9999","-9999"
"1857","454.236869","454.236958215","454.237267873","1570636.9","-9999","390485.9","14.45","-1","-0.68170939","0.919133198","0","0.551479919","5","0.041666667","1.75","N1 S2 P1 O1","de-protonated","0","-9999","C24 H42 O1 N1 P1 S2","24","42","1","1","1","2","-9999","-9999","-9999"
"1859","454.968838","454.968926932","454.968953872","2200995.8","-9999","388282.8","20.92","-1","-0.059212744","0.499682008","0.793917021","0.617376013","21","0.25","0.333333333","S2 O6","de-protonated","0","-9999","C24 H8 O6 S2","24","8","6","-9999","-9999","2","-9999","-9999","-9999"
"1860","455.004387","455.004475918","455.004470001","1087668.4","-9999","444963.2","9.49","-1","0.013003866","0.999969317","0","0.59998159","21","0.416666667","0.333333333","O10","de-protonated","0","-9999","C24 H8 O10","24","8","10","-9999","-9999","-9999","-9999","-9999","-9999"
"1860","455.004387","455.004475918","455.00430781","1087668.4","-9999","444963.2","9.49","-1","0.369464958","0.975535687","0","0.585321412","16","0.210526316","0.684210526","N4 S2 P1 O4","de-protonated","0","-9999","C19 H13 O4 N4 P1 S2","19","13","4","4","1","2","-9999","-9999","-9999"
"1861","455.023227","455.023315911","455.023097446","1425853.3","-9999","387445.8","12.96","-1","0.480118317","0.959036265","0","0.575421759","20","0.28","0.48","S1 O7","de-protonated","0","-9999","C25 H12 O7 S1","25","12","7","-9999","-9999","1","-9999","-9999","-9999"
"1862","455.031788","455.031876907","455.031828912","1149633.3","-9999","445825.9","10.12","-1","0.10547784","0.997983315","0","0.598789989","24","0.035714286","0.428571429","N2 S2 O1","de-protonated","0","-9999","C28 H12 O1 N2 S2","28","12","1","2","-9999","2","-9999","-9999","-9999"
"1862","455.031788","455.031876907","455.031961853","1149633.3","-9999","445825.9","10.12","-1","-0.186681294","0.993696481","0","0.596217889","11","0.529411765","1","N2 S1 P1 O9","de-protonated","0","-9999","C17 H17 O9 N2 P1 S1","17","17","9","2","1","1","-9999","-9999","-9999"
"1863","455.040932","455.041020904","455.040855511","1449413.5","-9999","361358.8","13.2","-1","0.363469208","0.976313865","0","0.585788319","20","0.36","0.48","O9","de-protonated","0","-9999","C25 H12 O9","25","12","9","-9999","-9999","-9999","-9999","-9999","-9999"
"1863","455.040932","455.041020904","455.041344768","1449413.5","-9999","361358.8","13.2","-1","-0.711724362","0.9121844","0","0.54731064","24","0.035714286","0.464285714","N2 S1 P1 O1","de-protonated","0","-9999","C28 H13 O1 N2 P1 S1","28","13","1","2","1","1","-9999","-9999","-9999"
"1863","455.040932","455.041020904","455.040693319","1449413.5","-9999","361358.8","13.2","-1","0.719901921","0.910248742","0","0.546149245","15","0.15","0.85","N4 S2 P1 O3","de-protonated","0","-9999","C20 H17 O3 N4 P1 S2","20","17","3","4","1","2","-9999","-9999","-9999"
"1864","455.05296","455.053048899","455.05295828","5513675","-9999","390380.1","54.92","-1","0.199140623","0.663072957","0.914668277","0.763711085","19","0.12","0.64","N2 S2 O3","de-protonated","0","-9999","C25 H16 O3 N2 S2","25","16","3","2","-9999","2","-9999","-9999","-9999"
"1864","455.05296","455.053048899","455.053091221","5513675","-9999","390380.1","54.92","-1","-0.093004973","0.997170589","0.95220005","0.979182373","6","0.785714286","1.5","N2 S1 P1 O11","de-protonated","0","-9999","C14 H21 O11 N2 P1 S1","14","21","11","2","1","1","-9999","-9999","-9999"
"1865","455.059475","455.059563897","455.059482955","995022.3","-9999","379046.7","8.54","-1","0.177870287","0.994275802","0","0.596565481","19","0.230769231","0.615384615","S1 O6","de-protonated","0","-9999","C26 H16 O6 S1","26","16","6","-9999","-9999","1","-9999","-9999","-9999"
"1865","455.059475","455.059563897","455.059615897","995022.3","-9999","379046.7","8.54","-1","-0.114271113","0.997633468","0","0.598580081","6","0.933333333","1.4","P1 O14","de-protonated","0","-9999","C15 H21 O14 P1","15","21","14","-9999","1","-9999","-9999","-9999","-9999"
"1866","455.068166","455.068254893","455.068347363","1853906.3","-9999","372133.2","17.35","-1","-0.203198859","0.992536019","0","0.595521612","10","0.444444444","1.166666667","N2 S1 P1 O8","de-protonated","0","-9999","C18 H21 O8 N2 P1 S1","18","21","8","2","1","1","-9999","-9999","-9999"
"1867","455.077053","455.07714189","455.07724102","2147286.5","-9999","371880.7","20.36","-1","-0.217831097","0.495713574","0.780512821","0.609633273","19","0.307692308","0.615384615","O8","de-protonated","0","-9999","C26 H16 O8","26","16","8","-9999","-9999","-9999","-9999","-9999","-9999"
"1867","455.077053","455.07714189","455.077078829","2147286.5","-9999","371880.7","20.36","-1","0.138572911","0.498260902","0.81490939","0.624920297","14","0.095238095","1","N4 S2 P1 O2","de-protonated","0","-9999","C21 H21 O2 N4 P1 S2","21","21","2","4","1","2","-9999","-9999","-9999"
"1869","455.084984","455.085072887","455.08532103700003","1751514.3","-9999","426400.9","16.3","-1","-0.545282805","0.947478775","0","0.568487265","14","0.19047619","0.952380952","N4 S2 O4","de-protonated","0","-9999","C21 H20 O4 N4 S2","21","20","4","4","-9999","2","-9999","-9999","-9999"
"1870","455.089309","455.089397885","455.089343789","10493404","-9999","393687.5","106.03","-1","0.118869247","0.664970349","0.909786942","0.762896986","18","0.076923077","0.769230769","N2 S2 O2","de-protonated","0","-9999","C26 H20 O2 N2 S2","26","20","2","2","-9999","2","-9999","-9999","-9999"
"1870","455.089309","455.089397885","455.089476731","10493404","-9999","393687.5","106.03","-1","-0.173252968","0.994564966","0.959361031","0.980483392","5","0.666666667","1.666666667","N2 S1 P1 O10","de-protonated","0","-9999","C15 H25 O10 N2 P1 S1","15","25","10","2","1","1","-9999","-9999","-9999"
"1871","455.104602","455.104690879","455.105112995","1710563.4","-9999","424241.7","15.88","-1","-0.927511716","0.855476795","0","0.513286077","4","0.588235294","1.647058824","S2 O10","de-protonated","0","-9999","C17 H28 O10 S2","17","28","10","-9999","-9999","2","-9999","-9999","-9999"
"1871","455.104602","455.104690879","455.104243615","1710563.4","-9999","424241.7","15.88","-1","0.982773841","0.839246174","0","0.503547705","5","0.9375","1.5","O15","de-protonated","0","-9999","C16 H24 O15","16","24","15","-9999","-9999","-9999","-9999","-9999","-9999"
"1871","455.104602","455.104690879","455.104732872","1710563.4","-9999","424241.7","15.88","-1","-0.092270639","0.998456362","0","0.599073817","9","0.368421053","1.315789474","N2 S1 P1 O7","de-protonated","0","-9999","C19 H25 O7 N2 P1 S1","19","25","7","2","1","1","-9999","-9999","-9999"
"1872","455.113433","455.113521876","455.113626529","959207.5","-9999","457784.5","8.17","-1","-0.229950022","0.990451416","0","0.594270849","18","0.259259259","0.740740741","O7","de-protonated","0","-9999","C27 H20 O7","27","20","7","-9999","-9999","-9999","-9999","-9999","-9999"
"1872","455.113433","455.113521876","455.11346433800003","959207.5","-9999","457784.5","8.17","-1","0.126425487","0.997104034","0","0.59826242","13","0.045454545","1.136363636","N4 S2 P1 O1","de-protonated","0","-9999","C22 H25 O1 N4 P1 S2","22","25","1","4","1","2","-9999","-9999","-9999"
"1873","455.116255","455.116343875","455.116788904","849640.9","-9999","499860.3","7.04","-1","-0.977835427","0.670023271","0.896138695","0.760469441","18","0.037037037","0.814814815","13C2 N2 S2 O1","de-protonated","1","1834","C25 H22 O1 N2 S2 13C2","25","22","1","2","-9999","2","2","-9999","-9999"
"1873","455.116255","455.116343875","455.11661771","849640.9","-9999","499860.3","7.04","-1","-0.601681566","0.936422813","0","0.561853688","18","0.153846154","0.807692308","N2 P1 O4","de-protonated","0","-9999","C26 H21 O4 N2 P1","26","21","4","2","1","-9999","-9999","-9999","-9999"
"1873","455.116255","455.116343875","455.116346384","849640.9","-9999","499860.3","7.04","-1","-0.005513138","0.999994485","0","0.599996691","4","0.5625","1.75","N2 S2 O9","de-protonated","0","-9999","C16 H28 O9 N2 S2","16","28","9","2","-9999","2","-9999","-9999","-9999"
"1873","455.116255","455.116343875","455.115966261","849640.9","-9999","499860.3","7.04","-1","0.829708093","0.882574485","0","0.529544691","9","0.333333333","1.388888889","N4 S1 P1 O6","de-protonated","0","-9999","C18 H25 O6 N4 P1 S1","18","25","6","4","1","1","-9999","-9999","-9999"
"1874","455.117813","455.117901874","455.118335243","3088361.8","-9999","375637.8","30.02","-1","-0.95221152","0.424150076","0.787157861","0.56935319","18","0.12","0.8","N4 S1 O3","de-protonated","0","-9999","C25 H20 O3 N4 S1","25","20","3","4","-9999","1","-9999","-9999","-9999"
"1875","455.121354","455.121442873","455.121706546","1793003.3","-9999","473984","16.73","-1","-0.579347473","0.940915378","0","0.564549227","13","0.136363636","1.090909091","N4 S2 O3","de-protonated","0","-9999","C22 H24 O3 N4 S2","22","24","3","4","-9999","2","-9999","-9999","-9999"
"1876","455.125716","455.125804871","455.125729298","10827245","-9999","382555.1","109.46","-1","0.166047969","0.659405663","0.912556814","0.760666124","17","0.037037037","0.888888889","N2 S2 O1","de-protonated","0","-9999","C27 H24 O1 N2 S2","27","24","1","2","-9999","2","-9999","-9999","-9999"
"1876","455.125716","455.125804871","455.12586224","10827245","-9999","382555.1","109.46","-1","-0.126050905","0.665695111","0.953392662","0.780774132","4","0.5625","1.8125","N2 S1 P1 O9","de-protonated","0","-9999","C16 H29 O9 N2 P1 S1","16","29","9","2","1","1","-9999","-9999","-9999"
"1877","455.127973","455.12806187","455.128231222","872430.4","-9999","500574.7","7.28","-1","-0.372096495","0.975190324","0","0.585114194","13","0.260869565","1.043478261","N2 S1 O6","de-protonated","0","-9999","C23 H24 O6 N2 S1","23","24","6","2","-9999","1","-9999","-9999","-9999"
"1877","455.127973","455.12806187","455.127851099","872430.4","-9999","500574.7","7.28","-1","0.463102621","0.961833214","0","0.577099928","18","0.12","0.84","N4 P1 O3","de-protonated","0","-9999","C25 H21 O3 N4 P1","25","21","3","4","1","-9999","-9999","-9999","-9999"
"1878","455.141006","455.141094865","455.141498504","1428212.5","-9999","423923.7","12.98","-1","-0.886842332","0.867007671","0","0.520204603","3","0.5","1.777777778","S2 O9","de-protonated","0","-9999","C18 H32 O9 S2","18","32","9","-9999","-9999","2","-9999","-9999","-9999"
"1878","455.141006","455.141094865","455.141118381","1428212.5","-9999","423923.7","12.98","-1","-0.051667992","0.999515725","0","0.599709435","8","0.3","1.45","N2 S1 P1 O6","de-protonated","0","-9999","C20 H29 O6 N2 P1 S1","20","29","6","2","1","1","-9999","-9999","-9999"
"1880","455.157577","455.157665859","455.158092056","1197564.3","-9999","498930.9","10.62","-1","-0.936371277","0.85291737","0","0.511750422","12","0.086956522","1.217391304","N4 S2 O2","de-protonated","0","-9999","C23 H28 O2 N4 S2","23","28","2","4","-9999","2","-9999","-9999","-9999"
"1880","455.157577","455.157665859","455.157222676","1197564.3","-9999","498930.9","10.62","-1","0.973691911","0.841956328","0","0.505173797","13","0.318181818","1.090909091","N4 O7","de-protonated","0","-9999","C22 H24 O7 N4","22","24","7","4","-9999","-9999","-9999","-9999","-9999"
"1881","455.159877","455.159965858","455.160397275","1019901.4","-9999","430182.1","8.79","-1","-0.947834688","0.849581169","0","0.509748701","16","0.034482759","1","S1 P1 O1","de-protonated","0","-9999","C29 H29 O1 P1 S1","29","29","1","-9999","1","1","-9999","-9999","-9999"
"1881","455.159877","455.159965858","455.159745826","1019901.4","-9999","430182.1","8.79","-1","0.483416798","0.958483367","0","0.57509002","7","0.142857143","1.571428571","N2 S2 P1 O3","de-protonated","0","-9999","C21 H33 O3 N2 P1 S2","21","33","3","2","1","2","-9999","-9999","-9999"
"1882","455.162095","455.162183857","455.16224775","6522366.5","-9999","392693.2","65.27","-1","-0.140372891","0.989608303","0.978460534","0.985149196","3","0.470588235","1.941176471","N2 S1 P1 O8","de-protonated","0","-9999","C17 H33 O8 N2 P1 S1","17","33","8","2","1","1","-9999","-9999","-9999"
"1884","455.177322","455.177410851","455.177014633","909061.6","-9999","395857.6","7.65","-1","0.870469554","0.871545856","0","0.522927513","3","0.722222222","1.777777778","O13","de-protonated","0","-9999","C18 H32 O13","18","32","13","-9999","-9999","-9999","-9999","-9999","-9999"
"1884","455.177322","455.177410851","455.177503891","909061.6","-9999","395857.6","7.65","-1","-0.204402934","0.992447636","0","0.595468582","7","0.238095238","1.571428571","N2 S1 P1 O5","de-protonated","0","-9999","C21 H33 O5 N2 P1 S1","21","33","5","2","1","1","-9999","-9999","-9999"
"1885","455.1906","455.190688846","455.191106262","1175051.9","-9999","456888.9","10.38","-1","-0.917012117","0.858488292","0","0.515092975","16","0.037037037","1.037037037","N4 S1 O1","de-protonated","0","-9999","C27 H28 O1 N4 S1","27","28","1","4","-9999","1","-9999","-9999","-9999"
"1886","455.198455","455.198543843","455.198633259","2287631.5","-9999","438058.2","21.8","-1","-0.196432591","0.993023116","0","0.59581387","2","0.388888889","2.055555556","N2 S1 P1 O7","de-protonated","0","-9999","C18 H37 O7 N2 P1 S1","18","37","7","2","1","1","-9999","-9999","-9999"
"1887","455.207611","455.207699839","455.207526916","850195.8","-9999","480946.7","7.05","-1","0.379878261","0.974155434","0","0.58449326","11","0.269230769","1.230769231","O7","de-protonated","0","-9999","C26 H32 O7","26","32","7","-9999","-9999","-9999","-9999","-9999","-9999"
"1887","455.207611","455.207699839","455.207364725","850195.8","-9999","480946.7","7.05","-1","0.736180474","0.906342294","0","0.543805376","6","0.047619048","1.761904762","N4 S2 P1 O1","de-protonated","0","-9999","C21 H37 O1 N4 P1 S2","21","37","1","4","1","2","-9999","-9999","-9999"
"1888","455.209642","455.209730839","455.209866648","958484.8","-9999","372738.3","8.16","-1","-0.298344723","0.983979053","0","0.590387432","2","0.352941176","2.176470588","N4 S1 P1 O6","de-protonated","0","-9999","C17 H37 O6 N4 P1 S1","17","37","6","4","1","1","-9999","-9999","-9999"
"1889","455.211957","455.212045838","455.212343061","1757205.9","-9999","329303.2","16.36","-1","-0.65293343","0.46476179","0.8932626","0.636162114","6","0.083333333","1.625","13C2 S2 P1 O2","de-protonated","1","1844","C22 H39 O2 P1 S2 13C2","22","39","2","-9999","1","2","2","-9999","-9999"
"1889","455.211957","455.212045838","455.212479407","1757205.9","-9999","329303.2","16.36","-1","-0.952454065","0.565486031","0.862053842","0.684113156","6","0.173913043","1.608695652","13C1 N1 S2 O4","de-protonated","1","1856","C22 H37 O4 N1 S2 13C1","22","37","4","1","-9999","2","1","-9999","-9999"
"1889","455.211957","455.212045838","455.21223563","1757205.9","-9999","329303.2","16.36","-1","-0.416930965","0.968950759","0","0.581370456","11","0.125","1.333333333","N4 S1 O3","de-protonated","0","-9999","C24 H32 O3 N4 S1","24","32","3","4","-9999","1","-9999","-9999","-9999"
"1890","455.220959","455.221047834","455.221283455","1091610","-9999","423634.9","9.53","-1","-0.517596969","0.95255131","0","0.571530786","5","0.083333333","1.708333333","S2 P1 O2","de-protonated","0","-9999","C24 H41 O2 P1 S2","24","41","2","-9999","1","2","-9999","-9999","-9999"
"1891","456.056289","456.056377511","456.056313115","1204643.4","-9999","494749.6","10.68","-1","0.141203146","0.664259169","0.914668277","0.764422812","19","0.12","0.64","13C1 N2 S2 O3","de-protonated","1","1864","C24 H16 O3 N2 S2 13C1","24","16","3","2","-9999","2","1","-9999","-9999"
"1891","456.056289","456.056377511","456.056446057","1204643.4","-9999","494749.6","10.68","-1","-0.150299693","0.995909464","0.95220005","0.978425698","6","0.785714286","1.5","13C1 N2 S1 P1 O11","de-protonated","1","1864","C13 H21 O11 N2 P1 S1 13C1","13","21","11","2","1","1","1","-9999","-9999"
"1892","456.092664","456.092752497","456.092698624","2306996.5","-9999","388546.7","22","-1","0.118118913","0.664981077","0.909786942","0.762903423","18","0.076923077","0.769230769","13C1 N2 S2 O2","de-protonated","1","1870","C25 H20 O2 N2 S2 13C1","25","20","2","2","-9999","2","1","-9999","-9999"
"1892","456.092664","456.092752497","456.092831566","2306996.5","-9999","388546.7","22","-1","-0.173360664","0.994561598","0.959361031","0.980481371","5","0.666666667","1.666666667","13C1 N2 S1 P1 O10","de-protonated","1","1870","C14 H25 O10 N2 P1 S1 13C1","14","25","10","2","1","1","1","-9999","-9999"
"1892","456.092664","456.092752497","456.092967911","2306996.5","-9999","388546.7","22","-1","-0.472303217","0.960332387","0","0.576199432","5","0.857142857","1.642857143","N3 S1 O12","de-protonated","0","-9999","C14 H23 O12 N3 S1","14","23","12","3","-9999","1","-9999","-9999","-9999"
"1893","456.121057","456.121145486","456.120978271","1052098","-9999","487441","9.12","-1","0.366603874","0.975908533","0","0.58554512","17","0.038461538","0.884615385","N3 S2 O1","de-protonated","0","-9999","C26 H23 O1 N3 S2","26","23","1","3","-9999","2","-9999","-9999","-9999"
"1893","456.121057","456.121145486","456.121111212","1052098","-9999","487441","9.12","-1","0.075142296","0.998975999","0","0.5993856","4","0.6","1.866666667","N3 S1 P1 O9","de-protonated","0","-9999","C15 H28 O9 N3 P1 S1","15","28","9","3","1","1","-9999","-9999","-9999"
"1894","456.129135","456.129223483","456.129084133","2518469.8","-9999","411310","24.17","-1","0.30550502","0.655471591","0.912556814","0.75830568","17","0.037037037","0.888888889","13C1 N2 S2 O1","de-protonated","1","1876","C26 H24 O1 N2 S2 13C1","26","24","1","2","-9999","2","1","-9999","-9999"
"1894","456.129135","456.129223483","456.129217075","2518469.8","-9999","411310","24.17","-1","0.014048639","0.666642793","0.953392662","0.781342741","4","0.5625","1.8125","13C1 N2 S1 P1 O9","de-protonated","1","1876","C15 H29 O9 N2 P1 S1 13C1","15","29","9","2","1","1","1","-9999","-9999"
"1894","456.129135","456.129223483","456.129353421","2518469.8","-9999","411310","24.17","-1","-0.284870123","0.985383139","0","0.591229883","4","0.733333333","1.8","N3 S1 O11","de-protonated","0","-9999","C15 H27 O11 N3 S1","15","27","11","3","-9999","1","-9999","-9999","-9999"
"1895","456.157381","456.157469472","456.157496722","1311187.1","-9999","498263.3","11.78","-1","-0.059736834","0.999352712","0","0.599611627","3","0.5","2","N3 S1 P1 O8","de-protonated","0","-9999","C16 H32 O8 N3 P1 S1","16","32","8","3","1","1","-9999","-9999","-9999"
"1896","456.165373","456.165461469","456.165602585","1401303","-9999","374447.8","12.7","-1","-0.309351173","0.982785587","0.978460534","0.981055566","3","0.470588235","1.941176471","13C1 N2 S1 P1 O8","de-protonated","1","1882","C16 H33 O8 N2 P1 S1 13C1","16","33","8","2","1","1","1","-9999","-9999"
"1896","456.165373","456.165461469","456.16573893","1401303","-9999","374447.8","12.7","-1","-0.608245996","0.935074256","0","0.561044553","3","0.625","1.9375","N3 S1 O10","de-protonated","0","-9999","C16 H31 O10 N3 S1","16","31","10","3","-9999","1","-9999","-9999","-9999"
"1897","456.216266","456.21635445","456.216532428","1777135","-9999","450073.4","16.56","-1","-0.390117666","0.972762807","0","0.583657684","5","0.086956522","1.739130435","N1 S2 P1 O2","de-protonated","0","-9999","C23 H40 O2 N1 P1 S2","23","40","2","1","1","2","-9999","-9999","-9999"
"1898","456.917881","456.917969178","456.917706144","1087035","-9999","513234.7","9.06","-1","0.575670482","0.941640737","0","0.564984442","13","0.866666667","0.4","S2 O13","de-protonated","0","-9999","C15 H6 O13 S2","15","6","13","-9999","-9999","2","-9999","-9999","-9999"
"1899","457.002729","457.002817146","457.002362001","920163.3","-9999","380736.7","7.42","-1","0.99593482","0.835289889","0","0.501173934","20","0.333333333","0.416666667","S1 O8","de-protonated","0","-9999","C24 H10 O8 S1","24","10","8","-9999","-9999","1","-9999","-9999","-9999"
"1900","457.020173","457.020261139","457.020120066","1322603.5","-9999","454891.5","11.37","-1","0.308680242","0.982859534","0","0.58971572","20","0.416666667","0.416666667","O10","de-protonated","0","-9999","C24 H10 O10","24","10","10","-9999","-9999","-9999","-9999","-9999","-9999"
"1900","457.020173","457.020261139","457.020609323","1322603.5","-9999","454891.5","11.37","-1","-0.761856821","0.900038713","0","0.540023228","24","0.074074074","0.407407407","N2 S1 P1 O2","de-protonated","0","-9999","C27 H11 O2 N2 P1 S1","27","11","2","2","1","1","-9999","-9999","-9999"
"1900","457.020173","457.020261139","457.019957874","1322603.5","-9999","454891.5","11.37","-1","0.663569296","0.923212125","0","0.553927275","15","0.210526316","0.789473684","N4 S2 P1 O4","de-protonated","0","-9999","C19 H15 O4 N4 P1 S2","19","15","4","4","1","2","-9999","-9999","-9999"
"1901","457.038863","457.038951132","457.03874751","1625460.4","-9999","410268.4","14.34","-1","0.445522939","0.96462498","0","0.578774988","19","0.28","0.56","S1 O7","de-protonated","0","-9999","C25 H14 O7 S1","25","14","7","-9999","-9999","1","-9999","-9999","-9999"
"1902","457.047456","457.047544128","457.04799204","2064760.4","-9999","409380.2","18.65","-1","-0.980011232","0.840072305","0","0.504043383","5","0.8","1.466666667","S2 O12","de-protonated","0","-9999","C15 H22 O12 S2","15","22","12","-9999","-9999","2","-9999","-9999","-9999"
"1902","457.047456","457.047544128","457.047478976","2064760.4","-9999","409380.2","18.65","-1","0.142549926","0.498159832","0.767553728","0.605917391","23","0.035714286","0.5","N2 S2 O1","de-protonated","0","-9999","C28 H14 O1 N2 S2","28","14","1","2","-9999","2","-9999","-9999","-9999"
"1902","457.047456","457.047544128","457.047611918","2064760.4","-9999","409380.2","18.65","-1","-0.148320753","0.996016258","0","0.597609755","10","0.529411765","1.117647059","N2 S1 P1 O9","de-protonated","0","-9999","C17 H19 O9 N2 P1 S1","17","19","9","2","1","1","-9999","-9999","-9999"
"1903","457.056529","457.056617125","457.056505575","2705788.8","-9999","369212.2","24.95","-1","0.244061019","0.494625033","0.787157861","0.611638164","19","0.36","0.56","O9","de-protonated","0","-9999","C25 H14 O9","25","14","9","-9999","-9999","-9999","-9999","-9999","-9999"
"1903","457.056529","457.056617125","457.056994832","2705788.8","-9999","369212.2","24.95","-1","-0.826390751","0.441727359","0.767553728","0.572057907","23","0.035714286","0.535714286","N2 S1 P1 O1","de-protonated","0","-9999","C28 H15 O1 N2 P1 S1","28","15","1","2","1","1","-9999","-9999","-9999"
"1903","457.056529","457.056617125","457.056343384","2705788.8","-9999","369212.2","24.95","-1","0.598921797","0.468492984","0.822155738","0.609958086","14","0.15","0.95","N4 S2 P1 O3","de-protonated","0","-9999","C20 H19 O3 N4 P1 S2","20","19","3","4","1","2","-9999","-9999","-9999"
"1904","457.064218","457.064306122","457.064585592","1227136.4","-9999","396295.8","10.43","-1","-0.611446313","0.934412208","0","0.560647325","14","0.25","0.9","N4 S2 O5","de-protonated","0","-9999","C20 H18 O5 N4 S2","20","18","5","4","-9999","2","-9999","-9999","-9999"
"1905","457.068625","457.06871312","457.068608344","5578114.5","-9999","390500.2","53.14","-1","0.229234383","0.648401427","0.902010857","0.749845199","18","0.12","0.72","N2 S2 O3","de-protonated","0","-9999","C25 H18 O3 N2 S2","25","18","3","2","-9999","2","-9999","-9999","-9999"
"1905","457.068625","457.06871312","457.068741286","5578114.5","-9999","390500.2","53.14","-1","-0.061622874","0.995468795","0.964857471","0.983224265","5","0.785714286","1.642857143","N2 S1 P1 O11","de-protonated","0","-9999","C14 H23 O11 N2 P1 S1","14","23","11","2","1","1","-9999","-9999","-9999"
"1906","457.075338","457.075426117","457.07513302","1638789.6","-9999","406724.7","14.47","-1","0.641246426","0.928104308","0","0.556862585","18","0.230769231","0.692307692","S1 O6","de-protonated","0","-9999","C26 H18 O6 S1","26","18","6","-9999","-9999","1","-9999","-9999","-9999"
"1906","457.075338","457.075426117","457.075265961","1638789.6","-9999","406724.7","14.47","-1","0.350393201","0.977968875","0","0.586781325","5","0.933333333","1.533333333","P1 O14","de-protonated","0","-9999","C15 H23 O14 P1","15","23","14","-9999","1","-9999","-9999","-9999","-9999"
"1907","457.083916","457.084004114","457.08437755","3136905.8","-9999","368419.6","29.18","-1","-0.816994912","0.442966703","0.85247738","0.606770974","4","0.6875","1.625","S2 O11","de-protonated","0","-9999","C16 H26 O11 S2","16","26","11","-9999","-9999","2","-9999","-9999","-9999"
"1907","457.083916","457.084004114","457.083997427","3136905.8","-9999","368419.6","29.18","-1","0.014629498","0.499980583","0.837042051","0.63480517","9","0.444444444","1.277777778","N2 S1 P1 O8","de-protonated","0","-9999","C18 H23 O8 N2 P1 S1","18","23","8","2","1","1","-9999","-9999","-9999"
"1908","457.087247","457.087335113","457.087017858","882827.3","-9999","448521.2","7.05","-1","0.694080578","0.916299031","0","0.549779419","27","0.090909091","0.424242424","O3","de-protonated","0","-9999","C33 H14 O3","33","14","3","-9999","-9999","-9999","-9999","-9999","-9999"
"1908","457.087247","457.087335113","457.087368731","882827.3","-9999","448521.2","7.05","-1","-0.073547643","0.999018979","0","0.599411387","4","0.533333333","1.8","N2 S2 P1 O8","de-protonated","0","-9999","C15 H27 O8 N2 P1 S2","15","27","8","2","1","2","-9999","-9999","-9999"
"1909","457.092933","457.093021111","457.092891084","2317710","-9999","431739.8","21.14","-1","0.284463521","0.492712265","0.780512821","0.607832487","18","0.307692308","0.692307692","O8","de-protonated","0","-9999","C26 H18 O8","26","18","8","-9999","-9999","-9999","-9999","-9999","-9999"
"1909","457.092933","457.093021111","457.092728893","2317710","-9999","431739.8","21.14","-1","0.639296066","0.464262497","0.81490939","0.604521254","13","0.095238095","1.095238095","N4 S2 P1 O2","de-protonated","0","-9999","C21 H23 O2 N4 P1 S2","21","23","2","4","1","2","-9999","-9999","-9999"
"1910","457.097116","457.097204109","457.097599798","2131344","-9999","461964.7","19.31","-1","-0.865655833","0.436434238","0.793917021","0.579427351","18","0.166666667","0.75","N4 S1 O4","de-protonated","0","-9999","C24 H18 O4 N4 S1","24","18","4","4","-9999","1","-9999","-9999","-9999"
"1911","457.100716","457.100804108","457.100971102","1346449.8","-9999","455393.4","11.6","-1","-0.365332664","0.976073308","0","0.585643985","13","0.19047619","1.047619048","N4 S2 O4","de-protonated","0","-9999","C21 H22 O4 N4 S2","21","22","4","4","-9999","2","-9999","-9999","-9999"
"1912","457.102865","457.102953107","457.10327632","1035666.7","-9999","546479.1","8.55","-1","-0.707091204","0.913273076","0","0.547963845","17","0.111111111","0.851851852","S1 P1 O3","de-protonated","0","-9999","C27 H23 O3 P1 S1","27","23","3","-9999","1","1","-9999","-9999","-9999"
"1912","457.102865","457.102953107","457.102624872","1035666.7","-9999","546479.1","8.55","-1","0.718077202","0.910682219","0","0.546409331","8","0.263157895","1.421052632","N2 S2 P1 O5","de-protonated","0","-9999","C19 H27 O5 N2 P1 S2","19","27","5","2","1","2","-9999","-9999","-9999"
"1913","457.104977","457.105065106","457.104993854","7250323.5","-9999","377012.6","69.55","-1","0.155877617","0.658860474","0.893867681","0.752863357","17","0.076923077","0.846153846","N2 S2 O2","de-protonated","0","-9999","C26 H22 O2 N2 S2","26","22","2","2","-9999","2","-9999","-9999","-9999"
"1913","457.104977","457.105065106","457.105126795","7250323.5","-9999","377012.6","69.55","-1","-0.134956466","0.998238469","0.975280292","0.989055198","4","0.666666667","1.8","N2 S1 P1 O10","de-protonated","0","-9999","C15 H27 O10 N2 P1 S1","15","27","10","2","1","1","-9999","-9999","-9999"
"1914","457.115246","457.115334102","457.114889832","1042584.6","-9999","435343.7","8.62","-1","0.971899423","0.842489281","0","0.505493568","12","0.208333333","1.083333333","S2 O5","de-protonated","0","-9999","C24 H26 O5 S2","24","26","5","-9999","-9999","2","-9999","-9999","-9999"
"1914","457.115246","457.115334102","457.115357863","1042584.6","-9999","435343.7","8.62","-1","-0.05198021","0.999509856","0","0.599705914","18","0.25","0.75","N4 O6","de-protonated","0","-9999","C24 H18 O6 N4","24","18","6","4","-9999","-9999","-9999","-9999","-9999"
"1915","457.120256","457.1203441","457.120763059","3461531","-9999","380309.7","32.36","-1","-0.916517129","0.429314839","0.844689208","0.595464586","3","0.588235294","1.764705882","S2 O10","de-protonated","0","-9999","C17 H30 O10 S2","17","30","10","-9999","-9999","2","-9999","-9999","-9999"
"1915","457.120256","457.1203441","457.119893679","3461531","-9999","380309.7","32.36","-1","0.985345129","0.41923795","0.85247738","0.592533722","4","0.9375","1.625","O15","de-protonated","0","-9999","C16 H26 O15","16","26","15","-9999","-9999","-9999","-9999","-9999","-9999"
"1915","457.120256","457.1203441","457.120382937","3461531","-9999","380309.7","32.36","-1","-0.084958997","0.499345578","0.829532115","0.631420192","8","0.368421053","1.421052632","N2 S1 P1 O7","de-protonated","0","-9999","C19 H27 O7 N2 P1 S1","19","27","7","2","1","1","-9999","-9999","-9999"
"1917","457.137106","457.137194094","457.137356611","984995","-9999","539957.6","8.06","-1","-0.355510944","0.977328019","0","0.586396811","12","0.136363636","1.181818182","N4 S2 O3","de-protonated","0","-9999","C22 H26 O3 N4 S2","22","26","3","4","-9999","2","-9999","-9999","-9999"
"1918","457.141416","457.141504092","457.141379363","5837221","-9999","411691.2","55.68","-1","0.272845571","0.658371923","0.915482943","0.761216331","16","0.037037037","0.962962963","N2 S2 O1","de-protonated","0","-9999","C27 H26 O1 N2 S2","27","26","1","2","-9999","2","-9999","-9999","-9999"
"1918","457.141416","457.141504092","457.141512305","5837221","-9999","411691.2","55.68","-1","-0.017965399","0.999839336","0.955886494","0.982258199","3","0.5625","1.9375","N2 S1 P1 O9","de-protonated","0","-9999","C16 H31 O9 N2 P1 S1","16","31","9","2","1","1","-9999","-9999","-9999"
"1919","457.151167","457.151255088","457.151275342","1085353.6","-9999","289752.2","9.04","-1","-0.044303801","0.999643911","0","0.599786347","11","0.16","1.2","S2 O4","de-protonated","0","-9999","C25 H30 O4 S2","25","30","4","-9999","-9999","2","-9999","-9999","-9999"
"1919","457.151167","457.151255088","457.150895219","1085353.6","-9999","289752.2","9.04","-1","0.787199554","0.893650347","0","0.536190208","16","0.037037037","1","N2 S1 P1 O1","de-protonated","0","-9999","C27 H27 O1 N2 P1 S1","27","27","1","2","1","1","-9999","-9999","-9999"
"1920","457.156687","457.156775086","457.157148568","3367340.3","-9999","397099.8","31.44","-1","-0.816967304","0.442970329","0.837042051","0.600599018","2","0.5","1.888888889","S2 O9","de-protonated","0","-9999","C18 H34 O9 S2","18","34","9","-9999","-9999","2","-9999","-9999","-9999"
"1920","457.156687","457.156775086","457.156768446","3367340.3","-9999","397099.8","31.44","-1","0.014524726","0.49998086","0.822155738","0.628850812","7","0.3","1.55","N2 S1 P1 O6","de-protonated","0","-9999","C20 H31 O6 N2 P1 S1","20","31","6","2","1","1","-9999","-9999","-9999"
"1922","457.177729","457.177817078","457.177897814","2515382.3","-9999","397485.8","23.08","-1","-0.176596721","0.994357249","0","0.596614349","2","0.470588235","2.058823529","N2 S1 P1 O8","de-protonated","0","-9999","C17 H35 O8 N2 P1 S1","17","35","8","2","1","1","-9999","-9999","-9999"
"1924","457.193149","457.193237072","457.193534078","1378237.5","-9999","347423.2","11.92","-1","-0.649628366","0.926283966","0","0.555770379","1","0.421052632","2","S2 O8","de-protonated","0","-9999","C19 H38 O8 S2","19","38","8","-9999","-9999","2","-9999","-9999","-9999"
"1924","457.193149","457.193237072","457.193153955","1378237.5","-9999","347423.2","11.92","-1","0.181797629","0.994020998","0","0.596412599","6","0.238095238","1.666666667","N2 S1 P1 O5","de-protonated","0","-9999","C21 H35 O5 N2 P1 S1","21","35","5","2","1","1","-9999","-9999","-9999"
"1925","457.200309","457.200397069","457.200548011","1978305","-9999","390263.1","17.81","-1","-0.330142773","0.490208708","0.800793265","0.614442531","5","0.130434783","1.695652174","S2 P1 O3","de-protonated","0","-9999","C23 H39 O3 P1 S2","23","39","3","-9999","1","2","-9999","-9999","-9999"
"1926","457.236748","457.236836055","457.23693352","1509842.3","-9999","437164.1","13.21","-1","-0.213160588","0.99178933","0","0.595073598","4","0.083333333","1.791666667","S2 P1 O2","de-protonated","0","-9999","C24 H43 O2 P1 S2","24","43","2","-9999","1","2","-9999","-9999","-9999"
"1927","458.072107","458.072194732","458.071963179","1115487.9","-9999","535684.9","9.33","-1","0.505494456","0.636462538","0.902010857","0.742681865","18","0.12","0.72","13C1 N2 S2 O3","de-protonated","1","1905","C24 H18 O3 N2 S2 13C1","24","18","3","2","-9999","2","1","-9999","-9999"
"1927","458.072107","458.072194732","458.072096121","1115487.9","-9999","535684.9","9.33","-1","0.215274208","0.991626382","0.964857471","0.980918817","5","0.785714286","1.642857143","13C1 N2 S1 P1 O11","de-protonated","1","1905","C13 H23 O11 N2 P1 S1 13C1","13","23","11","2","1","1","1","-9999","-9999"
"1928","458.10841","458.108497718","458.108348689","1425521.1","-9999","394209.4","12.38","-1","0.325314861","0.653987017","0.893867681","0.749939283","17","0.076923077","0.846153846","13C1 N2 S2 O2","de-protonated","1","1913","C25 H22 O2 N2 S2 13C1","25","22","2","2","-9999","2","1","-9999","-9999"
"1928","458.10841","458.108497718","458.10848163000003","1425521.1","-9999","394209.4","12.38","-1","0.035117716","0.999776253","0.975280292","0.989977868","4","0.666666667","1.8","13C1 N2 S1 P1 O10","de-protonated","1","1913","C14 H27 O10 N2 P1 S1 13C1","14","27","10","2","1","1","1","-9999","-9999"
"1928","458.10841","458.108497718","458.108617976","1425521.1","-9999","394209.4","12.38","-1","-0.26250957","0.987573988","0","0.592544393","4","0.857142857","1.785714286","N3 S1 O12","de-protonated","0","-9999","C14 H25 O12 N3 S1","14","25","12","3","-9999","1","-9999","-9999","-9999"
"1929","458.136757","458.136844707","458.136628335","1351806.6","-9999","398438.4","11.65","-1","0.47228709","0.960335041","0","0.576201025","16","0.038461538","0.961538462","N3 S2 O1","de-protonated","0","-9999","C26 H25 O1 N3 S2","26","25","1","3","-9999","2","-9999","-9999","-9999"
"1929","458.136757","458.136844707","458.136761277","1351806.6","-9999","398438.4","11.65","-1","0.182107816","0.994000639","0","0.596400383","3","0.6","2","N3 S1 P1 O9","de-protonated","0","-9999","C15 H30 O9 N3 P1 S1","15","30","9","3","1","1","-9999","-9999","-9999"
"1930","458.144762","458.144849704","458.144734198","1383810.5","-9999","485852.4","11.97","-1","0.252116944","0.659021894","0.915482943","0.761606313","16","0.037037037","0.962962963","13C1 N2 S2 O1","de-protonated","1","1918","C26 H26 O1 N2 S2 13C1","26","26","1","2","-9999","2","1","-9999","-9999"
"1930","458.144762","458.144849704","458.14486714","1383810.5","-9999","485852.4","11.97","-1","-0.038057132","0.999737234","0.955886494","0.982196938","3","0.5625","1.9375","13C1 N2 S1 P1 O9","de-protonated","1","1918","C15 H31 O9 N2 P1 S1 13C1","15","31","9","2","1","1","1","-9999","-9999"
"1930","458.144762","458.144849704","458.145003485","1383810.5","-9999","485852.4","11.97","-1","-0.335660759","0.979764064","0","0.587858439","3","0.733333333","1.933333333","N3 S1 O11","de-protonated","0","-9999","C15 H29 O11 N3 S1","15","29","11","3","-9999","1","-9999","-9999","-9999"
"1931","459.018082","459.018169366","459.018012065","1252900.1","-9999","451523.8","10.68","-1","0.342690249","0.978916709","0","0.587350025","19","0.333333333","0.5","S1 O8","de-protonated","0","-9999","C24 H12 O8 S1","24","12","8","-9999","-9999","1","-9999","-9999","-9999"
"1932","459.026813","459.026900363","459.027256595","1328680.3","-9999","425005.8","11.42","-1","-0.776059512","0.896478648","0","0.537887189","5","0.928571429","1.428571429","S2 O13","de-protonated","0","-9999","C14 H20 O13 S2","14","20","13","-9999","-9999","2","-9999","-9999","-9999"
"1932","459.026813","459.026900363","459.026743531","1328680.3","-9999","425005.8","11.42","-1","0.341661534","0.979041764","0","0.587425058","23","0.074074074","0.444444444","N2 S2 O2","de-protonated","0","-9999","C27 H12 O2 N2 S2","27","12","2","2","-9999","2","-9999","-9999","-9999"
"1932","459.026813","459.026900363","459.026876473","1328680.3","-9999","425005.8","11.42","-1","0.052044995","0.999508634","0","0.59970518","10","0.625","1.0625","N2 S1 P1 O10","de-protonated","0","-9999","C16 H17 O10 N2 P1 S1","16","17","10","2","1","1","-9999","-9999","-9999"
"1933","459.035969","459.036056359","459.03577013","1801004.6","-9999","442927.9","16.06","-1","0.623544744","0.93188234700000006","0","0.559129408","19","0.416666667","0.5","O10","de-protonated","0","-9999","C24 H12 O10","24","12","10","-9999","-9999","-9999","-9999","-9999","-9999"
"1933","459.035969","459.036056359","459.036259387","1801004.6","-9999","442927.9","16.06","-1","-0.442291876","0.4825636","0.773979033","0.599129773","23","0.074074074","0.481481481","N2 S1 P1 O2","de-protonated","0","-9999","C27 H13 O2 N2 P1 S1","27","13","2","2","1","1","-9999","-9999","-9999"
"1933","459.035969","459.036056359","459.035607939","1801004.6","-9999","442927.9","16.06","-1","0.976875571","0.841008157","0","0.504604894","14","0.210526316","0.894736842","N4 S2 P1 O4","de-protonated","0","-9999","C19 H17 O4 N4 P1 S2","19","17","4","4","1","2","-9999","-9999","-9999"
"1934","459.048018","459.048105355","459.048524348","1198642.5","-9999","461299.7","10.14","-1","-0.912742627","0.859706061","0","0.515823636","27","0.0625","0.375","S1 O2","de-protonated","0","-9999","C32 H12 O2 S1","32","12","2","-9999","-9999","1","-9999","-9999","-9999"
"1934","459.048018","459.048105355","459.047872899","1198642.5","-9999","461299.7","10.14","-1","0.506386235","0.954537503","0","0.572722502","18","0.166666667","0.666666667","N2 S2 O4","de-protonated","0","-9999","C24 H16 O4 N2 S2","24","16","4","2","-9999","2","-9999","-9999","-9999"
"1934","459.048018","459.048105355","459.048005841","1198642.5","-9999","461299.7","10.14","-1","0.216782978","0.991509098","0","0.594905459","5","0.923076923","1.615384615","N2 S1 P1 O12","de-protonated","0","-9999","C13 H21 O12 N2 P1 S1","13","21","12","2","1","1","-9999","-9999","-9999"
"1935","459.054606","459.054693352","459.054397575","2867509.5","-9999","373563","26.52","-1","0.644319123","0.463719664","0.787157861","0.593094943","18","0.28","0.64","S1 O7","de-protonated","0","-9999","C25 H16 O7 S1","25","16","7","-9999","-9999","1","-9999","-9999","-9999"
"1936","459.063231","459.063318349","459.063642105","4470073.5","-9999","403055.6","42.25","-1","-0.705252753","0.908356277","0.938352432","0.920354739","4","0.8","1.6","S2 O12","de-protonated","0","-9999","C15 H24 O12 S2","15","24","12","-9999","-9999","2","-9999","-9999","-9999"
"1936","459.063231","459.063318349","459.063129041","4470073.5","-9999","403055.6","42.25","-1","0.412379781","0.972842802","0.96879079","0.971221997","22","0.035714286","0.571428571","N2 S2 O1","de-protonated","0","-9999","C28 H16 O1 N2 S2","28","16","1","2","-9999","2","-9999","-9999","-9999"
"1936","459.063231","459.063318349","459.063261982","4470073.5","-9999","403055.6","42.25","-1","0.122786176","0.998104957","0.954073731","0.980492467","9","0.529411765","1.235294118","N2 S1 P1 O9","de-protonated","0","-9999","C17 H21 O9 N2 P1 S1","17","21","9","2","1","1","-9999","-9999","-9999"
"1937","459.072225","459.072312345","459.072155639","2998590","-9999","379375.5","27.81","-1","0.341353693","0.489539558","0.787157861","0.608586879","18","0.36","0.64","O9","de-protonated","0","-9999","C25 H16 O9","25","16","9","-9999","-9999","-9999","-9999","-9999","-9999"
"1937","459.072225","459.072312345","459.072644897","2998590","-9999","379375.5","27.81","-1","-0.724398149","0.454588409","0.767553728","0.579774537","22","0.035714286","0.607142857","N2 S1 P1 O1","de-protonated","0","-9999","C28 H17 O1 N2 P1 S1","28","17","1","2","1","1","-9999","-9999","-9999"
"1937","459.072225","459.072312345","459.071993448","2998590","-9999","379375.5","27.81","-1","0.694656416","0.458083042","0.822155738","0.603712121","13","0.15","1.05","N4 S2 P1 O3","de-protonated","0","-9999","C20 H21 O3 N4 P1 S2","20","21","3","4","1","2","-9999","-9999","-9999"
"1938","459.076486","459.076573344","459.076864353","922688.1","-9999","329180.6","7.44","-1","-0.633901497","0.929682893","0","0.557809736","18","0.217391304","0.695652174","N4 S1 O5","de-protonated","0","-9999","C23 H16 O5 N4 S1","23","16","5","4","-9999","1","-9999","-9999","-9999"
"1939","459.084352","459.084439341","459.084258409","3794244","-9999","396110.3","35.62","-1","0.394115294","0.486104802","0.787157861","0.606526026","17","0.12","0.8","N2 S2 O3","de-protonated","0","-9999","C25 H20 O3 N2 S2","25","20","3","2","-9999","2","-9999","-9999","-9999"
"1939","459.084352","459.084439341","459.08439135","3794244","-9999","396110.3","35.62","-1","0.104535023","0.499009586","0.86849267","0.646802819","4","0.785714286","1.785714286","N2 S1 P1 O11","de-protonated","0","-9999","C14 H25 O11 N2 P1 S1","14","25","11","2","1","1","-9999","-9999","-9999"
"1940","459.091019","459.091106338","459.090783084","2146631","-9999","395291.2","19.45","-1","0.704118035","0.456984315","0.780512821","0.586395717","17","0.230769231","0.769230769","S1 O6","de-protonated","0","-9999","C26 H20 O6 S1","26","20","6","-9999","-9999","1","-9999","-9999","-9999"
"1940","459.091019","459.091106338","459.090916026","2146631","-9999","395291.2","19.45","-1","0.41454179","0.969300084","0","0.581580051","4","0.933333333","1.666666667","P1 O14","de-protonated","0","-9999","C15 H25 O14 P1","15","25","14","-9999","1","-9999","-9999","-9999","-9999"
"1941","459.097796","459.097883336","459.097797017","1104202.4","-9999","659163","9.22","-1","0.188018067","0.993606173","0","0.596163704","21","0.033333333","0.7","S1 P1 O1","de-protonated","0","-9999","C30 H21 O1 P1 S1","30","21","1","-9999","1","1","-9999","-9999","-9999"
"1941","459.097796","459.097883336","459.097993721","1104202.4","-9999","659163","9.22","-1","-0.240440628","0.98956497","0","0.593738982","13","0.35","1","N4 S1 O7","de-protonated","0","-9999","C20 H20 O7 N4 S1","20","20","7","4","-9999","1","-9999","-9999","-9999"
"1942","459.099576","459.099663335","459.100027614","4749643","-9999","396264.7","45","-1","-0.793463899","0.889103894","0.963716736","0.918949031","3","0.6875","1.75","S2 O11","de-protonated","0","-9999","C16 H28 O11 S2","16","28","11","-9999","-9999","2","-9999","-9999","-9999"
"1942","459.099576","459.099663335","459.099647492","4749643","-9999","396264.7","45","-1","0.034509332","0.99988282","0.979152066","0.991590518","8","0.444444444","1.388888889","N2 S1 P1 O8","de-protonated","0","-9999","C18 H25 O8 N2 P1 S1","18","25","8","2","1","1","-9999","-9999","-9999"
"1943","459.108557","459.108644331","459.108541149","2122575.5","-9999","381155.2","19.21","-1","0.224745504","0.4954384","0.780512821","0.609468168","17","0.307692308","0.769230769","O8","de-protonated","0","-9999","C26 H20 O8","26","20","8","-9999","-9999","-9999","-9999","-9999","-9999"
"1943","459.108557","459.108644331","459.108378958","2122575.5","-9999","381155.2","19.21","-1","0.578020185","0.94117768","0","0.564706608","12","0.095238095","1.19047619","N4 S2 P1 O2","de-protonated","0","-9999","C21 H25 O2 N4 P1 S2","21","25","2","4","1","2","-9999","-9999","-9999"
"1944","459.109939","459.110026331","459.109878559","971600.2","-9999","430118.2","7.92","-1","0.321865272","0.981377987","0","0.588826792","22","0.148148148","0.592592593","N4 O4","de-protonated","0","-9999","C27 H16 O4 N4","27","16","4","4","-9999","-9999","-9999","-9999","-9999"
"1946","459.118699","459.118786327","459.118926385","905556.3","-9999","651999.5","7.27","-1","-0.30505704","0.983256184","0","0.589953711","16","0.111111111","0.925925926","S1 P1 O3","de-protonated","0","-9999","C27 H25 O3 P1 S1","27","25","3","-9999","1","1","-9999","-9999","-9999"
"1946","459.118699","459.118786327","459.119123089","905556.3","-9999","651999.5","7.27","-1","-0.733495805","0.906991397","0","0.544194838","8","0.529411765","1.411764706","N4 S1 O9","de-protonated","0","-9999","C17 H24 O9 N4 S1","17","24","9","4","-9999","1","-9999","-9999","-9999"
"1947","459.120741","459.120828327","459.120643918","3301717.3","-9999","454266.7","30.79","-1","0.401656324","0.485575789","0.780512821","0.603550602","16","0.076923077","0.923076923","N2 S2 O2","de-protonated","0","-9999","C26 H24 O2 N2 S2","26","24","2","2","-9999","2","-9999","-9999","-9999"
"1947","459.120741","459.120828327","459.12077686","3301717.3","-9999","454266.7","30.79","-1","0.112099","0.49886124","0.860410506","0.643480946","3","0.666666667","1.933333333","N2 S1 P1 O10","de-protonated","0","-9999","C15 H29 O10 N2 P1 S1","15","29","10","2","1","1","-9999","-9999","-9999"
"1948","459.131435","459.131522323","459.131877307","1290970.5","-9999","363747.8","11.05","-1","-0.773165035","0.897208365","0","0.538325019","16","0.04","0.96","N4 S2 O1","de-protonated","0","-9999","C25 H24 O1 N4 S2","25","24","1","4","-9999","2","-9999","-9999","-9999"
"1949","459.136054","459.136141321","459.136413124","5400924.5","-9999","384219.4","51.39","-1","-0.591986917","0.935340868","0.934886858","0.935159264","2","0.588235294","1.882352941","S2 O10","de-protonated","0","-9999","C17 H32 O10 S2","17","32","10","-9999","-9999","2","-9999","-9999","-9999"
"1949","459.136054","459.136141321","459.136033001","5400924.5","-9999","384219.4","51.39","-1","0.235920865","0.991196197","0.950043951","0.974735299","7","0.368421053","1.526315789","N2 S1 P1 O7","de-protonated","0","-9999","C19 H29 O7 N2 P1 S1","19","29","7","2","1","1","-9999","-9999","-9999"
"1950","459.149105","459.149192316","459.149635372","2821987","-9999","409674.9","26.08","-1","-0.964949661","0.422274752","0.787157861","0.568227996","16","0.12","0.96","N4 S1 O3","de-protonated","0","-9999","C25 H24 O3 N4 S1","25","24","3","4","-9999","1","-9999","-9999","-9999"
"1951","459.157145","459.157232313","459.157029427","1600358.8","-9999","440230.1","14.09","-1","0.441864708","0.965193342","0","0.579116005","15","0.037037037","1.037037037","N2 S2 O1","de-protonated","0","-9999","C27 H28 O1 N2 S2","27","28","1","2","-9999","2","-9999","-9999","-9999"
"1951","459.157145","459.157232313","459.157162369","1600358.8","-9999","440230.1","14.09","-1","0.152330318","0.995798421","0","0.597479052","2","0.5625","2.0625","N2 S1 P1 O9","de-protonated","0","-9999","C16 H33 O9 N2 P1 S1","16","33","9","2","1","1","-9999","-9999","-9999"
"1952","459.161844","459.161931311","459.162033274","3168617","-9999","402681.8","29.48","-1","-0.222064157","0.495546112","0.829532115","0.629140513","7","0.578947368","1.473684211","N2 O11","de-protonated","0","-9999","C19 H28 O11 N2","19","28","11","2","-9999","-9999","-9999","-9999","-9999"
"1953","459.167947","459.168034308","459.168395758","1428588","-9999","378773.7","12.4","-1","-0.787183771","0.893654376","0","0.536192626","2","0.533333333","2.2","N4 S1 P1 O8","de-protonated","0","-9999","C15 H33 O8 N4 P1 S1","15","33","8","4","1","1","-9999","-9999","-9999"
"1954","459.16977","459.169857308","459.16942733","933228.8","-9999","324121.8","7.54","-1","0.936425991","0.852901512","0","0.511740907","6","0.428571429","1.523809524","S1 O9","de-protonated","0","-9999","C21 H32 O9 S1","21","32","9","-9999","-9999","1","-9999","-9999","-9999"
"1954","459.16977","459.169857308","459.169916587","933228.8","-9999","324121.8","7.54","-1","-0.129100714","0.996980364","0","0.598188218","10","0.041666667","1.375","N2 S2 P1 O1","de-protonated","0","-9999","C24 H33 O1 N2 P1 S2","24","33","1","2","1","2","-9999","-9999","-9999"
"1955","459.172384","459.172471307","459.172798633","6583662","-9999","375599.6","63","-1","-0.712860486","0.611678899","0.93031813","0.739134592","1","0.5","2","S2 O9","de-protonated","0","-9999","C18 H36 O9 S2","18","36","9","-9999","-9999","2","-9999","-9999","-9999"
"1955","459.172384","459.172471307","459.17241851","6583662","-9999","375599.6","63","-1","0.114981592","0.996425097","0.977696034","0.988933472","6","0.3","1.65","N2 S1 P1 O6","de-protonated","0","-9999","C20 H33 O6 N2 P1 S1","20","33","6","2","1","1","-9999","-9999","-9999"
"1958","459.208833","459.208920293","459.209184142","1767807.6","-9999","440670.6","15.73","-1","-0.574573842","0.941856285","0","0.565113771","0","0.421052632","2.105263158","S2 O8","de-protonated","0","-9999","C19 H40 O8 S2","19","40","8","-9999","-9999","2","-9999","-9999","-9999"
"1958","459.208833","459.208920293","459.20880402","1767807.6","-9999","440670.6","15.73","-1","0.253202756","0.988434429","0","0.593060658","5","0.238095238","1.761904762","N2 S1 P1 O5","de-protonated","0","-9999","C21 H37 O5 N2 P1 S1","21","37","5","2","1","1","-9999","-9999","-9999"
"1959","459.234518","459.234605283","459.234804293","2092939.9","-9999","394276.6","18.92","-1","-0.433351791","0.966499079","0","0.579899447","5","0.428571429","1.714285714","N2 O9","de-protonated","0","-9999","C21 H36 O9 N2","21","36","9","2","-9999","-9999","-9999","-9999","-9999"
"1960","460.066565","460.066651961","460.06699694","1126172","-9999","422824.9","9.43","-1","-0.749844795","0.9030091","0.938352432","0.917146433","4","0.8","1.6","13C1 S2 O12","de-protonated","1","1936","C14 H24 O12 S2 13C1","14","24","12","-9999","-9999","2","1","-9999","-9999"
"1960","460.066565","460.066651961","460.066483876","1126172","-9999","422824.9","9.43","-1","0.365350255","0.976071031","0.96879079","0.973158934","22","0.035714286","0.571428571","13C1 N2 S2 O1","de-protonated","1","1936","C27 H16 O1 N2 S2 13C1","27","16","1","2","-9999","2","1","-9999","-9999"
"1960","460.066565","460.066651961","460.066616817","1126172","-9999","422824.9","9.43","-1","0.076388236","0.998941778","0.954073731","0.980994559","9","0.529411765","1.235294118","13C1 N2 S1 P1 O9","de-protonated","1","1936","C16 H21 O9 N2 P1 S1 13C1","16","21","9","2","1","1","1","-9999","-9999"
"1960","460.066565","460.066651961","460.066753163","1126172","-9999","422824.9","9.43","-1","-0.219972302","0.991258526","0","0.594755115","9","0.6875","1.1875","N3 S1 O11","de-protonated","0","-9999","C16 H19 O11 N3 S1","16","19","11","3","-9999","1","-9999","-9999","-9999"
"1961","460.10292","460.103006947","460.103382449","1069613.6","-9999","454439","8.87","-1","-0.816125813","0.886161597","0.963716736","0.917183653","3","0.6875","1.75","13C1 S2 O11","de-protonated","1","1942","C15 H28 O11 S2 13C1","15","28","11","-9999","-9999","2","1","-9999","-9999"
"1961","460.10292","460.103006947","460.103002327","1069613.6","-9999","454439","8.87","-1","0.010041823","0.999981703","0.979152066","0.991649848","8","0.444444444","1.388888889","13C1 N2 S1 P1 O8","de-protonated","1","1942","C17 H25 O8 N2 P1 S1 13C1","17","25","8","2","1","1","1","-9999","-9999"
"1961","460.10292","460.103006947","460.103138672","1069613.6","-9999","454439","8.87","-1","-0.286295259","0.985237611","0","0.591142567","8","0.588235294","1.352941176","N3 S1 O10","de-protonated","0","-9999","C17 H23 O10 N3 S1","17","23","10","3","-9999","1","-9999","-9999","-9999"
"1962","460.139395","460.139481933","460.139767959","1527103.1","-9999","441276.9","13.36","-1","-0.621606125","0.932290595","0.934886858","0.9333291","2","0.588235294","1.882352941","13C1 S2 O10","de-protonated","1","1949","C16 H32 O10 S2 13C1","16","32","10","-9999","-9999","2","1","-9999","-9999"
"1962","460.139395","460.139481933","460.139387836","1527103.1","-9999","441276.9","13.36","-1","0.204496343","0.992440758","0.950043951","0.975482035","7","0.368421053","1.526315789","13C1 N2 S1 P1 O7","de-protonated","1","1949","C18 H29 O7 N2 P1 S1 13C1","18","29","7","2","1","1","1","-9999","-9999"
"1962","460.139395","460.139481933","460.139524182","1527103.1","-9999","441276.9","13.36","-1","-0.091817364","0.998471479","0","0.599082888","7","0.5","1.5","N3 S1 O9","de-protonated","0","-9999","C18 H27 O9 N3 S1","18","27","9","3","-9999","1","-9999","-9999","-9999"
"1963","460.175761","460.175847919","460.176153468","1647440.6","-9999","426203.8","14.54","-1","-0.663982921","0.61541343","0.93031813","0.74137531","1","0.5","2","13C1 S2 O9","de-protonated","1","1955","C17 H36 O9 S2 13C1","17","36","9","-9999","-9999","2","1","-9999","-9999"
"1963","460.175761","460.175847919","460.175773345","1647440.6","-9999","426203.8","14.54","-1","0.162054193","0.995246209","0.977696034","0.988226139","6","0.3","1.65","13C1 N2 S1 P1 O6","de-protonated","1","1955","C19 H33 O6 N2 P1 S1 13C1","19","33","6","2","1","1","1","-9999","-9999"
"1963","460.175761","460.175847919","460.175909691","1647440.6","-9999","426203.8","14.54","-1","-0.134236072","0.99673575700000006","0","0.598041454","6","0.421052632","1.631578947","N3 S1 O8","de-protonated","0","-9999","C19 H31 O8 N3 S1","19","31","8","3","-9999","1","-9999","-9999","-9999"
"1964","460.211197","460.211283905","460.211447047","1809249.8","-9999","427219","16.13","-1","-0.354493759","0.9774561","0","0.58647366","4","0.136363636","1.818181818","N1 S2 P1 O3","de-protonated","0","-9999","C22 H40 O3 N1 P1 S2","22","40","3","1","1","2","-9999","-9999","-9999"
"1967","461.015299","461.015385594","461.015034685","915174.3","-9999","520559.8","7.35","-1","0.761166172","0.900210512","0","0.540126307","19","0.47826087","0.434782609","O11","de-protonated","0","-9999","C23 H10 O11","23","10","11","-9999","-9999","-9999","-9999","-9999","-9999"
"1967","461.015299","461.015385594","461.015523943","915174.3","-9999","520559.8","7.35","-1","-0.300094668","0.983792095","0","0.590275257","23","0.115384615","0.423076923","N2 S1 P1 O3","de-protonated","0","-9999","C26 H11 O3 N2 P1 S1","26","11","3","2","1","1","-9999","-9999","-9999"
"1969","461.038087","461.038173585","461.038370844","956145.4","-9999","536005","7.75","-1","-0.427856384","0.967329407","0","0.580397644","18","0.181818182","0.636363636","N4 S2 O4","de-protonated","0","-9999","C22 H14 O4 N4 S2","22","14","4","4","-9999","2","-9999","-9999","-9999"
"1970","461.04257","461.042656584","461.04290666000003","3340531.5","-9999","404268","31.16","-1","-0.542414143","0.474007677","0.86849267","0.631801674","4","0.928571429","1.571428571","S2 O13","de-protonated","0","-9999","C14 H22 O13 S2","14","22","13","-9999","-9999","2","-9999","-9999","-9999"
"1970","461.04257","461.042656584","461.042393596","3340531.5","-9999","404268","31.16","-1","0.570420552","0.471334671","0.773979033","0.592392416","22","0.074074074","0.518518519","N2 S2 O2","de-protonated","0","-9999","C27 H14 O2 N2 S2","27","14","2","2","-9999","2","-9999","-9999","-9999"
"1970","461.04257","461.042656584","461.042526537","3340531.5","-9999","404268","31.16","-1","0.282070133","0.492833503","0.85247738","0.636691054","9","0.625","1.1875","N2 S1 P1 O10","de-protonated","0","-9999","C16 H19 O10 N2 P1 S1","16","19","10","2","1","1","-9999","-9999","-9999"
"1971","461.051681","461.05176758","461.051420195","2343160","-9999","419838.3","21.37","-1","0.753463972","0.451059038","0.793917021","0.588202231","18","0.416666667","0.583333333","O10","de-protonated","0","-9999","C24 H14 O10","24","14","10","-9999","-9999","-9999","-9999","-9999","-9999"
"1971","461.051681","461.05176758","461.051909452","2343160","-9999","419838.3","21.37","-1","-0.307713107","0.491482927","0.773979033","0.604481369","22","0.074074074","0.555555556","N2 S1 P1 O2","de-protonated","0","-9999","C27 H15 O2 N2 P1 S1","27","15","2","2","1","1","-9999","-9999","-9999"
"1972","461.070331","461.070417573","461.070047639","3341569","-9999","383189.1","31.17","-1","0.802337555","0.444878546","0.787157861","0.581790272","17","0.28","0.72","S1 O7","de-protonated","0","-9999","C25 H18 O7 S1","25","18","7","-9999","-9999","1","-9999","-9999","-9999"
"1973","461.07454","461.074626571","461.074756353","997379.1","-9999","336499.3","8.16","-1","-0.281476378","0.985726852","0","0.591436111","17","0.130434783","0.782608696","N4 S2 O3","de-protonated","0","-9999","C23 H18 O3 N4 S2","23","18","3","4","-9999","2","-9999","-9999","-9999"
"1973","461.07454","461.074626571","461.074889295","997379.1","-9999","336499.3","8.16","-1","-0.569806312","0.942789146","0","0.565673488","4","0.916666667","1.916666667","N4 S1 P1 O11","de-protonated","0","-9999","C12 H23 O11 N4 P1 S1","12","23","11","4","1","1","-9999","-9999","-9999"
"1974","461.078898","461.07898457","461.079292169","6466821","-9999","371716.5","61.84","-1","-0.667129477","0.623183148","0.928511829","0.74531462","3","0.8","1.733333333","S2 O12","de-protonated","0","-9999","C15 H26 O12 S2","15","26","12","-9999","-9999","2","-9999","-9999","-9999"
"1974","461.078898","461.07898457","461.078779105","6466821","-9999","371716.5","61.84","-1","0.445617261","0.636227322","0.897153033","0.740597607","21","0.035714286","0.642857143","N2 S2 O1","de-protonated","0","-9999","C28 H18 O1 N2 S2","28","18","1","2","-9999","2","-9999","-9999","-9999"
"1974","461.078898","461.07898457","461.078912047","6466821","-9999","371716.5","61.84","-1","0.157289633","0.990922103","0.976381651","0.985105922","8","0.529411765","1.352941176","N2 S1 P1 O9","de-protonated","0","-9999","C17 H23 O9 N2 P1 S1","17","23","9","2","1","1","-9999","-9999","-9999"
"1975","461.083379","461.083465568","461.083782952","958727.3","-9999","514871.6","7.78","-1","-0.68834338","0.917618638","0","0.550571183","13","0.55","0.9","N2 O11","de-protonated","0","-9999","C20 H18 O11 N2","20","18","11","2","-9999","-9999","-9999","-9999","-9999"
"1976","461.087967","461.088053566","461.087805704","2355465.5","-9999","415074.4","21.49","-1","0.537559774","0.474458797","0.787157861","0.599538422","17","0.36","0.72","O9","de-protonated","0","-9999","C25 H18 O9","25","18","9","-9999","-9999","-9999","-9999","-9999","-9999"
"1976","461.087967","461.088053566","461.088294961","2355465.5","-9999","415074.4","21.49","-1","-0.523533336","0.475741835","0.767553728","0.592466592","21","0.035714286","0.678571429","N2 S1 P1 O1","de-protonated","0","-9999","C28 H19 O1 N2 P1 S1","28","19","1","2","1","1","-9999","-9999","-9999"
"1976","461.087967","461.088053566","461.087643513","2355465.5","-9999","415074.4","21.49","-1","0.8893181","0.433158083","0.822155738","0.588757145","12","0.15","1.15","N4 S2 P1 O3","de-protonated","0","-9999","C20 H23 O3 N4 P1 S2","20","23","3","4","1","2","-9999","-9999","-9999"
"1977","461.092075","461.092161565","461.092514418","1490699.5","-9999","497251.8","13","-1","-0.765254608","0.899191725","0","0.539515035","17","0.217391304","0.782608696","N4 S1 O5","de-protonated","0","-9999","C23 H18 O5 N4 S1","23","18","5","4","-9999","1","-9999","-9999","-9999"
"1978","461.099932","461.100018562","461.099908473","1297167.4","-9999","448864.2","11.1","-1","0.238751883","0.989710283","0","0.59382617","16","0.12","0.88","N2 S2 O3","de-protonated","0","-9999","C25 H22 O3 N2 S2","25","22","3","2","-9999","2","-9999","-9999","-9999"
"1978","461.099932","461.100018562","461.100041415","1297167.4","-9999","448864.2","11.1","-1","-0.049562474","0.999554382","0","0.599732629","3","0.785714286","1.928571429","N2 S1 P1 O11","de-protonated","0","-9999","C14 H27 O11 N2 P1 S1","14","27","11","2","1","1","-9999","-9999","-9999"
"1979","461.10681","461.106896559","461.10656609","2203410.8","-9999","328248.7","20","-1","0.716686026","0.911012103","0","0.546607262","3","0.933333333","1.8","P1 O14","de-protonated","0","-9999","C15 H27 O14 P1","15","27","14","-9999","1","-9999","-9999","-9999","-9999"
"1980","461.110289","461.110375558","461.110075778","1323668.4","-9999","235465.1","11.36","-1","0.650125758","0.926175315","0","0.555705189","25","0.03030303","0.575757576","P1 O1","de-protonated","0","-9999","C33 H19 O1 P1","33","19","1","-9999","1","-9999","-9999","-9999","-9999"
"1980","461.110289","461.110375558","461.110272483","1323668.4","-9999","235465.1","11.36","-1","0.223536654","0.990974236","0","0.594584541","17","0.304347826","0.782608696","N4 O7","de-protonated","0","-9999","C23 H18 O7 N4","23","18","7","4","-9999","-9999","-9999","-9999","-9999"
"1981","461.11364","461.113726556","461.113447081","1086230","-9999","674335.5","9.03","-1","0.606087122","0.935519162","0","0.561311497","20","0.033333333","0.766666667","S1 P1 O1","de-protonated","0","-9999","C30 H23 O1 P1 S1","30","23","1","-9999","1","1","-9999","-9999","-9999"
"1981","461.11364","461.113726556","461.113643786","1086230","-9999","674335.5","9.03","-1","0.179501156","0.99417066","0","0.596502396","12","0.35","1.1","N4 S1 O7","de-protonated","0","-9999","C20 H22 O7 N4 S1","20","22","7","4","-9999","1","-9999","-9999","-9999"
"1982","461.115284","461.115370556","461.115677679","6885655","-9999","381951.6","65.96","-1","-0.666043291","0.611709544","0.929124245","0.738675424","2","0.6875","1.875","S2 O11","de-protonated","0","-9999","C16 H30 O11 S2","16","30","11","-9999","-9999","2","-9999","-9999","-9999"
"1982","461.115284","461.115370556","461.115297556","6885655","-9999","381951.6","65.96","-1","0.158310767","0.996593803","0.967679811","0.985028206","7","0.444444444","1.5","N2 S1 P1 O8","de-protonated","0","-9999","C18 H27 O8 N2 P1 S1","18","27","8","2","1","1","-9999","-9999","-9999"
"1983","461.124328","461.124414552","461.124191213","1062939.1","-9999","338216.7","8.8","-1","0.484335575","0.958328742","0","0.574997245","16","0.307692308","0.846153846","O8","de-protonated","0","-9999","C26 H22 O8","26","22","8","-9999","-9999","-9999","-9999","-9999","-9999"
"1983","461.124328","461.124414552","461.124029022","1062939.1","-9999","338216.7","8.8","-1","0.836066125","0.880880042","0","0.528528025","11","0.095238095","1.285714286","N4 S2 P1 O2","de-protonated","0","-9999","C21 H27 O2 N4 P1 S2","21","27","2","4","1","2","-9999","-9999","-9999"
"1984","461.128403","461.128489551","461.128899927","2741533.3","-9999","420076.3","25.28","-1","-0.889938942","0.433071272","0.793917021","0.577409571","16","0.166666667","0.916666667","N4 S1 O4","de-protonated","0","-9999","C24 H22 O4 N4 S1","24","22","4","4","-9999","1","-9999","-9999","-9999"
"1985","461.13624","461.136326548","461.136293982","1104672.9","-9999","440006.6","9.21","-1","0.070619219","0.999095511","0","0.599457307","15","0.076923077","1","N2 S2 O2","de-protonated","0","-9999","C26 H26 O2 N2 S2","26","26","2","2","-9999","2","-9999","-9999","-9999"
"1985","461.13624","461.136326548","461.136426924","1104672.9","-9999","440006.6","9.21","-1","-0.217672339","0.991439586","0","0.594863751","2","0.666666667","2.066666667","N2 S1 P1 O10","de-protonated","0","-9999","C15 H31 O10 N2 P1 S1","15","31","10","2","1","1","-9999","-9999","-9999"
"1986","461.146329","461.146415544","461.146189961","1097637.9","-9999","259592.3","9.14","-1","0.489177662","0.957509416","0","0.574505649","10","0.208333333","1.25","S2 O5","de-protonated","0","-9999","C24 H30 O5 S2","24","30","5","-9999","-9999","2","-9999","-9999","-9999"
"1986","461.146329","461.146415544","461.146657992","1097637.9","-9999","259592.3","9.14","-1","-0.525750823","0.951082048","0","0.570649229","16","0.25","0.916666667","N4 O6","de-protonated","0","-9999","C24 H22 O6 N4","24","22","6","4","-9999","-9999","-9999","-9999","-9999"
"1987","461.147248","461.147334543","461.147527372","1274278.3","-9999","346260.9","10.88","-1","-0.41814918","0.968771918","0","0.581263151","15","0.04","1.04","N4 S2 O1","de-protonated","0","-9999","C25 H26 O1 N4 S2","25","26","1","4","-9999","2","-9999","-9999","-9999"
"1987","461.147248","461.147334543","461.147660313","1274278.3","-9999","346260.9","10.88","-1","-0.706433575","0.913427131","0","0.548056278","2","0.642857143","2.214285714","N4 S1 P1 O9","de-protonated","0","-9999","C14 H31 O9 N4 P1 S1","14","31","9","4","1","1","-9999","-9999","-9999"
"1988","461.149923","461.150009542","461.150029295","1313063.6","-9999","463155.7","11.26","-1","-0.042834096","0.999667141","0","0.599800284","11","0.285714286","1.238095238","N4 S1 O6","de-protonated","0","-9999","C21 H26 O6 N4 S1","21","26","6","4","-9999","1","-9999","-9999","-9999"
"1989","461.15169","461.151776542","461.152063188","6658344.5","-9999","377183.1","63.72","-1","-0.621587651","0.600367491","0.929726258","0.732110998","1","0.588235294","2","S2 O10","de-protonated","0","-9999","C17 H34 O10 S2","17","34","10","-9999","-9999","2","-9999","-9999","-9999"
"1989","461.15169","461.151776542","461.151683065","6658344.5","-9999","377183.1","63.72","-1","0.202701401","0.995982411","0.986615067","0.992235474","6","0.368421053","1.631578947","N2 S1 P1 O7","de-protonated","0","-9999","C19 H31 O7 N2 P1 S1","19","31","7","2","1","1","-9999","-9999","-9999"
"1991","461.183561","461.183647529","461.184045823","1238839.9","-9999","516348.6","10.53","-1","-0.863632604","0.873422787","0","0.524053672","1","0.533333333","2.333333333","N4 S1 P1 O8","de-protonated","0","-9999","C15 H35 O8 N4 P1 S1","15","35","8","4","1","1","-9999","-9999","-9999"
"1992","461.188101","461.188187527","461.188448697","4986170","-9999","397904.1","47.31","-1","-0.566297474","0.925654431","0.951945402","0.936170819","0","0.5","2.111111111","S2 O9","de-protonated","0","-9999","C18 H38 O9 S2","18","38","9","-9999","-9999","2","-9999","-9999","-9999"
"1992","461.188101","461.188187527","461.188068575","4986170","-9999","397904.1","47.31","-1","0.257926591","0.993225917","0.966831714","0.982668236","5","0.3","1.75","N2 S1 P1 O6","de-protonated","0","-9999","C20 H35 O6 N2 P1 S1","20","35","6","2","1","1","-9999","-9999","-9999"
"1993","461.19069","461.190776526","461.191089005","995131.3","-9999","492600.3","8.14","-1","-0.677547207","0.92007721","0","0.552046326","23","0.028571429","0.742857143","O1","de-protonated","0","-9999","C35 H26 O1","35","26","1","-9999","-9999","-9999","-9999","-9999","-9999"
"1993","461.19069","461.190776526","461.190437557","995131.3","-9999","492600.3","8.14","-1","0.734989102","0.906630581","0","0.543978348","14","0.111111111","1.111111111","N2 S1 O3","de-protonated","0","-9999","C27 H30 O3 N2 S1","27","30","3","2","-9999","1","-9999","-9999","-9999"
"1993","461.19069","461.190776526","461.190570498","995131.3","-9999","492600.3","8.14","-1","0.446731197","0.964436304","0","0.578661782","1","0.6875","2.1875","N2 P1 O11","de-protonated","0","-9999","C16 H35 O11 N2 P1","16","35","11","2","1","-9999","-9999","-9999","-9999"
"1994","461.195295","461.195381525","461.19546263","4336957.5","-9999","415741.8","40.94","-1","-0.175859134","0.989484687","0.976904371","0.98445256","4","0.181818182","1.772727273","S2 P1 O4","de-protonated","0","-9999","C22 H39 O4 P1 S2","22","39","4","-9999","1","2","-9999","-9999","-9999"
"1995","461.224413","461.224499513","461.224454084","1573707.6","-9999","429603.4","13.82","-1","0.098497116","0.998241191","0","0.598944715","4","0.238095238","1.857142857","N2 S1 P1 O5","de-protonated","0","-9999","C21 H39 O5 N2 P1 S1","21","39","5","2","1","1","-9999","-9999","-9999"
"1997","462.082308","462.082394182","462.082647004","1409260.5","-9999","429286.2","12.2","-1","-0.547137106","0.631420392","0.928511829","0.750256967","3","0.8","1.733333333","13C1 S2 O12","de-protonated","1","1974","C14 H26 O12 S2 13C1","14","26","12","-9999","-9999","2","1","-9999","-9999"
"1997","462.082308","462.082394182","462.08213394","1409260.5","-9999","429286.2","12.2","-1","0.563193573","0.629381132","0.897153033","0.736489893","21","0.035714286","0.642857143","13C1 N2 S2 O1","de-protonated","1","1974","C27 H18 O1 N2 S2 13C1","27","18","1","2","-9999","2","1","-9999","-9999"
"1997","462.082308","462.082394182","462.082266882","1409260.5","-9999","429286.2","12.2","-1","0.275491978","0.98632319","0.976381651","0.982346575","8","0.529411765","1.352941176","13C1 N2 S1 P1 O9","de-protonated","1","1974","C16 H23 O9 N2 P1 S1 13C1","16","23","9","2","1","1","1","-9999","-9999"
"1997","462.082308","462.082394182","462.082403227","1409260.5","-9999","429286.2","12.2","-1","-0.019575864","0.999930469","0","0.599958281","8","0.6875","1.3125","N3 S1 O11","de-protonated","0","-9999","C16 H21 O11 N3 S1","16","21","11","3","-9999","1","-9999","-9999","-9999"
"1998","462.110815","462.110901171","462.111197977","1025786.4","-9999","407547.8","8.43","-1","-0.642283121","0.927880253","0","0.556728152","16","0.24","0.88","N1 P1 O6","de-protonated","0","-9999","C25 H22 O6 N1 P1","25","22","6","1","1","-9999","-9999","-9999","-9999"
"1998","462.110815","462.110901171","462.110926651","1025786.4","-9999","407547.8","8.43","-1","-0.055138412","0.999448504","0","0.599669102","2","0.733333333","1.933333333","N1 S2 O11","de-protonated","0","-9999","C15 H29 O11 N1 S2","15","29","11","1","-9999","2","-9999","-9999","-9999"
"1998","462.110815","462.110901171","462.110546528","1025786.4","-9999","407547.8","8.43","-1","0.767440735","0.898645206","0","0.539187123","7","0.470588235","1.529411765","N3 S1 P1 O8","de-protonated","0","-9999","C17 H26 O8 N3 P1 S1","17","26","8","3","1","1","-9999","-9999","-9999"
"1999","462.118618","462.118704168","462.119032514","1670910.1","-9999","403050.2","14.77","-1","-0.710522454","0.608311584","0.929124245","0.736636649","2","0.6875","1.875","13C1 S2 O11","de-protonated","1","1982","C15 H30 O11 S2 13C1","15","30","11","-9999","-9999","2","1","-9999","-9999"
"1999","462.118618","462.118704168","462.118652391","1670910.1","-9999","403050.2","14.77","-1","0.112041725","0.997724804","0.967679811","0.985706807","7","0.444444444","1.5","13C1 N2 S1 P1 O8","de-protonated","1","1982","C17 H27 O8 N2 P1 S1 13C1","17","27","8","2","1","1","1","-9999","-9999"
"1999","462.118618","462.118704168","462.118788737","1670910.1","-9999","403050.2","14.77","-1","-0.183002836","0.993941703","0","0.596365022","7","0.588235294","1.470588235","N3 S1 O10","de-protonated","0","-9999","C17 H25 O10 N3 S1","17","25","10","3","-9999","1","-9999","-9999","-9999"
"2000","462.154925","462.155011154","462.155418023","1499919.9","-9999","421437.6","13.09","-1","-0.880373396","0.579205327","0.929726258","0.7194137","1","0.588235294","2","13C1 S2 O10","de-protonated","1","1989","C16 H34 O10 S2 13C1","16","34","10","-9999","-9999","2","1","-9999","-9999"
"2000","462.154925","462.155011154","462.155037901","1499919.9","-9999","421437.6","13.09","-1","-0.057874117","0.999392438","0.986615067","0.99428149","6","0.368421053","1.631578947","13C1 N2 S1 P1 O7","de-protonated","1","1989","C18 H31 O7 N2 P1 S1 13C1","18","31","7","2","1","1","1","-9999","-9999"
"2000","462.154925","462.155011154","462.155174246","1499919.9","-9999","421437.6","13.09","-1","-0.352895399","0.977656652","0","0.586593991","6","0.5","1.611111111","N3 S1 O9","de-protonated","0","-9999","C18 H29 O9 N3 S1","18","29","9","3","-9999","1","-9999","-9999","-9999"
"2001","462.168039","462.168125149","462.167928464","901398.3","-9999","488018.7","7.21","-1","0.425569676","0.967672002","0","0.580603201","14","0.038461538","1.115384615","N3 S2 O1","de-protonated","0","-9999","C26 H29 O1 N3 S2","26","29","1","3","-9999","2","-9999","-9999","-9999"
"2001","462.168039","462.168125149","462.168061406","901398.3","-9999","488018.7","7.21","-1","0.137921529","0.99655437","0","0.597932622","1","0.6","2.266666667","N3 S1 P1 O9","de-protonated","0","-9999","C15 H34 O9 N3 P1 S1","15","34","9","3","1","1","-9999","-9999","-9999"
"2002","462.19138","462.19146614","462.191803532","1333537.6","-9999","447141","11.45","-1","-0.729984338","0.907837523","0.951945402","0.925480674","0","0.5","2.111111111","13C1 S2 O9","de-protonated","1","1992","C17 H38 O9 S2 13C1","17","38","9","-9999","-9999","2","1","-9999","-9999"
"2002","462.19138","462.19146614","462.19142341","1333537.6","-9999","447141","11.45","-1","0.092450314","0.998450349","0.966831714","0.985802895","5","0.3","1.75","13C1 N2 S1 P1 O6","de-protonated","1","1992","C19 H35 O6 N2 P1 S1 13C1","19","35","6","2","1","1","1","-9999","-9999"
"2002","462.19138","462.19146614","462.191559756","1333537.6","-9999","447141","11.45","-1","-0.202547788","0.992583596","0","0.595550158","5","0.421052632","1.736842105","N3 S1 O8","de-protonated","0","-9999","C19 H33 O8 N3 S1","19","33","8","3","-9999","1","-9999","-9999","-9999"
"2003","462.198596","462.198682137","462.198817465","882725.1","-9999","479671.9","7.03","-1","-0.292792544","0.984565219","0.976904371","0.98150088","4","0.181818182","1.772727273","13C1 S2 P1 O4","de-protonated","1","1994","C21 H39 O4 P1 S2 13C1","21","39","4","-9999","1","2","1","-9999","-9999"
"2003","462.198596","462.198682137","462.198953811","882725.1","-9999","479671.9","7.03","-1","-0.587785812","0.939235438","0","0.563541263","4","0.285714286","1.761904762","N1 S2 O6","de-protonated","0","-9999","C21 H37 O6 N1 S2","21","37","6","1","-9999","2","-9999","-9999","-9999"
"2003","462.198596","462.198682137","462.198573688","882725.1","-9999","479671.9","7.03","-1","0.234636234","0.990060224","0","0.594036134","9","0.130434783","1.47826087","N3 S1 P1 O3","de-protonated","0","-9999","C23 H34 O3 N3 P1 S1","23","34","3","3","1","1","-9999","-9999","-9999"
"2006","463.013337","463.013422822","463.013415942","976562.9","-9999","429046.7","7.95","-1","0.01485824","0.999959943","0","0.599975966","22","0.038461538","0.5","N2 S2 P1 O1","de-protonated","0","-9999","C26 H13 O1 N2 P1 S2","26","13","1","2","1","2","-9999","-9999","-9999"
"2007","463.02196","463.022045819","463.022442541","1382583.1","-9999","463064.6","11.93","-1","-0.856810885","0.875284767","0","0.52517086","18","0.391304348","0.565217391","P1 O9","de-protonated","0","-9999","C23 H13 O9 P1","23","13","9","-9999","1","-9999","-9999","-9999","-9999"
"2007","463.02196","463.022045819","463.021658151","1382583.1","-9999","463064.6","11.93","-1","0.837256172","0.880561816","0","0.52833709","22","0.115384615","0.461538462","N2 S2 O3","de-protonated","0","-9999","C26 H12 O3 N2 S2","26","12","3","2","-9999","2","-9999","-9999","-9999"
"2007","463.02196","463.022045819","463.021791093","1382583.1","-9999","463064.6","11.93","-1","0.550138279","0.946564816","0","0.56793889","9","0.733333333","1.133333333","N2 S1 P1 O11","de-protonated","0","-9999","C15 H17 O11 N2 P1 S1","15","17","11","2","1","1","-9999","-9999","-9999"
"2008","463.03087","463.030955815","463.03068475","918587.5","-9999","381867.3","7.38","-1","0.585415623","0.939709454","0","0.563825673","18","0.47826087","0.52173913","O11","de-protonated","0","-9999","C23 H12 O11","23","12","11","-9999","-9999","-9999","-9999","-9999","-9999"
"2008","463.03087","463.030955815","463.031174007","918587.5","-9999","381867.3","7.38","-1","-0.471225191","0.960509642","0","0.576305785","22","0.115384615","0.5","N2 S1 P1 O3","de-protonated","0","-9999","C26 H13 O3 N2 P1 S1","26","13","3","2","1","1","-9999","-9999","-9999"
"2008","463.03087","463.030955815","463.030522558","918587.5","-9999","381867.3","7.38","-1","0.935697984","0.853112461","0","0.511867477","13","0.277777778","0.944444444","N4 S2 P1 O5","de-protonated","0","-9999","C18 H17 O5 N4 P1 S2","18","17","5","4","1","2","-9999","-9999","-9999"
"2010","463.053661","463.053746806","463.054020908","1116102.6","-9999","377148.1","9.31","-1","-0.5919436","0.938399874","0","0.563039924","17","0.181818182","0.727272727","N4 S2 O4","de-protonated","0","-9999","C22 H16 O4 N4 S2","22","16","4","4","-9999","2","-9999","-9999","-9999"
"2011","463.05533","463.055415806","463.055185421","1041607.4","-9999","593885","8.58","-1","0.497531543","0.956078383","0","0.57364703","8","0.764705882","1.176470588","S1 O13","de-protonated","0","-9999","C17 H20 O13 S1","17","20","13","-9999","-9999","1","-9999","-9999","-9999"
"2011","463.05533","463.055415806","463.055674678","1041607.4","-9999","593885","8.58","-1","-0.55905327","0.944867972","0","0.566920783","12","0.25","1.05","N2 S2 P1 O5","de-protonated","0","-9999","C20 H21 O5 N2 P1 S2","20","21","5","2","1","2","-9999","-9999","-9999"
"2012","463.058249","463.058334805","463.058556724","7187657","-9999","388185.4","68.91","-1","-0.479248001","0.62822516","0.927888738","0.748090591","3","0.928571429","1.714285714","S2 O13","de-protonated","0","-9999","C14 H24 O13 S2","14","24","13","-9999","-9999","2","-9999","-9999","-9999"
"2012","463.058249","463.058334805","463.05804366","7187657","-9999","388185.4","68.91","-1","0.628742695","0.631444634","0.881951384","0.731647334","21","0.074074074","0.592592593","N2 S2 O2","de-protonated","0","-9999","C27 H16 O2 N2 S2","27","16","2","2","-9999","2","-9999","-9999","-9999"
"2012","463.058249","463.058334805","463.058176602","7187657","-9999","388185.4","68.91","-1","0.341647422","0.987031497","0.989418052","0.987986119","8","0.625","1.3125","N2 S1 P1 O10","de-protonated","0","-9999","C16 H21 O10 N2 P1 S1","16","21","10","2","1","1","-9999","-9999","-9999"
"2013","463.067282","463.067367801","463.067070259","1580237.3","-9999","344908.2","13.87","-1","0.642546165","0.927823354","0","0.556694012","17","0.416666667","0.666666667","O10","de-protonated","0","-9999","C24 H16 O10","24","16","10","-9999","-9999","-9999","-9999","-9999","-9999"
"2013","463.067282","463.067367801","463.067559516","1580237.3","-9999","344908.2","13.87","-1","-0.414011683","0.969377337","0","0.581626402","21","0.074074074","0.62962963","N2 S1 P1 O2","de-protonated","0","-9999","C27 H17 O2 N2 P1 S1","27","17","2","2","1","1","-9999","-9999","-9999"
"2013","463.067282","463.067367801","463.066908068","1580237.3","-9999","344908.2","13.87","-1","0.992801023","0.836235004","0","0.501741002","12","0.210526316","1.105263158","N4 S2 P1 O4","de-protonated","0","-9999","C19 H21 O4 N4 P1 S2","19","21","4","4","1","2","-9999","-9999","-9999"
"2014","463.086177","463.086262794","463.086700025","2390230.5","-9999","375368.9","21.82","-1","-0.944167786","0.85065134","0","0.510390804","2","0.666666667","1.933333333","S2 P1 O10","de-protonated","0","-9999","C15 H29 O10 P1 S2","15","29","10","-9999","1","2","-9999","-9999","-9999"
"2015","463.088527","463.088612793","463.089069007","948695.7","-9999","320285.8","7.67","-1","-0.985154268","0.83853312","0","0.503119872","11","0.318181818","1.090909091","S2 O7","de-protonated","0","-9999","C22 H24 O7 S2","22","24","7","-9999","-9999","2","-9999","-9999","-9999"
"2015","463.088527","463.088612793","463.088199627","948695.7","-9999","320285.8","7.67","-1","0.892196557","0.865510458","0","0.519306275","12","0.571428571","0.952380952","O12","de-protonated","0","-9999","C21 H20 O12","21","20","12","-9999","-9999","-9999","-9999","-9999","-9999"
"2015","463.088527","463.088612793","463.088688884","948695.7","-9999","320285.8","7.67","-1","-0.164313348","0.995113069","0","0.597067842","16","0.166666667","0.875","N2 S1 P1 O4","de-protonated","0","-9999","C24 H21 O4 N2 P1 S1","24","21","4","2","1","1","-9999","-9999","-9999"
"2016","463.089562","463.089647792","463.089340333","1295576.1","-9999","253936.3","11.08","-1","0.66393078","0.923131743","0","0.553879046","25","0.0625","0.53125","P1 O2","de-protonated","0","-9999","C32 H17 O2 P1","32","17","2","-9999","1","-9999","-9999","-9999","-9999"
"2016","463.089562","463.089647792","463.089537038","1295576.1","-9999","253936.3","11.08","-1","0.239164931","0.989674834","0","0.5938049","17","0.363636364","0.727272727","N4 O8","de-protonated","0","-9999","C22 H16 O8 N4","22","16","8","4","-9999","-9999","-9999","-9999","-9999"
"2017","463.090228","463.090313792","463.090406418","1340120.6","-9999","597331.3","11.51","-1","-0.200015697","0.992767197","0","0.595660318","16","0.130434783","0.869565217","N4 S2 O3","de-protonated","0","-9999","C23 H20 O3 N4 S2","23","20","3","4","-9999","2","-9999","-9999","-9999"
"2017","463.090228","463.090313792","463.090539359","1340120.6","-9999","597331.3","11.51","-1","-0.487090668","0.957863468","0","0.574718081","3","0.916666667","2.083333333","N4 S1 P1 O11","de-protonated","0","-9999","C12 H25 O11 N4 P1 S1","12","25","11","4","1","1","-9999","-9999","-9999"
"2018","463.094602","463.09468779","463.094942234","9762011","-9999","393901.6","94.18","-1","-0.549440877","0.622384893","0.928511829","0.744835668","2","0.8","1.866666667","S2 O12","de-protonated","0","-9999","C15 H28 O12 S2","15","28","12","-9999","-9999","2","-9999","-9999","-9999"
"2018","463.094602","463.09468779","463.09442917","9762011","-9999","393901.6","94.18","-1","0.558462686","0.637347044","0.902332004","0.743341028","20","0.035714286","0.714285714","N2 S2 O1","de-protonated","0","-9999","C28 H20 O1 N2 S2","28","20","1","2","-9999","2","-9999","-9999","-9999"
"2018","463.094602","463.09468779","463.094562111","9762011","-9999","393901.6","94.18","-1","0.27138999","0.991505557","0.97120268","0.983384406","7","0.529411765","1.470588235","N2 S1 P1 O9","de-protonated","0","-9999","C17 H25 O9 N2 P1 S1","17","25","9","2","1","1","-9999","-9999","-9999"
"2019","463.103499","463.103584787","463.103455768","902111","-9999","334915.6","7.21","-1","0.278595674","0.986015465","0","0.591609279","16","0.36","0.8","O9","de-protonated","0","-9999","C25 H20 O9","25","20","9","-9999","-9999","-9999","-9999","-9999","-9999"
"2019","463.103499","463.103584787","463.103945026","902111","-9999","334915.6","7.21","-1","-0.777878778","0.896018907","0","0.537611344","20","0.035714286","0.75","N2 S1 P1 O1","de-protonated","0","-9999","C28 H21 O1 N2 P1 S1","28","21","1","2","1","1","-9999","-9999","-9999"
"2019","463.103499","463.103584787","463.103293577","902111","-9999","334915.6","7.21","-1","0.628822885","0.930765311","0","0.558459186","11","0.15","1.25","N4 S2 P1 O3","de-protonated","0","-9999","C20 H25 O3 N4 P1 S2","20","25","3","4","1","2","-9999","-9999","-9999"
"2020","463.107674","463.107759785","463.107316329","1109217.1","-9999","388596","9.25","-1","0.957567111","0.846727288","0","0.508036373","15","0.04","1","N2 S2 P1 O1","de-protonated","0","-9999","C25 H25 O1 N2 P1 S2","25","25","1","2","1","2","-9999","-9999","-9999"
"2020","463.107674","463.107759785","463.108164482","1109217.1","-9999","388596","9.25","-1","-0.873871086","0.870608043","0","0.522364826","16","0.217391304","0.869565217","N4 S1 O5","de-protonated","0","-9999","C23 H20 O5 N4 S1","23","20","5","4","-9999","1","-9999","-9999","-9999"
"2021","463.123133","463.123218779","463.123085535","1334248.6","-9999","400954.2","11.46","-1","0.2877093","0.98509252","0","0.591055512","1","0.5625","2.0625","S2 P1 O9","de-protonated","0","-9999","C16 H33 O9 P1 S2","16","33","9","-9999","1","2","-9999","-9999","-9999"
"2021","463.123133","463.123218779","463.123420624","1334248.6","-9999","400954.2","11.46","-1","-0.435832204","0.966121066","0","0.57967264","20","0.074074074","0.740740741","N4 S1 O2","de-protonated","0","-9999","C27 H20 O2 N4 S1","27","20","2","4","-9999","1","-9999","-9999","-9999"
"2021","463.123133","463.123218779","463.123553565","1334248.6","-9999","400954.2","11.46","-1","-0.722886643","0.909537773","0","0.545722664","7","0.625","1.5625","N4 P1 O10","de-protonated","0","-9999","C16 H25 O10 N4 P1","16","25","10","4","1","-9999","-9999","-9999","-9999"
"2022","463.126632","463.126717778","463.126791927","1812714.4","-9999","353270.5","16.15","-1","-0.160104695","0.995359633","0","0.59721578","15","0.083333333","1","N4 S2 O2","de-protonated","0","-9999","C24 H24 O2 N4 S2","24","24","2","4","-9999","2","-9999","-9999","-9999"
"2022","463.126632","463.126717778","463.126924869","1812714.4","-9999","353270.5","16.15","-1","-0.447157124","0.96436968","0","0.578621808","2","0.769230769","2.230769231","N4 S1 P1 O10","de-protonated","0","-9999","C13 H29 O10 N4 P1 S1","13","29","10","4","1","1","-9999","-9999","-9999"
"2023","463.131001","463.131086776","463.131327743","10347756","-9999","379154.4","99.93","-1","-0.520298883","0.642932499","0.929124245","0.757409197","1","0.6875","2","S2 O11","de-protonated","0","-9999","C16 H32 O11 S2","16","32","11","-9999","-9999","2","-9999","-9999","-9999"
"2023","463.131001","463.131086776","463.130947621","10347756","-9999","379154.4","99.93","-1","0.30046752","0.973140996","0.98219408","0.976762229","6","0.444444444","1.611111111","N2 S1 P1 O8","de-protonated","0","-9999","C18 H29 O8 N2 P1 S1","18","29","8","2","1","1","-9999","-9999","-9999"
"2024","463.144159","463.144244771","463.144549992","1534194.9","-9999","452070.4","13.42","-1","-0.65901734","0.92422118","0","0.554532708","15","0.166666667","1","N4 S1 O4","de-protonated","0","-9999","C24 H24 O4 N4 S1","24","24","4","4","-9999","1","-9999","-9999","-9999"
"2024","463.144159","463.144244771","463.144682933","1534194.9","-9999","452070.4","13.42","-1","-0.94605862","0.850099857","0","0.510059914","2","0.923076923","2.230769231","N4 P1 O12","de-protonated","0","-9999","C13 H29 O12 N4 P1","13","29","12","4","1","-9999","-9999","-9999","-9999"
"2025","463.154808","463.154893767","463.155097419","904696.2","-9999","487032.5","7.24","-1","-0.439705527","0.96552676","0","0.579316056","19","0.166666667","0.8","O5","de-protonated","0","-9999","C30 H24 O5","30","24","5","-9999","-9999","-9999","-9999","-9999","-9999"
"2025","463.154808","463.154893767","463.15444597","904696.2","-9999","487032.5","7.24","-1","0.966841251","0.843989718","0","0.506393831","10","0.318181818","1.272727273","N2 S1 O7","de-protonated","0","-9999","C22 H28 O7 N2 S1","22","28","7","2","-9999","1","-9999","-9999","-9999"
"2026","463.156818","463.156903766","463.156947894","3583225.3","-9999","387768","33.53","-1","-0.09527527","0.499177139","0.837042051","0.634323104","6","0.666666667","1.555555556","N2 O12","de-protonated","0","-9999","C18 H28 O12 N2","18","28","12","2","-9999","-9999","-9999","-9999","-9999"
"2027","463.165462","463.165547763","463.16567936","1152765.4","-9999","444857.9","9.67","-1","-0.284124215","0.985459026","0","0.591275416","10","0.285714286","1.333333333","N4 S1 O6","de-protonated","0","-9999","C21 H28 O6 N4 S1","21","28","6","4","-9999","1","-9999","-9999","-9999"
"2028","463.167419","463.167504762","463.167713252","8129790.5","-9999","392114.4","78.16","-1","-0.450139626","0.64488758","0.929726258","0.758823051","0","0.588235294","2.117647059","S2 O10","de-protonated","0","-9999","C17 H36 O10 S2","17","36","10","-9999","-9999","2","-9999","-9999","-9999"
"2028","463.167419","463.167504762","463.16733313","8129790.5","-9999","392114.4","78.16","-1","0.370562357","0.972347387","0.97067614","0.971678888","5","0.368421053","1.736842105","N2 S1 P1 O7","de-protonated","0","-9999","C19 H33 O7 N2 P1 S1","19","33","7","2","1","1","-9999","-9999","-9999"
"2029","463.180474","463.180559757","463.180935501","1043204.7","-9999","523729","8.6","-1","-0.811224404","0.887445059","0","0.532467035","14","0.12","1.12","N4 S1 O3","de-protonated","0","-9999","C25 H28 O3 N4 S1","25","28","3","4","-9999","1","-9999","-9999","-9999"
"2030","463.193217","463.193302752","463.193333403","1211659","-9999","452476.2","10.25","-1","-0.066172853","0.99920578","0","0.599523468","5","0.578947368","1.684210526","N2 O11","de-protonated","0","-9999","C19 H32 O11 N2","19","32","11","2","-9999","-9999","-9999","-9999","-9999"
"2031","463.203771","463.203856748","463.203718639","3784976","-9999","399442.2","35.51","-1","0.298160334","0.491999345","0.822155738","0.624061902","4","0.3","1.85","N2 S1 P1 O6","de-protonated","0","-9999","C20 H37 O6 N2 P1 S1","20","37","6","2","1","1","-9999","-9999","-9999"
"2032","463.240369","463.240454734","463.240755597","907810.1","-9999","512584","7.27","-1","-0.649474812","0.926317494","0","0.555790496","12","0.103448276","1.275862069","P1 O3","de-protonated","0","-9999","C29 H37 O3 P1","29","37","3","-9999","1","-9999","-9999","-9999","-9999"
"2032","463.240369","463.240454734","463.240104149","907810.1","-9999","512584","7.27","-1","0.756811584","0.901290878","0","0.540774527","3","0.238095238","1.952380952","N2 S1 P1 O5","de-protonated","0","-9999","C21 H41 O5 N2 P1 S1","21","41","5","2","1","1","-9999","-9999","-9999"
"2033","464.061523","464.061608417","464.061911559","1349813","-9999","448952.5","11.6","-1","-0.65323786","0.616995939","0.927888738","0.741353058","3","0.928571429","1.714285714","13C1 S2 O13","de-protonated","1","2012","C13 H24 O13 S2 13C1","13","24","13","-9999","-9999","2","1","-9999","-9999"
"2033","464.061523","464.061608417","464.061398495","1349813","-9999","448952.5","11.6","-1","0.452357039","0.642367706","0.881951384","0.738201177","21","0.074074074","0.592592593","13C1 N2 S2 O2","de-protonated","1","2012","C26 H16 O2 N2 S2 13C1","26","16","2","2","-9999","2","1","-9999","-9999"
"2033","464.061523","464.061608417","464.061531437","1349813","-9999","448952.5","11.6","-1","0.16588255","0.995019517","0.989418052","0.992778931","8","0.625","1.3125","13C1 N2 S1 P1 O10","de-protonated","1","2012","C15 H21 O10 N2 P1 S1 13C1","15","21","10","2","1","1","1","-9999","-9999"
"2033","464.061523","464.061608417","464.061667783","1349813","-9999","448952.5","11.6","-1","-0.127926769","0.99703495","0","0.59822097","8","0.8","1.266666667","N3 S1 O12","de-protonated","0","-9999","C15 H19 O12 N3 S1","15","19","12","3","-9999","1","-9999","-9999","-9999"
"2034","464.090082","464.090167406","464.090462532","1059779.1","-9999","303961.6","8.76","-1","-0.63592449","0.929249655","0","0.557549793","16","0.291666667","0.833333333","N1 P1 O7","de-protonated","0","-9999","C24 H20 O7 N1 P1","24","20","7","1","1","-9999","-9999","-9999","-9999"
"2034","464.090082","464.090167406","464.090191206","1059779.1","-9999","303961.6","8.76","-1","-0.051283847","0.999522898","0","0.599713739","2","0.857142857","1.928571429","N1 S2 O12","de-protonated","0","-9999","C14 H27 O12 N1 S2","14","27","12","1","-9999","2","-9999","-9999","-9999"
"2034","464.090082","464.090167406","464.089811083","1059779.1","-9999","303961.6","8.76","-1","0.767787142","0.898558494","0","0.539135096","7","0.5625","1.5","N3 S1 P1 O9","de-protonated","0","-9999","C16 H24 O9 N3 P1 S1","16","24","9","3","1","1","-9999","-9999","-9999"
"2035","464.097898","464.097983403","464.098297069","2202823","-9999","415650.9","19.98","-1","-0.67586161","0.613638764","0.928511829","0.73958799","2","0.8","1.866666667","13C1 S2 O12","de-protonated","1","2018","C14 H28 O12 S2 13C1","14","28","12","-9999","-9999","2","1","-9999","-9999"
"2035","464.097898","464.097983403","464.097784005","2202823","-9999","415650.9","19.98","-1","0.429646585","0.644706668","0.902332004","0.747756802","20","0.035714286","0.714285714","13C1 N2 S2 O1","de-protonated","1","2018","C27 H20 O1 N2 S2 13C1","27","20","1","2","-9999","2","1","-9999","-9999"
"2035","464.097898","464.097983403","464.097916946","2202823","-9999","415650.9","19.98","-1","0.143194562","0.996286365","0.97120268","0.986252891","7","0.529411765","1.470588235","13C1 N2 S1 P1 O9","de-protonated","1","2018","C16 H25 O9 N2 P1 S1 13C1","16","25","9","2","1","1","1","-9999","-9999"
"2035","464.097898","464.097983403","464.098053292","2202823","-9999","415650.9","19.98","-1","-0.150591716","0.995893586","0","0.597536151","7","0.6875","1.4375","N3 S1 O11","de-protonated","0","-9999","C16 H23 O11 N3 S1","16","23","11","3","-9999","1","-9999","-9999","-9999"
"2036","464.126193","464.126278392","464.126576715","1144532.9","-9999","471307.7","9.59","-1","-0.642763538","0.927776319","0","0.556665791","1","0.733333333","2.066666667","N1 S2 O11","de-protonated","0","-9999","C15 H31 O11 N1 S2","15","31","11","1","-9999","2","-9999","-9999","-9999"
"2036","464.126193","464.126278392","464.126196593","1144532.9","-9999","471307.7","9.59","-1","0.176242755","0.994379783","0","0.59662787","6","0.470588235","1.647058824","N3 S1 P1 O8","de-protonated","0","-9999","C17 H28 O8 N3 P1 S1","17","28","8","3","1","1","-9999","-9999","-9999"
"2037","464.13443","464.134515388","464.134682578","2283225","-9999","439232.2","20.77","-1","-0.36021806","0.651153838","0.929124245","0.762342001","1","0.6875","2","13C1 S2 O11","de-protonated","1","2023","C15 H32 O11 S2 13C1","15","32","11","-9999","-9999","2","1","-9999","-9999"
"2037","464.13443","464.134515388","464.134302456","2283225","-9999","439232.2","20.77","-1","0.458774161","0.962529868","0.98219408","0.970395552","6","0.444444444","1.611111111","13C1 N2 S1 P1 O8","de-protonated","1","2023","C17 H29 O8 N2 P1 S1 13C1","17","29","8","2","1","1","1","-9999","-9999"
"2037","464.13443","464.134515388","464.134438801","2283225","-9999","439232.2","20.77","-1","0.165010822","0.995071596","0","0.597042958","6","0.588235294","1.588235294","N3 S1 O10","de-protonated","0","-9999","C17 H27 O10 N3 S1","17","27","10","3","-9999","1","-9999","-9999","-9999"
"2038","464.170795","464.170880374","464.171068088","2029802.9","-9999","450563.7","18.28","-1","-0.404405005","0.647174157","0.929726258","0.760194997","0","0.588235294","2.117647059","13C1 S2 O10","de-protonated","1","2028","C16 H36 O10 S2 13C1","16","36","10","-9999","-9999","2","1","-9999","-9999"
"2038","464.170795","464.170880374","464.170687965","2029802.9","-9999","450563.7","18.28","-1","0.41452298","0.969302827","0.97067614","0.969852152","5","0.368421053","1.736842105","13C1 N2 S1 P1 O7","de-protonated","1","2028","C18 H33 O7 N2 P1 S1 13C1","18","33","7","2","1","1","1","-9999","-9999"
"2038","464.170795","464.170880374","464.170824311","2029802.9","-9999","450563.7","18.28","-1","0.120782681","0.997356444","0","0.598413866","5","0.5","1.722222222","N3 S1 O9","de-protonated","0","-9999","C18 H31 O9 N3 S1","18","31","9","3","-9999","1","-9999","-9999","-9999"
"2039","464.244545","464.244630346","464.244246778","1342223.1","-9999","482221","11.53","-1","0.826220053","0.883499941","0","0.530099964","12","0.178571429","1.25","N1 O5","de-protonated","0","-9999","C28 H35 O5 N1","28","35","5","1","-9999","-9999","-9999","-9999","-9999"
"2042","465.028957","465.029042043","465.029066007","1210258.1","-9999","427448.4","10.23","-1","-0.051532493","0.999518261","0","0.599710957","21","0.038461538","0.576923077","N2 S2 P1 O1","de-protonated","0","-9999","C26 H15 O1 N2 P1 S2","26","15","1","2","1","2","-9999","-9999","-9999"
"2043","465.036015","465.03610004","465.036438835","1028757.6","-9999","581932.2","8.45","-1","-0.728535287","0.908185733","0","0.54491144","22","0.32","0.4","N2 O8","de-protonated","0","-9999","C25 H10 O8 N2","25","10","8","2","-9999","-9999","-9999","-9999","-9999"
"2043","465.036015","465.03610004","465.035787387","1028757.6","-9999","581932.2","8.45","-1","0.672320782","0.921255772","0","0.552753463","13","0.588235294","0.823529412","N4 S1 O10","de-protonated","0","-9999","C17 H14 O10 N4 S1","17","14","10","4","-9999","1","-9999","-9999","-9999"
"2044","465.03755","465.037635039","465.038092606","3570838.3","-9999","386683.5","33.4","-1","-0.983933007","0.419449543","0.800793265","0.571987032","17","0.391304348","0.652173913","P1 O9","de-protonated","0","-9999","C23 H15 O9 P1","23","15","9","-9999","1","-9999","-9999","-9999","-9999"
"2044","465.03755","465.037635039","465.037308215","3570838.3","-9999","386683.5","33.4","-1","0.702791099","0.457139141","0.780512821","0.586488613","21","0.115384615","0.538461538","N2 S2 O3","de-protonated","0","-9999","C26 H14 O3 N2 S2","26","14","3","2","-9999","2","-9999","-9999","-9999"
"2044","465.03755","465.037635039","465.037441157","3570838.3","-9999","386683.5","33.4","-1","0.416917723","0.48447635","0.860410506","0.634850013","8","0.733333333","1.266666667","N2 S1 P1 O11","de-protonated","0","-9999","C15 H19 O11 N2 P1 S1","15","19","11","2","1","1","-9999","-9999","-9999"
"2045","465.052792","465.052877033","465.053077421","912029.8","-9999","386088.6","7.3","-1","-0.430891356","0.96687206","0","0.580123236","7","0.647058824","1.294117647","S2 O11","de-protonated","0","-9999","C17 H22 O11 S2","17","22","11","-9999","-9999","2","-9999","-9999","-9999"
"2045","465.052792","465.052877033","465.052697298","912029.8","-9999","386088.6","7.3","-1","0.386483445","0.973261096","0","0.583956658","12","0.421052632","1","N2 S1 P1 O8","de-protonated","0","-9999","C19 H19 O8 N2 P1 S1","19","19","8","2","1","1","-9999","-9999","-9999"
"2046","465.065465","465.065550029","465.06596458","2139300.3","-9999","383144","19.35","-1","-0.891382841","0.865738413","0","0.519443048","2","0.785714286","1.928571429","S2 P1 O11","de-protonated","0","-9999","C14 H27 O11 P1 S2","14","27","11","-9999","1","2","-9999","-9999","-9999"
"2047","465.06936","465.069445027","465.069670973","1628838","-9999","524187.2","14.34","-1","-0.485831651","0.958076388","0","0.574845833","16","0.181818182","0.818181818","N4 S2 O4","de-protonated","0","-9999","C22 H18 O4 N4 S2","22","18","4","4","-9999","2","-9999","-9999","-9999"
"2048","465.07393","465.074015025","465.074478115","10014888","-9999","390426.4","96.65","-1","-0.995732436","0.844168123","0.973317409","0.895827837","16","0.333333333","0.791666667","P1 O8","de-protonated","0","-9999","C24 H19 O8 P1","24","19","8","-9999","1","-9999","-9999","-9999","-9999"
"2048","465.07393","465.074015025","465.074206789","10014888","-9999","390426.4","96.65","-1","-0.412329001","0.649047136","0.927888738","0.760583777","2","0.928571429","1.857142857","S2 O13","de-protonated","0","-9999","C14 H26 O13 S2","14","26","13","-9999","-9999","2","-9999","-9999","-9999"
"2048","465.07393","465.074015025","465.073693725","10014888","-9999","390426.4","96.65","-1","0.690859688","0.606930359","0.903247204","0.725457097","20","0.074074074","0.666666667","N2 S2 O2","de-protonated","0","-9999","C27 H18 O2 N2 S2","27","18","2","2","-9999","2","-9999","-9999","-9999"
"2048","465.07393","465.074015025","465.073826666","10014888","-9999","390426.4","96.65","-1","0.405008681","0.966376364","0.968122232","0.967074711","7","0.625","1.4375","N2 S1 P1 O10","de-protonated","0","-9999","C16 H23 O10 N2 P1 S1","16","23","10","2","1","1","-9999","-9999","-9999"
"2049","465.083033","465.083118022","465.082720324","911788.8","-9999","349236.2","7.3","-1","0.855112931","0.87574654","0","0.525447924","16","0.416666667","0.75","O10","de-protonated","0","-9999","C24 H18 O10","24","18","10","-9999","-9999","-9999","-9999","-9999","-9999"
"2049","465.083033","465.083118022","465.083209581","911788.8","-9999","349236.2","7.3","-1","-0.196866067","0.992992398","0","0.595795439","20","0.074074074","0.703703704","N2 S1 P1 O2","de-protonated","0","-9999","C27 H19 O2 N2 P1 S1","27","19","2","2","1","1","-9999","-9999","-9999"
"2050","465.101871","465.101956014","465.10235009","1696182.1","-9999","265135.6","15","-1","-0.84728715","0.877866104","0","0.526719663","1","0.666666667","2.066666667","S2 P1 O10","de-protonated","0","-9999","C15 H31 O10 P1 S2","15","31","10","-9999","1","2","-9999","-9999","-9999"
"2051","465.105617","465.105702013","465.106056482","1788600","-9999","459622.3","15.91","-1","-0.762124956","0.899971982","0","0.539983189","15","0.130434783","0.956521739","N4 S2 O3","de-protonated","0","-9999","C23 H22 O3 N4 S2","23","22","3","4","-9999","2","-9999","-9999","-9999"
"2052","465.108226","465.108311012","465.108361701","2327737.3","-9999","518580.4","21.2","-1","-0.108982993","0.498923601","0.761234226","0.603847851","19","0.068965517","0.793103448","S1 P1 O2","de-protonated","0","-9999","C29 H23 O2 P1 S1","29","23","2","-9999","1","1","-9999","-9999","-9999"
"2052","465.108226","465.108311012","465.108558405","2327737.3","-9999","518580.4","21.2","-1","-0.531904621","0.949959506","0","0.569975704","11","0.421052632","1.157894737","N4 S1 O8","de-protonated","0","-9999","C19 H22 O8 N4 S1","19","22","8","4","-9999","1","-9999","-9999","-9999"
"2053","465.110211","465.110296011","465.110592298","12505274","-9999","454867.5","121.1","-1","-0.63702475","0.615762768","0.928511829","0.740862393","1","0.8","2","S2 O12","de-protonated","0","-9999","C15 H30 O12 S2","15","30","12","-9999","-9999","2","-9999","-9999","-9999"
"2053","465.110211","465.110296011","465.110079234","12505274","-9999","454867.5","121.1","-1","0.466077389","0.482636859","0.882450697","0.642562394","19","0.035714286","0.785714286","N2 S2 O1","de-protonated","0","-9999","C28 H22 O1 N2 S2","28","22","1","2","-9999","2","-9999","-9999","-9999"
"2053","465.110211","465.110296011","465.110212176","12505274","-9999","454867.5","121.1","-1","0.180248808","0.663686185","0.963320355","0.783539853","6","0.529411765","1.588235294","N2 S1 P1 O9","de-protonated","0","-9999","C17 H27 O9 N2 P1 S1","17","27","9","2","1","1","-9999","-9999","-9999"
"2054","465.111445","465.111530011","465.111733004","6129851","-9999","506186.6","58.52","-1","-0.436440217","0.945967752","0.937439153","0.942556312","14","0.076923077","1.038461538","S2 P1 O2","de-protonated","0","-9999","C26 H27 O2 P1 S2","26","27","2","-9999","1","2","-9999","-9999","-9999"
"2054","465.111445","465.111530011","465.111929709","6129851","-9999","506186.6","58.52","-1","-0.859358641","0.583379681","0.929124245","0.721677507","6","0.5","1.625","N4 S2 O8","de-protonated","0","-9999","C16 H26 O8 N4 S2","16","26","8","4","-9999","2","-9999","-9999","-9999"
"2055","465.11917","465.119255008","465.119105833","883902.7","-9999","459295.6","7.03","-1","0.320724146","0.98150857","0","0.588905142","15","0.36","0.88","O9","de-protonated","0","-9999","C25 H22 O9","25","22","9","-9999","-9999","-9999","-9999","-9999","-9999"
"2055","465.11917","465.119255008","465.11959509","883902.7","-9999","459295.6","7.03","-1","-0.731171995","0.90755171","0","0.544531026","19","0.035714286","0.821428571","N2 S1 P1 O1","de-protonated","0","-9999","C28 H23 O1 N2 P1 S1","28","23","1","2","1","1","-9999","-9999","-9999"
"2055","465.11917","465.119255008","465.118943642","883902.7","-9999","459295.6","7.03","-1","0.669433619","0.921903557","0","0.553142134","10","0.15","1.35","N4 S2 P1 O3","de-protonated","0","-9999","C20 H27 O3 N4 P1 S2","20","27","3","4","1","2","-9999","-9999","-9999"
"2056","465.138925","465.13901","465.138735599","1569480.5","-9999","463552.5","13.75","-1","0.589933841","0.938804405","0","0.563282643","0","0.5625","2.1875","S2 P1 O9","de-protonated","0","-9999","C16 H35 O9 P1 S2","16","35","9","-9999","1","2","-9999","-9999","-9999"
"2056","465.138925","465.13901","465.139070688","1569480.5","-9999","463552.5","13.75","-1","-0.130472461","0.996915953","0","0.598149572","19","0.074074074","0.814814815","N4 S1 O2","de-protonated","0","-9999","C27 H22 O2 N4 S1","27","22","2","4","-9999","1","-9999","-9999","-9999"
"2056","465.138925","465.13901","465.13920363","1569480.5","-9999","463552.5","13.75","-1","-0.416283056","0.969045677","0","0.581427406","6","0.625","1.6875","N4 P1 O10","de-protonated","0","-9999","C16 H27 O10 N4 P1","16","27","10","4","1","-9999","-9999","-9999","-9999"
"2057","465.142278","465.142362999","465.142441991","1877706.1","-9999","382087.8","16.78","-1","-0.169824227","0.49739032","0.793917021","0.616001","14","0.083333333","1.083333333","N4 S2 O2","de-protonated","0","-9999","C24 H26 O2 N4 S2","24","26","2","4","-9999","2","-9999","-9999","-9999"
"2057","465.142278","465.142362999","465.142574933","1877706.1","-9999","382087.8","16.78","-1","-0.455632739","0.963031687","0","0.577819012","1","0.769230769","2.384615385","N4 S1 P1 O10","de-protonated","0","-9999","C13 H31 O10 N4 P1 S1","13","31","10","4","1","1","-9999","-9999","-9999"
"2058","465.146704","465.146788997","465.147249134","13123788","-9999","387981.1","127.17","-1","-0.989227771","0.279103439","0.758019412","0.470669828","14","0.230769231","1.038461538","P1 O6","de-protonated","0","-9999","C26 H27 O6 P1","26","27","6","-9999","1","-9999","-9999","-9999","-9999"
"2058","465.146704","465.146788997","465.146977808","13123788","-9999","387981.1","127.17","-1","-0.405915604","0.646109504","0.929124245","0.7593154","0","0.6875","2.125","S2 O11","de-protonated","0","-9999","C16 H34 O11 S2","16","34","11","-9999","-9999","2","-9999","-9999","-9999"
"2058","465.146704","465.146788997","465.146597685","13123788","-9999","387981.1","127.17","-1","0.411294212","0.647488331","0.963901354","0.77405354","5","0.444444444","1.722222222","N2 S1 P1 O8","de-protonated","0","-9999","C18 H31 O8 N2 P1 S1","18","31","8","2","1","1","-9999","-9999","-9999"
"2059","465.160659","465.160743992","465.160851505","1089747.3","-9999","594936","9.05","-1","-0.23113076","0.99035358","0","0.594212148","23","0.0625","0.6875","N2 O2","de-protonated","0","-9999","C32 H22 O2 N2","32","22","2","2","-9999","-9999","-9999","-9999","-9999"
"2059","465.160659","465.160743992","465.161202378","1089747.3","-9999","594936","9.05","-1","-0.98543451","0.8384491","0","0.50306946","0","0.5","2.5","N4 S2 P1 O7","de-protonated","0","-9999","C14 H35 O7 N4 P1 S2","14","35","7","4","1","2","-9999","-9999","-9999"
"2059","465.160659","465.160743992","465.160332998","1089747.3","-9999","594936","9.05","-1","0.883553346","0.867924184","0","0.52075451","1","0.923076923","2.384615385","N4 P1 O12","de-protonated","0","-9999","C13 H31 O12 N4 P1","13","31","12","4","1","-9999","-9999","-9999","-9999"
"2060","465.17506","465.175144986","465.175456197","3979482.3","-9999","379788.3","37.41","-1","-0.669018871","0.925397408","0.967092323","0.942075374","18","0.035714286","0.928571429","N4 S1 O1","de-protonated","0","-9999","C28 H26 O1 N4 S1","28","26","1","4","-9999","1","-9999","-9999","-9999"
"2060","465.17506","465.175144986","465.175589139","3979482.3","-9999","379788.3","37.41","-1","-0.954806957","0.852127667","0.889956843","0.867259338","5","0.529411765","1.823529412","N4 P1 O9","de-protonated","0","-9999","C17 H31 O9 N4 P1","17","31","9","4","1","-9999","-9999","-9999","-9999"
"2061","465.178687","465.178771985","465.178827501","957404.1","-9999","406372","7.75","-1","-0.119343094","0.997419004","0","0.598451402","13","0.04","1.2","N4 S2 O1","de-protonated","0","-9999","C25 H30 O1 N4 S2","25","30","1","4","-9999","2","-9999","-9999","-9999"
"2061","465.178687","465.178771985","465.178960442","957404.1","-9999","406372","7.75","-1","-0.405129266","0.970657966","0","0.582394779","0","0.642857143","2.5","N4 S1 P1 O9","de-protonated","0","-9999","C14 H35 O9 N4 P1 S1","14","35","9","4","1","1","-9999","-9999","-9999"
"2062","465.183116","465.183200983","465.183634643","5875934.5","-9999","366966.9","56.03","-1","-0.932234005","0.86456863","0.983636734","0.912195871","13","0.185185185","1.148148148","P1 O5","de-protonated","0","-9999","C27 H31 O5 P1","27","31","5","-9999","1","-9999","-9999","-9999","-9999"
"2062","465.183116","465.183200983","465.182983194","5875934.5","-9999","366966.9","56.03","-1","0.468178512","0.954771626","0.960810185","0.957187049","4","0.368421053","1.842105263","N2 S1 P1 O7","de-protonated","0","-9999","C19 H35 O7 N2 P1 S1","19","35","7","2","1","1","-9999","-9999","-9999"
"2063","465.219528","465.219612969","465.220020152","2147056.3","-9999","411550.6","19.42","-1","-0.875249154","0.435113676","0.767553728","0.568089697","12","0.142857143","1.25","P1 O4","de-protonated","0","-9999","C28 H35 O4 P1","28","35","4","-9999","1","-9999","-9999","-9999","-9999"
"2063","465.219528","465.219612969","465.219368704","2147056.3","-9999","411550.6","19.42","-1","0.525053915","0.951208434","0","0.570725061","3","0.3","1.95","N2 S1 P1 O6","de-protonated","0","-9999","C20 H39 O6 N2 P1 S1","20","39","6","2","1","1","-9999","-9999","-9999"
"2064","466.069286","466.06937064","466.069727087","1060501.6","-9999","521954.9","8.75","-1","-0.76479272","0.899307037","0","0.539584222","16","0.347826087","0.782608696","N1 P1 O8","de-protonated","0","-9999","C23 H18 O8 N1 P1","23","18","8","1","1","-9999","-9999","-9999","-9999"
"2064","466.069286","466.06937064","466.068942697","1060501.6","-9999","521954.9","8.75","-1","0.918198225","0.858149282","0","0.514889569","20","0.076923077","0.653846154","N3 S2 O2","de-protonated","0","-9999","C26 H17 O2 N3 S2","26","17","2","3","-9999","2","-9999","-9999","-9999"
"2064","466.069286","466.06937064","466.069075639","1060501.6","-9999","521954.9","8.75","-1","0.632957562","0.929884639","0","0.557930784","7","0.666666667","1.466666667","N3 S1 P1 O10","de-protonated","0","-9999","C15 H22 O10 N3 P1 S1","15","22","10","3","1","1","-9999","-9999","-9999"
"2065","466.077312","466.077396637","466.07783295","2189465.8","-9999","405192.3","19.84","-1","-0.936137006","0.852985263","0.973317409","0.901118121","16","0.333333333","0.791666667","13C1 P1 O8","de-protonated","1","2048","C23 H19 O8 P1 13C1","23","19","8","-9999","1","-9999","1","-9999","-9999"
"2065","466.077312","466.077396637","466.077561624","2189465.8","-9999","405192.3","19.84","-1","-0.353989466","0.651679646","0.927888738","0.762163283","2","0.928571429","1.857142857","13C1 S2 O13","de-protonated","1","2048","C13 H26 O13 S2 13C1","13","26","13","-9999","-9999","2","1","-9999","-9999"
"2065","466.077312","466.077396637","466.07704856","2189465.8","-9999","405192.3","19.84","-1","0.74682438","0.602500065","0.903247204","0.722798921","20","0.074074074","0.666666667","13C1 N2 S2 O2","de-protonated","1","2048","C26 H18 O2 N2 S2 13C1","26","18","2","2","-9999","2","1","-9999","-9999"
"2065","466.077312","466.077396637","466.077181501","2189465.8","-9999","405192.3","19.84","-1","0.461588727","0.962077557","0.968122232","0.964495427","7","0.625","1.4375","13C1 N2 S1 P1 O10","de-protonated","1","2048","C15 H23 O10 N2 P1 S1 13C1","15","23","10","2","1","1","1","-9999","-9999"
"2065","466.077312","466.077396637","466.077317847","2189465.8","-9999","405192.3","19.84","-1","0.169049962","0.994828001","0","0.5968968","7","0.8","1.4","N3 S1 O12","de-protonated","0","-9999","C15 H21 O12 N3 S1","15","21","12","3","-9999","1","-9999","-9999","-9999"
"2066","466.105733","466.105817626","466.106112597","1421991.8","-9999","477163.3","12.3","-1","-0.632839103","0.929909939","0","0.557945964","15","0.291666667","0.916666667","N1 P1 O7","de-protonated","0","-9999","C24 H22 O7 N1 P1","24","22","7","1","1","-9999","-9999","-9999","-9999"
"2066","466.105733","466.105817626","466.10584127","1421991.8","-9999","477163.3","12.3","-1","-0.050726706","0.999533205","0","0.599719923","1","0.857142857","2.071428571","N1 S2 O12","de-protonated","0","-9999","C14 H29 O12 N1 S2","14","29","12","1","-9999","2","-9999","-9999","-9999"
"2066","466.105733","466.105817626","466.105461148","1421991.8","-9999","477163.3","12.3","-1","0.764802251","0.899304658","0","0.539582795","6","0.5625","1.625","N3 S1 P1 O9","de-protonated","0","-9999","C16 H26 O9 N3 P1 S1","16","26","9","3","1","1","-9999","-9999","-9999"
"2067","466.113543","466.113627623","466.113947133","2863787.5","-9999","429088.8","26.45","-1","-0.685475956","0.612183182","0.928511829","0.738714641","1","0.8","2","13C1 S2 O12","de-protonated","1","2053","C14 H30 O12 S2 13C1","14","30","12","-9999","-9999","2","1","-9999","-9999"
"2067","466.113543","466.113627623","466.113434069","2863787.5","-9999","429088.8","26.45","-1","0.415251594","0.48459825","0.882450697","0.643739229","19","0.035714286","0.785714286","13C1 N2 S2 O1","de-protonated","1","2053","C27 H22 O1 N2 S2 13C1","27","22","1","2","-9999","2","1","-9999","-9999"
"2067","466.113543","466.113627623","466.113567011","2863787.5","-9999","429088.8","26.45","-1","0.130038301","0.664624275","0.963320355","0.784102707","6","0.529411765","1.588235294","13C1 N2 S1 P1 O9","de-protonated","1","2053","C16 H27 O9 N2 P1 S1 13C1","16","27","9","2","1","1","1","-9999","-9999"
"2067","466.113543","466.113627623","466.113703356","2863787.5","-9999","429088.8","26.45","-1","-0.16247753","0.4976107","0.85247738","0.639557372","6","0.6875","1.5625","N3 S1 O11","de-protonated","0","-9999","C16 H25 O11 N3 S1","16","25","11","3","-9999","1","-9999","-9999","-9999"
"2068","466.114801","466.114885623","466.115087839","1297068.3","-9999","583475.9","11.08","-1","-0.433833671","0.946100319","0.937439153","0.942635852","14","0.076923077","1.038461538","13C1 S2 P1 O2","de-protonated","1","2054","C25 H27 O2 P1 S2 13C1","25","27","2","-9999","1","2","1","-9999","-9999"
"2068","466.114801","466.114885623","466.115224185","1297068.3","-9999","583475.9","11.08","-1","-0.726348384","0.908710192","0","0.545226115","14","0.16","1","N1 S2 O4","de-protonated","0","-9999","C25 H25 O4 N1 S2","25","25","4","1","-9999","2","-9999","-9999","-9999"
"2068","466.114801","466.114885623","466.114844062","1297068.3","-9999","583475.9","11.08","-1","0.089163606","0.998558496","0","0.599135098","19","0.037037037","0.814814815","N3 S1 P1 O1","de-protonated","0","-9999","C27 H22 O1 N3 P1 S1","27","22","1","3","1","1","-9999","-9999","-9999"
"2068","466.114801","466.114885623","466.115284544","1297068.3","-9999","583475.9","11.08","-1","-0.855841726","0.583698947","0.929124245","0.721869066","6","0.5","1.625","13C1 N4 S2 O8","de-protonated","1","2054","C15 H26 O8 N4 S2 13C1","15","26","8","4","-9999","2","1","-9999","-9999"
"2069","466.142082","466.142166612","466.142498106","1394873.9","-9999","499145.6","12.04","-1","-0.711142145","0.912321525","0","0.547392915","14","0.24","1.04","N1 P1 O6","de-protonated","0","-9999","C25 H26 O6 N1 P1","25","26","6","1","1","-9999","-9999","-9999","-9999"
"2069","466.142082","466.142166612","466.14222678","1394873.9","-9999","499145.6","12.04","-1","-0.129075232","0.996981554","0","0.598188933","0","0.733333333","2.2","N1 S2 O11","de-protonated","0","-9999","C15 H33 O11 N1 S2","15","33","11","1","-9999","2","-9999","-9999","-9999"
"2069","466.142082","466.142166612","466.141846657","1394873.9","-9999","499145.6","12.04","-1","0.686390004","0.918065864","0","0.550839518","5","0.470588235","1.764705882","N3 S1 P1 O8","de-protonated","0","-9999","C17 H30 O8 N3 P1 S1","17","30","8","3","1","1","-9999","-9999","-9999"
"2070","466.15005","466.150134609","466.150332643","3012285.8","-9999","410466.8","27.91","-1","-0.424827256","0.645188575","0.929124245","0.758762843","0","0.6875","2.125","13C1 S2 O11","de-protonated","1","2058","C15 H34 O11 S2 13C1","15","34","11","-9999","-9999","2","1","-9999","-9999"
"2070","466.15005","466.150134609","466.14995252","3012285.8","-9999","410466.8","27.91","-1","0.390623559","0.648462063","0.963901354","0.77463778","5","0.444444444","1.722222222","13C1 N2 S1 P1 O8","de-protonated","1","2058","C17 H31 O8 N2 P1 S1 13C1","17","31","8","2","1","1","1","-9999","-9999"
"2070","466.15005","466.150134609","466.150088866","3012285.8","-9999","410466.8","27.91","-1","0.098130483","0.499127124","0.844689208","0.637351958","5","0.588235294","1.705882353","N3 S1 O10","de-protonated","0","-9999","C17 H29 O10 N3 S1","17","29","10","3","-9999","1","-9999","-9999","-9999"
"2071","466.178429","466.178513598","466.178883615","1437387.9","-9999","428833","12.45","-1","-0.793723162","0.891979588","0","0.535187753","13","0.192307692","1.153846154","N1 P1 O5","de-protonated","0","-9999","C26 H30 O5 N1 P1","26","30","5","1","1","-9999","-9999","-9999","-9999"
"2071","466.178429","466.178513598","466.178232167","1437387.9","-9999","428833","12.45","-1","0.603699793","0.936009551","0","0.561605731","4","0.388888889","1.888888889","N3 S1 P1 O7","de-protonated","0","-9999","C18 H34 O7 N3 P1 S1","18","34","7","3","1","1","-9999","-9999","-9999"
"2071","466.178429","466.178513598","466.178811032","1437387.9","-9999","428833","12.45","-1","-0.638025819","0.928798395","0.967092323","0.944115966","18","0.035714286","0.928571429","13C1 N4 S1 O1","de-protonated","1","2060","C27 H26 O1 N4 S1 13C1","27","26","1","4","-9999","1","1","-9999","-9999"
"2071","466.178429","466.178513598","466.178943974","1437387.9","-9999","428833","12.45","-1","-0.923198812","0.85671669","0.889956843","0.870012751","5","0.529411765","1.823529412","13C1 N4 P1 O9","de-protonated","1","2060","C16 H31 O9 N4 P1 13C1","16","31","9","4","1","-9999","1","-9999","-9999"
"2072","466.186505","466.186589595","466.186989478","1558735.9","-9999","480211.4","13.64","-1","-0.857773766","0.875022605","0.983636734","0.918468257","13","0.185185185","1.148148148","13C1 P1 O5","de-protonated","1","2062","C26 H31 O5 P1 13C1","26","31","5","-9999","1","-9999","1","-9999","-9999"
"2072","466.186505","466.186589595","466.186338029","1558735.9","-9999","480211.4","13.64","-1","0.539624802","0.948534671","0.960810185","0.953444876","4","0.368421053","1.842105263","13C1 N2 S1 P1 O7","de-protonated","1","2062","C18 H35 O7 N2 P1 S1 13C1","18","35","7","2","1","1","1","-9999","-9999"
"2072","466.186505","466.186589595","466.186474375","1558735.9","-9999","480211.4","13.64","-1","0.247154512","0.988977343","0","0.593386406","4","0.5","1.833333333","N3 S1 O9","de-protonated","0","-9999","C18 H33 O9 N3 S1","18","33","9","3","-9999","1","-9999","-9999","-9999"
"2076","467.004732","467.004816279","467.004470001","1053031.5","-9999","438537.3","8.68","-1","0.741486789","0.905053727","0","0.543032236","22","0.4","0.32","O10","de-protonated","0","-9999","C25 H8 O10","25","8","10","-9999","-9999","-9999","-9999","-9999","-9999"
"2076","467.004732","467.004816279","467.004959259","1053031.5","-9999","438537.3","8.68","-1","-0.306163141","0.983135573","0","0.589881344","26","0.071428571","0.321428571","N2 S1 P1 O2","de-protonated","0","-9999","C28 H9 O2 N2 P1 S1","28","9","2","2","1","1","-9999","-9999","-9999"
"2077","467.041218","467.041302265","467.04172489","1109625.8","-9999","371021.5","9.23","-1","-0.904899193","0.861932856","0","0.517159713","20","0.148148148","0.592592593","S2 O4","de-protonated","0","-9999","C27 H16 O4 S2","27","16","4","-9999","-9999","2","-9999","-9999","-9999"
"2077","467.041218","467.041302265","467.040855511","1109625.8","-9999","371021.5","9.23","-1","0.956563403","0.847022513","0","0.508213508","21","0.346153846","0.461538462","O9","de-protonated","0","-9999","C26 H12 O9","26","12","9","-9999","-9999","-9999","-9999","-9999","-9999"
"2077","467.041218","467.041302265","467.041344768","1109625.8","-9999","371021.5","9.23","-1","-0.091005134","0.998498382","0","0.599099029","25","0.034482759","0.448275862","N2 S1 P1 O1","de-protonated","0","-9999","C29 H13 O1 N2 P1 S1","29","13","1","2","1","1","-9999","-9999","-9999"
"2078","467.044702","467.044786263","467.045229135","1068667.5","-9999","305025.4","8.83","-1","-0.948242374","0.849462014","0","0.509677209","2","0.923076923","1.923076923","S2 P1 O12","de-protonated","0","-9999","C13 H25 O12 P1 S2","13","25","12","-9999","1","2","-9999","-9999","-9999"
"2078","467.044702","467.044786263","467.044716071","1068667.5","-9999","305025.4","8.83","-1","0.150290048","0.995909988","0","0.597545993","20","0.038461538","0.653846154","N2 S2 P1 O1","de-protonated","0","-9999","C26 H17 O1 N2 P1 S2","26","17","1","2","1","2","-9999","-9999","-9999"
"2079","467.048526","467.048610262","467.048935528","1137533.4","-9999","391562.9","9.51","-1","-0.696427656","0.915756576","0","0.549453946","16","0.238095238","0.761904762","N4 S2 O5","de-protonated","0","-9999","C21 H16 O5 N4 S2","21","16","5","4","-9999","2","-9999","-9999","-9999"
"2080","467.053274","467.05335826","467.053609728","7406720","-9999","390812.3","71.04","-1","-0.538414233","0.638757113","0.855350413","0.725394433","29","0.029411765","0.352941176","S1 O1","de-protonated","0","-9999","C34 H12 O1 S1","34","12","1","-9999","-9999","1","-9999","-9999","-9999"
"2080","467.053274","467.05335826","467.05374267","7406720","-9999","390812.3","71.04","-1","-0.823053122","0.898385441","0.958482497","0.922424263","16","0.391304348","0.739130435","P1 O9","de-protonated","0","-9999","C23 H17 O9 P1","23","17","9","-9999","1","-9999","-9999","-9999","-9999"
"2080","467.053274","467.05335826","467.05295828","7406720","-9999","390812.3","71.04","-1","0.856391898","0.573293637","0.887247711","0.698875267","20","0.115384615","0.615384615","N2 S2 O3","de-protonated","0","-9999","C26 H16 O3 N2 S2","26","16","3","2","-9999","2","-9999","-9999","-9999"
"2080","467.053274","467.05335826","467.053091221","7406720","-9999","390812.3","71.04","-1","0.571752214","0.930835024","0.981900262","0.951261119","7","0.733333333","1.4","N2 S1 P1 O11","de-protonated","0","-9999","C15 H21 O11 N2 P1 S1","15","21","11","2","1","1","-9999","-9999","-9999"
"2081","467.059715","467.059799258","467.059482955","907395","-9999","469810.5","7.25","-1","0.67722087","0.920151023","0","0.552090614","20","0.222222222","0.592592593","S1 O6","de-protonated","0","-9999","C27 H16 O6 S1","27","16","6","-9999","-9999","1","-9999","-9999","-9999"
"2081","467.059715","467.059799258","467.059615897","907395","-9999","469810.5","7.25","-1","0.392585214","0.97242197","0","0.583453182","7","0.875","1.3125","P1 O14","de-protonated","0","-9999","C16 H21 O14 P1","16","21","14","-9999","1","-9999","-9999","-9999","-9999"
"2082","467.068515","467.068599254","467.068998811","1135495.4","-9999","352507.7","9.49","-1","-0.855456525","0.875653151","0","0.52539189","20","0.222222222","0.62962963","P1 O6","de-protonated","0","-9999","C27 H17 O6 P1","27","17","6","-9999","1","-9999","-9999","-9999","-9999"
"2082","467.068515","467.068599254","467.068727485","1135495.4","-9999","352507.7","9.49","-1","-0.274544313","0.986416482","0","0.591849889","6","0.647058824","1.411764706","S2 O11","de-protonated","0","-9999","C17 H24 O11 S2","17","24","11","-9999","-9999","2","-9999","-9999","-9999"
"2082","467.068515","467.068599254","467.068347363","1135495.4","-9999","352507.7","9.49","-1","0.539303206","0.948594391","0","0.569156635","11","0.421052632","1.105263158","N2 S1 P1 O8","de-protonated","0","-9999","C19 H21 O8 N2 P1 S1","19","21","8","2","1","1","-9999","-9999","-9999"
"2083","467.077542","467.077626251","467.07724102","1204619.9","-9999","445219.3","10.16","-1","0.824768933","0.883884092","0","0.530330455","20","0.296296296","0.592592593","O8","de-protonated","0","-9999","C27 H16 O8","27","16","8","-9999","-9999","-9999","-9999","-9999","-9999"
"2084","467.081889","467.081973249","467.081614645","1334670","-9999","340868.3","11.44","-1","0.767754897","0.898566566","0","0.53913994","1","0.785714286","2.071428571","S2 P1 O11","de-protonated","0","-9999","C14 H29 O11 P1 S2","14","29","11","-9999","1","2","-9999","-9999","-9999"
"2084","467.081889","467.081973249","467.081949734","1334670","-9999","340868.3","11.44","-1","0.050345078","0.999540201","0","0.599724121","20","0.16","0.64","N4 S1 O4","de-protonated","0","-9999","C25 H16 O4 N4 S1","25","16","4","4","-9999","1","-9999","-9999","-9999"
"2084","467.081889","467.081973249","467.082082675","1334670","-9999","340868.3","11.44","-1","-0.234276709","0.99009051","0","0.594054306","7","0.857142857","1.5","N4 P1 O12","de-protonated","0","-9999","C14 H21 O12 N4 P1","14","21","12","4","1","-9999","-9999","-9999","-9999"
"2085","467.082965","467.083049249","467.083114247","895630.6","-9999","686193.7","7.13","-1","-0.139157394","0.996492452","0","0.597895471","11","0.65","1","O13","de-protonated","0","-9999","C20 H20 O13","20","20","13","-9999","-9999","-9999","-9999","-9999","-9999"
"2085","467.082965","467.083049249","467.082601182","895630.6","-9999","686193.7","7.13","-1","0.959286815","0.846220986","0","0.507732591","29","0.060606061","0.363636364","N2 O2","de-protonated","0","-9999","C33 H12 O2 N2","33","12","2","2","-9999","-9999","-9999","-9999","-9999"
"2085","467.082965","467.083049249","467.082952055","895630.6","-9999","686193.7","7.13","-1","0.208085653","0.99217412","0","0.595304472","6","0.466666667","1.666666667","N4 S2 P1 O7","de-protonated","0","-9999","C15 H25 O7 N4 P1 S2","15","25","7","4","1","2","-9999","-9999","-9999"
"2086","467.085138","467.085222248","467.08532103700003","2089103.8","-9999","400135.6","18.85","-1","-0.211501614","0.49595806","0.807789663","0.620690701","15","0.181818182","0.909090909","N4 S2 O4","de-protonated","0","-9999","C22 H20 O4 N4 S2","22","20","4","4","-9999","2","-9999","-9999","-9999"
"2087","467.089651","467.089735246","467.090128179","11584658","-9999","394258.6","112.05","-1","-0.841236905","0.865011588","0.965465907","0.905193316","15","0.333333333","0.875","P1 O8","de-protonated","0","-9999","C24 H21 O8 P1","24","21","8","-9999","1","-9999","-9999","-9999","-9999"
"2087","467.089651","467.089735246","467.089856853","11584658","-9999","394258.6","112.05","-1","-0.260350962","0.654633055","0.927888738","0.763935328","1","0.928571429","2","S2 O13","de-protonated","0","-9999","C14 H28 O13 S2","14","28","13","-9999","-9999","2","-9999","-9999","-9999"
"2087","467.089651","467.089735246","467.089343789","11584658","-9999","394258.6","112.05","-1","0.838077258","0.595968404","0.895395703","0.715739324","19","0.074074074","0.740740741","N2 S2 O2","de-protonated","0","-9999","C27 H20 O2 N2 S2","27","20","2","2","-9999","2","-9999","-9999","-9999"
"2087","467.089651","467.089735246","467.089476731","11584658","-9999","394258.6","112.05","-1","0.553459753","0.636770467","0.96326014","0.767366336","6","0.625","1.5625","N2 S1 P1 O10","de-protonated","0","-9999","C16 H25 O10 N2 P1 S1","16","25","10","2","1","1","-9999","-9999","-9999"
"2088","467.101224","467.101308242","467.101741691","909463.7","-9999","422631.3","7.27","-1","-0.92795573","0.855348922","0","0.513209353","10","0.476190476","1.142857143","S1 O10","de-protonated","0","-9999","C21 H24 O10 S1","21","24","10","-9999","-9999","1","-9999","-9999","-9999"
"2088","467.101224","467.101308242","467.101361569","909463.7","-9999","422631.3","7.27","-1","-0.114166265","0.997637804","0","0.598582682","15","0.304347826","0.913043478","N2 P1 O7","de-protonated","0","-9999","C23 H21 O7 N2 P1","23","21","7","2","1","-9999","-9999","-9999","-9999"
"2088","467.101224","467.101308242","467.101090243","909463.7","-9999","422631.3","7.27","-1","0.46670613","0.961248638","0","0.576749183","1","0.923076923","2.153846154","N2 S2 O12","de-protonated","0","-9999","C13 H28 O12 N2 S2","13","28","12","2","-9999","2","-9999","-9999","-9999"
"2089","467.104755","467.10483924","467.105112995","1014937.5","-9999","317648.5","8.3","-1","-0.586065995","0.939579553","0","0.563747732","5","0.555555556","1.555555556","S2 O10","de-protonated","0","-9999","C18 H28 O10 S2","18","28","10","-9999","-9999","2","-9999","-9999","-9999"
"2089","467.104755","467.10483924","467.104732872","1014937.5","-9999","317648.5","8.3","-1","0.227717875","0.990635027","0","0.594381016","10","0.35","1.25","N2 S1 P1 O7","de-protonated","0","-9999","C20 H25 O7 N2 P1 S1","20","25","7","2","1","1","-9999","-9999","-9999"
"2090","467.107099","467.107183239","467.107528834","1088666.6","-9999","526911.1","9.03","-1","-0.739860819","0.925774839","0.937439153","0.930440565","14","0.076923077","1.038461538","S1 34S1 P1 O2","de-protonated","1","2054","C26 H27 O2 P1 S1 34S1","26","27","2","-9999","1","1","-9999","-9999","1"
"2090","467.107099","467.107183239","467.107101854","1088666.6","-9999","526911.1","9.03","-1","0.174232999","0.99450688","0","0.596704128","19","0.148148148","0.740740741","N2 S1 O4","de-protonated","0","-9999","C27 H20 O4 N2 S1","27","20","4","2","-9999","1","-9999","-9999","-9999"
"2090","467.107099","467.107183239","467.107234796","1088666.6","-9999","526911.1","9.03","-1","-0.110373497","0.997791977","0","0.598675186","6","0.75","1.5625","N2 P1 O12","de-protonated","0","-9999","C16 H25 O12 N2 P1","16","25","12","2","1","-9999","-9999","-9999","-9999"
"2090","467.107099","467.107183239","467.106721731","1088666.6","-9999","526911.1","9.03","-1","0.988014023","0.837675006","0","0.502605004","24","0.034482759","0.586206897","N4 P1 O1","de-protonated","0","-9999","C29 H17 O1 N4 P1","29","17","1","4","1","-9999","-9999","-9999","-9999"
"2091","467.109196","467.109280238","467.109603777","6288539.5","-9999","372391.9","60.07","-1","-0.692639986","0.93906311","0.967478285","0.95042918","15","0.391304348","0.869565217","N2 O9","de-protonated","0","-9999","C23 H20 O9 N2","23","20","9","2","-9999","-9999","-9999","-9999","-9999"
"2091","467.109196","467.109280238","467.108952329","6288539.5","-9999","372391.9","60.07","-1","0.701998728","0.885121371","0.972904474","0.920234612","6","0.733333333","1.6","N4 S1 O11","de-protonated","0","-9999","C15 H24 O11 N4 S1","15","24","11","4","-9999","1","-9999","-9999","-9999"
"2092","467.118218","467.118302235","467.118000154","1825952.3","-9999","440622","16.26","-1","0.646690563","0.926924264","0","0.556154559","0","0.666666667","2.2","S2 P1 O10","de-protonated","0","-9999","C15 H33 O10 P1 S2","15","33","10","-9999","1","2","-9999","-9999","-9999"
"2092","467.118218","467.118302235","467.118335243","1825952.3","-9999","440622","16.26","-1","-0.070663288","0.990772208","0.79575789","0.912766481","19","0.115384615","0.769230769","N4 S1 O3","de-protonated","0","-9999","C26 H20 O3 N4 S1","26","20","3","4","-9999","1","-9999","-9999","-9999"
"2092","467.118218","467.118302235","467.118468185","1825952.3","-9999","440622","16.26","-1","-0.355262869","0.977359288","0","0.586415573","6","0.733333333","1.666666667","N4 P1 O11","de-protonated","0","-9999","C15 H25 O11 N4 P1","15","25","11","4","1","-9999","-9999","-9999","-9999"
"2093","467.121468","467.121552234","467.121706546","2218657.8","-9999","454324.3","20.12","-1","-0.33034794","0.490196655","0.800793265","0.614435299","14","0.130434783","1.043478261","N4 S2 O3","de-protonated","0","-9999","C23 H24 O3 N4 S2","23","24","3","4","-9999","2","-9999","-9999","-9999"
"2093","467.121468","467.121552234","467.121839488","2218657.8","-9999","454324.3","20.12","-1","-0.614945394","0.93368492","0","0.560210952","1","0.916666667","2.416666667","N4 S1 P1 O11","de-protonated","0","-9999","C12 H29 O11 N4 P1 S1","12","29","11","4","1","1","-9999","-9999","-9999"
"2094","467.123733","467.123817233","467.124011765","2209955","-9999","307704","20.03","-1","-0.416447291","0.484510815","0.761234226","0.595200179","18","0.068965517","0.862068966","S1 P1 O2","de-protonated","0","-9999","C29 H25 O2 P1 S1","29","25","2","-9999","1","1","-9999","-9999","-9999"
"2094","467.123733","467.123817233","467.123360317","2209955","-9999","307704","20.03","-1","0.978148792","0.420314197","0.81490939","0.578152275","9","0.19047619","1.380952381","N2 S2 P1 O4","de-protonated","0","-9999","C21 H29 O4 N2 P1 S2","21","29","4","2","1","2","-9999","-9999","-9999"
"2094","467.123733","467.123817233","467.12420847","2209955","-9999","307704","20.03","-1","-0.837543874","0.880484832","0","0.528290899","10","0.421052632","1.263157895","N4 S1 O8","de-protonated","0","-9999","C19 H24 O8 N4 S1","19","24","8","4","-9999","1","-9999","-9999","-9999"
"2095","467.126024","467.126108232","467.126513689","13530276","-9999","375188.6","131.15","-1","-0.867980843","0.861226955","0.980779701","0.909048054","14","0.28","1","P1 O7","de-protonated","0","-9999","C25 H25 O7 P1","25","25","7","-9999","1","-9999","-9999","-9999","-9999"
"2095","467.126024","467.126108232","467.126242363","13530276","-9999","375188.6","131.15","-1","-0.287140162","0.653710944","0.928511829","0.763631298","0","0.8","2.133333333","S2 O12","de-protonated","0","-9999","C15 H32 O12 S2","15","32","12","-9999","-9999","2","-9999","-9999","-9999"
"2095","467.126024","467.126108232","467.125729298","13530276","-9999","375188.6","131.15","-1","0.811202469","0.448824171","0.889737965","0.625189688","18","0.035714286","0.857142857","N2 S2 O1","de-protonated","0","-9999","C28 H24 O1 N2 S2","28","24","1","2","-9999","2","-9999","-9999","-9999"
"2095","467.126024","467.126108232","467.12586224","13530276","-9999","375188.6","131.15","-1","0.526607141","0.638494225","0.956033088","0.76550977","5","0.529411765","1.705882353","N2 S1 P1 O9","de-protonated","0","-9999","C17 H29 O9 N2 P1 S1","17","29","9","2","1","1","-9999","-9999","-9999"
"2096","467.141278","467.141362226","467.14176983","1022379.7","-9999","433286.2","8.38","-1","-0.872548931","0.870972879","0","0.522583728","18","0.137931034","0.862068966","P1 O4","de-protonated","0","-9999","C29 H25 O4 P1","29","25","4","-9999","1","-9999","-9999","-9999","-9999"
"2096","467.141278","467.141362226","467.141498504","1022379.7","-9999","433286.2","8.38","-1","-0.291727223","0.984676469","0","0.590805882","4","0.473684211","1.684210526","S2 O9","de-protonated","0","-9999","C19 H32 O9 S2","19","32","9","-9999","-9999","2","-9999","-9999","-9999"
"2096","467.141278","467.141362226","467.141118381","1022379.7","-9999","433286.2","8.38","-1","0.521993501","0.95176166","0","0.571056996","9","0.285714286","1.380952381","N2 S1 P1 O6","de-protonated","0","-9999","C21 H29 O6 N2 P1 S1","21","29","6","2","1","1","-9999","-9999","-9999"
"2097","467.154476","467.154560221","467.154720752","1986738.3","-9999","424493.6","17.84","-1","-0.343636652","0.977613464","0.847008044","0.925371296","18","0.074074074","0.888888889","N4 S1 O2","de-protonated","0","-9999","C27 H24 O2 N4 S1","27","24","2","4","-9999","1","-9999","-9999","-9999"
"2097","467.154476","467.154560221","467.154853694","1986738.3","-9999","424493.6","17.84","-1","-0.628213989","0.930894586","0","0.558536751","5","0.625","1.8125","N4 P1 O10","de-protonated","0","-9999","C16 H29 O10 N4 P1","16","29","10","4","1","-9999","-9999","-9999","-9999"
"2098","467.155538","467.155622221","467.155885265","1053362.9","-9999","672247.5","8.68","-1","-0.563077193","0.944094151","0","0.566456491","9","0.5","1.272727273","O11","de-protonated","0","-9999","C22 H28 O11","22","28","11","-9999","-9999","-9999","-9999","-9999","-9999"
"2098","467.155538","467.155622221","467.155233817","1053362.9","-9999","672247.5","8.68","-1","0.831423534","0.882118267","0","0.52927096","0","0.928571429","2.285714286","N2 S1 O13","de-protonated","0","-9999","C14 H32 O13 N2 S1","14","32","13","2","-9999","1","-9999","-9999","-9999"
"2098","467.155538","467.155622221","467.155723074","1053362.9","-9999","672247.5","8.68","-1","-0.215888385","0.991578736","0","0.594947242","4","0.294117647","1.941176471","N4 S2 P1 O5","de-protonated","0","-9999","C17 H33 O5 N4 P1 S2","17","33","5","4","1","2","-9999","-9999","-9999"
"2099","467.157808","467.15789222","467.158092056","1381812","-9999","418679.2","11.9","-1","-0.427769733","0.96734242","0","0.580405452","13","0.083333333","1.166666667","N4 S2 O2","de-protonated","0","-9999","C24 H28 O2 N4 S2","24","28","2","4","-9999","2","-9999","-9999","-9999"
"2100","467.162403","467.162487218","467.162899198","9514166","-9999","376504.2","91.73","-1","-0.881877134","0.885660027","0.988213054","0.926681238","13","0.230769231","1.115384615","P1 O6","de-protonated","0","-9999","C26 H29 O6 P1","26","29","6","-9999","1","-9999","-9999","-9999","-9999"
"2100","467.162403","467.162487218","467.16224775","9514166","-9999","376504.2","91.73","-1","0.512602212","0.940764415","0.955257716","0.946561735","4","0.444444444","1.833333333","N2 S1 P1 O8","de-protonated","0","-9999","C18 H33 O8 N2 P1 S1","18","33","8","2","1","1","-9999","-9999","-9999"
"2101","467.172062","467.172146214","467.172010787","1248443.1","-9999","271816.6","10.59","-1","0.289888144","0.984867598","0","0.590920559","12","0.111111111","1.185185185","S2 O3","de-protonated","0","-9999","C27 H32 O3 S2","27","32","3","-9999","-9999","2","-9999","-9999","-9999"
"2101","467.172062","467.172146214","467.172478817","1248443.1","-9999","271816.6","10.59","-1","-0.711949093","0.912131446","0","0.547278868","18","0.148148148","0.888888889","N4 O4","de-protonated","0","-9999","C27 H24 O4 N4","27","24","4","4","-9999","-9999","-9999","-9999","-9999"
"2102","467.190907","467.190991207","467.191106262","1336004.5","-9999","486529","11.45","-1","-0.246269495","0.989055709","0","0.593433425","17","0.035714286","1","N4 S1 O1","de-protonated","0","-9999","C28 H28 O1 N4 S1","28","28","1","4","-9999","1","-9999","-9999","-9999"
"2102","467.190907","467.190991207","467.191239204","1336004.5","-9999","486529","11.45","-1","-0.530824697","0.950157349","0","0.570094409","4","0.529411765","1.941176471","N4 P1 O9","de-protonated","0","-9999","C17 H33 O9 N4 P1","17","33","9","4","1","-9999","-9999","-9999","-9999"
"2103","467.198789","467.198873204","467.199284708","3364040.5","-9999","350630.4","31.36","-1","-0.880788367","0.434346394","0.773979033","0.57019945","12","0.185185185","1.222222222","P1 O5","de-protonated","0","-9999","C27 H33 O5 P1","27","33","5","-9999","1","-9999","-9999","-9999","-9999"
"2103","467.198789","467.198873204","467.198633259","3364040.5","-9999","350630.4","31.36","-1","0.513582378","0.476633546","0.829532115","0.617792974","3","0.368421053","1.947368421","N2 S1 P1 O7","de-protonated","0","-9999","C19 H37 O7 N2 P1 S1","19","37","7","2","1","1","-9999","-9999","-9999"
"2104","467.211879","467.211963199","467.21223563","1179855","-9999","523735.6","9.92","-1","-0.58309921","0.940171095","0","0.564102657","12","0.12","1.28","N4 S1 O3","de-protonated","0","-9999","C25 H32 O3 N4 S1","25","32","3","4","-9999","1","-9999","-9999","-9999"
"2105","467.221296","467.221380195","467.221283455","2877651.8","-9999","392272.3","26.59","-1","0.207053226","0.496125642","0.787157861","0.61253853","6","0.08","1.64","S2 P1 O2","de-protonated","0","-9999","C25 H41 O2 P1 S2","25","41","2","-9999","1","2","-9999","-9999","-9999"
"2105","467.221296","467.221380195","467.221751486","2877651.8","-9999","392272.3","26.59","-1","-0.794678276","0.445867041","0.787157861","0.582383369","12","0.12","1.32","N4 P1 O3","de-protonated","0","-9999","C25 H33 O3 N4 P1","25","33","3","4","1","-9999","-9999","-9999","-9999"
"2106","467.25634","467.256424182","467.256799585","1105637.3","-9999","416483.8","9.19","-1","-0.803419776","0.889476578","0","0.533685947","6","0.24","1.64","P1 O6","de-protonated","0","-9999","C25 H41 O6 P1","25","41","6","-9999","1","-9999","-9999","-9999","-9999"
"2108","468.056681","468.056764872","468.056964563","1386614.1","-9999","397235.5","11.95","-1","-0.426638849","0.645008021","0.855350413","0.729144978","29","0.029411765","0.352941176","13C1 S1 O1","de-protonated","1","2080","C33 H12 O1 S1 13C1","33","12","1","-9999","-9999","1","1","-9999","-9999"
"2108","468.056681","468.056764872","468.057097505","1386614.1","-9999","397235.5","11.95","-1","-0.710667601","0.912433224","0.958482497","0.930852933","16","0.391304348","0.739130435","13C1 P1 O9","de-protonated","1","2080","C22 H17 O9 P1 13C1","22","17","9","-9999","1","-9999","1","-9999","-9999"
"2108","468.056681","468.056764872","468.056313115","1386614.1","-9999","397235.5","11.95","-1","0.965177443","0.562988089","0.887247711","0.692691938","20","0.115384615","0.615384615","13C1 N2 S2 O3","de-protonated","1","2080","C25 H16 O3 N2 S2 13C1","25","16","3","2","-9999","2","1","-9999","-9999"
"2108","468.056681","468.056764872","468.056446057","1386614.1","-9999","397235.5","11.95","-1","0.6811479","0.919260828","0.981900262","0.944316602","7","0.733333333","1.4","13C1 N2 S1 P1 O11","de-protonated","1","2080","C14 H21 O11 N2 P1 S1 13C1","14","21","11","2","1","1","1","-9999","-9999"
"2108","468.056681","468.056764872","468.056582402","1386614.1","-9999","397235.5","11.95","-1","0.389846126","0.972800191","0","0.583680114","7","0.928571429","1.357142857","N3 S1 O13","de-protonated","0","-9999","C14 H19 O13 N3 S1","14","19","13","3","-9999","1","-9999","-9999","-9999"
"2109","468.092957","468.093040858","468.093483015","2398856.3","-9999","405581.2","21.88","-1","-0.944589926","0.850528283","0.965465907","0.896503332","15","0.333333333","0.875","13C1 P1 O8","de-protonated","1","2087","C23 H21 O8 P1 13C1","23","21","8","-9999","1","-9999","1","-9999","-9999"
"2109","468.092957","468.093040858","468.093211688","2398856.3","-9999","405581.2","21.88","-1","-0.364949168","0.650748606","0.927888738","0.761604659","1","0.928571429","2","13C1 S2 O13","de-protonated","1","2087","C13 H28 O13 S2 13C1","13","28","13","-9999","-9999","2","1","-9999","-9999"
"2109","468.092957","468.093040858","468.092698624","2398856.3","-9999","405581.2","21.88","-1","0.73112446","0.605042105","0.895395703","0.721183544","19","0.074074074","0.740740741","13C1 N2 S2 O2","de-protonated","1","2087","C26 H20 O2 N2 S2 13C1","26","20","2","2","-9999","2","1","-9999","-9999"
"2109","468.092957","468.093040858","468.092831566","2398856.3","-9999","405581.2","21.88","-1","0.447117062","0.642917299","0.96326014","0.771054435","6","0.625","1.5625","13C1 N2 S1 P1 O10","de-protonated","1","2087","C15 H25 O10 N2 P1 S1 13C1","15","25","10","2","1","1","1","-9999","-9999"
"2109","468.092957","468.093040858","468.092967911","2398856.3","-9999","405581.2","21.88","-1","0.155838","0.995603126","0","0.597361876","6","0.8","1.533333333","N3 S1 O12","de-protonated","0","-9999","C15 H23 O12 N3 S1","15","23","12","3","-9999","1","-9999","-9999","-9999"
"2110","468.112657","468.112740851","468.112958612","1257874.1","-9999","401744.4","10.68","-1","-0.465190677","0.96149499","0.967478285","0.963888308","15","0.391304348","0.869565217","13C1 N2 O9","de-protonated","1","2091","C22 H20 O9 N2 13C1","22","20","9","2","-9999","-9999","1","-9999","-9999"
"2110","468.112657","468.112740851","468.112307164","1257874.1","-9999","401744.4","10.68","-1","0.926459077","0.855779781","0.972904474","0.902629658","6","0.733333333","1.6","13C1 N4 S1 O11","de-protonated","1","2091","C14 H24 O11 N4 S1 13C1","14","24","11","4","-9999","1","1","-9999","-9999"
"2111","468.12146","468.121543847","468.121762661","1342614.6","-9999","445914.1","11.51","-1","-0.467429427","0.961130799","0","0.576678479","14","0.291666667","1","N1 P1 O7","de-protonated","0","-9999","C24 H24 O7 N1 P1","24","24","7","1","1","-9999","-9999","-9999","-9999"
"2111","468.12146","468.121543847","468.121491335","1342614.6","-9999","445914.1","11.51","-1","0.11217659","0.997719329","0","0.598631598","0","0.857142857","2.214285714","N1 S2 O12","de-protonated","0","-9999","C14 H31 O12 N1 S2","14","31","12","1","-9999","2","-9999","-9999","-9999"
"2111","468.12146","468.121543847","468.121111212","1342614.6","-9999","445914.1","11.51","-1","0.924194151","0.856430899","0","0.51385854","5","0.5625","1.75","N3 S1 P1 O9","de-protonated","0","-9999","C16 H28 O9 N3 P1 S1","16","28","9","3","1","1","-9999","-9999","-9999"
"2111","468.12146","468.121543847","468.121690078","1342614.6","-9999","445914.1","11.51","-1","-0.312378235","0.982450034","0.79575789","0.907773177","19","0.115384615","0.769230769","13C1 N4 S1 O3","de-protonated","1","2092","C25 H20 O3 N4 S1 13C1","25","20","3","4","-9999","1","1","-9999","-9999"
"2112","468.129342","468.129425844","468.129868524","3248794.5","-9999","397840.3","30.22","-1","-0.945634607","0.85022359","0.980779701","0.902446034","14","0.28","1","13C1 P1 O7","de-protonated","1","2095","C24 H25 O7 P1 13C1","24","25","7","-9999","1","-9999","1","-9999","-9999"
"2112","468.129342","468.129425844","468.129597198","3248794.5","-9999","397840.3","30.22","-1","-0.366038903","0.650654555","0.928511829","0.761797464","0","0.8","2.133333333","13C1 S2 O12","de-protonated","1","2095","C14 H32 O12 S2 13C1","14","32","12","-9999","-9999","2","1","-9999","-9999"
"2112","468.129342","468.129425844","468.129084133","3248794.5","-9999","397840.3","30.22","-1","0.729949532","0.453922947","0.889737965","0.628248954","18","0.035714286","0.857142857","13C1 N2 S2 O1","de-protonated","1","2095","C27 H24 O1 N2 S2 13C1","27","24","1","2","-9999","2","1","-9999","-9999"
"2112","468.129342","468.129425844","468.129217075","3248794.5","-9999","397840.3","30.22","-1","0.445964208","0.643037419","0.956033088","0.768235686","5","0.529411765","1.705882353","13C1 N2 S1 P1 O9","de-protonated","1","2095","C16 H29 O9 N2 P1 S1 13C1","16","29","9","2","1","1","1","-9999","-9999"
"2112","468.129342","468.129425844","468.129353421","3248794.5","-9999","397840.3","30.22","-1","0.154707786","0.497833267","0.85247738","0.639690912","5","0.6875","1.6875","N3 S1 O11","de-protonated","0","-9999","C16 H27 O11 N3 S1","16","27","11","3","-9999","1","-9999","-9999","-9999"
"2113","468.157822","468.157905833","468.15814817","1212584.8","-9999","429816.3","10.24","-1","-0.517639809","0.952543645","0","0.571526187","13","0.24","1.12","N1 P1 O6","de-protonated","0","-9999","C25 H28 O6 N1 P1","25","28","6","1","1","-9999","-9999","-9999","-9999"
"2113","468.157822","468.157905833","468.157496722","1212584.8","-9999","429816.3","10.24","-1","0.873875541","0.870606813","0","0.522364088","4","0.470588235","1.882352941","N3 S1 P1 O8","de-protonated","0","-9999","C17 H32 O8 N3 P1 S1","17","32","8","3","1","1","-9999","-9999","-9999"
"2113","468.157822","468.157905833","468.158075588","1212584.8","-9999","429816.3","10.24","-1","-0.362600675","0.976425585","0.847008044","0.924658569","18","0.074074074","0.888888889","13C1 N4 S1 O2","de-protonated","1","2097","C26 H24 O2 N4 S1 13C1","26","24","2","4","-9999","1","1","-9999","-9999"
"2114","468.165819","468.16590283","468.166254033","2494124.8","-9999","412147.6","22.82","-1","-0.750167815","0.902929713","0.988213054","0.937043049","13","0.230769231","1.115384615","13C1 P1 O6","de-protonated","1","2100","C25 H29 O6 P1 13C1","25","29","6","-9999","1","-9999","1","-9999","-9999"
"2114","468.165819","468.16590283","468.165602585","2494124.8","-9999","412147.6","22.82","-1","0.641323119","0.928087743","0.955257716","0.938955732","4","0.444444444","1.833333333","13C1 N2 S1 P1 O8","de-protonated","1","2100","C17 H33 O8 N2 P1 S1 13C1","17","33","8","2","1","1","1","-9999","-9999"
"2114","468.165819","468.16590283","468.16573893","2494124.8","-9999","412147.6","22.82","-1","0.350089275","0.978006655","0","0.586803993","4","0.588235294","1.823529412","N3 S1 O10","de-protonated","0","-9999","C17 H31 O10 N3 S1","17","31","10","3","-9999","1","-9999","-9999","-9999"
"2115","468.252832","468.252915796","468.252917937","1546200.5","-9999","330227.9","13.51","-1","-0.004571576","0.999996208","0","0.599997725","5","0.04","1.76","N1 S2 P1 O1","de-protonated","0","-9999","C25 H44 O1 N1 P1 S2","25","44","1","1","1","2","-9999","-9999","-9999"
"2117","468.980271","468.980354515","468.980581184","3437638.5","-9999","401793.4","30.57","-1","-0.483322894","0.479249577","0.822155738","0.616412042","17","0.4","0.5","N2 S2 O8","de-protonated","0","-9999","C20 H10 O8 N2 S2","20","10","8","2","-9999","2","-9999","-9999","-9999"
"2117","468.980271","468.980354515","468.980201062","3437638.5","-9999","401793.4","30.57","-1","0.327206709","0.490380409","0.807789663","0.61734411","22","0.227272727","0.318181818","N4 S1 P1 O5","de-protonated","0","-9999","C22 H7 O5 N4 P1 S1","22","7","5","4","1","1","-9999","-9999","-9999"
"2118","468.982951","468.983034514","468.983083108","3244104","-9999","391899.4","28.76","-1","-0.103614693","0.499026931","0.85247738","0.640407111","13","0.8125","0.625","N2 S1 O13","de-protonated","0","-9999","C16 H10 O13 N2 S1","16","10","13","2","-9999","1","-9999","-9999","-9999"
"2118","468.982951","468.983034514","468.982702985","3244104","-9999","391899.4","28.76","-1","0.706910894","0.456657663","0.837042051","0.608811418","18","0.555555556","0.388888889","N4 P1 O10","de-protonated","0","-9999","C18 H7 O10 N4 P1","18","7","10","4","1","-9999","-9999","-9999","-9999"
"2119","468.984888","468.984971513","468.984603936","20740168","-9999","382204.8","192.44","-1","0.783772346","0.178904761","0.704639239","0.389198552","21","0.24","0.4","S2 O6","de-protonated","0","-9999","C25 H10 O6 S2","25","10","6","-9999","-9999","2","-9999","-9999","-9999"
"2120","469.020469","469.0205525","469.020989446","1096538.9","-9999","418356.3","8.67","-1","-0.931612768","0.854294121","0","0.512576472","20","0.192307692","0.538461538","S2 O5","de-protonated","0","-9999","C26 H14 O5 S2","26","14","5","-9999","-9999","2","-9999","-9999","-9999"
"2120","469.020469","469.0205525","469.020120066","1096538.9","-9999","418356.3","8.67","-1","0.921994408","0.857062226","0","0.514237336","21","0.4","0.4","O10","de-protonated","0","-9999","C25 H10 O10","25","10","10","-9999","-9999","-9999","-9999","-9999","-9999"
"2120","469.020469","469.0205525","469.020609323","1096538.9","-9999","418356.3","8.67","-1","-0.121153359","0.997340215","0","0.598404129","25","0.071428571","0.392857143","N2 S1 P1 O2","de-protonated","0","-9999","C28 H11 O2 N2 P1 S1","28","11","2","2","1","1","-9999","-9999","-9999"
"2121","469.032633","469.032716495","469.032874284","1657441","-9999","428150.5","13.91","-1","-0.336412698","0.489837114","0.736963647","0.588687727","29","0.060606061","0.303030303","S1 O2","de-protonated","0","-9999","C33 H10 O2 S1","33","10","2","-9999","-9999","1","-9999","-9999","-9999"
"2121","469.032633","469.032716495","469.033007225","1657441","-9999","428150.5","13.91","-1","-0.619850501","0.932659364","0","0.559595618","16","0.454545455","0.681818182","P1 O10","de-protonated","0","-9999","C22 H15 O10 P1","22","15","10","-9999","1","-9999","-9999","-9999","-9999"
"2121","469.032633","469.032716495","469.032355777","1657441","-9999","428150.5","13.91","-1","0.769069193","0.898237304","0","0.538942382","7","0.857142857","1.357142857","N2 S1 P1 O12","de-protonated","0","-9999","C14 H19 O12 N2 P1 S1","14","19","12","2","1","1","-9999","-9999","-9999"
"2122","469.0392","469.039283492","469.039749832","1158244.4","-9999","485207.4","9.24","-1","-0.994243075","0.835800336","0","0.501480202","6","0.625","1.4375","S2 P1 O10","de-protonated","0","-9999","C16 H23 O10 P1 S2","16","23","10","-9999","1","2","-9999","-9999","-9999"
"2123","469.048081","469.048164489","469.048263367","1348712.9","-9999","350862","11.03","-1","-0.21080476","0.991969087","0","0.595181452","20","0.269230769","0.576923077","P1 O7","de-protonated","0","-9999","C26 H15 O7 P1","26","15","7","-9999","1","-9999","-9999","-9999","-9999"
"2123","469.048081","469.048164489","469.04799204","1348712.9","-9999","350862","11.03","-1","0.367656522","0.975771676","0","0.585463006","6","0.75","1.375","S2 O12","de-protonated","0","-9999","C16 H22 O12 S2","16","22","12","-9999","-9999","2","-9999","-9999","-9999"
"2123","469.048081","469.048164489","469.048460071","1348712.9","-9999","350862","11.03","-1","-0.630173898","0.930478093","0","0.558286856","12","0.8125","0.875","N4 O13","de-protonated","0","-9999","C16 H14 O13 N4","16","14","13","4","-9999","-9999","-9999","-9999","-9999"
"2124","469.056766","469.056849486","469.056505575","2334317.3","-9999","438016.6","20.25","-1","0.73319641","0.453531834","0.780512821","0.584324228","20","0.346153846","0.538461538","O9","de-protonated","0","-9999","C26 H14 O9","26","14","9","-9999","-9999","-9999","-9999","-9999","-9999"
"2124","469.056766","469.056849486","469.056994832","2334317.3","-9999","438016.6","20.25","-1","-0.309870241","0.491364136","0.761234226","0.599312172","24","0.034482759","0.517241379","N2 S1 P1 O1","de-protonated","0","-9999","C29 H15 O1 N2 P1 S1","29","15","1","2","1","1","-9999","-9999","-9999"
"2125","469.064539","469.064622483","469.064585592","1317489.1","-9999","494987.7","10.73","-1","0.078646699","0.998878314","0","0.599326989","15","0.238095238","0.857142857","N4 S2 O5","de-protonated","0","-9999","C21 H18 O5 N4 S2","21","18","5","4","-9999","2","-9999","-9999","-9999"
"2126","469.068964","469.069047481","469.069259793","8560755","-9999","396208.8","78.5","-1","-0.45262401","0.644406861","0.853693045","0.728121334","28","0.029411765","0.411764706","S1 O1","de-protonated","0","-9999","C34 H14 O1 S1","34","14","1","-9999","-9999","1","-9999","-9999","-9999"
"2126","469.068964","469.069047481","469.069392735","8560755","-9999","396208.8","78.5","-1","-0.736039795","0.911286535","0.95682513","0.929501973","15","0.391304348","0.826086957","P1 O9","de-protonated","0","-9999","C23 H19 O9 P1","23","19","9","-9999","1","-9999","-9999","-9999","-9999"
"2126","469.068964","469.069047481","469.068608344","8560755","-9999","396208.8","78.5","-1","0.936188572","0.564931569","0.885590344","0.693195079","19","0.115384615","0.692307692","N2 S2 O3","de-protonated","0","-9999","C26 H18 O3 N2 S2","26","18","3","2","-9999","2","-9999","-9999","-9999"
"2126","469.068964","469.069047481","469.068741286","8560755","-9999","396208.8","78.5","-1","0.652772","0.921265177","0.98355763","0.946182158","6","0.733333333","1.533333333","N2 S1 P1 O11","de-protonated","0","-9999","C15 H23 O11 N2 P1 S1","15","23","11","2","1","1","-9999","-9999","-9999"
"2127","469.084191","469.084274475","469.084648876","2073211","-9999","375422.9","17.8","-1","-0.798152139","0.445419612","0.773979033","0.576843381","19","0.222222222","0.703703704","P1 O6","de-protonated","0","-9999","C27 H19 O6 P1","27","19","6","-9999","1","-9999","-9999","-9999","-9999"
"2127","469.084191","469.084274475","469.08437755","2073211","-9999","375422.9","17.8","-1","-0.219736067","0.991277209","0","0.594766325","5","0.647058824","1.529411765","S2 O11","de-protonated","0","-9999","C17 H26 O11 S2","17","26","11","-9999","-9999","2","-9999","-9999","-9999"
"2127","469.084191","469.084274475","469.083997427","2073211","-9999","375422.9","17.8","-1","0.5906144","0.938667554","0","0.563200532","10","0.421052632","1.210526316","N2 S1 P1 O8","de-protonated","0","-9999","C19 H23 O8 N2 P1 S1","19","23","8","2","1","1","-9999","-9999","-9999"
"2128","469.093065","469.093148472","469.092891084","1954431.5","-9999","476437.1","16.69","-1","0.548691247","0.473418975","0.773979033","0.593642998","19","0.296296296","0.666666667","O8","de-protonated","0","-9999","C27 H18 O8","27","18","8","-9999","-9999","-9999","-9999","-9999","-9999"
"2128","469.093065","469.093148472","469.092728893","1954431.5","-9999","476437.1","16.69","-1","0.894446807","0.864879303","0","0.518927582","14","0.090909091","1.045454545","N4 S2 P1 O2","de-protonated","0","-9999","C22 H23 O2 N4 P1 S2","22","23","2","4","1","2","-9999","-9999","-9999"
"2129","469.097432","469.09751547","469.097264709","1646721.6","-9999","376005.7","13.81","-1","0.534559832","0.949471536","0","0.569682922","0","0.785714286","2.214285714","S2 P1 O11","de-protonated","0","-9999","C14 H31 O11 P1 S2","14","31","11","-9999","1","2","-9999","-9999","-9999"
"2129","469.097432","469.09751547","469.097599798","1646721.6","-9999","376005.7","13.81","-1","-0.179767206","0.994153417","0","0.59649205","19","0.16","0.72","N4 S1 O4","de-protonated","0","-9999","C25 H18 O4 N4 S1","25","18","4","4","-9999","1","-9999","-9999","-9999"
"2129","469.097432","469.09751547","469.09773274","1646721.6","-9999","376005.7","13.81","-1","-0.463165945","0.961822977","0","0.577093786","6","0.857142857","1.642857143","N4 P1 O12","de-protonated","0","-9999","C14 H23 O12 N4 P1","14","23","12","4","1","-9999","-9999","-9999","-9999"
"2130","469.100754","469.100837469","469.100971102","2543235.5","-9999","401271","22.2","-1","-0.284870374","0.492691557","0.807789663","0.618730799","14","0.181818182","1","N4 S2 O4","de-protonated","0","-9999","C22 H22 O4 N4 S2","22","22","4","4","-9999","2","-9999","-9999","-9999"
"2131","469.105361","469.105444467","469.105778244","11651206","-9999","379543.4","107.41","-1","-0.711517904","0.913599394","0.961833","0.932892836","14","0.333333333","0.958333333","P1 O8","de-protonated","0","-9999","C24 H23 O8 P1","24","23","8","-9999","1","-9999","-9999","-9999","-9999"
"2131","469.105361","469.105444467","469.105506918","11651206","-9999","379543.4","107.41","-1","-0.133127834","0.664687368","0.927888738","0.769967916","0","0.928571429","2.142857143","S2 O13","de-protonated","0","-9999","C14 H30 O13 S2","14","30","13","-9999","-9999","2","-9999","-9999","-9999"
"2131","469.105361","469.105444467","469.104993854","11651206","-9999","379543.4","107.41","-1","0.960580799","0.563093626","0.891762796","0.694561294","18","0.074074074","0.814814815","N2 S2 O2","de-protonated","0","-9999","C27 H22 O2 N2 S2","27","22","2","2","-9999","2","-9999","-9999","-9999"
"2131","469.105361","469.105444467","469.105126795","11651206","-9999","379543.4","107.41","-1","0.677186204","0.612778728","0.96326014","0.752971293","5","0.625","1.6875","N2 S1 P1 O10","de-protonated","0","-9999","C16 H27 O10 N2 P1 S1","16","27","10","2","1","1","-9999","-9999","-9999"
"2132","469.1207","469.120783461","469.121034385","1948301.4","-9999","378264.3","16.64","-1","-0.534881963","0.474706094","0.767553728","0.591845147","18","0.178571429","0.821428571","P1 O5","de-protonated","0","-9999","C28 H23 O5 P1","28","23","5","-9999","1","-9999","-9999","-9999","-9999"
"2132","469.1207","469.120783461","469.120763059","1948301.4","-9999","378264.3","16.64","-1","0.043489399","0.99965688","0","0.599794128","4","0.555555556","1.666666667","S2 O10","de-protonated","0","-9999","C18 H30 O10 S2","18","30","10","-9999","-9999","2","-9999","-9999","-9999"
"2132","469.1207","469.120783461","469.120382937","1948301.4","-9999","378264.3","16.64","-1","0.853777228","0.876109322","0","0.525665593","9","0.35","1.35","N2 S1 P1 O7","de-protonated","0","-9999","C20 H27 O7 N2 P1 S1","20","27","7","2","1","1","-9999","-9999","-9999"
"2132","469.1207","469.120783461","469.12123109","1948301.4","-9999","378264.3","16.64","-1","-0.954185912","0.847720987","0","0.508632592","10","0.611111111","1.222222222","N4 O11","de-protonated","0","-9999","C18 H22 O11 N4","18","22","11","4","-9999","-9999","-9999","-9999","-9999"
"2133","469.129474","469.129557457","469.129276594","1045905.9","-9999","514703.7","8.19","-1","0.598691559","0.937032849","0","0.562219709","18","0.25","0.785714286","O7","de-protonated","0","-9999","C28 H22 O7","28","22","7","-9999","-9999","-9999","-9999","-9999","-9999"
"2133","469.129474","469.129557457","469.129114402","1045905.9","-9999","514703.7","8.19","-1","0.944420319","0.850577729","0","0.510346637","13","0.043478261","1.173913043","N4 S2 P1 O1","de-protonated","0","-9999","C23 H27 O1 N4 P1 S2","23","27","1","4","1","2","-9999","-9999","-9999"
"2134","469.133826","469.133909456","469.133985308","2720404","-9999","346953.8","23.86","-1","-0.161684693","0.994014447","0.915620923","0.962657037","18","0.115384615","0.846153846","N4 S1 O3","de-protonated","0","-9999","C26 H22 O3 N4 S1","26","22","3","4","-9999","1","-9999","-9999","-9999"
"2134","469.133826","469.133909456","469.134118249","2720404","-9999","346953.8","23.86","-1","-0.445061457","0.964696918","0","0.578818151","5","0.733333333","1.8","N4 P1 O11","de-protonated","0","-9999","C15 H27 O11 N4 P1","15","27","11","4","1","-9999","-9999","-9999","-9999"
"2135","469.137109","469.137192455","469.137356611","1694357.6","-9999","455887.1","14.26","-1","-0.349911111","0.978028787","0","0.586817272","13","0.130434783","1.130434783","N4 S2 O3","de-protonated","0","-9999","C23 H26 O3 N4 S2","23","26","3","4","-9999","2","-9999","-9999","-9999"
"2136","469.139132","469.139215454","469.13966183","1336982.8","-9999","523968.8","10.92","-1","-0.951478103","0.848515085","0","0.509109051","17","0.068965517","0.931034483","S1 P1 O2","de-protonated","0","-9999","C29 H27 O2 P1 S1","29","27","2","-9999","1","1","-9999","-9999","-9999"
"2136","469.139132","469.139215454","469.139010381","1336982.8","-9999","523968.8","10.92","-1","0.437125372","0.965923192","0","0.579553915","8","0.19047619","1.476190476","N2 S2 P1 O4","de-protonated","0","-9999","C21 H31 O4 N2 P1 S2","21","31","4","2","1","2","-9999","-9999","-9999"
"2137","469.141736","469.141819453","469.142163753","9627800","-9999","372039.6","88.48","-1","-0.7338939","0.921736049","0.998274013","0.952351235","13","0.28","1.08","P1 O7","de-protonated","0","-9999","C25 H27 O7 P1","25","27","7","-9999","1","-9999","-9999","-9999","-9999"
"2137","469.141736","469.141819453","469.141379363","9627800","-9999","372039.6","88.48","-1","0.938075082","0.284141085","0.718223892","0.457774208","17","0.035714286","0.928571429","N2 S2 O1","de-protonated","0","-9999","C28 H26 O1 N2 S2","28","26","1","2","-9999","2","-9999","-9999","-9999"
"2137","469.141736","469.141819453","469.141512305","9627800","-9999","372039.6","88.48","-1","0.654702472","0.90972931","0.944194641","0.923515442","4","0.529411765","1.823529412","N2 S1 P1 O9","de-protonated","0","-9999","C17 H31 O9 N2 P1 S1","17","31","9","2","1","1","-9999","-9999","-9999"
"2138","469.156927","469.157010447","469.157419895","1574559.8","-9999","433910.6","13.14","-1","-0.872729957","0.435461475","0.761234226","0.565770576","17","0.137931034","0.931034483","P1 O4","de-protonated","0","-9999","C29 H27 O4 P1","29","27","4","-9999","1","-9999","-9999","-9999","-9999"
"2138","469.156927","469.157010447","469.157148568","1574559.8","-9999","433910.6","13.14","-1","-0.294403646","0.984396226","0","0.590637736","3","0.473684211","1.789473684","S2 O9","de-protonated","0","-9999","C19 H34 O9 S2","19","34","9","-9999","-9999","2","-9999","-9999","-9999"
"2138","469.156927","469.157010447","469.156768446","1574559.8","-9999","433910.6","13.14","-1","0.515821068","0.952868566","0","0.571721139","8","0.285714286","1.476190476","N2 S1 P1 O6","de-protonated","0","-9999","C21 H31 O6 N2 P1 S1","21","31","6","2","1","1","-9999","-9999","-9999"
"2139","469.170207","469.170290442","469.170370817","2220710.5","-9999","382826.3","19.18","-1","-0.171313458","0.971832473","0.916717285","0.949786398","17","0.074074074","0.962962963","N4 S1 O2","de-protonated","0","-9999","C27 H26 O2 N4 S1","27","26","2","4","-9999","1","-9999","-9999","-9999"
"2139","469.170207","469.170290442","469.170503759","2220710.5","-9999","382826.3","19.18","-1","-0.454668243","0.963185118","0","0.577911071","4","0.625","1.9375","N4 P1 O10","de-protonated","0","-9999","C16 H31 O10 N4 P1","16","31","10","4","1","-9999","-9999","-9999","-9999"
"2140","469.178129","469.178212439","469.178549263","4721834.5","-9999","394374.4","42.58","-1","-0.717901515","0.455361954","0.780512821","0.5854223","12","0.230769231","1.192307692","P1 O6","de-protonated","0","-9999","C26 H31 O6 P1","26","31","6","-9999","1","-9999","-9999","-9999","-9999"
"2140","469.178129","469.178212439","469.177897814","4721834.5","-9999","394374.4","42.58","-1","0.670587191","0.953134432","0.988229513","0.967172464","3","0.444444444","1.944444444","N2 S1 P1 O8","de-protonated","0","-9999","C18 H35 O8 N2 P1 S1","18","35","8","2","1","1","-9999","-9999","-9999"
"2141","469.191082","469.191165434","469.191500185","1511088.9","-9999","425275.1","12.54","-1","-0.713464179","0.911774087","0","0.547064452","12","0.166666667","1.25","N4 S1 O4","de-protonated","0","-9999","C24 H30 O4 N4 S1","24","30","4","4","-9999","1","-9999","-9999","-9999"
"2142","469.193383","469.193466433","469.193805404","1041586.1","-9999","405186.2","8.15","-1","-0.722454505","0.909640857","0","0.545784514","16","0.1","1.033333333","P1 O3","de-protonated","0","-9999","C30 H31 O3 P1","30","31","3","-9999","1","-9999","-9999","-9999","-9999"
"2142","469.193383","469.193466433","469.193534078","1041586.1","-9999","405186.2","8.15","-1","-0.144172955","0.99623554","0","0.597741324","2","0.4","1.9","S2 O8","de-protonated","0","-9999","C20 H38 O8 S2","20","38","8","-9999","-9999","2","-9999","-9999","-9999"
"2142","469.193383","469.193466433","469.193153955","1041586.1","-9999","405186.2","8.15","-1","0.665989048","0.922673351","0","0.553604011","7","0.227272727","1.590909091","N2 S1 P1 O5","de-protonated","0","-9999","C22 H35 O5 N2 P1 S1","22","35","5","2","1","1","-9999","-9999","-9999"
"2143","469.206428","469.206511428","469.206756326","953336.7","-9999","261485.5","7.33","-1","-0.521941656","0.951771007","0","0.571062604","16","0.035714286","1.071428571","N4 S1 O1","de-protonated","0","-9999","C28 H30 O1 N4 S1","28","30","1","4","-9999","1","-9999","-9999","-9999"
"2143","469.206428","469.206511428","469.206889268","953336.7","-9999","261485.5","7.33","-1","-0.805274368","0.888995193","0","0.533397116","3","0.529411765","2.058823529","N4 P1 O9","de-protonated","0","-9999","C17 H35 O9 N4 P1","17","35","9","4","1","-9999","-9999","-9999","-9999"
"2144","469.211691","469.211774426","469.2117814","1307835.4","-9999","414483.4","10.64","-1","-0.014863621","0.999959914","0","0.599975948","6","0.086956522","1.695652174","N2 S2 P1 O2","de-protonated","0","-9999","C23 H39 O2 N2 P1 S2","23","39","2","2","1","2","-9999","-9999","-9999"
"2145","469.214599","469.214682425","469.214934772","1619132.8","-9999","424248.5","13.56","-1","-0.537807775","0.948871675","0","0.569323005","11","0.185185185","1.296296296","P1 O5","de-protonated","0","-9999","C27 H35 O5 P1","27","35","5","-9999","1","-9999","-9999","-9999","-9999"
"2145","469.214599","469.214682425","469.214283323","1619132.8","-9999","424248.5","13.56","-1","0.85057351","0.876977764","0","0.526186658","2","0.368421053","2.052631579","N2 S1 P1 O7","de-protonated","0","-9999","C19 H39 O7 N2 P1 S1","19","39","7","2","1","1","-9999","-9999","-9999"
"2145","469.214599","469.214682425","469.215131476","1619132.8","-9999","424248.5","13.56","-1","-0.957027811","0.84688594","0","0.508131564","3","0.647058824","2","N4 O11","de-protonated","0","-9999","C17 H34 O11 N4","17","34","11","4","-9999","-9999","-9999","-9999","-9999"
"2146","469.227493","469.22757642","469.227885694","1289411.4","-9999","387721.4","10.47","-1","-0.659114184","0.924199773","0","0.554519864","11","0.12","1.36","N4 S1 O3","de-protonated","0","-9999","C25 H34 O3 N4 S1","25","34","3","4","-9999","1","-9999","-9999","-9999"
"2147","469.23704300000003","469.237126416","469.23693352","2002120.1","-9999","445006.4","17.14","-1","0.411084336","0.484901135","0.787157861","0.605803825","5","0.08","1.72","S2 P1 O2","de-protonated","0","-9999","C25 H43 O2 P1 S2","25","43","2","-9999","1","2","-9999","-9999","-9999"
"2147","469.23704300000003","469.237126416","469.237401551","2002120.1","-9999","445006.4","17.14","-1","-0.586344344","0.469761959","0.787157861","0.59672032","11","0.12","1.4","N4 P1 O3","de-protonated","0","-9999","C25 H35 O3 N4 P1","25","35","3","4","1","-9999","-9999","-9999","-9999"
"2151","469.988248","469.988331125","469.988717316","1625668","-9999","434173.2","13.61","-1","-0.821701624","0.884694418","0","0.530816651","12","0.5","0.875","N3 S2 P1 O8","de-protonated","0","-9999","C16 H14 O8 N3 P1 S2","16","14","8","3","1","2","-9999","-9999","-9999"
"2152","470.072338","470.072421093","470.072614628","1582702.6","-9999","373037.8","13.21","-1","-0.411712924","0.646474175","0.853693045","0.729361723","28","0.029411765","0.411764706","13C1 S1 O1","de-protonated","1","2126","C33 H14 O1 S1 13C1","33","14","1","-9999","-9999","1","1","-9999","-9999"
"2152","470.072338","470.072421093","470.07274757","1582702.6","-9999","373037.8","13.21","-1","-0.694523778","0.916196715","0.95682513","0.932448081","15","0.391304348","0.826086957","13C1 P1 O9","de-protonated","1","2126","C22 H19 O9 P1 13C1","22","19","9","-9999","1","-9999","1","-9999","-9999"
"2152","470.072338","470.072421093","470.072883915","1582702.6","-9999","373037.8","13.21","-1","-0.984575661","0.838706544","0","0.503223926","15","0.5","0.772727273","N1 O11","de-protonated","0","-9999","C22 H17 O11 N1","22","17","11","1","-9999","-9999","-9999","-9999","-9999"
"2152","470.072338","470.072421093","470.071963179","1582702.6","-9999","373037.8","13.21","-1","0.974135335","0.561216258","0.885590344","0.690965892","19","0.115384615","0.692307692","13C1 N2 S2 O3","de-protonated","1","2126","C25 H18 O3 N2 S2 13C1","25","18","3","2","-9999","2","1","-9999","-9999"
"2152","470.072338","470.072421093","470.072096121","1582702.6","-9999","373037.8","13.21","-1","0.691323697","0.916934269","0.98355763","0.943583613","6","0.733333333","1.533333333","13C1 N2 S1 P1 O11","de-protonated","1","2126","C14 H23 O11 N2 P1 S1 13C1","14","23","11","2","1","1","1","-9999","-9999"
"2152","470.072338","470.072421093","470.072232467","1582702.6","-9999","373037.8","13.21","-1","0.40127101","0.971206097","0","0.582723658","6","0.928571429","1.5","N3 S1 O13","de-protonated","0","-9999","C14 H21 O13 N3 S1","14","21","13","3","-9999","1","-9999","-9999","-9999"
"2153","470.10067","470.100753082","470.101027216","1059965.1","-9999","470714.9","8.32","-1","-0.583138767","0.940163225","0","0.564097935","14","0.347826087","0.956521739","N1 P1 O8","de-protonated","0","-9999","C23 H22 O8 N1 P1","23","22","8","1","1","-9999","-9999","-9999","-9999"
"2153","470.10067","470.100753082","470.100375767","1059965.1","-9999","470714.9","8.32","-1","0.802625495","0.889682485","0","0.533809491","5","0.666666667","1.733333333","N3 S1 P1 O10","de-protonated","0","-9999","C15 H26 O10 N3 P1 S1","15","26","10","3","1","1","-9999","-9999","-9999"
"2154","470.108721","470.108804079","470.109133079","2351233.3","-9999","388062","20.4","-1","-0.699837745","0.914965752","0.961833","0.933712651","14","0.333333333","0.958333333","13C1 P1 O8","de-protonated","1","2131","C23 H23 O8 P1 13C1","23","23","8","-9999","1","-9999","1","-9999","-9999"
"2154","470.108721","470.108804079","470.108861753","2351233.3","-9999","388062","20.4","-1","-0.122682128","0.664848506","0.927888738","0.770064599","0","0.928571429","2.142857143","13C1 S2 O13","de-protonated","1","2131","C13 H30 O13 S2 13C1","13","30","13","-9999","-9999","2","1","-9999","-9999"
"2154","470.108721","470.108804079","470.109269425","2351233.3","-9999","388062","20.4","-1","-0.989867177","0.418559041","0.800793265","0.571452731","14","0.434782609","0.913043478","N1 O10","de-protonated","0","-9999","C23 H21 O10 N1","23","21","10","1","-9999","-9999","-9999","-9999","-9999"
"2154","470.108721","470.108804079","470.108348689","2351233.3","-9999","388062","20.4","-1","0.968692208","0.562294171","0.891762796","0.694081621","18","0.074074074","0.814814815","13C1 N2 S2 O2","de-protonated","1","2131","C26 H22 O2 N2 S2 13C1","26","22","2","2","-9999","2","1","-9999","-9999"
"2154","470.108721","470.108804079","470.10848163000003","2351233.3","-9999","388062","20.4","-1","0.685902461","0.612118215","0.96326014","0.752574985","5","0.625","1.6875","13C1 N2 S1 P1 O10","de-protonated","1","2131","C15 H27 O10 N2 P1 S1 13C1","15","27","10","2","1","1","1","-9999","-9999"
"2154","470.108721","470.108804079","470.108617976","2351233.3","-9999","388062","20.4","-1","0.395872224","0.971964792","0","0.583178875","5","0.8","1.666666667","N3 S1 O12","de-protonated","0","-9999","C15 H25 O12 N3 S1","15","25","12","3","-9999","1","-9999","-9999","-9999"
"2155","470.137163","470.137246068","470.137412725","1187471.5","-9999","392992.3","9.51","-1","-0.354486978","0.977456952","0","0.586474171","13","0.291666667","1.083333333","N1 P1 O7","de-protonated","0","-9999","C24 H26 O7 N1 P1","24","26","7","1","1","-9999","-9999","-9999","-9999"
"2155","470.137163","470.137246068","470.137340143","1187471.5","-9999","392992.3","9.51","-1","-0.20010053","0.992761082","0.915620923","0.961905019","18","0.115384615","0.846153846","13C1 N4 S1 O3","de-protonated","1","2134","C25 H22 O3 N4 S1 13C1","25","22","3","4","-9999","1","1","-9999","-9999"
"2156","470.145153","470.145236065","470.145518588","2576531.5","-9999","422833.8","22.51","-1","-0.60092788","0.936576832","0.998274013","0.961255705","13","0.28","1.08","13C1 P1 O7","de-protonated","1","2137","C24 H27 O7 P1 13C1","24","27","7","-9999","1","-9999","1","-9999","-9999"
"2156","470.145153","470.145236065","470.145654934","2576531.5","-9999","422833.8","22.51","-1","-0.890934895","0.432931919","0.793917021","0.57732596","13","0.375","1.041666667","N1 O9","de-protonated","0","-9999","C24 H25 O9 N1","24","25","9","1","-9999","-9999","-9999","-9999","-9999"
"2156","470.145153","470.145236065","470.14486714","2576531.5","-9999","422833.8","22.51","-1","0.784705217","0.894286347","0.944194641","0.914249664","4","0.529411765","1.823529412","13C1 N2 S1 P1 O9","de-protonated","1","2137","C16 H31 O9 N2 P1 S1 13C1","16","31","9","2","1","1","1","-9999","-9999"
"2156","470.145153","470.145236065","470.145003485","2576531.5","-9999","422833.8","22.51","-1","0.494697399","0.956566352","0","0.573939811","4","0.6875","1.8125","N3 S1 O11","de-protonated","0","-9999","C16 H29 O11 N3 S1","16","29","11","3","-9999","1","-9999","-9999","-9999"
"2157","470.17339","470.173473054","470.173798235","994465.9","-9999","401450.2","7.71","-1","-0.691618604","0.916866416","0","0.55011985","12","0.24","1.2","N1 P1 O6","de-protonated","0","-9999","C25 H30 O6 N1 P1","25","30","6","1","1","-9999","-9999","-9999","-9999"
"2157","470.17339","470.173473054","470.173146786","994465.9","-9999","401450.2","7.71","-1","0.693931026","0.916333544","0","0.549800127","3","0.470588235","2","N3 S1 P1 O8","de-protonated","0","-9999","C17 H34 O8 N3 P1 S1","17","34","8","3","1","1","-9999","-9999","-9999"
"2157","470.17339","470.173473054","470.173725652","994465.9","-9999","401450.2","7.71","-1","-0.537244155","0.948976003","0.916717285","0.936072516","17","0.074074074","0.962962963","13C1 N4 S1 O2","de-protonated","1","2139","C26 H26 O2 N4 S1 13C1","26","26","2","4","-9999","1","1","-9999","-9999"
"2158","470.181307","470.181390051","470.181252649","999717.9","-9999","298504","7.76","-1","0.292231566","0.98462385","0.988229513","0.986066116","3","0.444444444","1.944444444","13C1 N2 S1 P1 O8","de-protonated","1","2140","C17 H35 O8 N2 P1 S1 13C1","17","35","8","2","1","1","1","-9999","-9999"
"2158","470.181307","470.181390051","470.181388995","999717.9","-9999","298504","7.76","-1","0.002246332","0.999999084","0","0.599999451","3","0.588235294","1.941176471","N3 S1 O10","de-protonated","0","-9999","C17 H33 O10 N3 S1","17","33","10","3","-9999","1","-9999","-9999","-9999"
"2159","470.185101","470.185184049","470.185411747","1005991.8","-9999","416901.8","7.81","-1","-0.484271263","0.958339574","0","0.575003745","7","0.363636364","1.5","N1 S1 O8","de-protonated","0","-9999","C22 H33 O8 N1 S1","22","33","8","1","-9999","1","-9999","-9999","-9999"
"2159","470.185101","470.185184049","470.185031624","1005991.8","-9999","416901.8","7.81","-1","0.32418139","0.981111574","0","0.588666944","12","0.208333333","1.25","N3 P1 O5","de-protonated","0","-9999","C24 H30 O5 N3 P1","24","30","5","3","1","-9999","-9999","-9999","-9999"
"2160","470.195835","470.195918045","470.195796983","2566829.3","-9999","419835.7","22.42","-1","0.257472415","0.494021725","0.800793265","0.616730341","6","0.130434783","1.652173913","N1 S2 P1 O3","de-protonated","0","-9999","C23 H38 O3 N1 P1 S2","23","38","3","1","1","2","-9999","-9999","-9999"
"2161","470.232245","470.232328031","470.232182492","2191039.8","-9999","455908.3","18.9","-1","0.309504596","0.491384328","0.793917021","0.612397405","5","0.083333333","1.75","N1 S2 P1 O2","de-protonated","0","-9999","C24 H42 O2 N1 P1 S2","24","42","2","1","1","2","-9999","-9999","-9999"
"2163","470.981803","470.981885741","470.981626556","3204156.8","-9999","357347.9","28.38","-1","0.550308798","0.473266294","0.793917021","0.601526585","21","0.375","0.333333333","S1 O9","de-protonated","0","-9999","C24 H8 O9 S1","24","8","9","-9999","-9999","1","-9999","-9999","-9999"
"2163","470.981803","470.981885741","470.982115813","3204156.8","-9999","357347.9","28.38","-1","-0.488494169","0.47881276","0.773979033","0.596879269","25","0.037037037","0.333333333","N2 S2 P1 O1","de-protonated","0","-9999","C27 H9 O1 N2 P1 S2","27","9","1","2","1","2","-9999","-9999","-9999"
"2164","470.999908","470.999990734","471.000254001","1022021.9","-9999","442544.5","7.96","-1","-0.558951454","0.944887488","0","0.566932493","20","0.24","0.48","S2 O6","de-protonated","0","-9999","C25 H12 O6 S2","25","12","6","-9999","-9999","2","-9999","-9999","-9999"
"2164","470.999908","470.999990734","470.999873878","1022021.9","-9999","442544.5","7.96","-1","0.248102494","0.988893096","0","0.593335858","25","0.111111111","0.333333333","N2 S1 P1 O3","de-protonated","0","-9999","C27 H9 O3 N2 P1 S1","27","9","3","2","1","1","-9999","-9999","-9999"
"2165","471.018607","471.018689727","471.019014387","1116495.5","-9999","366933","8.84","-1","-0.689271209","0.917405843","0","0.550443506","6","0.733333333","1.4","S2 P1 O11","de-protonated","0","-9999","C15 H21 O11 P1 S2","15","21","11","-9999","1","2","-9999","-9999","-9999"
"2166","471.036172","471.03625472","471.03663951","2134616.5","-9999","414316.9","18.37","-1","-0.816899607","0.442979219","0.780512821","0.57799266","19","0.192307692","0.615384615","S2 O5","de-protonated","0","-9999","C26 H16 O5 S2","26","16","5","-9999","-9999","2","-9999","-9999","-9999"
"2166","471.036172","471.03625472","471.036259387","2134616.5","-9999","414316.9","18.37","-1","-0.009908209","0.499991093","0.767553728","0.607016147","24","0.071428571","0.464285714","N2 S1 P1 O2","de-protonated","0","-9999","C28 H13 O2 N2 P1 S1","28","13","2","2","1","1","-9999","-9999","-9999"
"2167","471.048251","471.048333716","471.048524348","3034206.5","-9999","389291.7","26.79","-1","-0.404697766","0.485359756","0.736963647","0.586001313","28","0.060606061","0.363636364","S1 O2","de-protonated","0","-9999","C33 H12 O2 S1","33","12","2","-9999","-9999","1","-9999","-9999","-9999"
"2167","471.048251","471.048333716","471.04865729","3034206.5","-9999","389291.7","26.79","-1","-0.6869227","0.458972004","0.807789663","0.598499067","15","0.454545455","0.772727273","P1 O10","de-protonated","0","-9999","C22 H17 O10 P1","22","17","10","-9999","1","-9999","-9999","-9999","-9999"
"2167","471.048251","471.048333716","471.047872899","3034206.5","-9999","389291.7","26.79","-1","0.978279324","0.420294722","0.787157861","0.567039977","19","0.16","0.64","N2 S2 O4","de-protonated","0","-9999","C25 H16 O4 N2 S2","25","16","4","2","-9999","2","-9999","-9999","-9999"
"2167","471.048251","471.048333716","471.048005841","3034206.5","-9999","389291.7","26.79","-1","0.696053609","0.915843127","0","0.549505876","6","0.857142857","1.5","N2 S1 P1 O12","de-protonated","0","-9999","C14 H21 O12 N2 P1 S1","14","21","12","2","1","1","-9999","-9999","-9999"
"2168","471.05503","471.055112713","471.055399896","1648738","-9999","384796.8","13.82","-1","-0.609659238","0.93478227","0","0.560869362","5","0.625","1.5625","S2 P1 O10","de-protonated","0","-9999","C16 H25 O10 P1 S2","16","25","10","-9999","1","2","-9999","-9999","-9999"
"2169","471.063553","471.06363571","471.063913431","3082342.5","-9999","370843.3","27.24","-1","-0.589561656","0.469439594","0.780512821","0.593868884","19","0.269230769","0.653846154","P1 O7","de-protonated","0","-9999","C26 H17 O7 P1","26","17","7","-9999","1","-9999","-9999","-9999","-9999"
"2169","471.063553","471.06363571","471.063642105","3082342.5","-9999","370843.3","27.24","-1","-0.013575789","0.49998328","0.85247738","0.64098092","5","0.75","1.5","S2 O12","de-protonated","0","-9999","C16 H24 O12 S2","16","24","12","-9999","-9999","2","-9999","-9999","-9999"
"2169","471.063553","471.06363571","471.063261982","3082342.5","-9999","370843.3","27.24","-1","0.793369998","0.446035155","0.837042051","0.602437913","10","0.5","1.166666667","N2 S1 P1 O9","de-protonated","0","-9999","C18 H21 O9 N2 P1 S1","18","21","9","2","1","1","-9999","-9999","-9999"
"2170","471.072593","471.072675706","471.073025019","3028075","-9999","398875.1","26.73","-1","-0.741526381","0.452522042","0.773979033","0.581104839","18","0.148148148","0.740740741","S2 O4","de-protonated","0","-9999","C27 H20 O4 S2","27","20","4","-9999","-9999","2","-9999","-9999","-9999"
"2170","471.072593","471.072675706","471.072644897","3028075","-9999","398875.1","26.73","-1","0.065402746","0.499612075","0.761234226","0.604260936","23","0.034482759","0.586206897","N2 S1 P1 O1","de-protonated","0","-9999","C29 H17 O1 N2 P1 S1","29","17","1","2","1","1","-9999","-9999","-9999"
"2171","471.076743","471.076825705","471.076529264","1273453.1","-9999","575335.5","10.31","-1","0.629282615","0.930667634","0","0.55840058","0","0.923076923","2.230769231","S2 P1 O12","de-protonated","0","-9999","C13 H29 O12 P1 S2","13","29","12","-9999","1","2","-9999","-9999","-9999"
"2171","471.076743","471.076825705","471.076864353","1273453.1","-9999","575335.5","10.31","-1","-0.082043193","0.998779399","0","0.599267639","19","0.208333333","0.666666667","N4 S1 O5","de-protonated","0","-9999","C24 H16 O5 N4 S1","24","16","5","4","-9999","1","-9999","-9999","-9999"
"2172","471.080088","471.080170703","471.080235657","1435246.8","-9999","423100.9","11.83","-1","-0.137881529","0.996556365","0","0.597933819","14","0.238095238","0.952380952","N4 S2 O5","de-protonated","0","-9999","C21 H20 O5 N4 S2","21","20","5","4","-9999","2","-9999","-9999","-9999"
"2173","471.084679","471.084761702","471.084909857","7785585","-9999","381116.2","71.24","-1","-0.314498968","0.641889843","0.875322922","0.735263074","27","0.029411765","0.470588235","S1 O1","de-protonated","0","-9999","C34 H16 O1 S1","34","16","1","-9999","-9999","1","-9999","-9999","-9999"
"2173","471.084679","471.084761702","471.085042799","7785585","-9999","381116.2","71.24","-1","-0.596702129","0.907558487","0.978455006","0.935917095","14","0.391304348","0.913043478","P1 O9","de-protonated","0","-9999","C23 H21 O9 P1","23","21","9","-9999","1","-9999","-9999","-9999","-9999"
"2173","471.084679","471.084761702","471.08439135","7785585","-9999","381116.2","71.24","-1","0.786167487","0.921932195","0.961927753","0.937930418","5","0.733333333","1.666666667","N2 S1 P1 O11","de-protonated","0","-9999","C15 H25 O11 N2 P1 S1","15","25","11","2","1","1","-9999","-9999","-9999"
"2174","471.086628","471.086710701","471.086760332","1007730.1","-9999","766599.9","7.83","-1","-0.105354779","0.997988014","0","0.598792808","14","0.363636364","0.909090909","N2 S1 O8","de-protonated","0","-9999","C22 H20 O8 N2 S1","22","20","8","2","-9999","1","-9999","-9999","-9999"
"2174","471.086628","471.086710701","471.08638021","1007730.1","-9999","766599.9","7.83","-1","0.701551334","0.914567159","0","0.548740296","19","0.208333333","0.708333333","N4 P1 O5","de-protonated","0","-9999","C24 H17 O5 N4 P1","24","17","5","4","1","-9999","-9999","-9999","-9999"
"2175","471.091283","471.091365699","471.091785406","1502324.6","-9999","420948.3","12.45","-1","-0.890923285","0.865867088","0","0.519520253","4","0.529411765","1.705882353","S2 P1 O9","de-protonated","0","-9999","C17 H29 O9 P1 S2","17","29","9","-9999","1","2","-9999","-9999","-9999"
"2175","471.091283","471.091365699","471.090916026","1502324.6","-9999","420948.3","12.45","-1","0.95453598","0.847618215","0","0.508570929","5","0.875","1.5625","P1 O14","de-protonated","0","-9999","C16 H25 O14 P1","16","25","14","-9999","1","-9999","-9999","-9999","-9999"
"2176","471.099862","471.099944696","471.10029894","3584120.8","-9999","379035","31.93","-1","-0.751951566","0.451245419","0.773979033","0.580338865","18","0.222222222","0.777777778","P1 O6","de-protonated","0","-9999","C27 H21 O6 P1","27","21","6","-9999","1","-9999","-9999","-9999","-9999"
"2176","471.099862","471.099944696","471.100027614","3584120.8","-9999","379035","31.93","-1","-0.176010279","0.497197279","0.844689208","0.636194051","4","0.647058824","1.647058824","S2 O11","de-protonated","0","-9999","C17 H28 O11 S2","17","28","11","-9999","-9999","2","-9999","-9999","-9999"
"2176","471.099862","471.099944696","471.099647492","3584120.8","-9999","379035","31.93","-1","0.630873052","0.465164625","0.829532115","0.610911621","9","0.421052632","1.315789474","N2 S1 P1 O8","de-protonated","0","-9999","C19 H25 O8 N2 P1 S1","19","25","8","2","1","1","-9999","-9999","-9999"
"2177","471.103104","471.103186694","471.103018795","1181434.5","-9999","334522.2","9.45","-1","0.356396568","0.977216219","0","0.586329731","4","0.5","1.8125","N2 S2 P1 O8","de-protonated","0","-9999","C16 H29 O8 N2 P1 S2","16","29","8","2","1","2","-9999","-9999","-9999"
"2178","471.108761","471.108843692","471.108541149","1520765.4","-9999","374312.8","12.63","-1","0.642194815","0.92789935","0","0.55673961","18","0.296296296","0.740740741","O8","de-protonated","0","-9999","C27 H20 O8","27","20","8","-9999","-9999","-9999","-9999","-9999","-9999"
"2178","471.108761","471.108843692","471.108378958","1520765.4","-9999","374312.8","12.63","-1","0.986471082","0.838138189","0","0.502882914","13","0.090909091","1.136363636","N4 S2 P1 O2","de-protonated","0","-9999","C22 H25 O2 N4 P1 S2","22","25","2","4","1","2","-9999","-9999","-9999"
"2179","471.113107","471.113189691","471.113249863","3055743.8","-9999","425905","26.99","-1","-0.127723128","0.987642062","0.980561409","0.984809801","18","0.16","0.8","N4 S1 O4","de-protonated","0","-9999","C25 H20 O4 N4 S1","25","20","4","4","-9999","1","-9999","-9999","-9999"
"2179","471.113107","471.113189691","471.113382804","3055743.8","-9999","425905","26.99","-1","-0.409909365","0.969972033","0","0.58198322","5","0.857142857","1.785714286","N4 P1 O12","de-protonated","0","-9999","C14 H25 O12 N4 P1","14","25","12","4","1","-9999","-9999","-9999","-9999"
"2180","471.116523","471.116605689","471.116621166","1621633.4","-9999","449136.2","13.57","-1","-0.032851098","0.999804201","0","0.59988252","13","0.181818182","1.090909091","N4 S2 O4","de-protonated","0","-9999","C22 H24 O4 N4 S2","22","24","4","4","-9999","2","-9999","-9999","-9999"
"2181","471.121034","471.121116688","471.121428308","7419011.5","-9999","376748","67.81","-1","-0.661444871","0.926782208","0.961264003","0.940574926","13","0.333333333","1.041666667","P1 O8","de-protonated","0","-9999","C24 H25 O8 P1","24","25","8","-9999","1","-9999","-9999","-9999","-9999"
"2181","471.121034","471.121116688","471.12077686","7419011.5","-9999","376748","67.81","-1","0.721317854","0.906828061","0.980175638","0.936167091","4","0.625","1.8125","N2 S1 P1 O10","de-protonated","0","-9999","C16 H29 O10 N2 P1 S1","16","29","10","2","1","1","-9999","-9999","-9999"
"2182","471.130254","471.130336684","471.130539897","1025992.4","-9999","310934.1","8","-1","-0.431330087","0.966805697","0","0.580083418","12","0.2","1.12","S2 O5","de-protonated","0","-9999","C25 H28 O5 S2","25","28","5","-9999","-9999","2","-9999","-9999","-9999"
"2182","471.130254","471.130336684","471.130159774","1025992.4","-9999","310934.1","8","-1","0.375500782","0.974740091","0","0.584844055","17","0.074074074","0.925925926","N2 S1 P1 O2","de-protonated","0","-9999","C27 H25 O2 N2 P1 S1","27","25","2","2","1","1","-9999","-9999","-9999"
"2183","471.131068","471.131150684","471.131007927","1316744.8","-9999","343748.9","10.72","-1","0.303007563","0.983478547","0","0.590087128","18","0.24","0.8","N4 O6","de-protonated","0","-9999","C25 H20 O6 N4","25","20","6","4","-9999","-9999","-9999","-9999","-9999"
"2184","471.136436","471.136518682","471.13668445","3387019.5","-9999","306047.8","30.09","-1","-0.351847143","0.488893856","0.767553728","0.600357805","17","0.178571429","0.892857143","P1 O5","de-protonated","0","-9999","C28 H25 O5 P1","28","25","5","-9999","1","-9999","-9999","-9999","-9999"
"2184","471.136436","471.136518682","471.136413124","3387019.5","-9999","306047.8","30.09","-1","0.224049894","0.495466465","0.837042051","0.6320967","3","0.555555556","1.777777778","S2 O10","de-protonated","0","-9999","C18 H32 O10 S2","18","32","10","-9999","-9999","2","-9999","-9999","-9999"
"2184","471.136436","471.136518682","471.136881154","3387019.5","-9999","306047.8","30.09","-1","-0.769357274","0.449082537","0.837042051","0.604266343","9","0.611111111","1.333333333","N4 O11","de-protonated","0","-9999","C18 H24 O11 N4","18","24","11","4","-9999","-9999","-9999","-9999","-9999"
"2185","471.140212","471.14029468","471.140055753","924557.4","-9999","425938.8","7.05","-1","0.507125473","0.954407746","0","0.572644648","12","0.2","1.16","S1 P1 O5","de-protonated","0","-9999","C25 H29 O5 P1 S1","25","29","5","-9999","1","1","-9999","-9999","-9999"
"2185","471.140212","471.14029468","471.140252458","924557.4","-9999","425938.8","7.05","-1","0.089617972","0.998543778","0","0.599126267","4","0.733333333","1.866666667","N4 S1 O11","de-protonated","0","-9999","C15 H28 O11 N4 S1","15","28","11","4","-9999","1","-9999","-9999","-9999"
"2186","471.142181","471.142263679","471.142424735","4863118.5","-9999","364474.6","43.89","-1","-0.341840066","0.489510043","0.742885034","0.59086004","21","0.0625","0.75","S1 O2","de-protonated","0","-9999","C32 H24 O2 S1","32","24","2","-9999","-9999","1","-9999","-9999","-9999"
"2186","471.142181","471.142263679","471.142557676","4863118.5","-9999","364474.6","43.89","-1","-0.624008769","0.465892234","0.81490939","0.605499096","8","0.476190476","1.380952381","P1 O10","de-protonated","0","-9999","C21 H29 O10 P1","21","29","10","-9999","1","-9999","-9999","-9999","-9999"
"2187","471.14949","471.149572677","471.149635372","3209362.3","-9999","362054.3","28.42","-1","-0.133069132","0.985536628","0.971299008","0.97984158","17","0.115384615","0.923076923","N4 S1 O3","de-protonated","0","-9999","C26 H24 O3 N4 S1","26","24","3","4","-9999","1","-9999","-9999","-9999"
"2187","471.14949","471.149572677","471.149768314","3209362.3","-9999","362054.3","28.42","-1","-0.415233576","0.946545444","0.891401322","0.924487796","4","0.733333333","1.933333333","N4 P1 O11","de-protonated","0","-9999","C15 H29 O11 N4 P1","15","29","11","4","1","-9999","-9999","-9999","-9999"
"2188","471.152747","471.152829675","471.153006675","988563.8","-9999","418662.7","7.65","-1","-0.375674249","0.974717045","0","0.584830227","12","0.130434783","1.217391304","N4 S2 O3","de-protonated","0","-9999","C23 H28 O3 N4 S2","23","28","3","4","-9999","2","-9999","-9999","-9999"
"2189","471.157423","471.157505673","471.157813818","4649110.5","-9999","375750.8","41.89","-1","-0.654014983","0.901791505","0.963779104","0.926586544","12","0.28","1.16","P1 O7","de-protonated","0","-9999","C25 H29 O7 P1","25","29","7","-9999","1","-9999","-9999","-9999","-9999"
"2189","471.157423","471.157505673","471.157162369","4649110.5","-9999","375750.8","41.89","-1","0.728640967","0.928877655","0.97868955","0.948802413","3","0.529411765","1.941176471","N2 S1 P1 O9","de-protonated","0","-9999","C17 H33 O9 N2 P1 S1","17","33","9","2","1","1","-9999","-9999","-9999"
"2190","471.167349","471.16743167","471.167393437","943643.3","-9999","273638.5","7.23","-1","0.08114501","0.998805962","0","0.599283577","17","0.192307692","0.923076923","N4 O5","de-protonated","0","-9999","C26 H24 O5 N4","26","24","5","4","-9999","-9999","-9999","-9999","-9999"
"2191","471.16775","471.167832669","471.167393437","941627.5","-9999","242474.5","7.21","-1","0.932222251","0.85411805","0","0.51247083","17","0.192307692","0.923076923","N4 O5","de-protonated","0","-9999","C26 H24 O5 N4","26","24","5","4","-9999","-9999","-9999","-9999","-9999"
"2192","471.172879","471.172961668","471.173069959","2286238.3","-9999","432897","19.79","-1","-0.22983388","0.495230506","0.761234226","0.601631994","16","0.137931034","1","P1 O4","de-protonated","0","-9999","C29 H29 O4 P1","29","29","4","-9999","1","-9999","-9999","-9999","-9999"
"2192","471.172879","471.172961668","471.172798633","2286238.3","-9999","432897","19.79","-1","0.346018755","0.978509615","0","0.587105769","2","0.473684211","1.894736842","S2 O9","de-protonated","0","-9999","C19 H36 O9 S2","19","36","9","-9999","-9999","2","-9999","-9999","-9999"
"2192","471.172879","471.172961668","471.173266664","2286238.3","-9999","432897","19.79","-1","-0.64731182","0.926789066","0","0.556073439","8","0.526315789","1.473684211","N4 O10","de-protonated","0","-9999","C19 H28 O10 N4","19","28","10","4","-9999","-9999","-9999","-9999","-9999"
"2193","471.185757","471.185839663","471.186020881","1798308.6","-9999","398279.6","15.22","-1","-0.384601485","0.4867587","0.773979033","0.601646833","16","0.074074074","1.037037037","N4 S1 O2","de-protonated","0","-9999","C27 H28 O2 N4 S1","27","28","2","4","-9999","1","-9999","-9999","-9999"
"2193","471.185757","471.185839663","471.186153823","1798308.6","-9999","398279.6","15.22","-1","-0.666744069","0.922504903","0","0.553502942","3","0.625","2.0625","N4 P1 O10","de-protonated","0","-9999","C16 H33 O10 N4 P1","16","33","10","4","1","-9999","-9999","-9999","-9999"
"2194","471.193818","471.193900659","471.194199327","2214056.8","-9999","391343.5","19.11","-1","-0.633852645","0.46484667","0.780512821","0.59111313","11","0.230769231","1.269230769","P1 O6","de-protonated","0","-9999","C26 H33 O6 P1","26","33","6","-9999","1","-9999","-9999","-9999","-9999"
"2194","471.193818","471.193900659","471.193547878","2214056.8","-9999","391343.5","19.11","-1","0.748696564","0.903291076","0","0.541974646","2","0.444444444","2.055555556","N2 S1 P1 O8","de-protonated","0","-9999","C18 H37 O8 N2 P1 S1","18","37","8","2","1","1","-9999","-9999","-9999"
"2195","471.206921","471.207003654","471.207150249","3254447.5","-9999","379805.8","28.84","-1","-0.311105392","0.491295757","0.793917021","0.612344263","11","0.166666667","1.333333333","N4 S1 O4","de-protonated","0","-9999","C24 H32 O4 N4 S1","24","32","4","4","-9999","1","-9999","-9999","-9999"
"2196","471.209326","471.209408653","471.209455468","1329328.8","-9999","431121.6","10.83","-1","-0.099350669","0.998210604","0","0.598926362","15","0.1","1.1","P1 O3","de-protonated","0","-9999","C30 H33 O3 P1","30","33","3","-9999","1","-9999","-9999","-9999","-9999"
"2196","471.209326","471.209408653","471.209184142","1329328.8","-9999","431121.6","10.83","-1","0.476457575","0.959645823","0","0.575787494","1","0.4","2","S2 O8","de-protonated","0","-9999","C20 H40 O8 S2","20","40","8","-9999","-9999","2","-9999","-9999","-9999"
"2196","471.209326","471.209408653","471.209652173","1329328.8","-9999","431121.6","10.83","-1","-0.516796427","0.952694445","0","0.571616667","7","0.45","1.6","N4 O9","de-protonated","0","-9999","C20 H32 O9 N4","20","32","9","4","-9999","-9999","-9999","-9999","-9999"
"2197","471.216319","471.216401651","471.216198075","1372084.3","-9999","370674.2","11.23","-1","0.432021825","0.966700936","0","0.580020562","5","0.125","1.708333333","S2 P1 O3","de-protonated","0","-9999","C24 H41 O3 P1 S2","24","41","3","-9999","1","2","-9999","-9999","-9999"
"2197","471.216319","471.216401651","471.216666106","1372084.3","-9999","370674.2","11.23","-1","-0.561217349","0.94445242","0","0.566671452","11","0.166666667","1.375","N4 P1 O4","de-protonated","0","-9999","C24 H33 O4 N4 P1","24","33","4","4","1","-9999","-9999","-9999","-9999"
"2200","472.087915","472.087997314","472.088264692","1682033.6","-9999","432450.5","14.13","-1","-0.566374226","0.628970971","0.875322922","0.727511751","27","0.029411765","0.470588235","13C1 S1 O1","de-protonated","1","2173","C33 H16 O1 S1 13C1","33","16","1","-9999","-9999","1","1","-9999","-9999"
"2200","472.087915","472.087997314","472.088397634","1682033.6","-9999","432450.5","14.13","-1","-0.847977534","0.877679696","0.978455006","0.91798982","14","0.391304348","0.913043478","13C1 P1 O9","de-protonated","1","2173","C22 H21 O9 P1 13C1","22","21","9","-9999","1","-9999","1","-9999","-9999"
"2200","472.087915","472.087997314","472.087746185","1682033.6","-9999","432450.5","14.13","-1","0.531952643","0.9499507","0.961927753","0.954741521","5","0.733333333","1.666666667","13C1 N2 S1 P1 O11","de-protonated","1","2173","C14 H25 O11 N2 P1 S1 13C1","14","25","11","2","1","1","1","-9999","-9999"
"2200","472.087915","472.087997314","472.087882531","1682033.6","-9999","432450.5","14.13","-1","0.243138426","0.989330751","0","0.59359845","5","0.928571429","1.642857143","N3 S1 O13","de-protonated","0","-9999","C14 H23 O13 N3 S1","14","23","13","3","-9999","1","-9999","-9999","-9999"
"2201","472.095136","472.095218311","472.095547913","989045.3","-9999","425272.1","7.65","-1","-0.698167073","0.91535359","0","0.549212154","18","0.230769231","0.769230769","N1 P1 O6","de-protonated","0","-9999","C26 H20 O6 N1 P1","26","20","6","1","1","-9999","-9999","-9999","-9999"
"2201","472.095136","472.095218311","472.095276586","989045.3","-9999","425272.1","7.65","-1","-0.123439928","0.997239009","0","0.598343406","4","0.6875","1.6875","N1 S2 O11","de-protonated","0","-9999","C16 H27 O11 N1 S2","16","27","11","1","-9999","2","-9999","-9999","-9999"
"2201","472.095136","472.095218311","472.094896464","989045.3","-9999","425272.1","7.65","-1","0.681742411","0.919125689","0","0.551475414","9","0.444444444","1.333333333","N3 S1 P1 O8","de-protonated","0","-9999","C18 H24 O8 N3 P1 S1","18","24","8","3","1","1","-9999","-9999","-9999"
"2202","472.116358","472.116440303","472.116677281","924544.2","-9999","426888.2","7.04","-1","-0.501947596","0.955312995","0","0.573187797","13","0.347826087","1.043478261","N1 P1 O8","de-protonated","0","-9999","C23 H24 O8 N1 P1","23","24","8","1","1","-9999","-9999","-9999","-9999"
"2202","472.116358","472.116440303","472.116025832","924544.2","-9999","426888.2","7.04","-1","0.877900402","0.86949373","0","0.521696238","4","0.666666667","1.866666667","N3 S1 P1 O10","de-protonated","0","-9999","C15 H28 O10 N3 P1 S1","15","28","10","3","1","1","-9999","-9999","-9999"
"2202","472.116358","472.116440303","472.116604698","924544.2","-9999","426888.2","7.04","-1","-0.348208408","0.978239757","0.980561409","0.979168418","18","0.16","0.8","13C1 N4 S1 O4","de-protonated","1","2179","C24 H20 O4 N4 S1 13C1","24","20","4","4","-9999","1","1","-9999","-9999"
"2203","472.124402","472.1244843","472.124783143","1491076.3","-9999","403582.2","12.34","-1","-0.632976327","0.929880631","0.961264003","0.94243398","13","0.333333333","1.041666667","13C1 P1 O8","de-protonated","1","2181","C23 H25 O8 P1 13C1","23","25","8","-9999","1","-9999","1","-9999","-9999"
"2203","472.124402","472.1244843","472.124919489","1491076.3","-9999","403582.2","12.34","-1","-0.921767551","0.857127275","0","0.514276365","13","0.434782609","1","N1 O10","de-protonated","0","-9999","C23 H23 O10 N1","23","23","10","1","-9999","-9999","-9999","-9999","-9999"
"2203","472.124402","472.1244843","472.124131695","1491076.3","-9999","403582.2","12.34","-1","0.7468478","0.903744361","0.980175638","0.934316872","4","0.625","1.8125","13C1 N2 S1 P1 O10","de-protonated","1","2181","C15 H29 O10 N2 P1 S1 13C1","15","29","10","2","1","1","1","-9999","-9999"
"2203","472.124402","472.1244843","472.12426804","1491076.3","-9999","403582.2","12.34","-1","0.458055778","0.962644905","0","0.577586943","4","0.8","1.8","N3 S1 O12","de-protonated","0","-9999","C15 H27 O12 N3 S1","15","27","12","3","-9999","1","-9999","-9999","-9999"
"2204","472.152729","472.152811289","472.15306279","1059474.9","-9999","403752.9","8.31","-1","-0.532668877","0.949819276","0","0.569891565","12","0.291666667","1.166666667","N1 P1 O7","de-protonated","0","-9999","C24 H28 O7 N1 P1","24","28","7","1","1","-9999","-9999","-9999","-9999"
"2204","472.152729","472.152811289","472.152411341","1059474.9","-9999","403752.9","8.31","-1","0.847072743","0.877923972","0","0.526754383","3","0.5625","2","N3 S1 P1 O9","de-protonated","0","-9999","C16 H32 O9 N3 P1 S1","16","32","9","3","1","1","-9999","-9999","-9999"
"2204","472.152729","472.152811289","472.152990207","1059474.9","-9999","403752.9","8.31","-1","-0.378941541","0.974281083","0.971299008","0.973088253","17","0.115384615","0.923076923","13C1 N4 S1 O3","de-protonated","1","2187","C25 H24 O3 N4 S1 13C1","25","24","3","4","-9999","1","1","-9999","-9999"
"2204","472.152729","472.152811289","472.153123149","1059474.9","-9999","403752.9","8.31","-1","-0.660506299","0.923891758","0.891401322","0.910895584","4","0.733333333","1.933333333","13C1 N4 P1 O11","de-protonated","1","2187","C14 H29 O11 N4 P1 13C1","14","29","11","4","1","-9999","1","-9999","-9999"
"2205","472.160687","472.160769286","472.161168653","997270.9","-9999","409558.6","7.72","-1","-0.845828109","0.878259685","0.963779104","0.912467452","12","0.28","1.16","13C1 P1 O7","de-protonated","1","2189","C24 H29 O7 P1 13C1","24","29","7","-9999","1","-9999","1","-9999","-9999"
"2205","472.160687","472.160769286","472.160517204","997270.9","-9999","409558.6","7.72","-1","0.533889393","0.949594954","0.97868955","0.961232792","3","0.529411765","1.941176471","13C1 N2 S1 P1 O9","de-protonated","1","2189","C16 H33 O9 N2 P1 S1 13C1","16","33","9","2","1","1","1","-9999","-9999"
"2205","472.160687","472.160769286","472.16065355","997270.9","-9999","409558.6","7.72","-1","0.245119687","0.989157111","0","0.593494267","3","0.6875","1.9375","N3 S1 O11","de-protonated","0","-9999","C16 H31 O11 N3 S1","16","31","11","3","-9999","1","-9999","-9999","-9999"
"2206","472.247993","472.248075252","472.247832557","1426627.6","-9999","423768.3","11.74","-1","0.513915118","0.953207958","0","0.571924775","4","0.083333333","1.833333333","N1 S2 P1 O2","de-protonated","0","-9999","C24 H44 O2 N1 P1 S2","24","44","2","1","1","2","-9999","-9999","-9999"
"2208","473.01556","473.015641955","473.015904065","1097549.8","-9999","339600.9","8.66","-1","-0.554125048","0.945808986","0","0.567485391","19","0.24","0.56","S2 O6","de-protonated","0","-9999","C25 H14 O6 S2","25","14","6","-9999","-9999","2","-9999","-9999","-9999"
"2208","473.01556","473.015641955","473.015523943","1097549.8","-9999","339600.9","8.66","-1","0.249489823","0.988769237","0","0.593261542","24","0.111111111","0.407407407","N2 S1 P1 O3","de-protonated","0","-9999","C27 H11 O3 N2 P1 S1","27","11","3","2","1","1","-9999","-9999","-9999"
"2209","473.034408","473.034489948","473.034664451","1865815.4","-9999","372694.6","15.85","-1","-0.368902324","0.975609225","0","0.585365535","5","0.733333333","1.533333333","S2 P1 O11","de-protonated","0","-9999","C15 H23 O11 P1 S2","15","23","11","-9999","1","2","-9999","-9999","-9999"
"2210","473.042888","473.042969945","473.043177986","3146843.8","-9999","389346.1","27.83","-1","-0.439793924","0.48275657","0.787157861","0.604517086","19","0.32","0.6","P1 O8","de-protonated","0","-9999","C25 H15 O8 P1","25","15","8","-9999","1","-9999","-9999","-9999","-9999"
"2210","473.042888","473.042969945","473.04290666000003","3146843.8","-9999","389346.1","27.83","-1","0.133782039","0.498378883","0.860410506","0.643191532","5","0.866666667","1.466666667","S2 O13","de-protonated","0","-9999","C15 H22 O13 S2","15","22","13","-9999","-9999","2","-9999","-9999","-9999"
"2210","473.042888","473.042969945","473.042526537","3146843.8","-9999","389346.1","27.83","-1","0.937351591","0.426316574","0.844689208","0.593665627","10","0.588235294","1.117647059","N2 S1 P1 O10","de-protonated","0","-9999","C17 H19 O10 N2 P1 S1","17","19","10","2","1","1","-9999","-9999","-9999"
"2210","473.042888","473.042969945","473.043374691","3146843.8","-9999","389346.1","27.83","-1","-0.855621338","0.437804172","0.860410506","0.606846706","11","0.933333333","0.933333333","N4 O14","de-protonated","0","-9999","C15 H14 O14 N4","15","14","14","4","-9999","-9999","-9999","-9999","-9999"
"2211","473.051967","473.052048941","473.052289574","3054688.5","-9999","370045.8","26.97","-1","-0.508682423","0.477066948","0.780512821","0.598445297","18","0.192307692","0.692307692","S2 O5","de-protonated","0","-9999","C26 H18 O5 S2","26","18","5","-9999","-9999","2","-9999","-9999","-9999"
"2211","473.051967","473.052048941","473.052422516","3054688.5","-9999","370045.8","26.97","-1","-0.789711874","0.44650409","0.860410506","0.612066657","5","0.866666667","1.533333333","S1 P1 O13","de-protonated","0","-9999","C15 H23 O13 P1 S1","15","23","13","-9999","1","1","-9999","-9999","-9999"
"2211","473.051967","473.052048941","473.051909452","3054688.5","-9999","370045.8","26.97","-1","0.294870673","0.492173535","0.767553728","0.602325612","23","0.071428571","0.535714286","N2 S1 P1 O2","de-protonated","0","-9999","C28 H15 O2 N2 P1 S1","28","15","2","2","1","1","-9999","-9999","-9999"
"2212","473.05913","473.059211938","473.059500212","934628.1","-9999","371773.1","7.13","-1","-0.609380943","0.934839814","0","0.560903888","14","0.3","0.9","N4 S2 O6","de-protonated","0","-9999","C20 H18 O6 N4 S2","20","18","6","4","-9999","2","-9999","-9999","-9999"
"2213","473.063945","473.064026936","473.064174412","3103846.5","-9999","406631.6","27.43","-1","-0.311746257","0.491260175","0.736963647","0.589541564","27","0.060606061","0.424242424","S1 O2","de-protonated","0","-9999","C33 H14 O2 S1","33","14","2","-9999","-9999","1","-9999","-9999","-9999"
"2213","473.063945","473.064026936","473.064307354","3103846.5","-9999","406631.6","27.43","-1","-0.592768702","0.469116723","0.807789663","0.604585899","14","0.454545455","0.863636364","P1 O10","de-protonated","0","-9999","C22 H19 O10 P1","22","19","10","-9999","1","-9999","-9999","-9999","-9999"
"2213","473.063945","473.064026936","473.063655905","3103846.5","-9999","406631.6","27.43","-1","0.784315091","0.894385679","0","0.536631407","5","0.857142857","1.642857143","N2 S1 P1 O12","de-protonated","0","-9999","C14 H23 O12 N2 P1 S1","14","23","12","2","1","1","-9999","-9999","-9999"
"2214","473.070712","473.070793934","473.07104996100003","2978922","-9999","415819","26.26","-1","-0.541201943","0.964112949","0.897782195","0.937580647","4","0.625","1.6875","S2 P1 O10","de-protonated","0","-9999","C16 H27 O10 P1 S2","16","27","10","-9999","1","2","-9999","-9999","-9999"
"2215","473.071838","473.071919933","473.072387371","943594.7","-9999","221845.4","7.22","-1","-0.988089644","0.837652293","0","0.502591376","9","0.352941176","1.352941176","N4 S2 P1 O6","de-protonated","0","-9999","C17 H23 O6 N4 P1 S2","17","23","6","4","1","2","-9999","-9999","-9999"
"2215","473.071838","473.071919933","473.071517991","943594.7","-9999","221845.4","7.22","-1","0.849643083","0.877229526","0","0.526337716","10","0.6875","1.1875","N4 P1 O11","de-protonated","0","-9999","C16 H19 O11 N4 P1","16","19","11","4","1","-9999","-9999","-9999","-9999"
"2216","473.0763","473.076381932","473.075920866","1006700.9","-9999","552369.9","7.81","-1","0.974612484","0.841682367","0","0.50500942","9","0.631578947","1.157894737","S1 O12","de-protonated","0","-9999","C19 H22 O12 S1","19","22","12","-9999","-9999","1","-9999","-9999","-9999"
"2216","473.0763","473.076381932","473.076410123","1006700.9","-9999","552369.9","7.81","-1","-0.059592174","0.999355842","0","0.599613505","13","0.181818182","1.045454545","N2 S2 P1 O4","de-protonated","0","-9999","C22 H23 O4 N2 P1 S2","22","23","4","2","1","2","-9999","-9999","-9999"
"2217","473.079263","473.079344931","473.079563495","4768878.5","-9999","392313.3","43","-1","-0.462004585","0.944878661","0.966613597","0.953572636","18","0.269230769","0.730769231","P1 O7","de-protonated","0","-9999","C26 H19 O7 P1","26","19","7","-9999","1","-9999","-9999","-9999","-9999"
"2217","473.079263","473.079344931","473.079292169","4768878.5","-9999","392313.3","43","-1","0.11152725","0.998421046","0.961421843","0.983621365","4","0.75","1.625","S2 O12","de-protonated","0","-9999","C16 H26 O12 S2","16","26","12","-9999","-9999","2","-9999","-9999","-9999"
"2217","473.079263","473.079344931","473.078912047","4768878.5","-9999","392313.3","43","-1","0.91503498","0.883295823","0.976857173","0.920720363","9","0.5","1.277777778","N2 S1 P1 O9","de-protonated","0","-9999","C18 H23 O9 N2 P1 S1","18","23","9","2","1","1","-9999","-9999","-9999"
"2217","473.079263","473.079344931","473.0797602","4768878.5","-9999","392313.3","43","-1","-0.877800008","0.434760769","0.85247738","0.601847414","10","0.8125","1.125","N4 O13","de-protonated","0","-9999","C16 H18 O13 N4","16","18","13","4","-9999","-9999","-9999","-9999","-9999"
"2218","473.080413","473.08049493","473.080432875","1242095.1","-9999","470134.1","10.01","-1","0.131171686","0.99688286","0","0.598129716","17","0.074074074","0.851851852","S2 P1 O2","de-protonated","0","-9999","C27 H23 O2 P1 S2","27","23","2","-9999","1","2","-9999","-9999","-9999"
"2218","473.080413","473.08049493","473.080900906","1242095.1","-9999","470134.1","10.01","-1","-0.858153206","0.874919236","0","0.524951542","23","0.111111111","0.555555556","N4 P1 O3","de-protonated","0","-9999","C27 H15 O3 N4 P1","27","15","3","4","1","-9999","-9999","-9999","-9999"
"2218","473.080413","473.08049493","473.08062958","1242095.1","-9999","470134.1","10.01","-1","-0.284623219","0.98540828","0","0.591244968","9","0.470588235","1.294117647","N4 S2 O8","de-protonated","0","-9999","C17 H22 O8 N4 S2","17","22","8","4","-9999","2","-9999","-9999","-9999"
"2219","473.083536","473.083617929","473.083782952","986992.7","-9999","318732.4","7.62","-1","-0.348824194","0.978163572","0","0.586898143","14","0.523809524","0.857142857","N2 O11","de-protonated","0","-9999","C21 H18 O11 N2","21","18","11","2","-9999","-9999","-9999","-9999","-9999"
"2220","473.088349","473.088430927","473.088675084","3535987.3","-9999","404654.3","31.47","-1","-0.516090984","0.476410205","0.773979033","0.595437736","17","0.148148148","0.814814815","S2 O4","de-protonated","0","-9999","C27 H22 O4 S2","27","22","4","-9999","-9999","2","-9999","-9999","-9999"
"2220","473.088349","473.088430927","473.088808026","3535987.3","-9999","404654.3","31.47","-1","-0.797098818","0.445555437","0.85247738","0.608324214","4","0.75","1.6875","S1 P1 O12","de-protonated","0","-9999","C16 H27 O12 P1 S1","16","27","12","-9999","1","1","-9999","-9999","-9999"
"2220","473.088349","473.088430927","473.088294961","3535987.3","-9999","404654.3","31.47","-1","0.287400305","0.492562142","0.761234226","0.600030976","22","0.034482759","0.655172414","N2 S1 P1 O1","de-protonated","0","-9999","C29 H19 O1 N2 P1 S1","29","19","1","2","1","1","-9999","-9999","-9999"
"2221","473.092429","473.092510925","473.092514418","1394293.3","-9999","380396.8","11.43","-1","-0.007381954","0.999990112","0","0.599994067","18","0.208333333","0.75","N4 S1 O5","de-protonated","0","-9999","C24 H18 O5 N4 S1","24","18","5","4","-9999","1","-9999","-9999","-9999"
"2222","473.100312","473.100393922","473.100559922","3958905.3","-9999","372021.3","35.43","-1","-0.350875498","0.48895443","0.73113591","0.585827022","26","0.029411765","0.529411765","S1 O1","de-protonated","0","-9999","C34 H18 O1 S1","34","18","1","-9999","-9999","1","-9999","-9999","-9999"
"2222","473.100312","473.100393922","473.100692864","3958905.3","-9999","372021.3","35.43","-1","-0.63187632","0.465057708","0.800793265","0.599351931","13","0.391304348","1","P1 O9","de-protonated","0","-9999","C23 H23 O9 P1","23","23","9","-9999","1","-9999","-9999","-9999","-9999"
"2222","473.100312","473.100393922","473.100041415","3958905.3","-9999","372021.3","35.43","-1","0.74510151","0.45208585","0.860410506","0.615415712","4","0.733333333","1.8","N2 S1 P1 O11","de-protonated","0","-9999","C15 H27 O11 N2 P1 S1","15","27","11","2","1","1","-9999","-9999","-9999"
"2223","473.107114","473.10719592","473.10743547","1243260.8","-9999","376881.7","10.02","-1","-0.506334029","0.95454666","0","0.572727996","3","0.529411765","1.823529412","S2 P1 O9","de-protonated","0","-9999","C17 H31 O9 P1 S2","17","31","9","-9999","1","2","-9999","-9999","-9999"
"2224","473.115552","473.115633917","473.115949005","4894849","-9999","376953.5","44.18","-1","-0.665985382","0.942972473","0.991058738","0.962206979","17","0.222222222","0.851851852","P1 O6","de-protonated","0","-9999","C27 H23 O6 P1","27","23","6","-9999","1","-9999","-9999","-9999","-9999"
"2224","473.115552","473.115633917","473.115677679","4894849","-9999","376953.5","44.18","-1","-0.092497772","0.997959626","0.938231087","0.974068211","3","0.647058824","1.764705882","S2 O11","de-protonated","0","-9999","C17 H30 O11 S2","17","30","11","-9999","-9999","2","-9999","-9999","-9999"
"2224","473.115552","473.115633917","473.115297556","4894849","-9999","376953.5","44.18","-1","0.710947999","0.885016111","0.95338818","0.912364939","8","0.421052632","1.421052632","N2 S1 P1 O8","de-protonated","0","-9999","C19 H27 O8 N2 P1 S1","19","27","8","2","1","1","-9999","-9999","-9999"
"2225","473.124321","473.124402913","473.124191213","1237893.8","-9999","364389","9.97","-1","0.447450834","0.964323703","0","0.578594222","17","0.296296296","0.814814815","O8","de-protonated","0","-9999","C27 H22 O8","27","22","8","-9999","-9999","-9999","-9999","-9999","-9999"
"2225","473.124321","473.124402913","473.124029022","1237893.8","-9999","364389","9.97","-1","0.790260314","0.892867785","0","0.535720671","12","0.090909091","1.227272727","N4 S2 P1 O2","de-protonated","0","-9999","C22 H27 O2 N4 P1 S2","22","27","2","4","1","2","-9999","-9999","-9999"
"2226","473.128703","473.128784911","473.128899927","3153032","-9999","329632.4","27.89","-1","-0.243095952","0.990547937","0.937894797","0.969486681","17","0.16","0.88","N4 S1 O4","de-protonated","0","-9999","C25 H22 O4 N4 S1","25","22","4","4","-9999","1","-9999","-9999","-9999"
"2226","473.128703","473.128784911","473.129032869","3153032","-9999","329632.4","27.89","-1","-0.524079972","0.951384808","0","0.570830885","4","0.857142857","1.928571429","N4 P1 O12","de-protonated","0","-9999","C14 H27 O12 N4 P1","14","27","12","4","1","-9999","-9999","-9999","-9999"
"2227","473.132232","473.13231391","473.13227123","1043849.8","-9999","411248.5","8.15","-1","0.090206477","0.998524604","0","0.599114762","12","0.181818182","1.181818182","N4 S2 O4","de-protonated","0","-9999","C22 H26 O4 N4 S2","22","26","4","4","-9999","2","-9999","-9999","-9999"
"2228","473.136784","473.136865908","473.137078373","3321996","-9999","399763.9","29.47","-1","-0.449055007","0.482036047","0.793917021","0.606788437","12","0.333333333","1.125","P1 O8","de-protonated","0","-9999","C24 H27 O8 P1","24","27","8","-9999","1","-9999","-9999","-9999","-9999"
"2228","473.136784","473.136865908","473.136426924","3321996","-9999","399763.9","29.47","-1","0.927817181","0.427694414","0.85247738","0.597607601","3","0.625","1.9375","N2 S1 P1 O10","de-protonated","0","-9999","C16 H31 O10 N2 P1 S1","16","31","10","2","1","1","-9999","-9999","-9999"
"2229","473.147002","473.147083904","473.147527372","1924497.4","-9999","254619.2","16.39","-1","-0.937270891","0.426328276","0.780512821","0.568002094","16","0.038461538","1","N4 S2 O1","de-protonated","0","-9999","C26 H26 O1 N4 S2","26","26","1","4","-9999","2","-9999","-9999","-9999"
"2229","473.147002","473.147083904","473.146657992","1924497.4","-9999","254619.2","16.39","-1","0.900170081","0.431634475","0.787157861","0.573843829","17","0.24","0.88","N4 O6","de-protonated","0","-9999","C25 H22 O6 N4","25","22","6","4","-9999","-9999","-9999","-9999","-9999"
"2230","473.152003","473.152084902","473.152334514","8167572","-9999","367655.2","74.8","-1","-0.527550494","0.96732507","0.988769858","0.975902985","16","0.178571429","0.964285714","P1 O5","de-protonated","0","-9999","C28 H27 O5 P1","28","27","5","-9999","1","-9999","-9999","-9999","-9999"
"2230","473.152003","473.152084902","473.152063188","8167572","-9999","367655.2","74.8","-1","0.045893095","0.662058687","0.93031813","0.769362464","2","0.555555556","1.888888889","S2 O10","de-protonated","0","-9999","C18 H34 O10 S2","18","34","10","-9999","-9999","2","-9999","-9999","-9999"
"2230","473.152003","473.152084902","473.151683065","8167572","-9999","367655.2","74.8","-1","0.849277191","0.438664238","0.822155738","0.592060838","7","0.35","1.55","N2 S1 P1 O7","de-protonated","0","-9999","C20 H31 O7 N2 P1 S1","20","31","7","2","1","1","-9999","-9999","-9999"
"2230","473.152003","473.152084902","473.152531219","8167572","-9999","367655.2","74.8","-1","-0.94328194","0.881280513","0.941741819","0.905465036","8","0.611111111","1.444444444","N4 O11","de-protonated","0","-9999","C18 H26 O11 N4","18","26","11","4","-9999","-9999","-9999","-9999","-9999"
"2231","473.159254","473.1593359","473.159077121","2548887.8","-9999","358168.9","22.23","-1","0.54691714","0.473585973","0.807789663","0.607267449","6","0.227272727","1.590909091","S2 P1 O5","de-protonated","0","-9999","C22 H35 O5 P1 S2","22","35","5","-9999","1","2","-9999","-9999","-9999"
"2231","473.159254","473.1593359","473.159545151","2548887.8","-9999","358168.9","22.23","-1","-0.442243727","0.482567329","0.807789663","0.612656262","12","0.272727273","1.227272727","N4 P1 O6","de-protonated","0","-9999","C22 H27 O6 N4 P1","22","27","6","4","1","-9999","-9999","-9999","-9999"
"2232","473.165098","473.165179897","473.165285436","2547354.8","-9999","387897.7","22.22","-1","-0.223049203","0.49550669","0.780512821","0.609509142","16","0.115384615","1","N4 S1 O3","de-protonated","0","-9999","C26 H26 O3 N4 S1","26","26","3","4","-9999","1","-9999","-9999","-9999"
"2232","473.165098","473.165179897","473.165418378","2547354.8","-9999","387897.7","22.22","-1","-0.504011622","0.954953152","0","0.572971891","3","0.733333333","2.066666667","N4 P1 O11","de-protonated","0","-9999","C15 H31 O11 N4 P1","15","31","11","4","1","-9999","-9999","-9999","-9999"
"2233","473.173166","473.173247894","473.173463882","1474206.8","-9999","428162.2","12.18","-1","-0.456466826","0.962898758","0","0.577739255","11","0.28","1.24","P1 O7","de-protonated","0","-9999","C25 H31 O7 P1","25","31","7","-9999","1","-9999","-9999","-9999","-9999"
"2233","473.173166","473.173247894","473.172812434","1474206.8","-9999","428162.2","12.18","-1","0.920299475","0.857547962","0","0.514528777","2","0.529411765","2.058823529","N2 S1 P1 O9","de-protonated","0","-9999","C17 H35 O9 N2 P1 S1","17","35","9","2","1","1","-9999","-9999","-9999"
"2233","473.173166","473.173247894","473.173660587","1474206.8","-9999","428162.2","12.18","-1","-0.872179737","0.871074684","0","0.52264481","3","0.866666667","2","N4 O13","de-protonated","0","-9999","C15 H30 O13 N4","15","30","13","4","-9999","-9999","-9999","-9999","-9999"
"2234","473.183674","473.18375589","473.184045823","1011876.3","-9999","419378.6","7.86","-1","-0.612727043","0.934146422","0","0.560487853","2","0.5","2.1875","N4 S1 P1 O8","de-protonated","0","-9999","C16 H35 O8 N4 P1 S1","16","35","8","4","1","1","-9999","-9999","-9999"
"2235","473.188449","473.188530888","473.188720024","3025574.8","-9999","372292.2","26.69","-1","-0.399703499","0.977457757","0.971327129","0.975005506","15","0.137931034","1.068965517","P1 O4","de-protonated","0","-9999","C29 H31 O4 P1","29","31","4","-9999","1","-9999","-9999","-9999","-9999"
"2235","473.188449","473.188530888","473.188448697","3025574.8","-9999","372292.2","26.69","-1","0.173696068","0.932403814","0.90302924","0.920653984","1","0.473684211","2","S2 O9","de-protonated","0","-9999","C19 H38 O9 S2","19","38","9","-9999","-9999","2","-9999","-9999","-9999"
"2235","473.188449","473.188530888","473.188068575","3025574.8","-9999","372292.2","26.69","-1","0.977018491","0.420482772","0.81490939","0.57825342","6","0.285714286","1.666666667","N2 S1 P1 O6","de-protonated","0","-9999","C21 H35 O6 N2 P1 S1","21","35","6","2","1","1","-9999","-9999","-9999"
"2235","473.188449","473.188530888","473.188916728","3025574.8","-9999","372292.2","26.69","-1","-0.815403031","0.942040862","0.90302924","0.926436213","7","0.526315789","1.578947368","N4 O10","de-protonated","0","-9999","C19 H30 O10 N4","19","30","10","4","-9999","-9999","-9999","-9999","-9999"
"2236","473.204042","473.204123882","473.203976165","1299118.8","-9999","340148.5","10.54","-1","0.312164526","0.982473828","0","0.589484297","19","0.03030303","0.939393939","P1 O1","de-protonated","0","-9999","C33 H31 O1 P1","33","31","1","-9999","1","-9999","-9999","-9999","-9999"
"2236","473.204042","473.204123882","473.203704839","1299118.8","-9999","340148.5","10.54","-1","0.885546014","0.867369196","0","0.520421517","5","0.260869565","1.652173913","S2 O6","de-protonated","0","-9999","C23 H38 O6 S2","23","38","6","-9999","-9999","2","-9999","-9999","-9999"
"2236","473.204042","473.204123882","473.204172869","1299118.8","-9999","340148.5","10.54","-1","-0.1035219","0.998057343","0","0.598834406","11","0.304347826","1.304347826","N4 O7","de-protonated","0","-9999","C23 H30 O7 N4","23","30","7","4","-9999","-9999","-9999","-9999","-9999"
"2237","473.214242","473.214323878","473.214068848","6439092","-9999","384498.8","58.63","-1","0.538932184","0.946218553","0.99355452","0.96515294","6","0.476190476","1.619047619","N2 O10","de-protonated","0","-9999","C21 H34 O10 N2","21","34","10","2","-9999","-9999","-9999","-9999","-9999"
"2237","473.214242","473.214323878","473.214558105","6439092","-9999","384498.8","58.63","-1","-0.494970103","0.958861819","0.972562151","0.964341952","10","0.083333333","1.458333333","N4 S1 P1 O2","de-protonated","0","-9999","C24 H35 O2 N4 P1 S1","24","35","2","4","1","1","-9999","-9999","-9999"
"2238","473.222566","473.222647875","473.222800314","1499320.3","-9999","453576.6","12.42","-1","-0.322128955","0.98134775","0","0.58880865","10","0.166666667","1.416666667","N4 S1 O4","de-protonated","0","-9999","C24 H34 O4 N4 S1","24","34","4","4","-9999","1","-9999","-9999","-9999"
"2239","473.224883","473.224964874","473.225105533","1342137.5","-9999","377568.5","10.94","-1","-0.297234066","0.984097162","0","0.590458297","14","0.1","1.166666667","P1 O3","de-protonated","0","-9999","C30 H35 O3 P1","30","35","3","-9999","1","-9999","-9999","-9999","-9999"
"2239","473.224883","473.224964874","473.224834207","1342137.5","-9999","377568.5","10.94","-1","0.276121472","0.986261048","0","0.591756629","0","0.4","2.1","S2 O8","de-protonated","0","-9999","C20 H42 O8 S2","20","42","8","-9999","-9999","2","-9999","-9999","-9999"
"2239","473.224883","473.224964874","473.225302237","1342137.5","-9999","377568.5","10.94","-1","-0.712901678","0.911906835","0","0.547144101","6","0.45","1.7","N4 O9","de-protonated","0","-9999","C20 H34 O9 N4","20","34","9","4","-9999","-9999","-9999","-9999","-9999"
"2240","473.284634","473.284715851","473.284989392","1353944.3","-9999","468053.1","11.06","-1","-0.577962237","0.47059456","0.725399619","0.572516583","17","0.028571429","1.085714286","O1","de-protonated","0","-9999","C35 H38 O1","35","38","1","-9999","-9999","-9999","-9999","-9999","-9999"
"2240","473.284634","473.284715851","473.284337943","1353944.3","-9999","468053.1","11.06","-1","0.798479473","0.890754749","0","0.53445285","8","0.111111111","1.555555556","N2 S1 O3","de-protonated","0","-9999","C27 H42 O3 N2 S1","27","42","3","2","-9999","1","-9999","-9999","-9999"
"2241","473.28931","473.289391849","473.289831048","7616730.5","-9999","388092.4","69.65","-1","-0.927968868","0.883053174","0.962855274","0.914974014","4","0.227272727","1.954545455","N4 P1 O5","de-protonated","0","-9999","C22 H43 O5 N4 P1","22","43","5","4","1","-9999","-9999","-9999","-9999"
"2243","474.074165","474.074246546","474.074404796","991599.8","-9999","396564.1","7.66","-1","-0.333808283","0.979984564","0.897782195","0.947103616","4","0.625","1.6875","13C1 S2 P1 O10","de-protonated","1","2214","C15 H27 O10 P1 S2 13C1","15","27","10","-9999","1","2","1","-9999","-9999"
"2243","474.074165","474.074246546","474.074541141","991599.8","-9999","396564.1","7.66","-1","-0.621411946","0.932331427","0","0.55939885600000006","4","0.8","1.666666667","N1 S2 O12","de-protonated","0","-9999","C15 H25 O12 N1 S2","15","25","12","1","-9999","2","-9999","-9999","-9999"
"2243","474.074165","474.074246546","474.074028077","991599.8","-9999","396564.1","7.66","-1","0.460832389","0.962199354","0","0.577319613","22","0.035714286","0.607142857","N3 S2 O1","de-protonated","0","-9999","C28 H17 O1 N3 S2","28","17","1","3","-9999","2","-9999","-9999","-9999"
"2243","474.074165","474.074246546","474.074161019","991599.8","-9999","396564.1","7.66","-1","0.180408349","0.994111762","0","0.596467057","9","0.529411765","1.294117647","N3 S1 P1 O9","de-protonated","0","-9999","C17 H22 O9 N3 P1 S1","17","22","9","3","1","1","-9999","-9999","-9999"
"2244","474.082532","474.082613543","474.082918331","1090420","-9999","473209.6","8.59","-1","-0.642899872","0.927746812","0.966613597","0.943293526","18","0.269230769","0.730769231","13C1 P1 O7","de-protonated","1","2217","C25 H19 O7 P1 13C1","25","19","7","-9999","1","-9999","1","-9999","-9999"
"2244","474.082532","474.082613543","474.082647004","1090420","-9999","473209.6","8.59","-1","-0.070581971","0.999096465","0.961421843","0.984026616","4","0.75","1.625","13C1 S2 O12","de-protonated","1","2217","C15 H26 O12 S2 13C1","15","26","12","-9999","-9999","2","1","-9999","-9999"
"2244","474.082532","474.082613543","474.083054676","1090420","-9999","473209.6","8.59","-1","-0.930498281","0.854615874","0","0.512769524","18","0.36","0.68","N1 O9","de-protonated","0","-9999","C25 H17 O9 N1","25","17","9","1","-9999","-9999","-9999","-9999","-9999"
"2244","474.082532","474.082613543","474.082266882","1090420","-9999","473209.6","8.59","-1","0.731225056","0.907538932","0.976857173","0.935266228","9","0.5","1.277777778","13C1 N2 S1 P1 O9","de-protonated","1","2217","C17 H23 O9 N2 P1 S1 13C1","17","23","9","2","1","1","1","-9999","-9999"
"2244","474.082532","474.082613543","474.082403227","1090420","-9999","473209.6","8.59","-1","0.443625857","0.964920264","0","0.578952158","9","0.647058824","1.235294118","N3 S1 O11","de-protonated","0","-9999","C17 H21 O11 N3 S1","17","21","11","3","-9999","1","-9999","-9999","-9999"
"2245","474.119007","474.119088529","474.11930384","1357191","-9999","433896","11.08","-1","-0.454128943","0.963270778","0.991058738","0.974385962","17","0.222222222","0.851851852","13C1 P1 O6","de-protonated","1","2224","C26 H23 O6 P1 13C1","26","23","6","-9999","1","-9999","1","-9999","-9999"
"2245","474.119007","474.119088529","474.119032514","1357191","-9999","433896","11.08","-1","0.118145144","0.997470494","0.938231087","0.973774731","3","0.647058824","1.764705882","13C1 S2 O11","de-protonated","1","2224","C16 H30 O11 S2 13C1","16","30","11","-9999","-9999","2","1","-9999","-9999"
"2245","474.119007","474.119088529","474.119440185","1357191","-9999","433896","11.08","-1","-0.741705335","0.905000497","0","0.543000298","17","0.307692308","0.807692308","N1 O8","de-protonated","0","-9999","C26 H21 O8 N1","26","21","8","1","-9999","-9999","-9999","-9999","-9999"
"2245","474.119007","474.119088529","474.118652391","1357191","-9999","433896","11.08","-1","0.91989079","0.857664991","0.95338818","0.895954267","8","0.421052632","1.421052632","13C1 N2 S1 P1 O8","de-protonated","1","2224","C18 H27 O8 N2 P1 S1 13C1","18","27","8","2","1","1","1","-9999","-9999"
"2245","474.119007","474.119088529","474.118788737","1357191","-9999","433896","11.08","-1","0.63231360700000006","0.930022124","0","0.558013274","8","0.555555556","1.388888889","N3 S1 O10","de-protonated","0","-9999","C18 H25 O10 N3 S1","18","25","10","3","-9999","1","-9999","-9999","-9999"
"2246","474.132072","474.132153524","474.132327345","1195661.8","-9999","332758.3","9.57","-1","-0.366609761","0.975907769","0","0.585544661","12","0.347826087","1.130434783","N1 P1 O8","de-protonated","0","-9999","C23 H26 O8 N1 P1","23","26","8","1","1","-9999","-9999","-9999","-9999"
"2246","474.132072","474.132153524","474.132254762","1195661.8","-9999","332758.3","9.57","-1","-0.213524134","0.991761415","0.937894797","0.970214768","17","0.16","0.88","13C1 N4 S1 O4","de-protonated","1","2226","C24 H22 O4 N4 S1 13C1","24","22","4","4","-9999","1","1","-9999","-9999"
"2247","474.155466","474.155547514","474.155689349","2320025.8","-9999","392567.4","20.09","-1","-0.299131163","0.983895163","0.988769858","0.985845041","16","0.178571429","0.964285714","13C1 P1 O5","de-protonated","1","2230","C27 H27 O5 P1 13C1","27","27","5","-9999","1","-9999","1","-9999","-9999"
"2247","474.155466","474.155547514","474.155418023","2320025.8","-9999","392567.4","20.09","-1","0.273099098","0.657705434","0.93031813","0.766750512","2","0.555555556","1.888888889","13C1 S2 O10","de-protonated","1","2230","C17 H34 O10 S2 13C1","17","34","10","-9999","-9999","2","1","-9999","-9999"
"2247","474.155466","474.155547514","474.155825695","2320025.8","-9999","392567.4","20.09","-1","-0.586685532","0.469727846","0.773979033","0.591428321","16","0.259259259","0.925925926","N1 O7","de-protonated","0","-9999","C27 H25 O7 N1","27","25","7","1","-9999","-9999","-9999","-9999","-9999"
"2247","474.155466","474.155547514","474.155174246","2320025.8","-9999","392567.4","20.09","-1","0.787228184","0.893643038","0","0.536185823","7","0.473684211","1.526315789","N3 S1 O9","de-protonated","0","-9999","C19 H29 O9 N3 S1","19","29","9","3","-9999","1","-9999","-9999","-9999"
"2247","474.155466","474.155547514","474.155886054","2320025.8","-9999","392567.4","20.09","-1","-0.713982981","0.911651577","0.941741819","0.923687674","8","0.611111111","1.444444444","13C1 N4 O11","de-protonated","1","2230","C17 H26 O11 N4 13C1","17","26","11","4","-9999","-9999","1","-9999","-9999"
"2248","474.188541","474.188622502","474.189057832","1252523","-9999","533878","10.1","-1","-0.91805233","0.858190998","0","0.514914599","10","0.125","1.375","N3 S2 O3","de-protonated","0","-9999","C24 H33 O3 N3 S2","24","33","3","3","-9999","2","-9999","-9999","-9999"
"2248","474.188541","474.188622502","474.188188452","1252523","-9999","533878","10.1","-1","0.915352831","0.858962033","0","0.51537722","11","0.347826087","1.260869565","N3 O8","de-protonated","0","-9999","C23 H29 O8 N3","23","29","8","3","-9999","-9999","-9999","-9999","-9999"
"2249","474.190856","474.190937501","474.190711602","5532332","-9999","404801.1","50.14","-1","0.476387348","0.319885825","0.753335889","0.49326585","5","0.181818182","1.727272727","N1 S2 P1 O4","de-protonated","0","-9999","C22 H38 O4 N1 P1 S2","22","38","4","1","1","2","-9999","-9999","-9999"
"2250","474.192137","474.1922185","474.192074859","1104556.8","-9999","483118.7","8.72","-1","0.302918876","0.983488137","0.971327129","0.978623734","15","0.137931034","1.068965517","13C1 P1 O4","de-protonated","1","2235","C28 H31 O4 P1 13C1","28","31","4","-9999","1","-9999","1","-9999","-9999"
"2250","474.192137","474.1922185","474.191803532","1104556.8","-9999","483118.7","8.72","-1","0.875105574","0.870267036","0.90302924","0.883371918","1","0.473684211","2","13C1 S2 O9","de-protonated","1","2235","C18 H38 O9 S2 13C1","18","38","9","-9999","-9999","2","1","-9999","-9999"
"2250","474.192137","474.1922185","474.192211204","1104556.8","-9999","483118.7","8.72","-1","0.015386399","0.999957045","0","0.599974227","15","0.214285714","1.035714286","N1 O6","de-protonated","0","-9999","C28 H29 O6 N1","28","29","6","1","-9999","-9999","-9999","-9999","-9999"
"2250","474.192137","474.1922185","474.192271563","1104556.8","-9999","483118.7","8.72","-1","-0.111901359","0.997730494","0.90302924","0.959849993","7","0.526315789","1.578947368","13C1 N4 O10","de-protonated","1","2235","C18 H30 O10 N4 13C1","18","30","10","4","-9999","-9999","1","-9999","-9999"
"2251","474.21761","474.21769149","474.217423683","1400506","-9999","437175.7","11.49","-1","0.564735329","0.943773855","0.99355452","0.963686121","6","0.476190476","1.619047619","13C1 N2 O10","de-protonated","1","2237","C20 H34 O10 N2 13C1","20","34","10","2","-9999","-9999","1","-9999","-9999"
"2251","474.21761","474.21769149","474.21791294","1400506","-9999","437175.7","11.49","-1","-0.466979443","0.96120413","0.972562151","0.965747338","10","0.083333333","1.458333333","13C1 N4 S1 P1 O2","de-protonated","1","2237","C23 H35 O2 N4 P1 S1 13C1","23","35","2","4","1","1","1","-9999","-9999"
"2252","474.292764","474.292845461","474.293125524","2266849","-9999","353031.1","19.59","-1","-0.590483681","0.469346925","0.748902347","0.581169094","12","0.032258065","1.35483871","N1 P1 O1","de-protonated","0","-9999","C31 H42 O1 N1 P1","31","42","1","1","1","-9999","-9999","-9999","-9999"
"2252","474.292764","474.292845461","474.292474075","2266849","-9999","353031.1","19.59","-1","0.783032305","0.447356012","0.800793265","0.588730913","3","0.130434783","2","N3 S1 P1 O3","de-protonated","0","-9999","C23 H46 O3 N3 P1 S1","23","46","3","3","1","1","-9999","-9999","-9999"
"2252","474.292764","474.292845461","474.293185883","2266849","-9999","353031.1","19.59","-1","-0.717744279","0.910761211","0.962855274","0.931598836","4","0.227272727","1.954545455","13C1 N4 P1 O5","de-protonated","1","2241","C21 H43 O5 N4 P1 13C1","21","43","5","4","1","-9999","1","-9999","-9999"
"2254","475.013507","475.013588183","475.013929007","1121622.8","-9999","286977.5","8.87","-1","-0.717502728","0.910818505","0","0.546491103","5","0.857142857","1.5","S2 P1 O12","de-protonated","0","-9999","C14 H21 O12 P1 S2","14","21","12","-9999","1","2","-9999","-9999","-9999"
"2254","475.013507","475.013588183","475.013415942","1121622.8","-9999","286977.5","8.87","-1","0.362601253","0.976425511","0","0.585855307","23","0.037037037","0.481481481","N2 S2 P1 O1","de-protonated","0","-9999","C27 H13 O1 N2 P1 S2","27","13","1","2","1","2","-9999","-9999","-9999"
"2255","475.022179","475.022260179","475.022442541","1149531.3","-9999","529151.5","9.13","-1","-0.383901425","0.973612438","0","0.584167463","19","0.375","0.541666667","P1 O9","de-protonated","0","-9999","C24 H13 O9 P1","24","13","9","-9999","1","-9999","-9999","-9999","-9999"
"2255","475.022179","475.022260179","475.021791093","1149531.3","-9999","529151.5","9.13","-1","0.987506039","0.837827552","0","0.502696531","10","0.6875","1.0625","N2 S1 P1 O11","de-protonated","0","-9999","C16 H17 O11 N2 P1 S1","16","17","11","2","1","1","-9999","-9999","-9999"
"2256","475.031302","475.031383176","475.03155413","1466208","-9999","352767.9","12.1","-1","-0.359878576","0.976774083","0","0.58606445","18","0.24","0.64","S2 O6","de-protonated","0","-9999","C25 H16 O6 S2","25","16","6","-9999","-9999","2","-9999","-9999","-9999"
"2256","475.031302","475.031383176","475.031174007","1466208","-9999","352767.9","12.1","-1","0.440326555","0.965431017","0","0.57925861","23","0.111111111","0.481481481","N2 S1 P1 O3","de-protonated","0","-9999","C27 H13 O3 N2 P1 S1","27","13","3","2","1","1","-9999","-9999","-9999"
"2257","475.050098","475.050179169","475.050314516","2869353.8","-9999","361184.9","25.22","-1","-0.284911475","0.985378926","0","0.591227356","4","0.733333333","1.666666667","S2 P1 O11","de-protonated","0","-9999","C15 H25 O11 P1 S2","15","25","11","-9999","1","2","-9999","-9999","-9999"
"2257","475.050098","475.050179169","475.050649605","2869353.8","-9999","361184.9","25.22","-1","-0.990286417","0.418495997","0.780512821","0.563302727","23","0.153846154","0.461538462","N4 S1 O4","de-protonated","0","-9999","C26 H12 O4 N4 S1","26","12","4","4","-9999","1","-9999","-9999","-9999"
"2258","475.053903","475.053984167","475.054020908","1248619.8","-9999","357052.7","10.06","-1","-0.077340671","0.998915239","0","0.599349143","18","0.173913043","0.695652174","N4 S2 O4","de-protonated","0","-9999","C23 H16 O4 N4 S2","23","16","4","4","-9999","2","-9999","-9999","-9999"
"2259","475.058606","475.058687165","475.058828051","5565550","-9999","368041.9","50.45","-1","-0.296563744","0.981926909","0.97095012","0.977536194","18","0.32","0.68","P1 O8","de-protonated","0","-9999","C25 H17 O8 P1","25","17","8","-9999","1","-9999","-9999","-9999","-9999"
"2259","475.058606","475.058687165","475.058556724","5565550","-9999","368041.9","50.45","-1","0.274578646","0.658852916","0.928511829","0.766716482","4","0.866666667","1.6","S2 O13","de-protonated","0","-9999","C15 H24 O13 S2","15","24","13","-9999","-9999","2","-9999","-9999","-9999"
"2259","475.058606","475.058687165","475.059024755","5565550","-9999","368041.9","50.45","-1","-0.710626885","0.907767299","0.955797235","0.926979273","10","0.933333333","1.066666667","N4 O14","de-protonated","0","-9999","C15 H16 O14 N4","15","16","14","4","-9999","-9999","-9999","-9999","-9999"
"2260","475.062645","475.062726164","475.063047507","1030256.3","-9999","429569.6","8.02","-1","-0.676422378","0.920331503","0","0.552198902","14","0.6","0.8","N2 O12","de-protonated","0","-9999","C20 H16 O12 N2","20","16","12","2","-9999","-9999","-9999","-9999","-9999"
"2261","475.067594","475.067675162","475.067939639","3338354.8","-9999","388050.6","29.61","-1","-0.556714182","0.472657764","0.780512821","0.595799787","17","0.192307692","0.769230769","S2 O5","de-protonated","0","-9999","C26 H20 O5 S2","26","20","5","-9999","-9999","2","-9999","-9999","-9999"
"2261","475.067594","475.067675162","475.068072581","3338354.8","-9999","388050.6","29.61","-1","-0.836551249","0.440375179","0.860410506","0.60838931","4","0.866666667","1.666666667","S1 P1 O13","de-protonated","0","-9999","C15 H25 O13 P1 S1","15","25","13","-9999","1","1","-9999","-9999","-9999"
"2261","475.067594","475.067675162","475.067559516","3338354.8","-9999","388050.6","29.61","-1","0.243429504","0.494652663","0.767553728","0.603813089","22","0.071428571","0.607142857","N2 S1 P1 O2","de-protonated","0","-9999","C28 H17 O2 N2 P1 S1","28","17","2","2","1","1","-9999","-9999","-9999"
"2262","475.079637","475.079718157","475.079824477","1393785.1","-9999","418386.2","11.42","-1","-0.223793307","0.495476796","0.736963647","0.592071536","26","0.060606061","0.484848485","S1 O2","de-protonated","0","-9999","C33 H16 O2 S1","33","16","2","-9999","-9999","1","-9999","-9999","-9999"
"2262","475.079637","475.079718157","475.079957419","1393785.1","-9999","418386.2","11.42","-1","-0.503623467","0.955020926","0","0.573012555","13","0.454545455","0.954545455","P1 O10","de-protonated","0","-9999","C22 H21 O10 P1","22","21","10","-9999","1","-9999","-9999","-9999","-9999"
"2262","475.079637","475.079718157","475.07930597","1393785.1","-9999","418386.2","11.42","-1","0.867617806","0.872330047","0","0.523398028","4","0.857142857","1.785714286","N2 S1 P1 O12","de-protonated","0","-9999","C14 H25 O12 N2 P1 S1","14","25","12","2","1","1","-9999","-9999","-9999"
"2263","475.086447","475.086528155","475.086700025","2824828.8","-9999","356851.5","24.81","-1","-0.361766995","0.488266292","0.85247738","0.633950727","3","0.625","1.8125","S2 P1 O10","de-protonated","0","-9999","C16 H29 O10 P1 S2","16","29","10","-9999","1","2","-9999","-9999","-9999"
"2264","475.09015","475.090231153","475.090406418","1604734.6","-9999","375039.2","13.39","-1","-0.368907385","0.975608564","0","0.585365139","17","0.125","0.833333333","N4 S2 O3","de-protonated","0","-9999","C24 H20 O3 N4 S2","24","20","3","4","-9999","2","-9999","-9999","-9999"
"2264","475.09015","475.090231153","475.090539359","1604734.6","-9999","375039.2","13.39","-1","-0.648731271","0.92647975","0","0.55588785","4","0.846153846","1.923076923","N4 S1 P1 O11","de-protonated","0","-9999","C13 H25 O11 N4 P1 S1","13","25","11","4","1","1","-9999","-9999","-9999"
"2265","475.094979","475.095060151","475.09521356","6859905","-9999","382559.7","62.56","-1","-0.322900824","0.978158665","0.99035967","0.983039067","17","0.269230769","0.807692308","P1 O7","de-protonated","0","-9999","C26 H21 O7 P1","26","21","7","-9999","1","-9999","-9999","-9999","-9999"
"2265","475.094979","475.095060151","475.094942234","6859905","-9999","382559.7","62.56","-1","0.248197809","0.660627308","0.927219993","0.767264382","3","0.75","1.75","S2 O12","de-protonated","0","-9999","C16 H28 O12 S2","16","28","12","-9999","-9999","2","-9999","-9999","-9999"
"2265","475.094979","475.095060151","475.095410264","6859905","-9999","382559.7","62.56","-1","-0.736932242","0.900025502","0.93767577","0.915085609","9","0.8125","1.25","N4 O13","de-protonated","0","-9999","C16 H20 O13 N4","16","20","13","4","-9999","-9999","-9999","-9999","-9999"
"2266","475.103968","475.104049148","475.104325148","2369669.8","-9999","352364.5","20.55","-1","-0.580926033","0.470301366","0.773979033","0.591772433","16","0.148148148","0.888888889","S2 O4","de-protonated","0","-9999","C27 H24 O4 S2","27","24","4","-9999","-9999","2","-9999","-9999","-9999"
"2266","475.103968","475.104049148","475.10445809","2369669.8","-9999","352364.5","20.55","-1","-0.860741662","0.874213184","0","0.524527911","3","0.75","1.8125","S1 P1 O12","de-protonated","0","-9999","C16 H29 O12 P1 S1","16","29","12","-9999","1","1","-9999","-9999","-9999"
"2266","475.103968","475.104049148","475.103945026","2369669.8","-9999","352364.5","20.55","-1","0.219156355","0.495661487","0.761234226","0.601890582","21","0.034482759","0.724137931","N2 S1 P1 O1","de-protonated","0","-9999","C29 H21 O1 N2 P1 S1","29","21","1","2","1","1","-9999","-9999","-9999"
"2267","475.108052","475.108133146","475.108164482","2212487.8","-9999","338381.5","19.08","-1","-0.065955549","0.499605493","0.793917021","0.617330104","17","0.208333333","0.833333333","N4 S1 O5","de-protonated","0","-9999","C24 H20 O5 N4 S1","24","20","5","4","-9999","1","-9999","-9999","-9999"
"2268","475.116091","475.11617214299997","475.116209986","1677452","-9999","389632.9","14.07","-1","-0.079650256","0.499424761","0.73113591","0.592109221","25","0.029411765","0.588235294","S1 O1","de-protonated","0","-9999","C34 H20 O1 S1","34","20","1","-9999","-9999","1","-9999","-9999","-9999"
"2268","475.116091","475.11617214299997","475.116342928","1677452","-9999","389632.9","14.07","-1","-0.359459026","0.976827573","0","0.586096544","12","0.391304348","1.086956522","P1 O9","de-protonated","0","-9999","C23 H25 O9 P1","23","25","9","-9999","1","-9999","-9999","-9999","-9999"
"2269","475.125089","475.12517014","475.125454516","1046352.8","-9999","217474.3","8.17","-1","-0.598529701","0.937065797","0","0.562239478","11","0.25","1.166666667","S2 O6","de-protonated","0","-9999","C24 H28 O6 S2","24","28","6","-9999","-9999","2","-9999","-9999","-9999"
"2269","475.125089","475.12517014","475.125074394","1046352.8","-9999","217474.3","8.17","-1","0.201517093","0.992658606","0","0.595595163","16","0.115384615","0.961538462","N2 S1 P1 O3","de-protonated","0","-9999","C26 H25 O3 N2 P1 S1","26","25","3","2","1","1","-9999","-9999","-9999"
"2270","475.126068","475.126149139","475.125725842","1193105.3","-9999","262699.5","9.54","-1","0.890915272","0.865869331","0","0.519521599","25","0.029411765","0.617647059","P1 O1","de-protonated","0","-9999","C34 H21 O1 P1","34","21","1","-9999","1","-9999","-9999","-9999","-9999"
"2270","475.126068","475.126149139","475.125922547","1193105.3","-9999","262699.5","9.54","-1","0.47690994","0.959570731","0","0.575742438","17","0.291666667","0.833333333","N4 O7","de-protonated","0","-9999","C24 H20 O7 N4","24","20","7","4","-9999","-9999","-9999","-9999","-9999"
"2271","475.128673","475.128754138","475.129097146","1062546.6","-9999","284115.4","8.32","-1","-0.721924975","0.909767105","0","0.545860263","20","0.032258065","0.806451613","S1 P1 O1","de-protonated","0","-9999","C31 H25 O1 P1 S1","31","25","1","-9999","1","1","-9999","-9999","-9999"
"2271","475.128673","475.128754138","475.128445697","1062546.6","-9999","284115.4","8.32","-1","0.649174178","0.926383117","0","0.55582987","11","0.130434783","1.260869565","N2 S2 P1 O3","de-protonated","0","-9999","C23 H29 O3 N2 P1 S2","23","29","3","2","1","2","-9999","-9999","-9999"
"2272","475.131345","475.131426137","475.131599069","7275668","-9999","368394.8","66.45","-1","-0.363966625","0.980435345","0.970983578","0.976654638","16","0.222222222","0.925925926","P1 O6","de-protonated","0","-9999","C27 H25 O6 P1","27","25","6","-9999","1","-9999","-9999","-9999","-9999"
"2272","475.131345","475.131426137","475.131327743","7275668","-9999","368394.8","66.45","-1","0.20708825","0.659454674","0.929726258","0.767563308","2","0.647058824","1.882352941","S2 O11","de-protonated","0","-9999","C17 H32 O11 S2","17","32","11","-9999","-9999","2","-9999","-9999","-9999"
"2272","475.131345","475.131426137","475.131795774","7275668","-9999","368394.8","66.45","-1","-0.77796632","0.904834421","0.958306248","0.926223152","8","0.705882353","1.411764706","N4 O12","de-protonated","0","-9999","C17 H24 O12 N4","17","24","12","4","-9999","-9999","-9999","-9999","-9999"
"2273","475.144449","475.144530132","475.144549992","2583194.8","-9999","400797.5","22.55","-1","-0.041796629","0.499841533","0.787157861","0.614768065","16","0.16","0.96","N4 S1 O4","de-protonated","0","-9999","C25 H24 O4 N4 S1","25","24","4","4","-9999","1","-9999","-9999","-9999"
"2273","475.144449","475.144530132","475.144682933","2583194.8","-9999","400797.5","22.55","-1","-0.32158872","0.981409675","0","0.58884580500000006","3","0.857142857","2.071428571","N4 P1 O12","de-protonated","0","-9999","C14 H29 O12 N4 P1","14","29","12","4","1","-9999","-9999","-9999","-9999"
"2274","475.157201","475.157282127","475.156947894","2084001.5","-9999","480114","17.88","-1","0.703416863","0.914132314","0","0.548479389","7","0.631578947","1.473684211","N2 O12","de-protonated","0","-9999","C19 H28 O12 N2","19","28","12","2","-9999","-9999","-9999","-9999","-9999"
"2274","475.157201","475.157282127","475.157437151","2084001.5","-9999","480114","17.88","-1","-0.326258053","0.490435571","0.807789663","0.617377208","11","0.181818182","1.318181818","N4 S1 P1 O4","de-protonated","0","-9999","C22 H29 O4 N4 P1 S1","22","29","4","4","1","1","-9999","-9999","-9999"
"2275","475.163023","475.163104125","475.163177436","4760740.5","-9999","362966.8","42.92","-1","-0.154286431","0.997822725","0.99229667","0.995612303","15","0.038461538","1.076923077","N4 S2 O1","de-protonated","0","-9999","C26 H28 O1 N4 S2","26","28","1","4","-9999","2","-9999","-9999","-9999"
"2275","475.163023","475.163104125","475.163310378","4760740.5","-9999","362966.8","42.92","-1","-0.434067523","0.976934825","0.927805644","0.957283152","2","0.6","2.2","N4 S1 P1 O9","de-protonated","0","-9999","C15 H33 O9 N4 P1 S1","15","33","9","4","1","1","-9999","-9999","-9999"
"2276","475.167697","475.167778123","475.167984579","26600614","-9999","366366.3","247.24","-1","-0.43448939","0.650709088","0.945533047","0.768638672","15","0.178571429","1.035714286","P1 O5","de-protonated","0","-9999","C28 H29 O5 P1","28","29","5","-9999","1","-9999","-9999","-9999","-9999"
"2276","475.167697","475.167778123","475.167713252","26600614","-9999","366366.3","247.24","-1","0.136521717","0.49539397","0.915665151","0.663502442","1","0.555555556","2","S2 O10","de-protonated","0","-9999","C18 H36 O10 S2","18","36","10","-9999","-9999","2","-9999","-9999","-9999"
"2276","475.167697","475.167778123","475.16733313","26600614","-9999","366366.3","247.24","-1","0.936497947","0.213220164","0.779251759","0.439632802","6","0.35","1.65","N2 S1 P1 O7","de-protonated","0","-9999","C20 H33 O7 N2 P1 S1","20","33","7","2","1","1","-9999","-9999","-9999"
"2276","475.167697","475.167778123","475.168181283","26600614","-9999","366366.3","247.24","-1","-0.848457354","0.597968844","0.956756866","0.741484053","7","0.611111111","1.555555556","N4 O11","de-protonated","0","-9999","C18 H28 O11 N4","18","28","11","4","-9999","-9999","-9999","-9999","-9999"
"2277","475.169735","475.169816122","475.169702112","1581736","-9999","358494.5","13.18","-1","0.239936856","0.989608424","0","0.593765054","15","0.148148148","1.037037037","N2 S1 O4","de-protonated","0","-9999","C27 H28 O4 N2 S1","27","28","4","2","-9999","1","-9999","-9999","-9999"
"2277","475.169735","475.169816122","475.169835053","1581736","-9999","358494.5","13.18","-1","-0.039840504","0.999712034","0","0.599827221","2","0.75","2.0625","N2 P1 O12","de-protonated","0","-9999","C16 H33 O12 N2 P1","16","33","12","2","1","-9999","-9999","-9999","-9999"
"2278","475.183188","475.183269117","475.18324072","1741487","-9999","397443.7","14.67","-1","0.05976068","0.499676098","0.742885034","0.596959672","19","0.0625","0.90625","P1 O2","de-protonated","0","-9999","C32 H29 O2 P1","32","29","2","-9999","1","-9999","-9999","-9999","-9999"
"2278","475.183188","475.183269117","475.182969394","1741487","-9999","397443.7","14.67","-1","0.630753736","0.930354661","0","0.558212796","5","0.318181818","1.636363636","S2 O7","de-protonated","0","-9999","C22 H36 O7 S2","22","36","7","-9999","-9999","2","-9999","-9999","-9999"
"2278","475.183188","475.183269117","475.183437424","1741487","-9999","397443.7","14.67","-1","-0.354194198","0.977493753","0","0.586496252","11","0.363636364","1.272727273","N4 O8","de-protonated","0","-9999","C22 H28 O8 N4","22","28","8","4","-9999","-9999","-9999","-9999","-9999"
"2279","475.187733","475.187814115","475.187460176","11279537","-9999","368212.7","103.9","-1","0.744840839","0.901106686","0.964923682","0.926633485","15","0.222222222","1.037037037","N2 O6","de-protonated","0","-9999","C27 H28 O6 N2","27","28","6","2","-9999","-9999","-9999","-9999","-9999"
"2280","475.204144","475.204225109","475.204370088","3172025.8","-9999","368086.4","28.05","-1","-0.305087446","0.491626437","0.761234226","0.599469553","14","0.137931034","1.137931034","P1 O4","de-protonated","0","-9999","C29 H33 O4 P1","29","33","4","-9999","1","-9999","-9999","-9999","-9999"
"2280","475.204144","475.204225109","475.204098762","3172025.8","-9999","368086.4","28.05","-1","0.265880013","0.493627456","0.829532115","0.627989319","0","0.473684211","2.105263158","S2 O9","de-protonated","0","-9999","C19 H40 O9 S2","19","40","9","-9999","-9999","2","-9999","-9999","-9999"
"2280","475.204144","475.204225109","475.204566792","3172025.8","-9999","368086.4","28.05","-1","-0.719023767","0.455228733","0.829532115","0.604950086","6","0.526315789","1.684210526","N4 O10","de-protonated","0","-9999","C19 H32 O10 N4","19","32","10","4","-9999","-9999","-9999","-9999","-9999"
"2281","475.206801","475.206882108","475.20673907","949691.3","-9999","535414.6","7.26","-1","0.301002392","0.983694701","0","0.59021682","23","0.027777778","0.777777778","O1","de-protonated","0","-9999","C36 H28 O1","36","28","1","-9999","-9999","-9999","-9999","-9999","-9999"
"2281","475.206801","475.206882108","475.207089943","949691.3","-9999","535414.6","7.26","-1","-0.437355754","0.965887883","0","0.57953273","0","0.333333333","2.277777778","N2 S2 P1 O6","de-protonated","0","-9999","C18 H41 O6 N2 P1 S2","18","41","6","2","1","2","-9999","-9999","-9999"
"2282","475.211336","475.211417106","475.211112695","4802749.5","-9999","376661.6","43.31","-1","0.640582015","0.949563477","0.985308886","0.96386164","4","0.173913043","1.782608696","S2 P1 O4","de-protonated","0","-9999","C23 H41 O4 P1 S2","23","41","4","-9999","1","2","-9999","-9999","-9999"
"2282","475.211336","475.211417106","475.211580725","4802749.5","-9999","376661.6","43.31","-1","-0.344307598","0.959828184","0.985308886","0.970020464","10","0.217391304","1.434782609","N4 P1 O5","de-protonated","0","-9999","C23 H33 O5 N4 P1","23","33","5","4","1","-9999","-9999","-9999","-9999"
"2283","475.229958","475.230039099","475.229718913","1183943.3","-9999","371004.9","9.46","-1","0.673751178","0.920933974","0","0.552560385","5","0.476190476","1.714285714","N2 O10","de-protonated","0","-9999","C21 H36 O10 N2","21","36","10","2","-9999","-9999","-9999","-9999","-9999"
"2283","475.229958","475.230039099","475.23020817","1183943.3","-9999","371004.9","9.46","-1","-0.355766036","0.977295844","0","0.586377506","9","0.083333333","1.541666667","N4 S1 P1 O2","de-protonated","0","-9999","C24 H37 O2 N4 P1 S1","24","37","2","4","1","1","-9999","-9999","-9999"
"2284","475.374005","475.374086043","475.374412797","1372434.3","-9999","413325","11.22","-1","-0.687359953","0.917843926","0","0.550706355","0","0.074074074","2.111111111","S1 P1 O2","de-protonated","0","-9999","C27 H57 O2 P1 S1","27","57","2","-9999","1","1","-9999","-9999","-9999"
"2285","476.053279","476.053359781","476.053805697","1034868.4","-9999","339126.7","8.06","-1","-0.936692001","0.852824405","0","0.511694643","4","0.928571429","1.642857143","N1 S2 O13","de-protonated","0","-9999","C14 H23 O13 N1 S2","14","23","13","1","-9999","2","-9999","-9999","-9999"
"2285","476.053279","476.053359781","476.053292632","1034868.4","-9999","339126.7","8.06","-1","0.141052397","0.996396446","0","0.597837867","22","0.074074074","0.555555556","N3 S2 O2","de-protonated","0","-9999","C27 H15 O2 N3 S2","27","15","2","3","-9999","2","-9999","-9999","-9999"
"2285","476.053279","476.053359781","476.053425574","1034868.4","-9999","339126.7","8.06","-1","-0.138205648","0.996540184","0","0.59792411","9","0.625","1.25","N3 S1 P1 O10","de-protonated","0","-9999","C16 H20 O10 N3 P1 S1","16","20","10","3","1","1","-9999","-9999","-9999"
"2286","476.061942","476.062022777","476.062182886","1253241","-9999","411571.2","10.1","-1","-0.336317769","0.97968558","0.97095012","0.976191396","18","0.32","0.68","13C1 P1 O8","de-protonated","1","2259","C24 H17 O8 P1 13C1","24","17","8","-9999","1","-9999","1","-9999","-9999"
"2286","476.061942","476.062022777","476.061911559","1253241","-9999","411571.2","10.1","-1","0.233620851","0.660097094","0.928511829","0.767462988","4","0.866666667","1.6","13C1 S2 O13","de-protonated","1","2259","C14 H24 O13 S2 13C1","14","24","13","-9999","-9999","2","1","-9999","-9999"
"2286","476.061942","476.062022777","476.062319231","1253241","-9999","411571.2","10.1","-1","-0.622720554","0.932056044","0","0.559233627","18","0.416666667","0.625","N1 O10","de-protonated","0","-9999","C24 H15 O10 N1","24","15","10","1","-9999","-9999","-9999","-9999","-9999"
"2286","476.061942","476.062022777","476.061667783","1253241","-9999","411571.2","10.1","-1","0.745690975","0.90402754","0","0.542416524","9","0.75","1.1875","N3 S1 O12","de-protonated","0","-9999","C16 H19 O12 N3 S1","16","19","12","3","-9999","1","-9999","-9999","-9999"
"2286","476.061942","476.062022777","476.06237959","1253241","-9999","411571.2","10.1","-1","-0.749508208","0.903091793","0.955797235","0.92417397","10","0.933333333","1.066666667","13C1 N4 O14","de-protonated","1","2259","C14 H16 O14 N4 13C1","14","16","14","4","-9999","-9999","1","-9999","-9999"
"2287","476.090499","476.090579766","476.090462532","1054856","-9999","437551.1","8.24","-1","0.246243768","0.989057983","0","0.59343479","17","0.28","0.8","N1 P1 O7","de-protonated","0","-9999","C25 H20 O7 N1 P1","25","20","7","1","1","-9999","-9999","-9999","-9999"
"2287","476.090499","476.090579766","476.090191206","1054856","-9999","437551.1","8.24","-1","0.816148865","0.886155547","0","0.531693328","3","0.8","1.8","N1 S2 O12","de-protonated","0","-9999","C15 H27 O12 N1 S2","15","27","12","1","-9999","2","-9999","-9999","-9999"
"2288","476.09831","476.098390763","476.098568395","1821836","-9999","406854.6","15.42","-1","-0.373098329","0.975058231","0.99035967","0.981178807","17","0.269230769","0.807692308","13C1 P1 O7","de-protonated","1","2265","C25 H21 O7 P1 13C1","25","21","7","-9999","1","-9999","1","-9999","-9999"
"2288","476.09831","476.098390763","476.098297069","1821836","-9999","406854.6","15.42","-1","0.196796712","0.661998212","0.927219993","0.768086924","3","0.75","1.75","13C1 S2 O12","de-protonated","1","2265","C15 H28 O12 S2 13C1","15","28","12","-9999","-9999","2","1","-9999","-9999"
"2288","476.09831","476.098390763","476.098704741","1821836","-9999","406854.6","15.42","-1","-0.659479216","0.948631707","0.676970358","0.839967168","17","0.36","0.76","N1 O9","de-protonated","0","-9999","C25 H19 O9 N1","25","19","9","1","-9999","-9999","-9999","-9999","-9999"
"2288","476.09831","476.098390763","476.098053292","1821836","-9999","406854.6","15.42","-1","0.708827682","0.912865728","0","0.547719437","8","0.647058824","1.352941176","N3 S1 O11","de-protonated","0","-9999","C17 H23 O11 N3 S1","17","23","11","3","-9999","1","-9999","-9999","-9999"
"2288","476.09831","476.098390763","476.098765099","1821836","-9999","406854.6","15.42","-1","-0.786257176","0.893890816","0.93767577","0.911404798","9","0.8125","1.25","13C1 N4 O13","de-protonated","1","2265","C15 H20 O13 N4 13C1","15","20","13","4","-9999","-9999","1","-9999","-9999"
"2289","476.126786","476.126866752","476.126848041","995738.8","-9999","497165.5","7.69","-1","0.039298206","0.999719819","0","0.599831891","16","0.230769231","0.923076923","N1 P1 O6","de-protonated","0","-9999","C26 H24 O6 N1 P1","26","24","6","1","1","-9999","-9999","-9999","-9999"
"2289","476.126786","476.126866752","476.126576715","995738.8","-9999","497165.5","7.69","-1","0.609159634","0.934885558","0","0.560931335","2","0.6875","1.9375","N1 S2 O11","de-protonated","0","-9999","C16 H31 O11 N1 S2","16","31","11","1","-9999","2","-9999","-9999","-9999"
"2290","476.134734","476.134814749","476.134953904","1784991","-9999","372685.4","15.07","-1","-0.292259601","0.984620923","0.970983578","0.979165985","16","0.222222222","0.925925926","13C1 P1 O6","de-protonated","1","2272","C26 H25 O6 P1 13C1","26","25","6","-9999","1","-9999","1","-9999","-9999"
"2290","476.134734","476.134814749","476.134682578","1784991","-9999","372685.4","15.07","-1","0.277591936","0.657410234","0.929726258","0.766336643","2","0.647058824","1.882352941","13C1 S2 O11","de-protonated","1","2272","C16 H32 O11 S2 13C1","16","32","11","-9999","-9999","2","1","-9999","-9999"
"2290","476.134734","476.134814749","476.13509025","1784991","-9999","372685.4","15.07","-1","-0.578618625","0.47052974","0.780512821","0.594522972","16","0.307692308","0.884615385","N1 O8","de-protonated","0","-9999","C26 H23 O8 N1","26","23","8","1","-9999","-9999","-9999","-9999","-9999"
"2290","476.134734","476.134814749","476.134438801","1784991","-9999","372685.4","15.07","-1","0.789583819","0.89304094999999994","0","0.53582456999999994","7","0.555555556","1.5","N3 S1 O10","de-protonated","0","-9999","C18 H27 O10 N3 S1","18","27","10","3","-9999","1","-9999","-9999","-9999"
"2290","476.134734","476.134814749","476.135150609","1784991","-9999","372685.4","15.07","-1","-0.705386908","0.913672079","0.958306248","0.931525746","8","0.705882353","1.411764706","13C1 N4 O12","de-protonated","1","2272","C16 H24 O12 N4 13C1","16","24","12","4","-9999","-9999","1","-9999","-9999"
"2291","476.166459","476.166539737","476.166604854","1279151.6","-9999","439065","10.34","-1","-0.136752715","0.996612424","0","0.597967454","10","0.208333333","1.333333333","N1 S1 P1 O5","de-protonated","0","-9999","C24 H32 O5 N1 P1 S1","24","32","5","1","1","1","-9999","-9999","-9999"
"2291","476.166459","476.166539737","476.166532271","1279151.6","-9999","439065","10.34","-1","0.015678935","0.999955396","0.99229667","0.996891905","15","0.038461538","1.076923077","13C1 N4 S2 O1","de-protonated","1","2275","C25 H28 O1 N4 S2 13C1","25","28","1","4","-9999","2","1","-9999","-9999"
"2291","476.166459","476.166539737","476.166665213","1279151.6","-9999","439065","10.34","-1","-0.263512663","0.987479441","0.927805644","0.963609922","2","0.6","2.2","13C1 N4 S1 P1 O9","de-protonated","1","2275","C14 H33 O9 N4 P1 S1 13C1","14","33","9","4","1","1","1","-9999","-9999"
"2292","476.171125","476.171205735","476.171339414","6782642","-9999","379545.9","61.83","-1","-0.280735984","0.657200871","0.945533047","0.772533741","15","0.178571429","1.035714286","13C1 P1 O5","de-protonated","1","2276","C27 H29 O5 P1 13C1","27","29","5","-9999","1","-9999","1","-9999","-9999"
"2292","476.171125","476.171205735","476.171068088","6782642","-9999","379545.9","61.83","-1","0.289072015","0.49247602","0.915665151","0.661751672","1","0.555555556","2","13C1 S2 O10","de-protonated","1","2276","C17 H36 O10 S2 13C1","17","36","10","-9999","-9999","2","1","-9999","-9999"
"2292","476.171125","476.171205735","476.171475759","6782642","-9999","379545.9","61.83","-1","-0.567073131","0.471660427","0.773979033","0.59258787","15","0.259259259","1","N1 O7","de-protonated","0","-9999","C27 H27 O7 N1","27","27","7","1","-9999","-9999","-9999","-9999","-9999"
"2292","476.171125","476.171205735","476.170824311","6782642","-9999","379545.9","61.83","-1","0.801024781","0.445048487","0.829532115","0.598841938","6","0.473684211","1.631578947","N3 S1 O9","de-protonated","0","-9999","C19 H31 O9 N3 S1","19","31","9","3","-9999","1","-9999","-9999","-9999"
"2292","476.171125","476.171205735","476.171536118","6782642","-9999","379545.9","61.83","-1","-0.693831728","0.610904304","0.956756866","0.749245329","7","0.611111111","1.555555556","13C1 N4 O11","de-protonated","1","2276","C17 H28 O11 N4 13C1","17","28","11","4","-9999","-9999","1","-9999","-9999"
"2293","476.191101","476.191181728","476.191105526","2662076.5","-9999","397078.2","23.28","-1","0.160024026","0.497682148","0.837042051","0.633426109","0","0.388888889","2.222222222","N1 S2 P1 O7","de-protonated","0","-9999","C18 H40 O7 N1 P1 S2","18","40","7","1","1","2","-9999","-9999","-9999"
"2293","476.191101","476.191181728","476.190815011","2662076.5","-9999","397078.2","23.28","-1","0.770103195","0.897977952","0.964923682","0.924756244","15","0.222222222","1.037037037","13C1 N2 O6","de-protonated","1","2279","C26 H28 O6 N2 13C1","26","28","6","2","-9999","-9999","1","-9999","-9999"
"2294","476.214579","476.214659718","476.21446753","1306824.8","-9999","455846.7","10.6","-1","0.403576108","0.970879211","0.985308886","0.976651081","4","0.173913043","1.782608696","13C1 S2 P1 O4","de-protonated","1","2282","C22 H41 O4 P1 S2 13C1","22","41","4","-9999","1","2","1","-9999","-9999"
"2294","476.214579","476.214659718","476.214875201","1306824.8","-9999","455846.7","10.6","-1","-0.452491112","0.963530349","0","0.578118209","18","0.03125","1","N1 P1 O1","de-protonated","0","-9999","C32 H32 O1 N1 P1","32","32","1","1","1","-9999","-9999","-9999","-9999"
"2294","476.214579","476.214659718","476.214603875","1306824.8","-9999","455846.7","10.6","-1","0.117264698","0.997508008","0","0.598504805","4","0.272727273","1.772727273","N1 S2 O6","de-protonated","0","-9999","C22 H39 O6 N1 S2","22","39","6","1","-9999","2","-9999","-9999","-9999"
"2294","476.214579","476.214659718","476.214223753","1306824.8","-9999","455846.7","10.6","-1","0.915482276","0.858925097","0","0.515355058","9","0.125","1.5","N3 S1 P1 O3","de-protonated","0","-9999","C24 H36 O3 N3 P1 S1","24","36","3","3","1","1","-9999","-9999","-9999"
"2294","476.214579","476.214659718","476.21493556","1306824.8","-9999","455846.7","10.6","-1","-0.579238171","0.940936998","0.985308886","0.958685753","10","0.217391304","1.434782609","13C1 N4 P1 O5","de-protonated","1","2282","C22 H33 O5 N4 P1 13C1","22","33","5","4","1","-9999","1","-9999","-9999"
"2296","477.029234","477.029314404","477.029579071","1852531.5","-9999","447516.6","15.7","-1","-0.554824092","0.945675958","0","0.567405575","4","0.857142857","1.642857143","S2 P1 O12","de-protonated","0","-9999","C14 H23 O12 P1 S2","14","23","12","-9999","1","2","-9999","-9999","-9999"
"2296","477.029234","477.029314404","477.029066007","1852531.5","-9999","447516.6","15.7","-1","0.520716167","0.47599585","0.773979033","0.595189123","22","0.037037037","0.555555556","N2 S2 P1 O1","de-protonated","0","-9999","C27 H15 O1 N2 P1 S2","27","15","1","2","1","2","-9999","-9999","-9999"
"2297","477.033164","477.033244402","477.033285463","1009781.6","-9999","506790.3","7.82","-1","-0.086076305","0.998656526","0","0.599193916","18","0.227272727","0.636363636","N4 S2 O5","de-protonated","0","-9999","C22 H14 O5 N4 S2","22","14","5","4","-9999","2","-9999","-9999","-9999"
"2298","477.037839","477.0379194","477.038092606","3554424","-9999","362947.2","31.62","-1","-0.363085218","0.488181645","0.793917021","0.610475795","18","0.375","0.625","P1 O9","de-protonated","0","-9999","C24 H15 O9 P1","24","15","9","-9999","1","-9999","-9999","-9999","-9999"
"2299","477.047001","477.047081397","477.04747552","1705596.9","-9999","302804.7","14.33","-1","-0.826172576","0.441756259","0.725399619","0.555213603","31","0.028571429","0.314285714","P1 O1","de-protonated","0","-9999","C35 H11 O1 P1","35","11","1","-9999","1","-9999","-9999","-9999","-9999"
"2299","477.047001","477.047081397","477.047204194","1705596.9","-9999","302804.7","14.33","-1","-0.257411385","0.988049084","0","0.59282945","17","0.24","0.72","S2 O6","de-protonated","0","-9999","C25 H18 O6 S2","25","18","6","-9999","-9999","2","-9999","-9999","-9999"
"2299","477.047001","477.047081397","477.046824072","1705596.9","-9999","302804.7","14.33","-1","0.539412748","0.474287026","0.773979033","0.594163829","22","0.111111111","0.555555556","N2 S1 P1 O3","de-protonated","0","-9999","C27 H15 O3 N2 P1 S1","27","15","3","2","1","1","-9999","-9999","-9999"
"2300","477.063462","477.06354239","477.06344143","1051269.5","-9999","348412.6","8.21","-1","0.211628174","0.991906482","0","0.595143889","9","0.9375","1.125","N2 O15","de-protonated","0","-9999","C16 H18 O15 N2","16","18","15","2","-9999","-9999","-9999","-9999","-9999"
"2300","477.063462","477.06354239","477.063930688","1051269.5","-9999","348412.6","8.21","-1","-0.813931342","0.886736958","0","0.532042175","13","0.368421053","1","N4 S1 P1 O7","de-protonated","0","-9999","C19 H19 O7 N4 P1 S1","19","19","7","4","1","1","-9999","-9999","-9999"
"2301","477.065759","477.065839389","477.06596458","3372166.8","-9999","352687.8","29.92","-1","-0.26241858","0.91690785","0.90095803","0.910527922","3","0.733333333","1.8","S2 P1 O11","de-protonated","0","-9999","C15 H27 O11 P1 S2","15","27","11","-9999","1","2","-9999","-9999","-9999"
"2301","477.065759","477.065839389","477.066299669","3372166.8","-9999","352687.8","29.92","-1","-0.964813263","0.916277267","0.980855716","0.942108647","22","0.153846154","0.538461538","N4 S1 O4","de-protonated","0","-9999","C26 H14 O4 N4 S1","26","14","4","4","-9999","1","-9999","-9999","-9999"
"2302","477.069563","477.069643388","477.069670973","1854088.6","-9999","469263.4","15.72","-1","-0.05782108","0.999393551","0","0.59963613","17","0.173913043","0.782608696","N4 S2 O4","de-protonated","0","-9999","C23 H18 O4 N4 S2","23","18","4","4","-9999","2","-9999","-9999","-9999"
"2303","477.07125","477.071330387","477.071324743","1303689.6","-9999","470990.9","10.57","-1","0.011831321","0.999974601","0","0.599984761","12","0.238095238","1.095238095","N2 S2 P1 O5","de-protonated","0","-9999","C21 H23 O5 N2 P1 S2","21","23","5","2","1","2","-9999","-9999","-9999"
"2304","477.074241","477.074321386","477.074478115","9750667","-9999","375343","89.59","-1","-0.328520827","0.990303305","0.939976743","0.97017268","17","0.32","0.76","P1 O8","de-protonated","0","-9999","C25 H19 O8 P1","25","19","8","-9999","1","-9999","-9999","-9999","-9999"
"2304","477.074241","477.074321386","477.074206789","9750667","-9999","375343","89.59","-1","0.240208454","0.644129797","0.928511829","0.75788261","3","0.866666667","1.733333333","S2 O13","de-protonated","0","-9999","C15 H26 O13 S2","15","26","13","-9999","-9999","2","-9999","-9999","-9999"
"2304","477.074241","477.074321386","477.07467482","9750667","-9999","375343","89.59","-1","-0.74083453","0.937639361","0.986770612","0.957291862","9","0.933333333","1.2","N4 O14","de-protonated","0","-9999","C15 H18 O14 N4","15","18","14","4","-9999","-9999","-9999","-9999","-9999"
"2305","477.083187","477.083267383","477.083589703","1982607.9","-9999","352688","16.92","-1","-0.675606388","0.460257878","0.780512821","0.588359855","16","0.192307692","0.846153846","S2 O5","de-protonated","0","-9999","C26 H22 O5 S2","26","22","5","-9999","-9999","2","-9999","-9999","-9999"
"2305","477.083187","477.083267383","477.083722645","1982607.9","-9999","352688","16.92","-1","-0.954261126","0.847698908","0","0.508619345","3","0.866666667","1.8","S1 P1 O13","de-protonated","0","-9999","C15 H27 O13 P1 S1","15","27","13","-9999","1","1","-9999","-9999","-9999"
"2305","477.083187","477.083267383","477.083209581","1982607.9","-9999","352688","16.92","-1","0.121156641","0.498670036","0.767553728","0.606223512","21","0.071428571","0.678571429","N2 S1 P1 O2","de-protonated","0","-9999","C28 H19 O2 N2 P1 S1","28","19","2","2","1","1","-9999","-9999","-9999"
"2306","477.087366","477.087446381","477.087429037","1143698.1","-9999","357335.2","9.07","-1","0.036353282","0.999760233","0","0.59985614","17","0.260869565","0.782608696","N4 S1 O6","de-protonated","0","-9999","C23 H18 O6 N4 S1","23","18","6","4","-9999","1","-9999","-9999","-9999"
"2307","477.102164","477.102244375","477.10235009","2103450","-9999","297144.1","18.05","-1","-0.22157593","0.991131177","0","0.594678706","2","0.625","1.9375","S2 P1 O10","de-protonated","0","-9999","C16 H31 O10 P1 S2","16","31","10","-9999","1","2","-9999","-9999","-9999"
"2307","477.102164","477.102244375","477.102059576","2103450","-9999","297144.1","18.05","-1","0.387337781","0.973144355","0.676970358","0.854674756","17","0.36","0.76","13C1 N1 O9","de-protonated","1","2288","C24 H19 O9 N1 13C1","24","19","9","1","-9999","-9999","1","-9999","-9999"
"2307","477.102164","477.102244375","477.102685179","2103450","-9999","297144.1","18.05","-1","-0.923917074","0.928006717","0.854404884","0.898565984","21","0.111111111","0.666666667","N4 S1 O3","de-protonated","0","-9999","C27 H18 O3 N4 S1","27","18","3","4","-9999","1","-9999","-9999","-9999"
"2308","477.105898","477.105978374","477.106056482","1955227.9","-9999","326344.1","16.66","-1","-0.163712196","0.497574338","0.793917021","0.616111411","16","0.125","0.916666667","N4 S2 O3","de-protonated","0","-9999","C24 H22 O3 N4 S2","24","22","3","4","-9999","2","-9999","-9999","-9999"
"2308","477.105898","477.105978374","477.106189424","1955227.9","-9999","326344.1","16.66","-1","-0.442353956","0.965117582","0","0.579070549","3","0.846153846","2.076923077","N4 S1 P1 O11","de-protonated","0","-9999","C13 H27 O11 N4 P1 S1","13","27","11","4","1","1","-9999","-9999","-9999"
"2309","477.110655","477.110735372","477.110863624","9603230","-9999","380363.7","88.21","-1","-0.268810331","0.983618395","0.982529908","0.983183","16","0.269230769","0.884615385","P1 O7","de-protonated","0","-9999","C26 H23 O7 P1","26","23","7","-9999","1","-9999","-9999","-9999","-9999"
"2309","477.110655","477.110735372","477.110592298","9603230","-9999","380363.7","88.21","-1","0.299875611","0.657919216","0.929124245","0.766401228","2","0.75","1.875","S2 O12","de-protonated","0","-9999","C16 H30 O12 S2","16","30","12","-9999","-9999","2","-9999","-9999","-9999"
"2309","477.110655","477.110735372","477.111060329","9603230","-9999","380363.7","88.21","-1","-0.681092614","0.911994262","0.945505532","0.92539877","8","0.8125","1.375","N4 O13","de-protonated","0","-9999","C16 H22 O13 N4","16","22","13","4","-9999","-9999","-9999","-9999","-9999"
"2310","477.119445","477.119525369","477.119975213","1149091","-9999","293737.7","9.12","-1","-0.942832224","0.851040421","0","0.510624253","15","0.148148148","0.962962963","S2 O4","de-protonated","0","-9999","C27 H26 O4 S2","27","26","4","-9999","-9999","2","-9999","-9999","-9999"
"2310","477.119445","477.119525369","477.119105833","1149091","-9999","293737.7","9.12","-1","0.87931038","0.869102926","0","0.521461755","16","0.346153846","0.846153846","O9","de-protonated","0","-9999","C26 H22 O9","26","22","9","-9999","-9999","-9999","-9999","-9999","-9999"
"2310","477.119445","477.119525369","477.11959509","1149091","-9999","293737.7","9.12","-1","-0.14613017","0.996132837","0","0.597679702","20","0.034482759","0.793103448","N2 S1 P1 O1","de-protonated","0","-9999","C29 H23 O1 N2 P1 S1","29","23","1","2","1","1","-9999","-9999","-9999"
"2311","477.123838","477.123918367","477.123814547","979109.3","-9999","370777.2","7.53","-1","0.217596022","0.991445562","0","0.594867337","16","0.208333333","0.916666667","N4 S1 O5","de-protonated","0","-9999","C24 H22 O5 N4 S1","24","22","5","4","-9999","1","-9999","-9999","-9999"
"2312","477.139282","477.139362361","477.139583752","1103021.4","-9999","506278.7","8.69","-1","-0.463996855","0.961688537","0","0.577013122","2","0.866666667","2","N2 S1 O13","de-protonated","0","-9999","C15 H30 O13 N2 S1","15","30","13","2","-9999","1","-9999","-9999","-9999"
"2312","477.139282","477.139362361","477.139070688","1103021.4","-9999","506278.7","8.69","-1","0.611295536","0.934443466","0","0.56066608","20","0.071428571","0.785714286","N4 S1 O2","de-protonated","0","-9999","C28 H22 O2 N4 S1","28","22","2","4","-9999","1","-9999","-9999","-9999"
"2312","477.139282","477.139362361","477.13920363","1103021.4","-9999","506278.7","8.69","-1","0.33267284","0.980119136","0","0.588071482","7","0.588235294","1.588235294","N4 P1 O10","de-protonated","0","-9999","C17 H27 O10 N4 P1","17","27","10","4","1","-9999","-9999","-9999","-9999"
"2313","477.142297","477.14237736","477.142441991","1577646.9","-9999","408223.2","13.13","-1","-0.135455361","0.996676287","0","0.598005772","15","0.08","1.04","N4 S2 O2","de-protonated","0","-9999","C25 H26 O2 N4 S2","25","26","2","4","-9999","2","-9999","-9999","-9999"
"2313","477.142297","477.14237736","477.142574933","1577646.9","-9999","408223.2","13.13","-1","-0.41407588","0.969367986","0","0.581620792","2","0.714285714","2.214285714","N4 S1 P1 O10","de-protonated","0","-9999","C14 H31 O10 N4 P1 S1","14","31","10","4","1","1","-9999","-9999","-9999"
"2314","477.147034","477.147114358","477.147249134","10184881","-9999","381772","93.65","-1","-0.282461532","0.990466599","0.968318351","0.9816073","15","0.222222222","1","P1 O6","de-protonated","0","-9999","C27 H27 O6 P1","27","27","6","-9999","1","-9999","-9999","-9999","-9999"
"2314","477.147034","477.147114358","477.146977808","10184881","-9999","381772","93.65","-1","0.286181037","0.651907839","0.929726258","0.763035207","1","0.647058824","2","S2 O11","de-protonated","0","-9999","C17 H34 O11 S2","17","34","11","-9999","-9999","2","-9999","-9999","-9999"
"2314","477.147034","477.147114358","477.147445838","10184881","-9999","381772","93.65","-1","-0.69471237","0.929215841","0.960971474","0.941918094","7","0.705882353","1.529411765","N4 O12","de-protonated","0","-9999","C17 H26 O12 N4","17","26","12","4","-9999","-9999","-9999","-9999","-9999"
"2315","477.17873","477.178810346","477.178827501","1610434","-9999","385031.5","13.44","-1","-0.035950749","0.999765513","0","0.599859308","14","0.038461538","1.153846154","N4 S2 O1","de-protonated","0","-9999","C26 H30 O1 N4 S2","26","30","1","4","-9999","2","-9999","-9999","-9999"
"2315","477.17873","477.178810346","477.178960442","1610434","-9999","385031.5","13.44","-1","-0.314550051","0.982207345","0","0.589324407","1","0.6","2.333333333","N4 S1 P1 O9","de-protonated","0","-9999","C15 H35 O9 N4 P1 S1","15","35","9","4","1","1","-9999","-9999","-9999"
"2316","477.183401","477.183481344","477.183634643","6871236.5","-9999","349668.5","62.65","-1","-0.321258193","0.986964544","0.970301618","0.980299373","14","0.178571429","1.107142857","P1 O5","de-protonated","0","-9999","C28 H31 O5 P1","28","31","5","-9999","1","-9999","-9999","-9999","-9999"
"2316","477.183401","477.183481344","477.183363317","6871236.5","-9999","349668.5","62.65","-1","0.247340995","0.655091743","0.93031813","0.765182298","0","0.555555556","2.111111111","S2 O10","de-protonated","0","-9999","C18 H38 O10 S2","18","38","10","-9999","-9999","2","-9999","-9999","-9999"
"2316","477.183401","477.183481344","477.183831348","6871236.5","-9999","349668.5","62.65","-1","-0.73347758","0.920303833","0.960210059","0.936266323","6","0.611111111","1.666666667","N4 O11","de-protonated","0","-9999","C18 H30 O11 N4","18","30","11","4","-9999","-9999","-9999","-9999","-9999"
"2317","477.219839","477.21991933","477.220020152","2547927.5","-9999","421332.2","22.21","-1","-0.21127066","0.495966847","0.761234226","0.602073798","13","0.137931034","1.206896552","P1 O4","de-protonated","0","-9999","C29 H35 O4 P1","29","35","4","-9999","1","-9999","-9999","-9999","-9999"
"2317","477.219839","477.21991933","477.220216857","2547927.5","-9999","421332.2","22.21","-1","-0.623458663","0.465950249","0.829532115","0.611382995","5","0.526315789","1.789473684","N4 O10","de-protonated","0","-9999","C19 H34 O10 N4","19","34","10","4","-9999","-9999","-9999","-9999","-9999"
"2318","478.069698","478.069778001","478.069319415","1056919.3","-9999","403264.6","8.25","-1","0.959245509","0.846233154","0.90095803","0.868123104","3","0.733333333","1.8","13C1 S2 P1 O11","de-protonated","1","2301","C14 H27 O11 P1 S2 13C1","14","27","11","-9999","1","2","1","-9999","-9999"
"2318","478.069698","478.069778001","478.069727087","1056919.3","-9999","403264.6","8.25","-1","0.10649925","0.997944109","0","0.598766465","17","0.333333333","0.75","N1 P1 O8","de-protonated","0","-9999","C24 H18 O8 N1 P1","24","18","8","1","1","-9999","-9999","-9999","-9999"
"2318","478.069698","478.069778001","478.069455761","1056919.3","-9999","403264.6","8.25","-1","0.674044793","0.920867849","0","0.552520709","3","0.928571429","1.785714286","N1 S2 O13","de-protonated","0","-9999","C14 H25 O13 N1 S2","14","25","13","1","-9999","2","-9999","-9999","-9999"
"2318","478.069698","478.069778001","478.069654504","1056919.3","-9999","403264.6","8.25","-1","0.25832413","0.987964694","0.980855716","0.985121103","22","0.153846154","0.538461538","13C1 N4 S1 O4","de-protonated","1","2301","C25 H14 O4 N4 S1 13C1","25","14","4","4","-9999","1","1","-9999","-9999"
"2319","478.077754","478.077833998","478.07783295","1758875.4","-9999","401970.9","14.82","-1","0.002192286","0.999999128","0.939976743","0.975990174","17","0.32","0.76","13C1 P1 O8","de-protonated","1","2304","C24 H19 O8 P1 13C1","24","19","8","-9999","1","-9999","1","-9999","-9999"
"2319","478.077754","478.077833998","478.077561624","1758875.4","-9999","401970.9","14.82","-1","0.569728147","0.628536256","0.928511829","0.748526485","3","0.866666667","1.733333333","13C1 S2 O13","de-protonated","1","2304","C14 H26 O13 S2 13C1","14","26","13","-9999","-9999","2","1","-9999","-9999"
"2319","478.077754","478.077833998","478.077969296","1758875.4","-9999","401970.9","14.82","-1","-0.283003078","0.985572725","0","0.591343635","17","0.416666667","0.708333333","N1 O10","de-protonated","0","-9999","C24 H17 O10 N1","24","17","10","1","-9999","-9999","-9999","-9999","-9999"
"2319","478.077754","478.077833998","478.078029655","1758875.4","-9999","401970.9","14.82","-1","-0.409256219","0.970066203","0.986770612","0.976747967","9","0.933333333","1.2","13C1 N4 O14","de-protonated","1","2304","C14 H18 O14 N4 13C1","14","18","14","4","-9999","-9999","1","-9999","-9999"
"2320","478.105935","478.106014987","478.106112597","1243946.3","-9999","298621.2","10","-1","-0.204158217","0.992465641","0","0.595479384","16","0.28","0.88","N1 P1 O7","de-protonated","0","-9999","C25 H22 O7 N1 P1","25","22","7","1","1","-9999","-9999","-9999","-9999"
"2320","478.105935","478.106014987","478.10584127","1243946.3","-9999","298621.2","10","-1","0.363343958","0.976329992","0","0.585797995","2","0.8","1.933333333","N1 S2 O12","de-protonated","0","-9999","C15 H29 O12 N1 S2","15","29","12","1","-9999","2","-9999","-9999","-9999"
"2320","478.105935","478.106014987","478.106040014","1243946.3","-9999","298621.2","10","-1","-0.052344939","0.999502956","0.854404884","0.941463727","21","0.111111111","0.666666667","13C1 N4 S1 O3","de-protonated","1","2307","C26 H18 O3 N4 S1 13C1","26","18","3","4","-9999","1","1","-9999","-9999"
"2321","478.11398","478.114059984","478.11421845900003","2431150.5","-9999","381493.1","21.11","-1","-0.331459022","0.980262511","0.982529908","0.98116947","16","0.269230769","0.884615385","13C1 P1 O7","de-protonated","1","2309","C25 H23 O7 P1 13C1","25","23","7","-9999","1","-9999","1","-9999","-9999"
"2321","478.11398","478.114059984","478.113947133","2431150.5","-9999","381493.1","21.11","-1","0.236033459","0.659961394","0.929124245","0.767626534","2","0.75","1.875","13C1 S2 O12","de-protonated","1","2309","C15 H30 O12 S2 13C1","15","30","12","-9999","-9999","2","1","-9999","-9999"
"2321","478.11398","478.114059984","478.114354805","2431150.5","-9999","381493.1","21.11","-1","-0.616632587","0.466666478","0.787157861","0.594863031","16","0.36","0.84","N1 O9","de-protonated","0","-9999","C25 H21 O9 N1","25","21","9","1","-9999","-9999","-9999","-9999","-9999"
"2321","478.11398","478.114059984","478.113703356","2431150.5","-9999","381493.1","21.11","-1","0.745905809","0.903974977","0","0.542384986","7","0.647058824","1.470588235","N3 S1 O11","de-protonated","0","-9999","C17 H25 O11 N3 S1","17","25","11","3","-9999","1","-9999","-9999","-9999"
"2321","478.11398","478.114059984","478.114415164","2431150.5","-9999","381493.1","21.11","-1","-0.742876078","0.904715133","0.945505532","0.921031293","8","0.8125","1.375","13C1 N4 O13","de-protonated","1","2309","C15 H22 O13 N4 13C1","15","22","13","4","-9999","-9999","1","-9999","-9999"
"2322","478.14269","478.142769973","478.142498106","953021.7","-9999","453544.6","7.28","-1","0.568590223","0.943026001","0","0.5658156","15","0.230769231","1","N1 P1 O6","de-protonated","0","-9999","C26 H26 O6 N1 P1","26","26","6","1","1","-9999","-9999","-9999","-9999"
"2323","478.150447","478.15052697","478.150603969","2456769.8","-9999","397649.3","21.35","-1","-0.161034449","0.995305708","0.968318351","0.984510766","15","0.222222222","1","13C1 P1 O6","de-protonated","1","2314","C26 H27 O6 P1 13C1","26","27","6","-9999","1","-9999","1","-9999","-9999"
"2323","478.150447","478.15052697","478.150332643","2456769.8","-9999","397649.3","21.35","-1","0.406414945","0.646982811","0.929726258","0.76008019","1","0.647058824","2","13C1 S2 O11","de-protonated","1","2314","C16 H34 O11 S2 13C1","16","34","11","-9999","-9999","2","1","-9999","-9999"
"2323","478.150447","478.15052697","478.150740314","2456769.8","-9999","397649.3","21.35","-1","-0.446186362","0.482260721","0.780512821","0.601561561","15","0.307692308","0.961538462","N1 O8","de-protonated","0","-9999","C26 H25 O8 N1","26","25","8","1","-9999","-9999","-9999","-9999","-9999"
"2323","478.150447","478.15052697","478.150088866","2456769.8","-9999","397649.3","21.35","-1","0.916248582","0.858706362","0","0.515223817","6","0.555555556","1.611111111","N3 S1 O10","de-protonated","0","-9999","C18 H29 O10 N3 S1","18","29","10","3","-9999","1","-9999","-9999","-9999"
"2323","478.150447","478.15052697","478.150800673","2456769.8","-9999","397649.3","21.35","-1","-0.572420267","0.942278522","0.960971474","0.949755703","7","0.705882353","1.529411765","13C1 N4 O12","de-protonated","1","2314","C16 H26 O12 N4 13C1","16","26","12","4","-9999","-9999","1","-9999","-9999"
"2324","478.186812","478.186891956","478.186989478","1747413","-9999","358897.3","14.71","-1","-0.203941407","0.992481574","0.970301618","0.983609592","14","0.178571429","1.107142857","13C1 P1 O5","de-protonated","1","2316","C27 H31 O5 P1 13C1","27","31","5","-9999","1","-9999","1","-9999","-9999"
"2324","478.186812","478.186891956","478.186718152","1747413","-9999","358897.3","14.71","-1","0.363464785","0.65087629","0.93031813","0.762653026","0","0.555555556","2.111111111","13C1 S2 O10","de-protonated","1","2316","C17 H38 O10 S2 13C1","17","38","10","-9999","-9999","2","1","-9999","-9999"
"2324","478.186812","478.186891956","478.187125824","1747413","-9999","358897.3","14.71","-1","-0.48907161","0.47876372","0.773979033","0.596849845","14","0.259259259","1.074074074","N1 O7","de-protonated","0","-9999","C27 H29 O7 N1","27","29","7","1","-9999","-9999","-9999","-9999","-9999"
"2324","478.186812","478.186891956","478.186474375","1747413","-9999","358897.3","14.71","-1","0.873259607","0.870776824","0","0.522466095","5","0.473684211","1.736842105","N3 S1 O9","de-protonated","0","-9999","C19 H33 O9 N3 S1","19","33","9","3","-9999","1","-9999","-9999","-9999"
"2324","478.186812","478.186891956","478.187186183","1747413","-9999","358897.3","14.71","-1","-0.615295905","0.933611868","0.960210059","0.944251145","6","0.611111111","1.666666667","13C1 N4 O11","de-protonated","1","2316","C17 H30 O11 N4 13C1","17","30","11","4","-9999","-9999","1","-9999","-9999"
"2326","479.045099","479.045178624","479.045229135","1743515.3","-9999","336213.7","14.67","-1","-0.105441546","0.997984702","0","0.598790821","3","0.857142857","1.785714286","S2 P1 O12","de-protonated","0","-9999","C14 H25 O12 P1 S2","14","25","12","-9999","1","2","-9999","-9999","-9999"
"2326","479.045099","479.045178624","479.044716071","1743515.3","-9999","336213.7","14.67","-1","0.965573703","0.422182454","0.773979033","0.562901086","21","0.037037037","0.62962963","N2 S2 P1 O1","de-protonated","0","-9999","C27 H17 O1 N2 P1 S2","27","17","1","2","1","2","-9999","-9999","-9999"
"2326","479.045099","479.045178624","479.045564224","1743515.3","-9999","336213.7","14.67","-1","-0.804934266","0.889083535","0","0.533450121","22","0.2","0.48","N4 S1 O5","de-protonated","0","-9999","C25 H12 O5 N4 S1","25","12","5","4","-9999","1","-9999","-9999","-9999"
"2327","479.04883","479.048909623","479.048935528","1599133.1","-9999","476049.3","13.32","-1","-0.054075794","0.99946955","0","0.59968173","17","0.227272727","0.727272727","N4 S2 O5","de-protonated","0","-9999","C22 H16 O5 N4 S2","22","16","5","4","-9999","2","-9999","-9999","-9999"
"2328","479.05361","479.053689621","479.053609728","7249055.5","-9999","367443.2","66.18","-1","0.166771565","0.663858813","0.876869539","0.749063103","30","0.028571429","0.342857143","S1 O1","de-protonated","0","-9999","C35 H12 O1 S1","35","12","1","-9999","-9999","1","-9999","-9999","-9999"
"2328","479.05361","479.053689621","479.05374267","7249055.5","-9999","367443.2","66.18","-1","-0.110737492","0.997110279","0.980252064","0.990366993","17","0.375","0.708333333","P1 O9","de-protonated","0","-9999","C24 H17 O9 P1","24","17","9","-9999","1","-9999","-9999","-9999","-9999"
"2329","479.062615","479.062694617","479.063125585","1567908.4","-9999","351717.6","13.03","-1","-0.899604223","0.431714244","0.725399619","0.549188394","30","0.028571429","0.371428571","P1 O1","de-protonated","0","-9999","C35 H13 O1 P1","35","13","1","-9999","1","-9999","-9999","-9999","-9999"
"2329","479.062615","479.062694617","479.062854258","1567908.4","-9999","351717.6","13.03","-1","-0.333236129","0.98005243","0","0.588031458","16","0.24","0.8","S2 O6","de-protonated","0","-9999","C25 H20 O6 S2","25","20","6","-9999","-9999","2","-9999","-9999","-9999"
"2329","479.062615","479.062694617","479.062474136","1567908.4","-9999","351717.6","13.03","-1","0.460235316","0.962295374","0","0.577377224","21","0.111111111","0.62962963","N2 S1 P1 O3","de-protonated","0","-9999","C27 H17 O3 N2 P1 S1","27","17","3","2","1","1","-9999","-9999","-9999"
"2330","479.079471","479.079550611","479.079960875","937133.4","-9999","497158.6","7.13","-1","-0.856357311","0.875408186","0","0.525244912","7","0.588235294","1.411764706","N2 S2 O10","de-protonated","0","-9999","C17 H24 O10 N2 S2","17","24","10","2","-9999","2","-9999","-9999","-9999"
"2330","479.079471","479.079550611","479.079091495","937133.4","-9999","497158.6","7.13","-1","0.958330787","0.846502527","0","0.507901516","8","0.9375","1.25","N2 O15","de-protonated","0","-9999","C16 H20 O15 N2","16","20","15","2","-9999","-9999","-9999","-9999","-9999"
"2330","479.079471","479.079550611","479.079580752","937133.4","-9999","497158.6","7.13","-1","-0.062914615","0.999282039","0","0.599569223","12","0.368421053","1.105263158","N4 S1 P1 O7","de-protonated","0","-9999","C19 H21 O7 N4 P1 S1","19","21","7","4","1","1","-9999","-9999","-9999"
"2331","479.081469","479.08154861","479.081614645","2123438.5","-9999","369872","18.23","-1","-0.137835971","0.996558636","0","0.597935182","2","0.733333333","1.933333333","S2 P1 O11","de-protonated","0","-9999","C15 H29 O11 P1 S2","15","29","11","-9999","1","2","-9999","-9999","-9999"
"2331","479.081469","479.08154861","479.081949734","2123438.5","-9999","369872","18.23","-1","-0.837275543","0.937849116","0.86738525","0.90966357","21","0.153846154","0.615384615","N4 S1 O4","de-protonated","0","-9999","C26 H16 O4 N4 S1","26","16","4","4","-9999","1","-9999","-9999","-9999"
"2332","479.082939","479.08301861","479.083114247","1157807.3","-9999","435894.2","9.19","-1","-0.199625274","0.992795304","0","0.595677182","12","0.619047619","0.952380952","O13","de-protonated","0","-9999","C21 H20 O13","21","20","13","-9999","-9999","-9999","-9999","-9999","-9999"
"2332","479.082939","479.08301861","479.082601182","1157807.3","-9999","435894.2","9.19","-1","0.87130518","0.871315716","0","0.52278943","30","0.058823529","0.352941176","N2 O2","de-protonated","0","-9999","C34 H12 O2 N2","34","12","2","2","-9999","-9999","-9999","-9999","-9999"
"2332","479.082939","479.08301861","479.082952055","1157807.3","-9999","435894.2","9.19","-1","0.138920059","0.996504385","0","0.597902631","7","0.4375","1.5625","N4 S2 P1 O7","de-protonated","0","-9999","C16 H25 O7 N4 P1 S2","16","25","7","4","1","2","-9999","-9999","-9999"
"2333","479.085191","479.085270609","479.08532103700003","2034352.5","-9999","397857.7","17.39","-1","-0.105259661","0.498995821","0.800793265","0.619714799","16","0.173913043","0.869565217","N4 S2 O4","de-protonated","0","-9999","C23 H20 O4 N4 S2","23","20","4","4","-9999","2","-9999","-9999","-9999"
"2334","479.089959","479.090038607","479.090128179","11472051","-9999","391430.3","105.68","-1","-0.186964011","0.993882202","0.966675165","0.982999388","16","0.32","0.84","P1 O8","de-protonated","0","-9999","C25 H21 O8 P1","25","21","8","-9999","1","-9999","-9999","-9999","-9999"
"2334","479.089959","479.090038607","479.089856853","11472051","-9999","391430.3","105.68","-1","0.379372566","0.649257649","0.928511829","0.760959321","2","0.866666667","1.866666667","S2 O13","de-protonated","0","-9999","C15 H28 O13 S2","15","28","13","-9999","-9999","2","-9999","-9999","-9999"
"2334","479.089959","479.090038607","479.090324884","11472051","-9999","391430.3","105.68","-1","-0.597543066","0.937977525","0.96007219","0.946815391","8","0.933333333","1.333333333","N4 O14","de-protonated","0","-9999","C15 H20 O14 N4","15","20","14","4","-9999","-9999","-9999","-9999","-9999"
"2335","479.091994","479.092073606","479.092497161","1029300.1","-9999","468435.5","7.99","-1","-0.884077962","0.867778157","0","0.520666894","25","0.15625","0.5","O5","de-protonated","0","-9999","C32 H16 O5","32","16","5","-9999","-9999","-9999","-9999","-9999","-9999"
"2335","479.091994","479.092073606","479.091845713","1029300.1","-9999","468435.5","7.99","-1","0.475678231","0.959775041","0","0.575865025","16","0.291666667","0.833333333","N2 S1 O7","de-protonated","0","-9999","C24 H20 O7 N2 S1","24","20","7","2","-9999","1","-9999","-9999","-9999"
"2336","479.121608","479.121687595","479.121706546","2132675.8","-9999","395786.8","18.31","-1","-0.039555267","0.499858071","0.793917021","0.617481651","15","0.125","1","N4 S2 O3","de-protonated","0","-9999","C24 H24 O3 N4 S2","24","24","3","4","-9999","2","-9999","-9999","-9999"
"2336","479.121608","479.121687595","479.121839488","2132675.8","-9999","395786.8","18.31","-1","-0.317024824","0.981928825","0","0.589157295","2","0.846153846","2.230769231","N4 S1 P1 O11","de-protonated","0","-9999","C13 H29 O11 N4 P1 S1","13","29","11","4","1","1","-9999","-9999","-9999"
"2337","479.124262","479.124341594","479.124011765","1721541.1","-9999","443434.2","14.47","-1","0.68839845","0.458803007","0.755017935","0.577288978","19","0.066666667","0.833333333","S1 P1 O2","de-protonated","0","-9999","C30 H25 O2 P1 S1","30","25","2","-9999","1","1","-9999","-9999","-9999"
"2337","479.124262","479.124341594","479.12420847","1721541.1","-9999","443434.2","14.47","-1","0.277848071","0.986089895","0","0.591653937","11","0.4","1.2","N4 S1 O8","de-protonated","0","-9999","C20 H24 O8 N4 S1","20","24","8","4","-9999","1","-9999","-9999","-9999"
"2338","479.126329","479.126408593","479.126513689","12168390","-9999","376558.9","112.2","-1","-0.219349209","0.984497414","0.970750105","0.978998491","15","0.269230769","0.961538462","P1 O7","de-protonated","0","-9999","C26 H25 O7 P1","26","25","7","-9999","1","-9999","-9999","-9999","-9999"
"2338","479.126329","479.126408593","479.126242363","12168390","-9999","376558.9","112.2","-1","0.34694434","0.656746305","0.929124245","0.765697481","1","0.75","2","S2 O12","de-protonated","0","-9999","C16 H32 O12 S2","16","32","12","-9999","-9999","2","-9999","-9999","-9999"
"2338","479.126329","479.126408593","479.126710393","12168390","-9999","376558.9","112.2","-1","-0.629897072","0.915227437","0.957285335","0.932050596","7","0.8125","1.5","N4 O13","de-protonated","0","-9999","C16 H24 O13 N4","16","24","13","4","-9999","-9999","-9999","-9999","-9999"
"2339","479.1498","479.149879584","479.150012039","985298.7","-9999","480334.6","7.58","-1","-0.276437174","0.986229831","0","0.591737899","19","0.2","0.8","O6","de-protonated","0","-9999","C30 H24 O6","30","24","6","-9999","-9999","-9999","-9999","-9999","-9999"
"2340","479.152257","479.152336583","479.152731893","1851604","-9999","441581.9","15.68","-1","-0.825019746","0.883817731","0","0.530290639","5","0.421052632","1.684210526","N2 S2 O8","de-protonated","0","-9999","C19 H32 O8 N2 S2","19","32","8","2","-9999","2","-9999","-9999","-9999"
"2340","479.152257","479.152336583","479.151862513","1851604","-9999","441581.9","15.68","-1","0.989392804","0.837260708","0","0.502356425","6","0.722222222","1.555555556","N2 O13","de-protonated","0","-9999","C18 H28 O13 N2","18","28","13","2","-9999","-9999","-9999","-9999","-9999"
"2340","479.152257","479.152336583","479.152351771","1851604","-9999","441581.9","15.68","-1","-0.031697529","0.999817709","0","0.599890625","10","0.238095238","1.380952381","N4 S1 P1 O5","de-protonated","0","-9999","C21 H29 O5 N4 P1 S1","21","29","5","4","1","1","-9999","-9999","-9999"
"2341","479.154885","479.154964582","479.155233817","2548949.5","-9999","385894","22.21","-1","-0.561895002","0.944322002","0","0.566593201","1","0.866666667","2.133333333","N2 S1 O13","de-protonated","0","-9999","C15 H32 O13 N2 S1","15","32","13","2","-9999","1","-9999","-9999","-9999"
"2341","479.154885","479.154964582","479.154720752","2548949.5","-9999","385894","22.21","-1","0.508873873","0.972597818","0.94019829","0.959638007","19","0.071428571","0.857142857","N4 S1 O2","de-protonated","0","-9999","C28 H24 O2 N4 S1","28","24","2","4","-9999","1","-9999","-9999","-9999"
"2341","479.154885","479.154964582","479.154853694","2548949.5","-9999","385894","22.21","-1","0.231423282","0.990329266","0","0.59419756","6","0.588235294","1.705882353","N4 P1 O10","de-protonated","0","-9999","C17 H29 O10 N4 P1","17","29","10","4","1","-9999","-9999","-9999","-9999"
"2342","479.15784","479.157919581","479.158092056","1725655","-9999","420476.4","14.5","-1","-0.359954567","0.976764388","0","0.586058633","14","0.08","1.12","N4 S2 O2","de-protonated","0","-9999","C25 H28 O2 N4 S2","25","28","2","4","-9999","2","-9999","-9999","-9999"
"2342","479.15784","479.157919581","479.158224998","1725655","-9999","420476.4","14.5","-1","-0.637402966","0.928932285","0","0.557359371","1","0.714285714","2.357142857","N4 S1 P1 O10","de-protonated","0","-9999","C14 H33 O10 N4 P1 S1","14","33","10","4","1","1","-9999","-9999","-9999"
"2343","479.162731","479.162810579","479.162899198","10159322","-9999","384033.3","93.4","-1","-0.184946382","0.99387924","0.966880721","0.983079832","14","0.222222222","1.074074074","P1 O6","de-protonated","0","-9999","C27 H29 O6 P1","27","29","6","-9999","1","-9999","-9999","-9999","-9999"
"2343","479.162731","479.162810579","479.162627872","10159322","-9999","384033.3","93.4","-1","0.381304186","0.649272124","0.929726258","0.761453777","0","0.647058824","2.117647059","S2 O11","de-protonated","0","-9999","C17 H36 O11 S2","17","36","11","-9999","-9999","2","-9999","-9999","-9999"
"2343","479.162731","479.162810579","479.163095903","10159322","-9999","384033.3","93.4","-1","-0.595463083","0.937977978","0.962409105","0.947750428","6","0.705882353","1.647058824","N4 O12","de-protonated","0","-9999","C17 H28 O12 N4","17","28","12","4","-9999","-9999","-9999","-9999","-9999"
"2344","479.199091","479.199170565","479.199284708","4727021","-9999","363460.3","42.58","-1","-0.238194952","0.993399596","0.950410855","0.9762041","13","0.178571429","1.178571429","P1 O5","de-protonated","0","-9999","C28 H33 O5 P1","28","33","5","-9999","1","-9999","-9999","-9999","-9999"
"2344","479.199091","479.199170565","479.199481412","4727021","-9999","363460.3","42.58","-1","-0.648680462","0.937717205","0.980100822","0.954670651","5","0.611111111","1.777777778","N4 O11","de-protonated","0","-9999","C18 H32 O11 N4","18","32","11","4","-9999","-9999","-9999","-9999","-9999"
"2345","479.235402","479.235481551","479.235670217","1679616.1","-9999","405978.7","14.07","-1","-0.393681543","0.486134943","0.761234226","0.596174656","12","0.137931034","1.275862069","P1 O4","de-protonated","0","-9999","C29 H37 O4 P1","29","37","4","-9999","1","-9999","-9999","-9999","-9999"
"2345","479.235402","479.235481551","479.235018768","1679616.1","-9999","405978.7","14.07","-1","0.965669085","0.844336688","0","0.506602013","3","0.285714286","1.952380952","N2 S1 P1 O6","de-protonated","0","-9999","C21 H41 O6 N2 P1 S1","21","41","6","2","1","1","-9999","-9999","-9999"
"2345","479.235402","479.235481551","479.235866921","1679616.1","-9999","405978.7","14.07","-1","-0.804135823","0.889290819","0","0.533574492","4","0.526315789","1.894736842","N4 O10","de-protonated","0","-9999","C19 H36 O10 N4","19","36","10","4","-9999","-9999","-9999","-9999","-9999"
"2346","480.056951","480.057030233","480.056964563","1660085.1","-9999","412087.7","13.89","-1","0.136795374","0.664406876","0.876869539","0.749391941","30","0.028571429","0.342857143","13C1 S1 O1","de-protonated","1","2328","C34 H12 O1 S1 13C1","34","12","1","-9999","-9999","1","1","-9999","-9999"
"2346","480.056951","480.057030233","480.057097505","1660085.1","-9999","412087.7","13.89","-1","-0.14013366","0.996443152","0.980252064","0.989966717","17","0.375","0.708333333","13C1 P1 O9","de-protonated","1","2328","C23 H17 O9 P1 13C1","23","17","9","-9999","1","-9999","1","-9999","-9999"
"2346","480.056951","480.057030233","480.057233851","1660085.1","-9999","412087.7","13.89","-1","-0.424153129","0.967883369","0","0.580730022","17","0.47826087","0.652173913","N1 O11","de-protonated","0","-9999","C23 H15 O11 N1","23","15","11","1","-9999","-9999","-9999","-9999","-9999"
"2346","480.056951","480.057030233","480.056582402","1660085.1","-9999","412087.7","13.89","-1","0.932871079","0.853930527","0","0.512358316","8","0.866666667","1.266666667","N3 S1 O13","de-protonated","0","-9999","C15 H19 O13 N3 S1","15","19","13","3","-9999","1","-9999","-9999","-9999"
"2347","480.085304","480.085383222","480.085377152","1153988.3","-9999","399382.4","9.15","-1","0.01264442","0.99997099","0","0.599982594","16","0.333333333","0.833333333","N1 P1 O8","de-protonated","0","-9999","C24 H20 O8 N1 P1","24","20","8","1","1","-9999","-9999","-9999","-9999"
"2347","480.085304","480.085383222","480.085105826","1153988.3","-9999","399382.4","9.15","-1","0.577807055","0.94121975","0","0.56473185","2","0.928571429","1.928571429","N1 S2 O13","de-protonated","0","-9999","C14 H27 O13 N1 S2","14","27","13","1","-9999","2","-9999","-9999","-9999"
"2347","480.085304","480.085383222","480.085304569","1153988.3","-9999","399382.4","9.15","-1","0.163831845","0.995141599","0.86738525","0.94403906","21","0.153846154","0.615384615","13C1 N4 S1 O4","de-protonated","1","2331","C25 H16 O4 N4 S1 13C1","25","16","4","4","-9999","1","1","-9999","-9999"
"2348","480.093317","480.093396219","480.093483015","2510024.5","-9999","401530","21.84","-1","-0.180788887","0.99408697","0.966675165","0.983122248","16","0.32","0.84","13C1 P1 O8","de-protonated","1","2334","C24 H21 O8 P1 13C1","24","21","8","-9999","1","-9999","1","-9999","-9999"
"2348","480.093317","480.093396219","480.093211688","2510024.5","-9999","401530","21.84","-1","0.384364096","0.649033096","0.928511829","0.76082459","2","0.866666667","1.866666667","13C1 S2 O13","de-protonated","1","2334","C14 H28 O13 S2 13C1","14","28","13","-9999","-9999","2","1","-9999","-9999"
"2348","480.093317","480.093396219","480.09361936","2510024.5","-9999","401530","21.84","-1","-0.46478682","0.480780258","0.793917021","0.606034963","16","0.416666667","0.791666667","N1 O10","de-protonated","0","-9999","C24 H19 O10 N1","24","19","10","1","-9999","-9999","-9999","-9999","-9999"
"2348","480.093317","480.093396219","480.092967911","2510024.5","-9999","401530","21.84","-1","0.892134487","0.865527852","0","0.519316711","7","0.75","1.4375","N3 S1 O12","de-protonated","0","-9999","C16 H23 O12 N3 S1","16","23","12","3","-9999","1","-9999","-9999","-9999"
"2348","480.093317","480.093396219","480.093679719","2510024.5","-9999","401530","21.84","-1","-0.59050987","0.938688582","0.96007219","0.947242025","8","0.933333333","1.333333333","13C1 N4 O14","de-protonated","1","2334","C14 H20 O14 N4 13C1","14","20","14","4","-9999","-9999","1","-9999","-9999"
"2349","480.121745","480.121824208","480.121762661","1441495.6","-9999","422882.5","11.84","-1","0.128190322","0.997022738","0","0.598213643","15","0.28","0.96","N1 P1 O7","de-protonated","0","-9999","C25 H24 O7 N1 P1","25","24","7","1","1","-9999","-9999","-9999","-9999"
"2349","480.121745","480.121824208","480.121491335","1441495.6","-9999","422882.5","11.84","-1","0.693310193","0.916476753","0","0.549886052","1","0.8","2.066666667","N1 S2 O12","de-protonated","0","-9999","C15 H31 O12 N1 S2","15","31","12","1","-9999","2","-9999","-9999","-9999"
"2350","480.12962","480.129699205","480.129868524","2858715.8","-9999","417712.6","25.1","-1","-0.352652401","0.977687067","0.970750105","0.974912282","15","0.269230769","0.961538462","13C1 P1 O7","de-protonated","1","2338","C25 H25 O7 P1 13C1","25","25","7","-9999","1","-9999","1","-9999","-9999"
"2350","480.12962","480.129699205","480.129597198","2858715.8","-9999","417712.6","25.1","-1","0.212457657","0.661228781","0.929124245","0.768386967","1","0.75","2","13C1 S2 O12","de-protonated","1","2338","C15 H32 O12 S2 13C1","15","32","12","-9999","-9999","2","1","-9999","-9999"
"2350","480.12962","480.129699205","480.13000487","2858715.8","-9999","417712.6","25.1","-1","-0.636628762","0.464549277","0.787157861","0.593592711","15","0.36","0.92","N1 O9","de-protonated","0","-9999","C25 H23 O9 N1","25","23","9","1","-9999","-9999","-9999","-9999","-9999"
"2350","480.12962","480.129699205","480.129353421","2858715.8","-9999","417712.6","25.1","-1","0.72018948","0.455090174","0.844689208","0.610929788","6","0.647058824","1.588235294","N3 S1 O11","de-protonated","0","-9999","C17 H27 O11 N3 S1","17","27","11","3","-9999","1","-9999","-9999","-9999"
"2350","480.12962","480.129699205","480.130065228","2858715.8","-9999","417712.6","25.1","-1","-0.762342264","0.899917886","0.957285335","0.922864866","7","0.8125","1.5","13C1 N4 O13","de-protonated","1","2338","C15 H24 O13 N4 13C1","15","24","13","4","-9999","-9999","1","-9999","-9999"
"2351","480.158103","480.158182194","480.15814817","1052523.1","-9999","342596.5","8.2","-1","0.070859066","0.99908936","0","0.599453616","14","0.230769231","1.076923077","N1 P1 O6","de-protonated","0","-9999","C26 H28 O6 N1 P1","26","28","6","1","1","-9999","-9999","-9999","-9999"
"2351","480.158103","480.158182194","480.157876844","1052523.1","-9999","342596.5","8.2","-1","0.63593608","0.92924717","0","0.557548302","0","0.6875","2.1875","N1 S2 O11","de-protonated","0","-9999","C16 H35 O11 N1 S2","16","35","11","1","-9999","2","-9999","-9999","-9999"
"2351","480.158103","480.158182194","480.158075588","1052523.1","-9999","342596.5","8.2","-1","0.222023586","0.991095465","0.94019829","0.970736595","19","0.071428571","0.857142857","13C1 N4 S1 O2","de-protonated","1","2341","C27 H24 O2 N4 S1 13C1","27","24","2","4","-9999","1","1","-9999","-9999"
"2352","480.166087","480.166166191","480.166254033","2428143.3","-9999","386983.2","21.07","-1","-0.182941633","0.993945742","0.966880721","0.983119733","14","0.222222222","1.074074074","13C1 P1 O6","de-protonated","1","2343","C26 H29 O6 P1 13C1","26","29","6","-9999","1","-9999","1","-9999","-9999"
"2352","480.166087","480.166166191","480.165982707","2428143.3","-9999","386983.2","21.07","-1","0.382125698","0.649235181","0.929726258","0.761431611","0","0.647058824","2.117647059","13C1 S2 O11","de-protonated","1","2343","C16 H36 O11 S2 13C1","16","36","11","-9999","-9999","2","1","-9999","-9999"
"2352","480.166087","480.166166191","480.166390379","2428143.3","-9999","386983.2","21.07","-1","-0.466896523","0.480608818","0.780512821","0.600570419","14","0.307692308","1.038461538","N1 O8","de-protonated","0","-9999","C26 H27 O8 N1","26","27","8","1","-9999","-9999","-9999","-9999","-9999"
"2352","480.166087","480.166166191","480.16573893","2428143.3","-9999","386983.2","21.07","-1","0.889819133","0.866176055","0","0.519705633","5","0.555555556","1.722222222","N3 S1 O10","de-protonated","0","-9999","C18 H31 O10 N3 S1","18","31","10","3","-9999","1","-9999","-9999","-9999"
"2352","480.166087","480.166166191","480.166450738","2428143.3","-9999","386983.2","21.07","-1","-0.59260052","0.938267386","0.962409105","0.947924074","6","0.705882353","1.647058824","13C1 N4 O12","de-protonated","1","2343","C16 H28 O12 N4 13C1","16","28","12","4","-9999","-9999","1","-9999","-9999"
"2353","480.202499","480.202578177","480.202639543","1057794.8","-9999","462830.3","8.25","-1","-0.127791519","0.997041207","0.950410855","0.978389066","13","0.178571429","1.178571429","13C1 P1 O5","de-protonated","1","2344","C27 H33 O5 P1 13C1","27","33","5","-9999","1","-9999","1","-9999","-9999"
"2353","480.202499","480.202578177","480.202775888","1057794.8","-9999","462830.3","8.25","-1","-0.41172491","0.969709526","0","0.581825716","13","0.259259259","1.148148148","N1 O7","de-protonated","0","-9999","C27 H31 O7 N1","27","31","7","1","-9999","-9999","-9999","-9999","-9999"
"2353","480.202499","480.202578177","480.20212444","1057794.8","-9999","462830.3","8.25","-1","0.944888021","0.850441363","0","0.510264818","4","0.473684211","1.842105263","N3 S1 O9","de-protonated","0","-9999","C19 H35 O9 N3 S1","19","35","9","3","-9999","1","-9999","-9999","-9999"
"2353","480.202499","480.202578177","480.202836247","1057794.8","-9999","462830.3","8.25","-1","-0.537419389","0.948943577","0.980100822","0.961406475","5","0.611111111","1.777777778","13C1 N4 O11","de-protonated","1","2344","C17 H32 O11 N4 13C1","17","32","11","4","-9999","-9999","1","-9999","-9999"
"2354","481.032941","481.033019856","481.033007225","2521790.8","-9999","343177.9","21.94","-1","0.026257029","0.499937456","0.800793265","0.62027978","17","0.434782609","0.652173913","P1 O10","de-protonated","0","-9999","C23 H15 O10 P1","23","15","10","-9999","1","-9999","-9999","-9999","-9999"
"2355","481.048269","481.04834785","481.048263367","1253574.9","-9999","493961.9","10.08","-1","0.175623297","0.994419111","0","0.596651467","21","0.259259259","0.555555556","P1 O7","de-protonated","0","-9999","C27 H15 O7 P1","27","15","7","-9999","1","-9999","-9999","-9999","-9999"
"2355","481.048269","481.04834785","481.04799204","1253574.9","-9999","493961.9","10.08","-1","0.73965477","0.905499447","0","0.543299668","7","0.705882353","1.294117647","S2 O12","de-protonated","0","-9999","C17 H22 O12 S2","17","22","12","-9999","-9999","2","-9999","-9999","-9999"
"2355","481.048269","481.04834785","481.048460071","1253574.9","-9999","493961.9","10.08","-1","-0.233284622","0.990173847","0","0.594104308","13","0.764705882","0.823529412","N4 O13","de-protonated","0","-9999","C17 H14 O13 N4","17","14","13","4","-9999","-9999","-9999","-9999","-9999"
"2356","481.057113","481.057191846","481.057374955","1126603.6","-9999","436918.7","8.89","-1","-0.380637543","0.97405337","0","0.584432022","20","0.142857143","0.642857143","S2 O4","de-protonated","0","-9999","C28 H18 O4 S2","28","18","4","-9999","-9999","2","-9999","-9999","-9999"
"2356","481.057113","481.057191846","481.057507897","1126603.6","-9999","436918.7","8.89","-1","-0.65699053","0.924668591","0","0.554801154","7","0.705882353","1.352941176","S1 P1 O12","de-protonated","0","-9999","C17 H23 O12 P1 S1","17","23","12","-9999","1","1","-9999","-9999","-9999"
"2356","481.057113","481.057191846","481.056994832","1126603.6","-9999","436918.7","8.89","-1","0.409544035","0.970024723","0","0.582014834","25","0.033333333","0.5","N2 S1 P1 O1","de-protonated","0","-9999","C30 H15 O1 N2 P1 S1","30","15","1","2","1","1","-9999","-9999","-9999"
"2357","481.061123","481.061201845","481.0608792","1106125.8","-9999","330452.2","8.7","-1","0.670694535","0.921620935","0","0.552972561","2","0.857142857","1.928571429","S2 P1 O12","de-protonated","0","-9999","C14 H27 O12 P1 S2","14","27","12","-9999","1","2","-9999","-9999","-9999"
"2357","481.061123","481.061201845","481.061214289","1106125.8","-9999","330452.2","8.7","-1","-0.025867846","0.999878592","0","0.599927155","21","0.2","0.56","N4 S1 O5","de-protonated","0","-9999","C25 H14 O5 N4 S1","25","14","5","4","-9999","1","-9999","-9999","-9999"
"2357","481.061123","481.061201845","481.061347231","1106125.8","-9999","330452.2","8.7","-1","-0.302218726","0.983563748","0","0.590138249","8","0.928571429","1.357142857","N4 P1 O13","de-protonated","0","-9999","C14 H19 O13 N4 P1","14","19","13","4","1","-9999","-9999","-9999","-9999"
"2358","481.064677","481.064755843","481.064585592","2138831.8","-9999","373248.4","18.36","-1","0.353905263","0.488765021","0.807789663","0.616374878","16","0.227272727","0.818181818","N4 S2 O5","de-protonated","0","-9999","C22 H18 O5 N4 S2","22","18","5","4","-9999","2","-9999","-9999","-9999"
"2359","481.069274","481.069352842","481.069259793","9474258","-9999","366544.9","86.98","-1","0.193420863","0.331078232","0.690534495","0.474860738","29","0.028571429","0.4","S1 O1","de-protonated","0","-9999","C35 H14 O1 S1","35","14","1","-9999","-9999","1","-9999","-9999","-9999"
"2359","481.069274","481.069352842","481.069392735","9474258","-9999","366544.9","86.98","-1","-0.082925455","0.995100349","0.947260841","0.975964546","16","0.375","0.791666667","P1 O9","de-protonated","0","-9999","C24 H19 O9 P1","24","19","9","-9999","1","-9999","-9999","-9999","-9999"
"2360","481.084501","481.084579836","481.084648876","1388506.4","-9999","389852.5","11.34","-1","-0.143509204","0.996270058","0","0.597762035","20","0.214285714","0.678571429","P1 O6","de-protonated","0","-9999","C28 H19 O6 P1","28","19","6","-9999","1","-9999","-9999","-9999","-9999"
"2360","481.084501","481.084579836","481.08437755","1388506.4","-9999","389852.5","11.34","-1","0.42047943","0.968428462","0","0.581057077","6","0.611111111","1.444444444","S2 O11","de-protonated","0","-9999","C18 H26 O11 S2","18","26","11","-9999","-9999","2","-9999","-9999","-9999"
"2360","481.084501","481.084579836","481.08484558","1388506.4","-9999","389852.5","11.34","-1","-0.552386065","0.946139267","0","0.56768356","12","0.666666667","1","N4 O12","de-protonated","0","-9999","C18 H18 O12 N4","18","18","12","4","-9999","-9999","-9999","-9999","-9999"
"2361","481.093571","481.093649832","481.093760464","1048543.2","-9999","454370.8","8.16","-1","-0.22995921","0.990450656","0","0.594270394","19","0.103448276","0.75862069","S2 O3","de-protonated","0","-9999","C29 H22 O3 S2","29","22","3","-9999","-9999","2","-9999","-9999","-9999"
"2361","481.093571","481.093649832","481.093893406","1048543.2","-9999","454370.8","8.16","-1","-0.506291339","0.954554148","0","0.572732489","6","0.611111111","1.5","S1 P1 O11","de-protonated","0","-9999","C18 H27 O11 P1 S1","18","27","11","-9999","1","1","-9999","-9999","-9999"
"2362","481.097907","481.097985831","481.098251247","1158113.5","-9999","216176.6","9.18","-1","-0.551688282","0.946271536","0","0.567762922","29","0.058823529","0.411764706","N2 O2","de-protonated","0","-9999","C34 H14 O2 N2","34","14","2","2","-9999","-9999","-9999","-9999","-9999"
"2362","481.097907","481.097985831","481.097599798","1158113.5","-9999","216176.6","9.18","-1","0.802399373","0.889741076","0","0.533844645","20","0.153846154","0.692307692","N4 S1 O4","de-protonated","0","-9999","C26 H18 O4 N4 S1","26","18","4","4","-9999","1","-9999","-9999","-9999"
"2362","481.097907","481.097985831","481.09773274","1158113.5","-9999","216176.6","9.18","-1","0.526069165","0.951024266","0","0.57061456","7","0.8","1.533333333","N4 P1 O12","de-protonated","0","-9999","C15 H23 O12 N4 P1","15","23","12","4","1","-9999","-9999","-9999","-9999"
"2363","481.100812","481.10089083","481.100971102","2553059","-9999","415546.9","22.23","-1","-0.166850693","0.497480679","0.800793265","0.618805714","15","0.173913043","0.956521739","N4 S2 O4","de-protonated","0","-9999","C23 H22 O4 N4 S2","23","22","4","4","-9999","2","-9999","-9999","-9999"
"2364","481.105649","481.105727828","481.105778244","12464358","-9999","365970.3","114.96","-1","-0.104792569","0.998999534","0.975566677","0.989626391","15","0.32","0.92","P1 O8","de-protonated","0","-9999","C25 H23 O8 P1","25","23","8","-9999","1","-9999","-9999","-9999","-9999"
"2364","481.105649","481.105727828","481.105506918","12464358","-9999","365970.3","114.96","-1","0.459171318","0.63602088","0.928511829","0.75301726","1","0.866666667","2","S2 O13","de-protonated","0","-9999","C15 H30 O13 S2","15","30","13","-9999","-9999","2","-9999","-9999","-9999"
"2364","481.105649","481.105727828","481.105974948","12464358","-9999","365970.3","114.96","-1","-0.513651489","0.961203366","0.951180678","0.957194291","7","0.933333333","1.466666667","N4 O14","de-protonated","0","-9999","C15 H22 O14 N4","15","22","14","4","-9999","-9999","-9999","-9999","-9999"
"2365","481.121055","481.121133822","481.121034385","1061357.9","-9999","328614.9","8.28","-1","0.206676567","0.992279341","0","0.595367605","19","0.172413793","0.793103448","P1 O5","de-protonated","0","-9999","C29 H23 O5 P1","29","23","5","-9999","1","-9999","-9999","-9999","-9999"
"2365","481.121055","481.121133822","481.120763059","1061357.9","-9999","328614.9","8.28","-1","0.770622747","0.897847532","0","0.538708519","5","0.526315789","1.578947368","S2 O10","de-protonated","0","-9999","C19 H30 O10 S2","19","30","10","-9999","-9999","2","-9999","-9999","-9999"
"2365","481.121055","481.121133822","481.12123109","1061357.9","-9999","328614.9","8.28","-1","-0.202169516","0.992611169","0","0.595566701","11","0.578947368","1.157894737","N4 O11","de-protonated","0","-9999","C19 H22 O11 N4","19","22","11","4","-9999","-9999","-9999","-9999","-9999"
"2366","481.134273","481.134351817","481.134636756","1883893","-9999","365777.6","15.97","-1","-0.592224409","0.469171628","0.725399619","0.571662824","28","0.028571429","0.514285714","N2 O1","de-protonated","0","-9999","C35 H18 O1 N2","35","18","1","2","-9999","-9999","-9999","-9999","-9999"
"2366","481.134273","481.134351817","481.133985308","1883893","-9999","365777.6","15.97","-1","0.761760788","0.947705497","0.795290396","0.886739457","19","0.111111111","0.814814815","N4 S1 O3","de-protonated","0","-9999","C27 H22 O3 N4 S1","27","22","3","4","-9999","1","-9999","-9999","-9999"
"2366","481.134273","481.134351817","481.134118249","1883893","-9999","365777.6","15.97","-1","0.485451489","0.95814058","0","0.574884348","6","0.6875","1.6875","N4 P1 O11","de-protonated","0","-9999","C16 H27 O11 N4 P1","16","27","11","4","1","-9999","-9999","-9999","-9999"
"2367","481.13727","481.137348815","481.137356611","2638070.8","-9999","394854","23.03","-1","-0.016202181","0.499976184","0.793917021","0.617552519","14","0.125","1.083333333","N4 S2 O3","de-protonated","0","-9999","C24 H26 O3 N4 S2","24","26","3","4","-9999","2","-9999","-9999","-9999"
"2367","481.13727","481.137348815","481.137489553","2638070.8","-9999","394854","23.03","-1","-0.29250933","0.984594833","0","0.5907569","1","0.846153846","2.384615385","N4 S1 P1 O11","de-protonated","0","-9999","C13 H31 O11 N4 P1 S1","13","31","11","4","1","1","-9999","-9999","-9999"
"2368","481.142042","481.142120814","481.142163753","12398841","-9999","367955.8","114.34","-1","-0.08924541","0.999210313","0.953165201","0.980792268","14","0.269230769","1.038461538","P1 O7","de-protonated","0","-9999","C26 H27 O7 P1","26","27","7","-9999","1","-9999","-9999","-9999","-9999"
"2368","481.142042","481.142120814","481.141892427","12398841","-9999","367955.8","114.34","-1","0.474675837","0.636416291","0.929124245","0.753499473","0","0.75","2.125","S2 O12","de-protonated","0","-9999","C16 H34 O12 S2","16","34","12","-9999","-9999","2","-9999","-9999","-9999"
"2368","481.142042","481.142120814","481.142360458","12398841","-9999","367955.8","114.34","-1","-0.498073417","0.961095286","0.97487024","0.966605268","6","0.8125","1.625","N4 O13","de-protonated","0","-9999","C16 H26 O13 N4","16","26","13","4","-9999","-9999","-9999","-9999","-9999"
"2369","481.157509","481.157587808","481.157419895","1313025.5","-9999","453287.6","10.13","-1","0.348977267","0.978144614","0","0.586886769","18","0.133333333","0.9","P1 O4","de-protonated","0","-9999","C30 H27 O4 P1","30","27","4","-9999","1","-9999","-9999","-9999","-9999"
"2369","481.157509","481.157587808","481.157148568","1313025.5","-9999","453287.6","10.13","-1","0.91288088","0.85966669","0","0.515800014","4","0.45","1.7","S2 O9","de-protonated","0","-9999","C20 H34 O9 S2","20","34","9","-9999","-9999","2","-9999","-9999","-9999"
"2369","481.157509","481.157587808","481.157616599","1313025.5","-9999","453287.6","10.13","-1","-0.059837957","0.999350519","0","0.599610312","10","0.5","1.3","N4 O10","de-protonated","0","-9999","C20 H26 O10 N4","20","26","10","4","-9999","-9999","-9999","-9999","-9999"
"2370","481.160843","481.160921806","481.160791198","1938691.3","-9999","358122.8","15.71","-1","0.271444379","0.493359732","0.773979033","0.605607452","13","0.148148148","1.148148148","S1 P1 O4","de-protonated","0","-9999","C27 H31 O4 P1 S1","27","31","4","-9999","1","1","-9999","-9999","-9999"
"2370","481.160843","481.160921806","481.160987902","1938691.3","-9999","358122.8","15.71","-1","-0.137367948","0.996581927","0","0.597949156","5","0.588235294","1.764705882","N4 S1 O10","de-protonated","0","-9999","C17 H30 O10 N4 S1","17","30","10","4","-9999","1","-9999","-9999","-9999"
"2371","481.161807","481.161885806","481.161639351","1970947.8","-9999","346812.7","16","-1","0.512208018","0.476755488","0.787157861","0.600916437","14","0.32","1.04","N2 O8","de-protonated","0","-9999","C25 H26 O8 N2","25","26","8","2","-9999","-9999","-9999","-9999","-9999"
"2372","481.163532","481.163610805","481.16316018","1894148.6","-9999","407650.9","15.31","-1","0.936533945","0.426435111","0.73113591","0.548315431","22","0.029411765","0.764705882","S1 O1","de-protonated","0","-9999","C34 H26 O1 S1","34","26","1","-9999","-9999","1","-9999","-9999","-9999"
"2372","481.163532","481.163610805","481.163293121","1894148.6","-9999","407650.9","15.31","-1","0.660241351","0.923950422","0","0.554370253","9","0.391304348","1.347826087","P1 O9","de-protonated","0","-9999","C23 H31 O9 P1","23","31","9","-9999","1","-9999","-9999","-9999","-9999"
"2373","481.165598","481.165676804","481.165662103","5912838","-9999","378928.5","51.13","-1","0.030553685","0.985075492","0.951563636","0.97167075","18","0.2","0.866666667","O6","de-protonated","0","-9999","C30 H26 O6","30","26","6","-9999","-9999","-9999","-9999","-9999","-9999"
"2374","481.170383","481.170461803","481.170883881","31813896","-9999","369143.6","282","-1","-0.877190557","0.437341008","0.925012494","0.632409602","0","0.866666667","2.266666667","N2 S1 O13","de-protonated","0","-9999","C15 H34 O13 N2 S1","15","34","13","2","-9999","1","-9999","-9999","-9999"
"2374","481.170383","481.170461803","481.170370817","31813896","-9999","369143.6","282","-1","0.189092471","0.496127707","0.924985705","0.667670906","18","0.071428571","0.928571429","N4 S1 O2","de-protonated","0","-9999","C28 H26 O2 N4 S1","28","26","2","4","-9999","1","-9999","-9999","-9999"
"2374","481.170383","481.170461803","481.170503759","31813896","-9999","369143.6","282","-1","-0.087195777","0.499531677","0.944178771","0.677390514","5","0.588235294","1.823529412","N4 P1 O10","de-protonated","0","-9999","C17 H31 O10 N4 P1","17","31","10","4","1","-9999","-9999","-9999","-9999"
"2375","481.173282","481.173360801","481.17374212","2375946","-9999","456933.2","19.61","-1","-0.792476216","0.446149883","0.787157861","0.582553075","13","0.08","1.2","N4 S2 O2","de-protonated","0","-9999","C25 H30 O2 N4 S2","25","30","2","4","-9999","2","-9999","-9999","-9999"
"2376","481.178428","481.1785068","481.178549263","6916364.5","-9999","359854.1","60.08","-1","-0.08824821","0.99893551","0.99744724","0.998340202","13","0.222222222","1.148148148","P1 O6","de-protonated","0","-9999","C27 H31 O6 P1","27","31","6","-9999","1","-9999","-9999","-9999","-9999"
"2376","481.178428","481.1785068","481.178745967","6916364.5","-9999","359854.1","60.08","-1","-0.497045304","0.967393645","0.926737065","0.951131013","5","0.705882353","1.764705882","N4 O12","de-protonated","0","-9999","C17 H30 O12 N4","17","30","12","4","-9999","-9999","-9999","-9999","-9999"
"2377","481.212056","481.212134787","481.2117814","2346782.8","-9999","403994.8","19.35","-1","0.734368209","0.453390338","0.793917021","0.589601011","7","0.083333333","1.625","N2 S2 P1 O2","de-protonated","0","-9999","C24 H39 O2 N2 P1 S2","24","39","2","2","1","2","-9999","-9999","-9999"
"2378","481.214851","481.214929785","481.214934772","2236192.3","-9999","376418.4","18.36","-1","-0.010362472","0.499990258","0.767553728","0.607015646","12","0.178571429","1.25","P1 O5","de-protonated","0","-9999","C28 H35 O5 P1","28","35","5","-9999","1","-9999","-9999","-9999","-9999"
"2378","481.214851","481.214929785","481.215131476","2236192.3","-9999","376418.4","18.36","-1","-0.419128688","0.968627766","0","0.58117666","4","0.611111111","1.888888889","N4 O11","de-protonated","0","-9999","C18 H34 O11 N4","18","34","11","4","-9999","-9999","-9999","-9999","-9999"
"2379","481.268475","481.268553765","481.268426897","1108541","-9999","468886.6","8.31","-1","0.263610235","0.987470226","0","0.592482135","2","0.380952381","2.047619048","N2 P1 O8","de-protonated","0","-9999","C21 H43 O8 N2 P1","21","43","8","2","1","-9999","-9999","-9999","-9999"
"2380","481.339145","481.339223737","481.339544146","2175842.8","-9999","395303.3","17.82","-1","-0.66565995","0.461373362","0.787157861","0.591687162","5","0.2","1.84","N4 O5","de-protonated","0","-9999","C25 H46 O5 N4","25","46","5","4","-9999","-9999","-9999","-9999","-9999"
"2381","482.072774","482.072852454","482.07274757","1715949.1","-9999","316760.8","13.72","-1","0.217569013","0.99144767600000006","0.947260841","0.973772942","16","0.375","0.791666667","13C1 P1 O9","de-protonated","1","2359","C23 H19 O9 P1 13C1","23","19","9","-9999","1","-9999","1","-9999","-9999"
"2381","482.072774","482.072852454","482.072883915","1715949.1","-9999","316760.8","13.72","-1","-0.065263011","0.999227461","0","0.599536477","16","0.47826087","0.739130435","N1 O11","de-protonated","0","-9999","C23 H17 O11 N1","23","17","11","1","-9999","-9999","-9999","-9999","-9999"
"2382","482.101246","482.101324443","482.101027216","1143804.5","-9999","287732.9","8.62","-1","0.616523484","0.93335574","0","0.560013444","15","0.333333333","0.916666667","N1 P1 O8","de-protonated","0","-9999","C24 H22 O8 N1 P1","24","22","8","1","1","-9999","-9999","-9999","-9999"
"2383","482.109051","482.10912944","482.109133079","2893568.8","-9999","365530.3","24.22","-1","-0.007548669","0.999989661","0.975566677","0.990220467","15","0.32","0.92","13C1 P1 O8","de-protonated","1","2364","C24 H23 O8 P1 13C1","24","23","8","-9999","1","-9999","1","-9999","-9999"
"2383","482.109051","482.10912944","482.108861753","2893568.8","-9999","365530.3","24.22","-1","0.555241563","0.630397628","0.928511829","0.749643309","1","0.866666667","2","13C1 S2 O13","de-protonated","1","2364","C14 H30 O13 S2 13C1","14","30","13","-9999","-9999","2","1","-9999","-9999"
"2383","482.109051","482.10912944","482.109269425","2893568.8","-9999","365530.3","24.22","-1","-0.290359284","0.492409373","0.793917021","0.613012432","15","0.416666667","0.875","N1 O10","de-protonated","0","-9999","C24 H21 O10 N1","24","21","10","1","-9999","-9999","-9999","-9999","-9999"
"2383","482.109051","482.10912944","482.109329784","2893568.8","-9999","365530.3","24.22","-1","-0.415556721","0.969151919","0.951180678","0.961963423","7","0.933333333","1.466666667","13C1 N4 O14","de-protonated","1","2364","C14 H22 O14 N4 13C1","14","22","14","4","-9999","-9999","1","-9999","-9999"
"2384","482.137339","482.137417429","482.137412725","1425424","-9999","368577.4","11.13","-1","0.009755107","0.999982733","0","0.59998964","14","0.28","1.04","N1 P1 O7","de-protonated","0","-9999","C25 H26 O7 N1 P1","25","26","7","1","1","-9999","-9999","-9999","-9999"
"2384","482.137339","482.137417429","482.137141399","1425424","-9999","368577.4","11.13","-1","0.572512338","0.942260499","0","0.565356299","0","0.8","2.2","N1 S2 O12","de-protonated","0","-9999","C15 H33 O12 N1 S2","15","33","12","1","-9999","2","-9999","-9999","-9999"
"2384","482.137339","482.137417429","482.137340143","1425424","-9999","368577.4","11.13","-1","0.160299059","0.995348385","0.795290396","0.91532519","19","0.111111111","0.814814815","13C1 N4 S1 O3","de-protonated","1","2366","C26 H22 O3 N4 S1 13C1","26","22","3","4","-9999","1","1","-9999","-9999"
"2385","482.145427","482.145505426","482.145518588","2587412.3","-9999","339735.1","21.49","-1","-0.027300253","0.999864775","0.953165201","0.981184945","14","0.269230769","1.038461538","13C1 P1 O7","de-protonated","1","2368","C25 H27 O7 P1 13C1","25","27","7","-9999","1","-9999","1","-9999","-9999"
"2385","482.145427","482.145505426","482.145247262","2587412.3","-9999","339735.1","21.49","-1","0.535447496","0.632871945","0.929124245","0.751372865","0","0.75","2.125","13C1 S2 O12","de-protonated","1","2368","C15 H34 O12 S2 13C1","15","34","12","-9999","-9999","2","1","-9999","-9999"
"2385","482.145427","482.145505426","482.145654934","2587412.3","-9999","339735.1","21.49","-1","-0.31008952","0.491352016","0.787157861","0.609674354","14","0.36","1","N1 O9","de-protonated","0","-9999","C25 H25 O9 N1","25","25","9","1","-9999","-9999","-9999","-9999","-9999"
"2385","482.145427","482.145505426","482.145715293","2587412.3","-9999","339735.1","21.49","-1","-0.435277506","0.966205776","0.97487024","0.969671561","6","0.8125","1.625","13C1 N4 O13","de-protonated","1","2368","C15 H26 O13 N4 13C1","15","26","13","4","-9999","-9999","1","-9999","-9999"
"2386","482.169135","482.169213417","482.169016938","1446433.1","-9999","304118.8","11.32","-1","0.407488563","0.970320357","0.951563636","0.962817669","18","0.2","0.866666667","13C1 O6","de-protonated","1","2373","C29 H26 O6 13C1","29","26","6","-9999","-9999","-9999","1","-9999","-9999"
"2387","482.17375500000003","482.173833415","482.173798235","8278819.5","-9999","350693.8","72.22","-1","0.072960983","0.49951728","0.780512821","0.611915496","13","0.230769231","1.153846154","N1 P1 O6","de-protonated","0","-9999","C26 H30 O6 N1 P1","26","30","6","1","1","-9999","-9999","-9999","-9999"
"2387","482.17375500000003","482.173833415","482.174238716","8278819.5","-9999","350693.8","72.22","-1","-0.840570656","0.439836863","0.925012494","0.633907115","0","0.866666667","2.266666667","13C1 N2 S1 O13","de-protonated","1","2374","C14 H34 O13 N2 S1 13C1","14","34","13","2","-9999","1","1","-9999","-9999"
"2387","482.17375500000003","482.173833415","482.173725652","8278819.5","-9999","350693.8","72.22","-1","0.223493584","0.495488849","0.924985705","0.667287591","18","0.071428571","0.928571429","13C1 N4 S1 O2","de-protonated","1","2374","C27 H26 O2 N4 S1 13C1","27","26","2","4","-9999","1","1","-9999","-9999"
"2387","482.17375500000003","482.173833415","482.173858594","8278819.5","-9999","350693.8","72.22","-1","-0.052219745","0.499752665","0.944178771","0.677523107","5","0.588235294","1.823529412","13C1 N4 P1 O10","de-protonated","1","2374","C16 H31 O10 N4 P1 13C1","16","31","10","4","1","-9999","1","-9999","-9999"
"2388","482.181856","482.181934412","482.181904098","2049319.9","-9999","420577.7","16.69","-1","0.062868125","0.999283099","0.99744724","0.998548755","13","0.222222222","1.148148148","13C1 P1 O6","de-protonated","1","2376","C26 H31 O6 P1 13C1","26","31","6","-9999","1","-9999","1","-9999","-9999"
"2388","482.181856","482.181934412","482.182040443","2049319.9","-9999","420577.7","16.69","-1","-0.219899828","0.49563213","0.780512821","0.609584406","13","0.307692308","1.115384615","N1 O8","de-protonated","0","-9999","C26 H29 O8 N1","26","29","8","1","-9999","-9999","-9999","-9999","-9999"
"2388","482.181856","482.181934412","482.182100802","2049319.9","-9999","420577.7","16.69","-1","-0.345078379","0.97862501","0.926737065","0.957869832","5","0.705882353","1.764705882","13C1 N4 O12","de-protonated","1","2376","C16 H30 O12 N4 13C1","16","30","12","4","-9999","-9999","1","-9999","-9999"
"2389","482.196108","482.196186406","482.195796983","1325359.6","-9999","423843.6","10.24","-1","0.8076041","0.888389277","0","0.533033566","7","0.125","1.583333333","N1 S2 P1 O3","de-protonated","0","-9999","C24 H38 O3 N1 P1 S2","24","38","3","1","1","2","-9999","-9999","-9999"
"2389","482.196108","482.196186406","482.196645136","1325359.6","-9999","423843.6","10.24","-1","-0.951333594","0.848557422","0","0.509134453","8","0.318181818","1.5","N3 S1 O7","de-protonated","0","-9999","C22 H33 O7 N3 S1","22","33","7","3","-9999","1","-9999","-9999","-9999"
"2391","483.000307","483.000385095","483.000254001","989665.8","-9999","373163.5","7.24","-1","0.271417104","0.986722115","0","0.592033269","21","0.230769231","0.461538462","S2 O6","de-protonated","0","-9999","C26 H12 O6 S2","26","12","6","-9999","-9999","2","-9999","-9999","-9999"
"2391","483.000307","483.000385095","483.000386942","989665.8","-9999","373163.5","7.24","-1","-0.003824427","0.999997346","0","0.599998408","8","0.933333333","1.133333333","S1 P1 O14","de-protonated","0","-9999","C15 H17 O14 P1 S1","15","17","14","-9999","1","1","-9999","-9999","-9999"
"2392","483.027584","483.027662085","483.027527922","987120.6","-9999","523194","7.22","-1","0.277754346","0.986099212","0","0.591659527","21","0.307692308","0.5","P1 O8","de-protonated","0","-9999","C26 H13 O8 P1","26","13","8","-9999","1","-9999","-9999","-9999","-9999"
"2392","483.027584","483.027662085","483.027256595","987120.6","-9999","523194","7.22","-1","0.839474687","0.879967671","0","0.527980602","7","0.8125","1.25","S2 O13","de-protonated","0","-9999","C16 H20 O13 S2","16","20","13","-9999","-9999","2","-9999","-9999","-9999"
"2392","483.027584","483.027662085","483.027724626","987120.6","-9999","523194","7.22","-1","-0.129478064","0.996962713","0","0.598177628","13","0.875","0.75","N4 O14","de-protonated","0","-9999","C16 H12 O14 N4","16","12","14","4","-9999","-9999","-9999","-9999","-9999"
"2393","483.036494","483.036572081","483.03663951","1162229.5","-9999","383791","8.78","-1","-0.13959357","0.996470468","0","0.597882281","20","0.185185185","0.592592593","S2 O5","de-protonated","0","-9999","C27 H16 O5 S2","27","16","5","-9999","-9999","2","-9999","-9999","-9999"
"2393","483.036494","483.036572081","483.036772452","1162229.5","-9999","383791","8.78","-1","-0.414814256","0.969260342","0","0.581556205","7","0.8125","1.3125","S1 P1 O13","de-protonated","0","-9999","C16 H21 O13 P1 S1","16","21","13","-9999","1","1","-9999","-9999","-9999"
"2393","483.036494","483.036572081","483.036259387","1162229.5","-9999","383791","8.78","-1","0.64735039","0.926780668","0","0.556068401","25","0.068965517","0.448275862","N2 S1 P1 O2","de-protonated","0","-9999","C29 H13 O2 N2 P1 S1","29","13","2","2","1","1","-9999","-9999","-9999"
"2394","483.043837","483.043915078","483.043850147","1097209.4","-9999","465793.3","8.2","-1","0.134420637","0.996726789","0","0.598036073","16","0.285714286","0.761904762","N4 S2 O6","de-protonated","0","-9999","C21 H16 O6 N4 S2","21","16","6","4","-9999","2","-9999","-9999","-9999"
"2395","483.04867","483.048748076","483.048524348","4928764","-9999","397598.5","42.35","-1","0.463159501","0.480912009","0.73113591","0.58100157","29","0.058823529","0.352941176","S1 O2","de-protonated","0","-9999","C34 H12 O2 S1","34","12","2","-9999","-9999","1","-9999","-9999","-9999"
"2395","483.04867","483.048748076","483.04865729","4928764","-9999","397598.5","42.35","-1","0.187945422","0.496805549","0.800793265","0.618400635","16","0.434782609","0.739130435","P1 O10","de-protonated","0","-9999","C23 H17 O10 P1","23","17","10","-9999","1","-9999","-9999","-9999","-9999"
"2396","483.055123","483.055201074","483.055399896","1273855.5","-9999","416864.3","9.77","-1","-0.411593269","0.969728597","0","0.581837158","6","0.588235294","1.470588235","S2 P1 O10","de-protonated","0","-9999","C17 H25 O10 P1 S2","17","25","10","-9999","1","2","-9999","-9999","-9999"
"2397","483.063958","483.064036071","483.063913431","2128644.3","-9999","388757.9","17.39","-1","0.253878587","0.494186484","0.773979033","0.606103504","20","0.259259259","0.62962963","P1 O7","de-protonated","0","-9999","C27 H17 O7 P1","27","17","7","-9999","1","-9999","-9999","-9999","-9999"
"2397","483.063958","483.064036071","483.063642105","2128644.3","-9999","388757.9","17.39","-1","0.815556604","0.886310949","0","0.531786569","6","0.705882353","1.411764706","S2 O12","de-protonated","0","-9999","C17 H24 O12 S2","17","24","12","-9999","-9999","2","-9999","-9999","-9999"
"2397","483.063958","483.064036071","483.064110135","2128644.3","-9999","388757.9","17.39","-1","-0.153323141","0.995743591","0","0.597446155","12","0.764705882","0.941176471","N4 O13","de-protonated","0","-9999","C17 H16 O13 N4","17","16","13","4","-9999","-9999","-9999","-9999","-9999"
"2398","483.072925","483.073003067","483.073025019","1861897.1","-9999","383952.9","15.01","-1","-0.045442908","0.499812684","0.767553728","0.606909102","19","0.142857143","0.714285714","S2 O4","de-protonated","0","-9999","C28 H20 O4 S2","28","20","4","-9999","-9999","2","-9999","-9999","-9999"
"2398","483.072925","483.073003067","483.073157961","1861897.1","-9999","383952.9","15.01","-1","-0.320642889","0.981517852","0","0.588910711","6","0.705882353","1.470588235","S1 P1 O12","de-protonated","0","-9999","C17 H25 O12 P1 S1","17","25","12","-9999","1","1","-9999","-9999","-9999"
"2398","483.072925","483.073003067","483.072644897","1861897.1","-9999","383952.9","15.01","-1","0.741441853","0.452532335","0.755017935","0.573526575","24","0.033333333","0.566666667","N2 S1 P1 O1","de-protonated","0","-9999","C30 H17 O1 N2 P1 S1","30","17","1","2","1","1","-9999","-9999","-9999"
"2399","483.077081","483.077159066","483.077515802","1111819.4","-9999","684862.6","8.33","-1","-0.73846637","0.905788105","0","0.543472863","29","0.090909091","0.363636364","N2 O3","de-protonated","0","-9999","C33 H12 O3 N2","33","12","3","2","-9999","-9999","-9999","-9999","-9999"
"2399","483.077081","483.077159066","483.076864353","1111819.4","-9999","684862.6","8.33","-1","0.610073059","0.93469666","0","0.560817996","20","0.2","0.64","N4 S1 O5","de-protonated","0","-9999","C25 H16 O5 N4 S1","25","16","5","4","-9999","1","-9999","-9999","-9999"
"2399","483.077081","483.077159066","483.076997295","1111819.4","-9999","684862.6","8.33","-1","0.334875085","0.979857726","0","0.587914635","7","0.928571429","1.5","N4 P1 O13","de-protonated","0","-9999","C14 H21 O13 N4 P1","14","21","13","4","1","-9999","-9999","-9999","-9999"
"2400","483.077885","483.077963065","483.078028866","1145099.9","-9999","416077.6","8.63","-1","-0.136212075","0.996639111","0","0.597983466","11","0.7","1","O14","de-protonated","0","-9999","C20 H20 O14","20","20","14","-9999","-9999","-9999","-9999","-9999","-9999"
"2400","483.077885","483.077963065","483.077515802","1145099.9","-9999","416077.6","8.63","-1","0.925862154","0.85595149","0","0.513570894","29","0.090909091","0.363636364","N2 O3","de-protonated","0","-9999","C33 H12 O3 N2","33","12","3","2","-9999","-9999","-9999","-9999","-9999"
"2400","483.077885","483.077963065","483.077866675","1145099.9","-9999","416077.6","8.63","-1","0.199533608","0.992801895","0","0.595681137","6","0.533333333","1.666666667","N4 S2 P1 O8","de-protonated","0","-9999","C15 H25 O8 N4 P1 S2","15","25","8","4","1","2","-9999","-9999","-9999"
"2401","483.080014","483.080092064","483.080235657","1790221","-9999","343132.9","14.38","-1","-0.297243114","0.984096202","0","0.590457721","15","0.227272727","0.909090909","N4 S2 O5","de-protonated","0","-9999","C22 H20 O5 N4 S2","22","20","5","4","-9999","2","-9999","-9999","-9999"
"2402","483.084991","483.085069062","483.084909857","10437904","-9999","366248.9","91.46","-1","0.329559295","0.651539011","0.882126623","0.743774056","28","0.028571429","0.457142857","S1 O1","de-protonated","0","-9999","C35 H16 O1 S1","35","16","1","-9999","-9999","1","-9999","-9999","-9999"
"2402","483.084991","483.085069062","483.085042799","10437904","-9999","366248.9","91.46","-1","0.054365981","0.998724375","0.985509149","0.993438284","15","0.375","0.875","P1 O9","de-protonated","0","-9999","C24 H21 O9 P1","24","21","9","-9999","1","-9999","-9999","-9999","-9999"
"2403","483.091632","483.09171006","483.091785406","1463059.3","-9999","414209.9","11.46","-1","-0.155965837","0.995595925","0","0.597357555","5","0.5","1.611111111","S2 P1 O9","de-protonated","0","-9999","C18 H29 O9 P1 S2","18","29","9","-9999","1","2","-9999","-9999","-9999"
"2403","483.091632","483.09171006","483.092120495","1463059.3","-9999","414209.9","11.46","-1","-0.849599315","0.877241364","0","0.526344819","24","0.068965517","0.551724138","N4 S1 O2","de-protonated","0","-9999","C29 H16 O2 N4 S1","29","16","2","4","-9999","1","-9999","-9999","-9999"
"2404","483.100225","483.100303057","483.10029894","2354456","-9999","389999.6","19.41","-1","0.008520411","0.499993414","0.767553728","0.607017539","19","0.214285714","0.75","P1 O6","de-protonated","0","-9999","C28 H21 O6 P1","28","21","6","-9999","1","-9999","-9999","-9999","-9999"
"2404","483.100225","483.100303057","483.100027614","2354456","-9999","389999.6","19.41","-1","0.570155987","0.942720958","0","0.565632575","5","0.611111111","1.555555556","S2 O11","de-protonated","0","-9999","C18 H28 O11 S2","18","28","11","-9999","-9999","2","-9999","-9999","-9999"
"2404","483.100225","483.100303057","483.100495645","2354456","-9999","389999.6","19.41","-1","-0.398650547","0.971575561","0","0.582945337","11","0.666666667","1.111111111","N4 O12","de-protonated","0","-9999","C18 H20 O12 N4","18","20","12","4","-9999","-9999","-9999","-9999","-9999"
"2405","483.109084","483.109162053","483.109410529","1453084.8","-9999","337793.6","11.37","-1","-0.514325671","0.953134947","0","0.571880968","18","0.103448276","0.827586207","S2 O3","de-protonated","0","-9999","C29 H24 O3 S2","29","24","3","-9999","-9999","2","-9999","-9999","-9999"
"2405","483.109084","483.109162053","483.10954347","1453084.8","-9999","337793.6","11.37","-1","-0.789504796","0.893061171","0","0.535836702","5","0.611111111","1.611111111","S1 P1 O11","de-protonated","0","-9999","C18 H29 O11 P1 S1","18","29","11","-9999","1","1","-9999","-9999","-9999"
"2406","483.113521","483.113599051","483.113901311","2054943.1","-9999","320380.9","16.74","-1","-0.62564943","0.900329542","0.877423329","0.891167057","28","0.058823529","0.470588235","N2 O2","de-protonated","0","-9999","C34 H16 O2 N2","34","16","2","2","-9999","-9999","-9999","-9999","-9999"
"2406","483.113521","483.113599051","483.113249863","2054943.1","-9999","320380.9","16.74","-1","0.722788587","0.93540059","0.828046419","0.892458921","19","0.153846154","0.769230769","N4 S1 O4","de-protonated","0","-9999","C26 H20 O4 N4 S1","26","20","4","4","-9999","1","-9999","-9999","-9999"
"2406","483.113521","483.113599051","483.113382804","2054943.1","-9999","320380.9","16.74","-1","0.447611308","0.964298571","0","0.578579142","6","0.8","1.666666667","N4 P1 O12","de-protonated","0","-9999","C15 H25 O12 N4 P1","15","25","12","4","1","-9999","-9999","-9999","-9999"
"2407","483.116597","483.11667505","483.116621166","2107680.8","-9999","407257.4","17.21","-1","0.111534631","0.498872664","0.800793265","0.619640905","14","0.173913043","1.043478261","N4 S2 O4","de-protonated","0","-9999","C23 H24 O4 N4 S2","23","24","4","4","-9999","2","-9999","-9999","-9999"
"2408","483.121393","483.121471048","483.121428308","10913059","-9999","366172.1","95.69","-1","0.08846631","0.999268597","0.982870983","0.992709551","14","0.32","1","P1 O8","de-protonated","0","-9999","C25 H25 O8 P1","25","25","8","-9999","1","-9999","-9999","-9999","-9999"
"2408","483.121393","483.121471048","483.121156982","10913059","-9999","366172.1","95.69","-1","0.650077368","0.62258896","0.928511829","0.744958108","0","0.866666667","2.133333333","S2 O13","de-protonated","0","-9999","C15 H32 O13 S2","15","32","13","-9999","-9999","2","-9999","-9999","-9999"
"2408","483.121393","483.121471048","483.121625013","10913059","-9999","366172.1","95.69","-1","-0.318686873","0.977205899","0.943876372","0.963874088","6","0.933333333","1.6","N4 O14","de-protonated","0","-9999","C15 H24 O14 N4","15","24","14","4","-9999","-9999","-9999","-9999","-9999"
"2409","483.130166","483.130244045","483.130539897","1183528.1","-9999","333993.3","8.97","-1","-0.612364066","0.934221799","0","0.560533079","13","0.192307692","1.076923077","S2 O5","de-protonated","0","-9999","C26 H28 O5 S2","26","28","5","-9999","-9999","2","-9999","-9999","-9999"
"2409","483.130166","483.130244045","483.130672838","1183528.1","-9999","333993.3","8.97","-1","-0.887531129","0.866815422","0","0.520089253","0","0.866666667","2.2","S1 P1 O13","de-protonated","0","-9999","C15 H33 O13 P1 S1","15","33","13","-9999","1","1","-9999","-9999","-9999"
"2409","483.130166","483.130244045","483.130159774","1183528.1","-9999","333993.3","8.97","-1","0.174426574","0.994494701","0","0.596696821","18","0.071428571","0.892857143","N2 S1 P1 O2","de-protonated","0","-9999","C28 H25 O2 N2 P1 S1","28","25","2","2","1","1","-9999","-9999","-9999"
"2410","483.136744","483.136822042","483.13668445","2004267.8","-9999","406686","16.28","-1","0.284790516","0.492695624","0.761234226","0.600111065","18","0.172413793","0.862068966","P1 O5","de-protonated","0","-9999","C29 H25 O5 P1","29","25","5","-9999","1","-9999","-9999","-9999","-9999"
"2410","483.136744","483.136822042","483.136413124","2004267.8","-9999","406686","16.28","-1","0.846383949","0.878109804","0","0.526865882","4","0.526315789","1.684210526","S2 O10","de-protonated","0","-9999","C19 H32 O10 S2","19","32","10","-9999","-9999","2","-9999","-9999","-9999"
"2410","483.136744","483.136822042","483.136881154","2004267.8","-9999","406686","16.28","-1","-0.122349891","0.99728749","0","0.598372494","10","0.578947368","1.263157895","N4 O11","de-protonated","0","-9999","C19 H24 O11 N4","19","24","11","4","-9999","-9999","-9999","-9999","-9999"
"2411","483.149863","483.149941037","483.150286821","2798898.8","-9999","317533.8","23.37","-1","-0.715684841","0.898467762","0.979580319","0.930912785","27","0.028571429","0.571428571","N2 O1","de-protonated","0","-9999","C35 H20 O1 N2","35","20","1","2","-9999","-9999","-9999","-9999","-9999"
"2411","483.149863","483.149941037","483.149635372","2798898.8","-9999","317533.8","23.37","-1","0.632651505","0.940347363","0.931000905","0.936608779","18","0.111111111","0.888888889","N4 S1 O3","de-protonated","0","-9999","C27 H24 O3 N4 S1","27","24","3","4","-9999","1","-9999","-9999","-9999"
"2411","483.149863","483.149941037","483.149768314","2798898.8","-9999","317533.8","23.37","-1","0.357494974","0.982764081","0.852502557","0.930659472","5","0.6875","1.8125","N4 P1 O11","de-protonated","0","-9999","C16 H29 O11 N4 P1","16","29","11","4","1","-9999","-9999","-9999","-9999"
"2412","483.152928","483.153006036","483.153006675","1386804.4","-9999","421216.8","10.78","-1","-0.001322896","0.999999682","0","0.599999809","13","0.125","1.166666667","N4 S2 O3","de-protonated","0","-9999","C24 H28 O3 N4 S2","24","28","3","4","-9999","2","-9999","-9999","-9999"
"2413","483.155446","483.155524035","483.155311894","1847605.8","-9999","542424.6","14.89","-1","0.439073938","0.482812001","0.755017935","0.591694375","17","0.066666667","0.966666667","S1 P1 O2","de-protonated","0","-9999","C30 H29 O2 P1 S1","30","29","2","-9999","1","1","-9999","-9999","-9999"
"2413","483.155446","483.155524035","483.155508599","1847605.8","-9999","542424.6","14.89","-1","0.031949166","0.999814804","0","0.599888882","9","0.4","1.4","N4 S1 O8","de-protonated","0","-9999","C20 H28 O8 N4 S1","20","28","8","4","-9999","1","-9999","-9999","-9999"
"2414","483.157786","483.157864034","483.157813818","8432951","-9999","358225.6","73.59","-1","0.103934055","0.998238031","0.995124028","0.99699243","13","0.269230769","1.115384615","P1 O7","de-protonated","0","-9999","C26 H29 O7 P1","26","29","7","-9999","1","-9999","-9999","-9999","-9999"
"2414","483.157786","483.157864034","483.158010522","8432951","-9999","358225.6","73.59","-1","-0.303188472","0.982900435","0.932911412","0.962904826","5","0.8125","1.75","N4 O13","de-protonated","0","-9999","C16 H28 O13 N4","16","28","13","4","-9999","-9999","-9999","-9999","-9999"
"2415","483.160292","483.160370033","483.160182799","1001272.4","-9999","431981","7.34","-1","0.38751923","0.973119529","0","0.583871717","22","0.121212121","0.727272727","O4","de-protonated","0","-9999","C33 H24 O4","33","24","4","-9999","-9999","-9999","-9999","-9999","-9999"
"2416","483.162691","483.16276903200003","483.16317398","1756985.8","-9999","375861.3","14.08","-1","-0.838118232","0.440165543","0.742885034","0.561253339","22","0.03125","0.78125","N2 P1 O1","de-protonated","0","-9999","C32 H25 O1 N2 P1","32","25","1","2","1","-9999","-9999","-9999","-9999"
"2416","483.162691","483.16276903200003","483.162902654","1756985.8","-9999","375861.3","14.08","-1","-0.276556219","0.986218051","0","0.59173083","8","0.272727273","1.454545455","N2 S2 O6","de-protonated","0","-9999","C22 H32 O6 N2 S2","22","32","6","2","-9999","2","-9999","-9999","-9999"
"2416","483.162691","483.16276903200003","483.162522532","1756985.8","-9999","375861.3","14.08","-1","0.510181985","0.953869422","0","0.572321653","13","0.125","1.208333333","N4 S1 P1 O3","de-protonated","0","-9999","C24 H29 O3 N4 P1 S1","24","29","3","4","1","1","-9999","-9999","-9999"
"2417","483.167473","483.167551031","483.167393437","10554684","-9999","365463.6","92.5","-1","0.326168111","0.983398718","0.964206664","0.975721897","18","0.185185185","0.888888889","N4 O5","de-protonated","0","-9999","C27 H24 O5 N4","27","24","5","4","-9999","-9999","-9999","-9999","-9999"
"2418","483.172825","483.172903028","483.173069959","1242431.1","-9999","338115.8","9.49","-1","-0.345488115","0.978574767","0","0.58714486","17","0.133333333","0.966666667","P1 O4","de-protonated","0","-9999","C30 H29 O4 P1","30","29","4","-9999","1","-9999","-9999","-9999","-9999"
"2418","483.172825","483.172903028","483.172798633","1242431.1","-9999","338115.8","9.49","-1","0.216062674","0.991565191","0","0.594939115","3","0.45","1.8","S2 O9","de-protonated","0","-9999","C20 H36 O9 S2","20","36","9","-9999","-9999","2","-9999","-9999","-9999"
"2418","483.172825","483.172903028","483.173266664","1242431.1","-9999","338115.8","9.49","-1","-0.752597604","0.902331682","0","0.541399009","9","0.5","1.4","N4 O10","de-protonated","0","-9999","C20 H28 O10 N4","20","28","10","4","-9999","-9999","-9999","-9999","-9999"
"2419","483.186122","483.186200023","483.186020881","2128198.5","-9999","397361.6","17.39","-1","0.370751571","0.487683561","0.767553728","0.599631628","17","0.071428571","1","N4 S1 O2","de-protonated","0","-9999","C28 H28 O2 N4 S1","28","28","2","4","-9999","1","-9999","-9999","-9999"
"2419","483.186122","483.186200023","483.186153823","2128198.5","-9999","397361.6","17.39","-1","0.095615833","0.998342501","0","0.599005501","4","0.588235294","1.941176471","N4 P1 O10","de-protonated","0","-9999","C17 H33 O10 N4 P1","17","33","10","4","1","-9999","-9999","-9999","-9999"
"2420","483.194068","483.19414602","483.194199327","3485002.8","-9999","366110","29.48","-1","-0.110321741","0.498897023","0.773979033","0.608929827","12","0.222222222","1.222222222","P1 O6","de-protonated","0","-9999","C27 H33 O6 P1","27","33","6","-9999","1","-9999","-9999","-9999","-9999"
"2420","483.194068","483.19414602","483.194396032","3485002.8","-9999","366110","29.48","-1","-0.517413524","0.476292064","0.844689208","0.623650921","4","0.705882353","1.882352941","N4 O12","de-protonated","0","-9999","C17 H32 O12 N4","17","32","12","4","-9999","-9999","-9999","-9999","-9999"
"2421","483.207108","483.207186015","483.207150249","2084689.8","-9999","453919.7","17","-1","0.074017538","0.499503205","0.787157861","0.614565067","12","0.16","1.28","N4 S1 O4","de-protonated","0","-9999","C25 H32 O4 N4 S1","25","32","4","4","-9999","1","-9999","-9999","-9999"
"2422","483.230581","483.230659006","483.230584836","1172830.5","-9999","443461.6","8.87","-1","0.1534872","0.995734497","0","0.597440698","11","0.178571429","1.321428571","P1 O5","de-protonated","0","-9999","C28 H37 O5 P1","28","37","5","-9999","1","-9999","-9999","-9999","-9999"
"2422","483.230581","483.230659006","483.230781541","1172830.5","-9999","443461.6","8.87","-1","-0.253574038","0.988400684","0","0.59304041","3","0.611111111","2","N4 O11","de-protonated","0","-9999","C18 H36 O11 N4","18","36","11","4","-9999","-9999","-9999","-9999","-9999"
"2423","483.300793","483.300870979","483.301050636","1193348.6","-9999","439366.1","9.05","-1","-0.371729326","0.975238651","0","0.58514319","5","0.166666667","1.833333333","N4 S1 O4","de-protonated","0","-9999","C24 H44 O4 N4 S1","24","44","4","4","-9999","1","-9999","-9999","-9999"
"2424","484.088371","484.088448675","484.088264692","2473776.3","-9999","375889","20.46","-1","0.380059119","0.64942076","0.882126623","0.742503105","28","0.028571429","0.457142857","13C1 S1 O1","de-protonated","1","2402","C34 H16 O1 S1 13C1","34","16","1","-9999","-9999","1","1","-9999","-9999"
"2424","484.088371","484.088448675","484.088397634","2473776.3","-9999","375889","20.46","-1","0.105436175","0.997984907","0.985509149","0.992994603","15","0.375","0.875","13C1 P1 O9","de-protonated","1","2402","C23 H21 O9 P1 13C1","23","21","9","-9999","1","-9999","1","-9999","-9999"
"2424","484.088371","484.088448675","484.08853398","2473776.3","-9999","375889","20.46","-1","-0.17621816","0.497190673","0.800793265","0.61863171","15","0.47826087","0.826086957","N1 O11","de-protonated","0","-9999","C23 H19 O11 N1","23","19","11","1","-9999","-9999","-9999","-9999","-9999"
"2425","484.116753","484.116830664","484.116677281","1321791.6","-9999","410389.9","10.2","-1","0.3168306","0.98195076","0","0.589170456","14","0.333333333","1","N1 P1 O8","de-protonated","0","-9999","C24 H24 O8 N1 P1","24","24","8","1","1","-9999","-9999","-9999","-9999"
"2425","484.116753","484.116830664","484.116405954","1321791.6","-9999","410389.9","10.2","-1","0.877287223","0.869663544","0","0.521798126","0","0.928571429","2.214285714","N1 S2 O13","de-protonated","0","-9999","C14 H31 O13 N1 S2","14","31","13","1","-9999","2","-9999","-9999","-9999"
"2425","484.116753","484.116830664","484.117256146","1321791.6","-9999","410389.9","10.2","-1","-0.87888386","0.869221192","0.877423329","0.872502047","28","0.058823529","0.470588235","13C1 N2 O2","de-protonated","1","2406","C33 H16 O2 N2 13C1","33","16","2","2","-9999","-9999","1","-9999","-9999"
"2425","484.116753","484.116830664","484.116604698","1321791.6","-9999","410389.9","10.2","-1","0.466759113","0.961240012","0.828046419","0.907962574","19","0.153846154","0.769230769","13C1 N4 S1 O4","de-protonated","1","2406","C25 H20 O4 N4 S1 13C1","25","20","4","4","-9999","1","1","-9999","-9999"
"2426","484.124713","484.124790661","484.124783143","2655556","-9999","392179.6","22.08","-1","0.01552705","0.999956256","0.982870983","0.993122147","14","0.32","1","13C1 P1 O8","de-protonated","1","2408","C24 H25 O8 P1 13C1","24","25","8","-9999","1","-9999","1","-9999","-9999"
"2426","484.124713","484.124790661","484.124511817","2655556","-9999","392179.6","22.08","-1","0.57597412","0.627720662","0.928511829","0.748037129","0","0.866666667","2.133333333","13C1 S2 O13","de-protonated","1","2408","C14 H32 O13 S2 13C1","14","32","13","-9999","-9999","2","1","-9999","-9999"
"2426","484.124713","484.124790661","484.124919489","2655556","-9999","392179.6","22.08","-1","-0.266106091","0.49361668399999997","0.793917021","0.613736819","14","0.416666667","0.958333333","N1 O10","de-protonated","0","-9999","C24 H23 O10 N1","24","23","10","1","-9999","-9999","-9999","-9999","-9999"
"2426","484.124713","484.124790661","484.124979848","2655556","-9999","392179.6","22.08","-1","-0.390782273","0.972671206","0.943876372","0.961153273","6","0.933333333","1.6","13C1 N4 O14","de-protonated","1","2408","C14 H24 O14 N4 13C1","14","24","14","4","-9999","-9999","1","-9999","-9999"
"2427","484.153168","484.15324565","484.15306279","1171283.4","-9999","397194.4","8.85","-1","0.377689544","0.974448563","0","0.584669138","13","0.28","1.12","N1 P1 O7","de-protonated","0","-9999","C25 H28 O7 N1 P1","25","28","7","1","1","-9999","-9999","-9999","-9999"
"2427","484.153168","484.15324565","484.153641656","1171283.4","-9999","397194.4","8.85","-1","-0.817935127","0.885686336","0.979580319","0.923243929","27","0.028571429","0.571428571","13C1 N2 O1","de-protonated","1","2411","C34 H20 O1 N2 13C1","34","20","1","2","-9999","-9999","1","-9999","-9999"
"2427","484.153168","484.15324565","484.152990207","1171283.4","-9999","397194.4","8.85","-1","0.527606799","0.950744728","0.931000905","0.942847199","18","0.111111111","0.888888889","13C1 N4 S1 O3","de-protonated","1","2411","C26 H24 O3 N4 S1 13C1","26","24","3","4","-9999","1","1","-9999","-9999"
"2427","484.153168","484.15324565","484.153123149","1171283.4","-9999","397194.4","8.85","-1","0.253020529","0.988450974","0.852502557","0.934071607","5","0.6875","1.8125","13C1 N4 P1 O11","de-protonated","1","2411","C15 H29 O11 N4 P1 13C1","15","29","11","4","1","-9999","1","-9999","-9999"
"2428","484.161136","484.161213646","484.161168653","2304343.8","-9999","386370.9","18.95","-1","0.092931036","0.998434204","0.995124028","0.997110134","13","0.269230769","1.115384615","13C1 P1 O7","de-protonated","1","2414","C25 H29 O7 P1 13C1","25","29","7","-9999","1","-9999","1","-9999","-9999"
"2428","484.161136","484.161213646","484.161304998","2304343.8","-9999","386370.9","18.95","-1","-0.188680962","0.496780577","0.787157861","0.612931491","13","0.36","1.08","N1 O9","de-protonated","0","-9999","C25 H27 O9 N1","25","27","9","1","-9999","-9999","-9999","-9999","-9999"
"2428","484.161136","484.161213646","484.161365357","2304343.8","-9999","386370.9","18.95","-1","-0.313347784","0.982341892","0.932911412","0.9625697","5","0.8125","1.75","13C1 N4 O13","de-protonated","1","2414","C15 H28 O13 N4 13C1","15","28","13","4","-9999","-9999","1","-9999","-9999"
"2429","484.170806","484.170883643","484.170687913","2479453","-9999","334821.7","20.51","-1","0.404257684","0.48539111","0.719752637","0.579135721","26","0.027777778","0.638888889","N1 O1","de-protonated","0","-9999","C36 H23 O1 N1","36","23","1","1","-9999","-9999","-9999","-9999","-9999"
"2429","484.170806","484.170883643","484.171038786","2479453","-9999","334821.7","20.51","-1","-0.320430564","0.981542093","0","0.588925256","3","0.333333333","2","N3 S2 P1 O6","de-protonated","0","-9999","C18 H36 O6 N3 P1 S2","18","36","6","3","1","2","-9999","-9999","-9999"
"2429","484.170806","484.170883643","484.170748272","2479453","-9999","334821.7","20.51","-1","0.279593204","0.985915851","0.964206664","0.977232176","18","0.185185185","0.888888889","13C1 N4 O5","de-protonated","1","2417","C26 H24 O5 N4 13C1","26","24","5","4","-9999","-9999","1","-9999","-9999"
"2430","484.201407","484.201484631","484.201061811","1445229.6","-9999","419496.9","11.3","-1","0.873231751","0.870784511","0","0.522470707","7","0.347826087","1.52173913","N1 S1 O8","de-protonated","0","-9999","C23 H35 O8 N1 S1","23","35","8","1","-9999","1","-9999","-9999","-9999"
"2431","484.211875","484.211952627","484.2122952","3921779.3","-9999","393530","33.37","-1","-0.707486363","0.456590225","0.807789663","0.59707","7","0.318181818","1.590909091","N3 S1 O7","de-protonated","0","-9999","C22 H35 O7 N3 S1","22","35","7","3","-9999","1","-9999","-9999","-9999"
"2432","484.248246","484.248323613","484.24868071","3619719.3","-9999","398628.5","30.68","-1","-0.737424841","0.453020391","0.800793265","0.592129541","6","0.260869565","1.695652174","N3 S1 O6","de-protonated","0","-9999","C23 H39 O6 N3 S1","23","39","6","3","-9999","1","-9999","-9999","-9999"
"2433","485.015894","485.015971316","485.015904065","1291818","-9999","395488.9","9.92","-1","0.138657043","0.996517586","0","0.597910552","20","0.230769231","0.538461538","S2 O6","de-protonated","0","-9999","C26 H14 O6 S2","26","14","6","-9999","-9999","2","-9999","-9999","-9999"
"2433","485.015894","485.015971316","485.016037007","1291818","-9999","395488.9","9.92","-1","-0.135440591","0.996677011","0","0.598006206","7","0.933333333","1.266666667","S1 P1 O14","de-protonated","0","-9999","C15 H19 O14 P1 S1","15","19","14","-9999","1","1","-9999","-9999","-9999"
"2433","485.015894","485.015971316","485.015523943","1291818","-9999","395488.9","9.92","-1","0.922389839","0.856948814","0","0.514169288","25","0.107142857","0.392857143","N2 S1 P1 O3","de-protonated","0","-9999","C28 H11 O3 N2 P1 S1","28","11","3","2","1","1","-9999","-9999","-9999"
"2434","485.034811","485.034888309","485.034664451","1363444.4","-9999","268331.7","10.56","-1","0.461528288","0.962087297","0","0.577252378","6","0.6875","1.4375","S2 P1 O11","de-protonated","0","-9999","C16 H23 O11 P1 S2","16","23","11","-9999","1","2","-9999","-9999","-9999"
"2434","485.034811","485.034888309","485.03499954","1363444.4","-9999","268331.7","10.56","-1","-0.229327166","0.990502827","0","0.594301696","25","0.148148148","0.37037037","N4 S1 O4","de-protonated","0","-9999","C27 H10 O4 N4 S1","27","10","4","4","-9999","1","-9999","-9999","-9999"
"2434","485.034811","485.034888309","485.035132482","1363444.4","-9999","268331.7","10.56","-1","-0.503413908","0.955057496","0","0.573034497","12","0.75","0.9375","N4 P1 O12","de-protonated","0","-9999","C16 H15 O12 N4 P1","16","15","12","4","1","-9999","-9999","-9999","-9999"
"2435","485.04332","485.043397305","485.043177986","2175289","-9999","389764","17.8","-1","0.452164444","0.481791008","0.780512821","0.601279733","20","0.307692308","0.576923077","P1 O8","de-protonated","0","-9999","C26 H15 O8 P1","26","15","8","-9999","1","-9999","-9999","-9999","-9999"
"2435","485.04332","485.043397305","485.043374691","2175289","-9999","389764","17.8","-1","0.046624261","0.999605641","0","0.599763384","12","0.875","0.875","N4 O14","de-protonated","0","-9999","C16 H14 O14 N4","16","14","14","4","-9999","-9999","-9999","-9999","-9999"
"2436","485.052299","485.052376302","485.052289574","2297150","-9999","328245.2","18.88","-1","0.178800202","0.497107983","0.773979033","0.607856403","19","0.185185185","0.666666667","S2 O5","de-protonated","0","-9999","C27 H18 O5 S2","27","18","5","-9999","-9999","2","-9999","-9999","-9999"
"2436","485.052299","485.052376302","485.052422516","2297150","-9999","328245.2","18.88","-1","-0.095276882","0.998354222","0","0.599012533","6","0.8125","1.4375","S1 P1 O13","de-protonated","0","-9999","C16 H23 O13 P1 S1","16","23","13","-9999","1","1","-9999","-9999","-9999"
"2436","485.052299","485.052376302","485.051909452","2297150","-9999","328245.2","18.88","-1","0.962474239","0.422640485","0.761234226","0.558077981","24","0.068965517","0.517241379","N2 S1 P1 O2","de-protonated","0","-9999","C29 H15 O2 N2 P1 S1","29","15","2","2","1","1","-9999","-9999","-9999"
"2436","485.052299","485.052376302","485.052757605","2297150","-9999","328245.2","18.88","-1","-0.786106658","0.446964602","0.773979033","0.577770374","25","0.222222222","0.37037037","N4 O6","de-protonated","0","-9999","C27 H10 O6 N4","27","10","6","4","-9999","-9999","-9999","-9999","-9999"
"2437","485.059736","485.059813299","485.06015166","1161281.9","-9999","390362","8.76","-1","-0.697565851","0.915492974","0","0.549295785","24","0.137931034","0.482758621","N2 S1 O4","de-protonated","0","-9999","C29 H14 O4 N2 S1","29","14","4","2","-9999","1","-9999","-9999","-9999"
"2437","485.059736","485.059813299","485.060284602","1161281.9","-9999","390362","8.76","-1","-0.971638253","0.842566879","0","0.505540128","11","0.666666667","1.055555556","N2 P1 O12","de-protonated","0","-9999","C18 H19 O12 N2 P1","18","19","12","2","1","-9999","-9999","-9999","-9999"
"2437","485.059736","485.059813299","485.059771538","1161281.9","-9999","390362","8.76","-1","0.086094797","0.998655949","0","0.59919357","29","0.032258065","0.35483871","N4 P1 O1","de-protonated","0","-9999","C31 H11 O1 N4 P1","31","11","1","4","1","-9999","-9999","-9999","-9999"
"2437","485.059736","485.059813299","485.059500212","1161281.9","-9999","390362","8.76","-1","0.645461603","0.927191388","0","0.556314833","15","0.285714286","0.857142857","N4 S2 O6","de-protonated","0","-9999","C21 H18 O6 N4 S2","21","18","6","4","-9999","2","-9999","-9999","-9999"
"2438","485.064304","485.064381297","485.064174412","5879108.5","-9999","350998.5","50.81","-1","0.426510238","0.960394414","0.933583549","0.949670068","28","0.058823529","0.411764706","S1 O2","de-protonated","0","-9999","C34 H14 O2 S1","34","14","2","-9999","-9999","1","-9999","-9999","-9999"
"2438","485.064304","485.064381297","485.064307354","5879108.5","-9999","350998.5","50.81","-1","0.152439801","0.99269202","0.996759096","0.994318851","15","0.434782609","0.826086957","P1 O10","de-protonated","0","-9999","C23 H19 O10 P1","23","19","10","-9999","1","-9999","-9999","-9999","-9999"
"2439","485.070952","485.071029295","485.07104996100003","2042184","-9999","398169.1","16.61","-1","-0.042604281","0.999670702","0","0.599802421","5","0.588235294","1.588235294","S2 P1 O10","de-protonated","0","-9999","C17 H27 O10 P1 S2","17","27","10","-9999","1","2","-9999","-9999","-9999"
"2439","485.070952","485.071029295","485.07138505","2042184","-9999","398169.1","16.61","-1","-0.733407565","0.45350635","0.767553728","0.579125301","24","0.107142857","0.5","N4 S1 O3","de-protonated","0","-9999","C28 H14 O3 N4 S1","28","14","3","4","-9999","1","-9999","-9999","-9999"
"2440","485.079632","485.079709291","485.079563495","3375436.8","-9999","390079","28.5","-1","0.300560778","0.49187106","0.773979033","0.604714249","19","0.259259259","0.703703704","P1 O7","de-protonated","0","-9999","C27 H19 O7 P1","27","19","7","-9999","1","-9999","-9999","-9999","-9999"
"2440","485.079632","485.079709291","485.079292169","3375436.8","-9999","390079","28.5","-1","0.859904881","0.437220802","0.844689208","0.600208164","5","0.705882353","1.529411765","S2 O12","de-protonated","0","-9999","C17 H26 O12 S2","17","26","12","-9999","-9999","2","-9999","-9999","-9999"
"2440","485.079632","485.079709291","485.0797602","3375436.8","-9999","390079","28.5","-1","-0.104948924","0.499001735","0.844689208","0.637276724","11","0.764705882","1.058823529","N4 O13","de-protonated","0","-9999","C17 H18 O13 N4","17","18","13","4","-9999","-9999","-9999","-9999","-9999"
"2441","485.088423","485.088500288","485.088675084","2541905.5","-9999","351757.1","21.07","-1","-0.360337968","0.488357722","0.767553728","0.600036125","18","0.142857143","0.785714286","S2 O4","de-protonated","0","-9999","C28 H22 O4 S2","28","22","4","-9999","-9999","2","-9999","-9999","-9999"
"2441","485.088423","485.088500288","485.088808026","2541905.5","-9999","351757.1","21.07","-1","-0.634394347","0.929577454","0","0.557746472","5","0.705882353","1.588235294","S1 P1 O12","de-protonated","0","-9999","C17 H27 O12 P1 S1","17","27","12","-9999","1","1","-9999","-9999","-9999"
"2441","485.088423","485.088500288","485.088294961","2541905.5","-9999","351757.1","21.07","-1","0.423276865","0.484006895","0.755017935","0.592411311","23","0.033333333","0.633333333","N2 S1 P1 O1","de-protonated","0","-9999","C30 H19 O1 N2 P1 S1","30","19","1","2","1","1","-9999","-9999","-9999"
"2442","485.092754","485.092831286","485.093165866","1425236","-9999","538615.6","11.11","-1","-0.689723573","0.458651004","0.736963647","0.569976062","28","0.090909091","0.424242424","N2 O3","de-protonated","0","-9999","C33 H14 O3 N2","33","14","3","2","-9999","-9999","-9999","-9999","-9999"
"2442","485.092754","485.092831286","485.092514418","1425236","-9999","538615.6","11.11","-1","0.653212488","0.925499475","0","0.555299685","19","0.2","0.72","N4 S1 O5","de-protonated","0","-9999","C25 H18 O5 N4 S1","25","18","5","4","-9999","1","-9999","-9999","-9999"
"2442","485.092754","485.092831286","485.09264736","1425236","-9999","538615.6","11.11","-1","0.379158001","0.974252074","0","0.584551244","6","0.928571429","1.642857143","N4 P1 O13","de-protonated","0","-9999","C14 H23 O13 N4 P1","14","23","13","4","1","-9999","-9999","-9999","-9999"
"2443","485.095973","485.096050285","485.095885721","1520981.8","-9999","351552.2","11.97","-1","0.339239991","0.979334716","0","0.58760083","14","0.227272727","1","N4 S2 O5","de-protonated","0","-9999","C22 H22 O5 N4 S2","22","22","5","4","-9999","2","-9999","-9999","-9999"
"2444","485.098603","485.098680284","485.099039093","1309527.3","-9999","496115.2","10.08","-1","-0.739661789","0.905497741","0","0.543298644","19","0.307692308","0.692307692","N2 O8","de-protonated","0","-9999","C26 H18 O8 N2","26","18","8","2","-9999","-9999","-9999","-9999","-9999"
"2444","485.098603","485.098680284","485.098387645","1309527.3","-9999","496115.2","10.08","-1","0.603257946","0.936100129","0","0.561660077","10","0.555555556","1.222222222","N4 S1 O10","de-protonated","0","-9999","C18 H22 O10 N4 S1","18","22","10","4","-9999","1","-9999","-9999","-9999"
"2445","485.100657","485.100734283","485.100559922","7762264.5","-9999","356830.8","67.6","-1","0.359433584","0.641683301","0.854195233","0.726688074","27","0.028571429","0.514285714","S1 O1","de-protonated","0","-9999","C35 H18 O1 S1","35","18","1","-9999","-9999","1","-9999","-9999","-9999"
"2445","485.100657","485.100734283","485.100692864","7762264.5","-9999","356830.8","67.6","-1","0.085383723","0.992872929","0.957577758","0.978754861","14","0.375","0.958333333","P1 O9","de-protonated","0","-9999","C24 H23 O9 P1","24","23","9","-9999","1","-9999","-9999","-9999","-9999"
"2446","485.10246","485.102537283","485.10241039700003","992857.3","-9999","407565.1","7.26","-1","0.261565317","0.987662668","0","0.592597601","14","0.347826087","0.956521739","N2 S1 O8","de-protonated","0","-9999","C23 H22 O8 N2 S1","23","22","8","2","-9999","1","-9999","-9999","-9999"
"2447","485.107394","485.107471281","485.10743547","1249628","-9999","368201.3","9.55","-1","0.073819645","0.999011713","0","0.599407028","4","0.5","1.722222222","S2 P1 O9","de-protonated","0","-9999","C18 H31 O9 P1 S2","18","31","9","-9999","1","2","-9999","-9999","-9999"
"2447","485.107394","485.107471281","485.107770559","1249628","-9999","368201.3","9.55","-1","-0.616931906","0.933270427","0","0.559962256","23","0.068965517","0.620689655","N4 S1 O2","de-protonated","0","-9999","C29 H18 O2 N4 S1","29","18","2","4","-9999","1","-9999","-9999","-9999"
"2447","485.107394","485.107471281","485.107903501","1249628","-9999","368201.3","9.55","-1","-0.890977426","0.865851931","0","0.519511158","10","0.555555556","1.277777778","N4 P1 O10","de-protonated","0","-9999","C18 H23 O10 N4 P1","18","23","10","4","1","-9999","-9999","-9999","-9999"
"2448","485.115965","485.116042277","485.115949005","2914656.8","-9999","354052.3","24.39","-1","0.192268457","0.496657402","0.767553728","0.605015932","18","0.214285714","0.821428571","P1 O6","de-protonated","0","-9999","C28 H23 O6 P1","28","23","6","-9999","1","-9999","-9999","-9999","-9999"
"2448","485.115965","485.116042277","485.115677679","2914656.8","-9999","354052.3","24.39","-1","0.751570547","0.451292327","0.837042051","0.605592216","4","0.611111111","1.666666667","S2 O11","de-protonated","0","-9999","C18 H30 O11 S2","18","30","11","-9999","-9999","2","-9999","-9999","-9999"
"2448","485.115965","485.116042277","485.116145709","2914656.8","-9999","354052.3","24.39","-1","-0.213210786","0.495892739","0.837042051","0.632352464","10","0.666666667","1.222222222","N4 O12","de-protonated","0","-9999","C18 H22 O12 N4","18","22","12","4","-9999","-9999","-9999","-9999","-9999"
"2449","485.124736","485.124813274","485.125060593","1188709.5","-9999","224212.8","9","-1","-0.509805153","0.95393595","0","0.57236157","17","0.103448276","0.896551724","S2 O3","de-protonated","0","-9999","C29 H26 O3 S2","29","26","3","-9999","-9999","2","-9999","-9999","-9999"
"2449","485.124736","485.124813274","485.125193535","1188709.5","-9999","224212.8","9","-1","-0.783840936","0.894506354","0","0.536703812","4","0.611111111","1.722222222","S1 P1 O11","de-protonated","0","-9999","C18 H31 O11 P1 S1","18","31","11","-9999","1","1","-9999","-9999","-9999"
"2450","485.12918","485.129257272","485.129551376","2931048","-9999","337356.2","24.53","-1","-0.606237288","0.886575338","0.981140113","0.924401248","27","0.058823529","0.529411765","N2 O2","de-protonated","0","-9999","C34 H18 O2 N2","34","18","2","2","-9999","-9999","-9999","-9999","-9999"
"2450","485.12918","485.129257272","485.128899927","2931048","-9999","337356.2","24.53","-1","0.736598163","0.942004413","0.969482977","0.952995839","18","0.153846154","0.846153846","N4 S1 O4","de-protonated","0","-9999","C26 H22 O4 N4 S1","26","22","4","4","-9999","1","-9999","-9999","-9999"
"2450","485.12918","485.129257272","485.129032869","2931048","-9999","337356.2","24.53","-1","0.462564207","0.961920199","0","0.577152119","5","0.8","1.8","N4 P1 O12","de-protonated","0","-9999","C15 H27 O12 N4 P1","15","27","12","4","1","-9999","-9999","-9999","-9999"
"2451","485.132186","485.132263271","485.13227123","1398121.5","-9999","429871","10.87","-1","-0.016406712","0.999951159","0","0.599970695","13","0.173913043","1.130434783","N4 S2 O4","de-protonated","0","-9999","C23 H26 O4 N4 S2","23","26","4","4","-9999","2","-9999","-9999","-9999"
"2452","485.137059","485.137136269","485.137078373","6764908","-9999","365573","58.71","-1","0.119340044","0.998494475","0.973391749","0.988453385","13","0.32","1.08","P1 O8","de-protonated","0","-9999","C25 H27 O8 P1","25","27","8","-9999","1","-9999","-9999","-9999","-9999"
"2452","485.137059","485.137136269","485.137275077","6764908","-9999","365573","58.71","-1","-0.28612151","0.981265386","0.953355606","0.970101474","5","0.933333333","1.733333333","N4 O14","de-protonated","0","-9999","C15 H26 O14 N4","15","26","14","4","-9999","-9999","-9999","-9999","-9999"
"2453","485.146985","485.147062265","485.147527372","1021809.6","-9999","361965.7","7.52","-1","-0.958690729","0.846396549","0","0.50783793","17","0.037037037","0.962962963","N4 S2 O1","de-protonated","0","-9999","C27 H26 O1 N4 S2","27","26","1","4","-9999","2","-9999","-9999","-9999"
"2453","485.146985","485.147062265","485.146657992","1021809.6","-9999","361965.7","7.52","-1","0.83330149","0.881618018","0","0.528970811","18","0.230769231","0.846153846","N4 O6","de-protonated","0","-9999","C26 H22 O6 N4","26","22","6","4","-9999","-9999","-9999","-9999","-9999"
"2454","485.152275","485.152352263","485.152334514","2726260.5","-9999","366808.7","22.71","-1","0.036584608","0.499878586","0.761234226","0.604420842","17","0.172413793","0.931034483","P1 O5","de-protonated","0","-9999","C29 H27 O5 P1","29","27","5","-9999","1","-9999","-9999","-9999","-9999"
"2454","485.152275","485.152352263","485.152063188","2726260.5","-9999","366808.7","22.71","-1","0.595844664","0.468805615","0.829532115","0.613096215","3","0.526315789","1.789473684","S2 O10","de-protonated","0","-9999","C19 H34 O10 S2","19","34","10","-9999","-9999","2","-9999","-9999","-9999"
"2454","485.152275","485.152352263","485.152531219","2726260.5","-9999","366808.7","22.71","-1","-0.368864162","0.487807105","0.829532115","0.624497109","9","0.578947368","1.368421053","N4 O11","de-protonated","0","-9999","C19 H26 O11 N4","19","26","11","4","-9999","-9999","-9999","-9999","-9999"
"2455","485.165445","485.165522258","485.165936885","2707835.8","-9999","392699.9","22.54","-1","-0.854608623","0.901972682","0.979056013","0.932806015","26","0.028571429","0.628571429","N2 O1","de-protonated","0","-9999","C35 H22 O1 N2","35","22","1","2","-9999","-9999","-9999","-9999","-9999"
"2455","485.165445","485.165522258","485.165285436","2707835.8","-9999","392699.9","22.54","-1","0.488125787","0.936479838","0.930476599","0.934078542","17","0.111111111","0.962962963","N4 S1 O3","de-protonated","0","-9999","C27 H26 O3 N4 S1","27","26","3","4","-9999","1","-9999","-9999","-9999"
"2455","485.165445","485.165522258","485.165418378","2707835.8","-9999","392699.9","22.54","-1","0.214112451","0.991716143","0","0.595029686","4","0.6875","1.9375","N4 P1 O11","de-protonated","0","-9999","C16 H31 O11 N4 P1","16","31","11","4","1","-9999","-9999","-9999","-9999"
"2456","485.168608","485.168685257","485.16865674","1220733.5","-9999","412309.9","9.29","-1","0.058777796","0.999373322","0","0.599623993","12","0.125","1.25","N4 S2 O3","de-protonated","0","-9999","C24 H30 O3 N4 S2","24","30","3","4","-9999","2","-9999","-9999","-9999"
"2457","485.173336","485.173413255","485.173463882","3584384","-9999","416762.1","30.36","-1","-0.104348439","0.987506809","0.998312688","0.991829161","12","0.269230769","1.192307692","P1 O7","de-protonated","0","-9999","C26 H31 O7 P1","26","31","7","-9999","1","-9999","-9999","-9999","-9999"
"2457","485.173336","485.173413255","485.173660587","3584384","-9999","416762.1","30.36","-1","-0.509779495","0.97677502","0.929722752","0.957954113","4","0.8125","1.875","N4 O13","de-protonated","0","-9999","C16 H30 O13 N4","16","30","13","4","-9999","-9999","-9999","-9999","-9999"
"2458","485.174528","485.174605255","485.174333262","1245056.8","-9999","423566.6","9.51","-1","0.560607923","0.944569587","0","0.566741752","11","0.074074074","1.296296296","S2 P1 O2","de-protonated","0","-9999","C27 H35 O2 P1 S2","27","35","2","-9999","1","2","-9999","-9999","-9999"
"2458","485.174528","485.174605255","485.174801293","1245056.8","-9999","423566.6","9.51","-1","-0.404056587","0.970810853","0","0.582486512","17","0.111111111","1","N4 P1 O3","de-protonated","0","-9999","C27 H27 O3 N4 P1","27","27","3","4","1","-9999","-9999","-9999","-9999"
"2458","485.174528","485.174605255","485.174529967","1245056.8","-9999","423566.6","9.51","-1","0.155177325","0.995640247","0","0.597384148","3","0.470588235","2","N4 S2 O8","de-protonated","0","-9999","C17 H34 O8 N4 S2","17","34","8","4","-9999","2","-9999","-9999","-9999"
"2459","485.188618","485.188695249","485.188720024","1508488.4","-9999","360993.4","11.85","-1","-0.051061145","0.499763516","0.755017935","0.601865283","16","0.133333333","1.033333333","P1 O4","de-protonated","0","-9999","C30 H31 O4 P1","30","31","4","-9999","1","-9999","-9999","-9999","-9999"
"2459","485.188618","485.188695249","485.188448697","1508488.4","-9999","360993.4","11.85","-1","0.508156922","0.954226412","0","0.572535847","2","0.45","1.9","S2 O9","de-protonated","0","-9999","C20 H38 O9 S2","20","38","9","-9999","-9999","2","-9999","-9999","-9999"
"2459","485.188618","485.188695249","485.188916728","1508488.4","-9999","360993.4","11.85","-1","-0.456479474","0.962896741","0","0.577738044","8","0.5","1.5","N4 O10","de-protonated","0","-9999","C20 H30 O10 N4","20","30","10","4","-9999","-9999","-9999","-9999","-9999"
"2460","485.201687","485.201764244","485.201670946","1481103.6","-9999","388480.9","11.61","-1","0.192287726","0.993313468","0","0.595988081","16","0.071428571","1.071428571","N4 S1 O2","de-protonated","0","-9999","C28 H30 O2 N4 S1","28","30","2","4","-9999","1","-9999","-9999","-9999"
"2460","485.201687","485.201764244","485.201803888","1481103.6","-9999","388480.9","11.61","-1","-0.08170498","0.998789436","0","0.599273661","3","0.588235294","2.058823529","N4 P1 O10","de-protonated","0","-9999","C17 H35 O10 N4 P1","17","35","10","4","1","-9999","-9999","-9999","-9999"
"2461","485.209786","485.209863241","485.209849392","1335188","-9999","448394.4","10.31","-1","0.028543248","0.999852182","0","0.599911309","11","0.222222222","1.296296296","P1 O6","de-protonated","0","-9999","C27 H35 O6 P1","27","35","6","-9999","1","-9999","-9999","-9999","-9999"
"2461","485.209786","485.209863241","485.210046096","1335188","-9999","448394.4","10.31","-1","-0.376857458","0.97455958","0","0.584735748","3","0.705882353","2","N4 O12","de-protonated","0","-9999","C17 H34 O12 N4","17","34","12","4","-9999","-9999","-9999","-9999","-9999"
"2462","485.222876","485.222953236","485.222800314","2038683.1","-9999","358641.4","16.58","-1","0.315158469","0.491069533","0.787157861","0.609504864","11","0.16","1.36","N4 S1 O4","de-protonated","0","-9999","C25 H34 O4 N4 S1","25","34","4","4","-9999","1","-9999","-9999","-9999"
"2463","486.067702","486.067778909","486.067529248","1492330.4","-9999","440151.6","11.71","-1","0.513636175","0.953257534","0.933583549","0.94538794","28","0.058823529","0.411764706","13C1 S1 O2","de-protonated","1","2438","C33 H14 O2 S1 13C1","33","14","2","-9999","-9999","1","1","-9999","-9999"
"2463","486.067702","486.067778909","486.067662189","1492330.4","-9999","440151.6","11.71","-1","0.240131458","0.989591649","0.996759096","0.992458628","15","0.434782609","0.826086957","13C1 P1 O10","de-protonated","1","2438","C22 H19 O10 P1 13C1","22","19","10","-9999","1","-9999","1","-9999","-9999"
"2463","486.067702","486.067778909","486.067798535","1492330.4","-9999","440151.6","11.71","-1","-0.040376021","0.999704242","0","0.599822545","15","0.545454545","0.772727273","N1 O12","de-protonated","0","-9999","C22 H17 O12 N1","22","17","12","1","-9999","-9999","-9999","-9999","-9999"
"2464","486.104101","486.104177895","486.103914757","1518974.4","-9999","329560.7","11.94","-1","0.541321386","0.632146058","0.854195233","0.720965728","27","0.028571429","0.514285714","13C1 S1 O1","de-protonated","1","2445","C34 H18 O1 S1 13C1","34","18","1","-9999","-9999","1","1","-9999","-9999"
"2464","486.104101","486.104177895","486.104047699","1518974.4","-9999","329560.7","11.94","-1","0.267837134","0.987067813","0.957577758","0.975271791","14","0.375","0.958333333","13C1 P1 O9","de-protonated","1","2445","C23 H23 O9 P1 13C1","23","23","9","-9999","1","-9999","1","-9999","-9999"
"2464","486.104101","486.104177895","486.104184044","1518974.4","-9999","329560.7","11.94","-1","-0.012649356","0.999970968","0","0.599982581","14","0.47826087","0.913043478","N1 O11","de-protonated","0","-9999","C23 H21 O11 N1","23","21","11","1","-9999","-9999","-9999","-9999","-9999"
"2465","486.132349","486.132425884","486.132327345","977037.9","-9999","418796.1","7.11","-1","0.202700601","0.992572443","0","0.595543466","13","0.333333333","1.083333333","N1 P1 O8","de-protonated","0","-9999","C24 H26 O8 N1 P1","24","26","8","1","1","-9999","-9999","-9999","-9999"
"2465","486.132349","486.132425884","486.132906211","977037.9","-9999","418796.1","7.11","-1","-0.988055939","0.837662417","0.981140113","0.895053495","27","0.058823529","0.529411765","13C1 N2 O2","de-protonated","1","2450","C33 H18 O2 N2 13C1","33","18","2","2","-9999","-9999","1","-9999","-9999"
"2465","486.132349","486.132425884","486.132254762","977037.9","-9999","418796.1","7.11","-1","0.35200744899999997","0.977767693","0.969482977","0.974453807","18","0.153846154","0.846153846","13C1 N4 S1 O4","de-protonated","1","2450","C25 H22 O4 N4 S1 13C1","25","22","4","4","-9999","1","1","-9999","-9999"
"2466","486.14038","486.140456881","486.140433208","1548178.4","-9999","381809.9","12.2","-1","0.048696505","0.999569814","0.973391749","0.989098588","13","0.32","1.08","13C1 P1 O8","de-protonated","1","2452","C24 H27 O8 P1 13C1","24","27","8","-9999","1","-9999","1","-9999","-9999"
"2466","486.14038","486.140456881","486.140569554","1548178.4","-9999","381809.9","12.2","-1","-0.231768931","0.990300497","0","0.594180298","13","0.416666667","1.041666667","N1 O10","de-protonated","0","-9999","C24 H25 O10 N1","24","25","10","1","-9999","-9999","-9999","-9999","-9999"
"2466","486.14038","486.140456881","486.140629912","1548178.4","-9999","381809.9","12.2","-1","-0.355928181","0.977275381","0.953355606","0.967707471","5","0.933333333","1.733333333","13C1 N4 O14","de-protonated","1","2452","C14 H26 O14 N4 13C1","14","26","14","4","-9999","-9999","1","-9999","-9999"
"2467","486.168903","486.16897987","486.168712854","1136034.1","-9999","379782.1","8.53","-1","0.549224634","0.946737345","0","0.568042407","12","0.28","1.2","N1 P1 O7","de-protonated","0","-9999","C25 H30 O7 N1 P1","25","30","7","1","1","-9999","-9999","-9999","-9999"
"2467","486.168903","486.16897987","486.16929172","1136034.1","-9999","379782.1","8.53","-1","-0.641443201","0.928061804","0.979056013","0.948459488","26","0.028571429","0.628571429","13C1 N2 O1","de-protonated","1","2455","C34 H22 O1 N2 13C1","34","22","1","2","-9999","-9999","1","-9999","-9999"
"2467","486.168903","486.16897987","486.168640272","1136034.1","-9999","379782.1","8.53","-1","0.69852036","0.91527164","0.930476599","0.921353624","17","0.111111111","0.962962963","13C1 N4 S1 O3","de-protonated","1","2455","C26 H26 O3 N4 S1 13C1","26","26","3","4","-9999","1","1","-9999","-9999"
"2468","486.176916","486.176992867","486.176818717","998054.5","-9999","381659.5","7.3","-1","0.358202734","0.976987388","0.998312688","0.985517508","12","0.269230769","1.192307692","13C1 P1 O7","de-protonated","1","2457","C25 H31 O7 P1 13C1","25","31","7","-9999","1","-9999","1","-9999","-9999"
"2468","486.176916","486.176992867","486.176955063","998054.5","-9999","381659.5","7.3","-1","0.077758202","0.998903502","0","0.599342101","12","0.36","1.16","N1 O9","de-protonated","0","-9999","C25 H29 O9 N1","25","29","9","1","-9999","-9999","-9999","-9999","-9999"
"2468","486.176916","486.176992867","486.17744432","998054.5","-9999","381659.5","7.3","-1","-0.928576818","0.855169982","0","0.513101989","16","0.035714286","1.071428571","N3 S1 P1 O1","de-protonated","0","-9999","C28 H30 O1 N3 P1 S1","28","30","1","3","1","1","-9999","-9999","-9999"
"2468","486.176916","486.176992867","486.177015422","998054.5","-9999","381659.5","7.3","-1","-0.046391795","0.999609563","0.929722752","0.971654838","4","0.8125","1.875","13C1 N4 O13","de-protonated","1","2457","C15 H30 O13 N4 13C1","15","30","13","4","-9999","-9999","1","-9999","-9999"
"2469","486.242823","486.242899842","486.243201406","1287626.8","-9999","404578.5","9.88","-1","-0.620192698","0.932587556","0","0.559552534","10","0.153846154","1.423076923","N3 S1 O4","de-protonated","0","-9999","C26 H37 O4 N3 S1","26","37","4","3","-9999","1","-9999","-9999","-9999"
"2470","486.263942","486.264018834","486.264330774","2158038.3","-9999","403334.8","17.64","-1","-0.641504399","0.464024291","0.800793265","0.598731881","5","0.260869565","1.782608696","N3 S1 O6","de-protonated","0","-9999","C23 H41 O6 N3 S1","23","41","6","3","-9999","1","-9999","-9999","-9999"
"2471","487.013792","487.013868544","487.013929007","1316979.6","-9999","375249.9","10.14","-1","-0.124150329","0.997207183","0","0.59832431","6","0.8","1.4","S2 P1 O12","de-protonated","0","-9999","C15 H21 O12 P1 S2","15","21","12","-9999","1","2","-9999","-9999","-9999"
"2471","487.013792","487.013868544","487.013415942","1316979.6","-9999","375249.9","10.14","-1","0.929340539","0.854949836","0","0.512969901","24","0.035714286","0.464285714","N2 S2 P1 O1","de-protonated","0","-9999","C28 H13 O1 N2 P1 S2","28","13","1","2","1","2","-9999","-9999","-9999"
"2471","487.013792","487.013868544","487.014264095","1316979.6","-9999","375249.9","10.14","-1","-0.812197688","0.887190667","0","0.5323144","25","0.192307692","0.307692308","N4 S1 O5","de-protonated","0","-9999","C26 H8 O5 N4 S1","26","8","5","4","-9999","1","-9999","-9999","-9999"
"2472","487.022551","487.02262754","487.022442541","1128312.4","-9999","447596.6","8.46","-1","0.379857289","0.97415825","0","0.58449495","20","0.36","0.52","P1 O9","de-protonated","0","-9999","C25 H13 O9 P1","25","13","9","-9999","1","-9999","-9999","-9999","-9999"
"2472","487.022551","487.02262754","487.022171215","1128312.4","-9999","447596.6","8.46","-1","0.936970043","0.852743794","0","0.511646276","6","0.933333333","1.333333333","S2 O14","de-protonated","0","-9999","C15 H20 O14 S2","15","20","14","-9999","-9999","2","-9999","-9999","-9999"
"2473","487.031578","487.031654537","487.03155413","1728893.4","-9999","443555.7","13.81","-1","0.206161539","0.496158812","0.780512821","0.609900415","19","0.230769231","0.615384615","S2 O6","de-protonated","0","-9999","C26 H16 O6 S2","26","16","6","-9999","-9999","2","-9999","-9999","-9999"
"2473","487.031578","487.031654537","487.031687071","1728893.4","-9999","443555.7","13.81","-1","-0.066801722","0.999190618","0","0.599514371","6","0.933333333","1.4","S1 P1 O14","de-protonated","0","-9999","C15 H21 O14 P1 S1","15","21","14","-9999","1","1","-9999","-9999","-9999"
"2473","487.031578","487.031654537","487.031174007","1728893.4","-9999","443555.7","13.81","-1","0.986650795","0.419042132","0.767553728","0.558446771","24","0.107142857","0.464285714","N2 S1 P1 O3","de-protonated","0","-9999","C28 H13 O3 N2 P1 S1","28","13","3","2","1","1","-9999","-9999","-9999"
"2473","487.031578","487.031654537","487.03202216","1728893.4","-9999","443555.7","13.81","-1","-0.754824033","0.450891177","0.780512821","0.582739835","25","0.269230769","0.307692308","N4 O7","de-protonated","0","-9999","C26 H8 O7 N4","26","8","7","4","-9999","-9999","-9999","-9999","-9999"
"2474","487.043829","487.043905532","487.043438968","1282180.1","-9999","378475.5","9.83","-1","0.957952477","0.846613884","0","0.507968331","28","0.090909091","0.363636364","S1 O3","de-protonated","0","-9999","C33 H12 O3 S1","33","12","3","-9999","-9999","1","-9999","-9999","-9999"
"2474","487.043829","487.043905532","487.043571909","1282180.1","-9999","378475.5","9.83","-1","0.684995672","0.918384451","0","0.551030671","15","0.5","0.772727273","P1 O11","de-protonated","0","-9999","C22 H17 O11 P1","22","17","11","-9999","1","-9999","-9999","-9999","-9999"
"2475","487.050367","487.050443529","487.050314516","2267527.8","-9999","359546.8","18.61","-1","0.264887564","0.987349278","0","0.592409567","5","0.6875","1.5625","S2 P1 O11","de-protonated","0","-9999","C16 H25 O11 P1 S2","16","25","11","-9999","1","2","-9999","-9999","-9999"
"2475","487.050367","487.050443529","487.050649605","2267527.8","-9999","359546.8","18.61","-1","-0.423108662","0.484019398","0.773979033","0.600003252","24","0.148148148","0.444444444","N4 S1 O4","de-protonated","0","-9999","C27 H12 O4 N4 S1","27","12","4","4","-9999","1","-9999","-9999","-9999"
"2475","487.050367","487.050443529","487.050782547","2267527.8","-9999","359546.8","18.61","-1","-0.696061049","0.915841406","0","0.549504843","11","0.75","1.0625","N4 P1 O12","de-protonated","0","-9999","C16 H17 O12 N4 P1","16","17","12","4","1","-9999","-9999","-9999","-9999"
"2476","487.056384","487.056460527","487.056326127","1048459.1","-9999","529701.2","7.74","-1","0.275943537","0.986278628","0","0.591767177","23","0.1","0.566666667","S1 P1 O3","de-protonated","0","-9999","C30 H17 O3 P1 S1","30","17","3","-9999","1","1","-9999","-9999","-9999"
"2476","487.056384","487.056460527","487.056522832","1048459.1","-9999","529701.2","7.74","-1","-0.127920358","0.997035247","0","0.598221148","15","0.45","0.8","N4 S1 O9","de-protonated","0","-9999","C20 H16 O9 N4 S1","20","16","9","4","-9999","1","-9999","-9999","-9999"
"2477","487.058967","487.059043526","487.058828051","3953036.5","-9999","359626.6","33.63","-1","0.442401583","0.936971671","0.984288759","0.955898506","19","0.307692308","0.653846154","P1 O8","de-protonated","0","-9999","C26 H17 O8 P1","26","17","8","-9999","1","-9999","-9999","-9999","-9999"
"2477","487.058967","487.059043526","487.058556724","3953036.5","-9999","359626.6","33.63","-1","0.999472753","0.417110301","0.85247738","0.591257133","5","0.8125","1.5","S2 O13","de-protonated","0","-9999","C16 H24 O13 S2","16","24","13","-9999","-9999","2","-9999","-9999","-9999"
"2477","487.058967","487.059043526","487.059024755","3953036.5","-9999","359626.6","33.63","-1","0.038539696","0.990500426","0.912324199","0.959229935","11","0.875","1","N4 O14","de-protonated","0","-9999","C16 H16 O14 N4","16","16","14","4","-9999","-9999","-9999","-9999","-9999"
"2478","487.067896","487.067972523","487.067939639","3888529.5","-9999","348214.3","33.06","-1","0.067513753","0.49958664","0.773979033","0.609343597","18","0.185185185","0.740740741","S2 O5","de-protonated","0","-9999","C27 H20 O5 S2","27","20","5","-9999","-9999","2","-9999","-9999","-9999"
"2478","487.067896","487.067972523","487.068072581","3888529.5","-9999","348214.3","33.06","-1","-0.205429078","0.496185954","0.85247738","0.638702524","5","0.8125","1.5625","S1 P1 O13","de-protonated","0","-9999","C16 H25 O13 P1 S1","16","25","13","-9999","1","1","-9999","-9999","-9999"
"2478","487.067896","487.067972523","487.067559516","3888529.5","-9999","348214.3","33.06","-1","0.847944596","0.438844296","0.761234226","0.567800268","23","0.068965517","0.586206897","N2 S1 P1 O2","de-protonated","0","-9999","C29 H17 O2 N2 P1 S1","29","17","2","2","1","1","-9999","-9999","-9999"
"2478","487.067896","487.067972523","487.06840767","3888529.5","-9999","348214.3","33.06","-1","-0.893399897","0.432586542","0.773979033","0.569143538","24","0.222222222","0.444444444","N4 O6","de-protonated","0","-9999","C27 H12 O6 N4","27","12","6","4","-9999","-9999","-9999","-9999","-9999"
"2479","487.079981","487.080057518","487.079824477","4276632","-9999","368182.5","36.52","-1","0.478445485","0.479657671","0.73113591","0.580248967","27","0.058823529","0.470588235","S1 O2","de-protonated","0","-9999","C34 H16 O2 S1","34","16","2","-9999","-9999","1","-9999","-9999","-9999"
"2479","487.079981","487.080057518","487.079957419","4276632","-9999","368182.5","36.52","-1","0.205509201","0.496182989","0.800793265","0.6180271","14","0.434782609","0.913043478","P1 O10","de-protonated","0","-9999","C23 H21 O10 P1","23","21","10","-9999","1","-9999","-9999","-9999","-9999"
"2480","487.081552","487.081628517","487.081674952","1274777","-9999","574080.3","9.76","-1","-0.095331516","0.998352335","0","0.599011401","14","0.409090909","0.909090909","N2 S1 O9","de-protonated","0","-9999","C22 H20 O9 N2 S1","22","20","9","2","-9999","1","-9999","-9999","-9999"
"2480","487.081552","487.081628517","487.081294829","1274777","-9999","574080.3","9.76","-1","0.685077192","0.91836584","0","0.551019504","19","0.25","0.708333333","N4 P1 O6","de-protonated","0","-9999","C24 H17 O6 N4 P1","24","17","6","4","1","-9999","-9999","-9999","-9999"
"2481","487.086701","487.086777515","487.086700025","2942876","-9999","364341.5","24.63","-1","0.15908908","0.497709092","0.844689208","0.636501138","4","0.588235294","1.705882353","S2 P1 O10","de-protonated","0","-9999","C17 H29 O10 P1 S2","17","29","10","-9999","1","2","-9999","-9999","-9999"
"2481","487.086701","487.086777515","487.087035114","2942876","-9999","364341.5","24.63","-1","-0.52885568","0.95615163","0.971932994","0.962464175","23","0.107142857","0.571428571","N4 S1 O3","de-protonated","0","-9999","C28 H16 O3 N4 S1","28","16","3","4","-9999","1","-9999","-9999","-9999"
"2481","487.086701","487.086777515","487.087168056","2942876","-9999","364341.5","24.63","-1","-0.801787648","0.941650191","0.894797514","0.92290912","10","0.647058824","1.235294118","N4 P1 O11","de-protonated","0","-9999","C17 H21 O11 N4 P1","17","21","11","4","1","-9999","-9999","-9999","-9999"
"2482","487.090446","487.090522514","487.090406418","1155997.9","-9999","473763.1","8.7","-1","0.238346898","0.989744982","0","0.593846989","18","0.12","0.8","N4 S2 O3","de-protonated","0","-9999","C25 H20 O3 N4 S2","25","20","3","4","-9999","2","-9999","-9999","-9999"
"2482","487.090446","487.090522514","487.090539359","1155997.9","-9999","473763.1","8.7","-1","-0.034583391","0.999783009","0","0.599869805","5","0.785714286","1.785714286","N4 S1 P1 O11","de-protonated","0","-9999","C14 H25 O11 N4 P1 S1","14","25","11","4","1","1","-9999","-9999","-9999"
"2483","487.095266","487.095342512","487.09521356","4472224.5","-9999","377377.9","38.26","-1","0.264737181","0.991048194","0.983513349","0.988034256","18","0.259259259","0.777777778","P1 O7","de-protonated","0","-9999","C27 H21 O7 P1","27","21","7","-9999","1","-9999","-9999","-9999","-9999"
"2483","487.095266","487.095342512","487.094942234","4472224.5","-9999","377377.9","38.26","-1","0.82176664","0.929051059","0.945776477","0.935741226","4","0.705882353","1.647058824","S2 O12","de-protonated","0","-9999","C17 H28 O12 S2","17","28","12","-9999","-9999","2","-9999","-9999","-9999"
"2483","487.095266","487.095342512","487.095410264","4472224.5","-9999","377377.9","38.26","-1","-0.139094466","0.969271165","0.945776477","0.959873289","10","0.764705882","1.176470588","N4 O13","de-protonated","0","-9999","C17 H20 O13 N4","17","20","13","4","-9999","-9999","-9999","-9999","-9999"
"2484","487.096609","487.096685512","487.096931093","1005473.4","-9999","439272.5","7.36","-1","-0.50417346","0.95492488","0","0.572954928","18","0.230769231","0.769230769","N2 S1 O6","de-protonated","0","-9999","C26 H20 O6 N2 S1","26","20","6","2","-9999","1","-9999","-9999","-9999"
"2484","487.096609","487.096685512","487.097064035","1005473.4","-9999","439272.5","7.36","-1","-0.777099891","0.89621584","0","0.537729504","5","0.933333333","1.666666667","N2 P1 O14","de-protonated","0","-9999","C15 H25 O14 N2 P1","15","25","14","2","1","-9999","-9999","-9999","-9999"
"2484","487.096609","487.096685512","487.09655097","1005473.4","-9999","439272.5","7.36","-1","0.276210485","0.98625225","0","0.59175135","23","0.107142857","0.607142857","N4 P1 O3","de-protonated","0","-9999","C28 H17 O3 N4 P1","28","17","3","4","1","-9999","-9999","-9999","-9999"
"2484","487.096609","487.096685512","487.096279644","1005473.4","-9999","439272.5","7.36","-1","0.833238421","0.881634832","0","0.528980899","9","0.444444444","1.333333333","N4 S2 O8","de-protonated","0","-9999","C18 H24 O8 N4 S2","18","24","8","4","-9999","2","-9999","-9999","-9999"
"2485","487.104286","487.104362509","487.104325148","2118565.5","-9999","318612.3","17.28","-1","0.076698902","0.499466579","0.767553728","0.606701438","17","0.142857143","0.857142857","S2 O4","de-protonated","0","-9999","C28 H24 O4 S2","28","24","4","-9999","-9999","2","-9999","-9999","-9999"
"2485","487.104286","487.104362509","487.10445809","2118565.5","-9999","318612.3","17.28","-1","-0.196223544","0.993037906","0","0.595822744","4","0.705882353","1.705882353","S1 P1 O12","de-protonated","0","-9999","C17 H29 O12 P1 S1","17","29","12","-9999","1","1","-9999","-9999","-9999"
"2485","487.104286","487.104362509","487.103945026","2118565.5","-9999","318612.3","17.28","-1","0.857071455","0.437606922","0.755017935","0.564571327","22","0.033333333","0.7","N2 S1 P1 O1","de-protonated","0","-9999","C30 H21 O1 N2 P1 S1","30","21","1","2","1","1","-9999","-9999","-9999"
"2485","487.104286","487.104362509","487.104793179","2118565.5","-9999","318612.3","17.28","-1","-0.884142979","0.433880028","0.767553728","0.567349508","23","0.178571429","0.571428571","N4 O5","de-protonated","0","-9999","C28 H16 O5 N4","28","16","5","4","-9999","-9999","-9999","-9999","-9999"
"2486","487.108453","487.108529507","487.108815931","2241447.8","-9999","367729.8","18.38","-1","-0.588008027","0.469595455","0.736963647","0.576542732","27","0.090909091","0.484848485","N2 O3","de-protonated","0","-9999","C33 H16 O3 N2","33","16","3","2","-9999","-9999","-9999","-9999","-9999"
"2486","487.108453","487.108529507","487.108164482","2241447.8","-9999","367729.8","18.38","-1","0.74937111","0.451562733","0.787157861","0.585800784","18","0.2","0.8","N4 S1 O5","de-protonated","0","-9999","C25 H20 O5 N4 S1","25","20","5","4","-9999","1","-9999","-9999","-9999"
"2486","487.108453","487.108529507","487.108297424","2241447.8","-9999","367729.8","18.38","-1","0.476450632","0.959646975","0","0.575788185","5","0.928571429","1.785714286","N4 P1 O13","de-protonated","0","-9999","C14 H25 O13 N4 P1","14","25","13","4","1","-9999","-9999","-9999","-9999"
"2487","487.111448","487.111524506","487.111535786","1170089.5","-9999","371405.8","8.83","-1","-0.023156281","0.99990271","0","0.599941626","13","0.227272727","1.090909091","N4 S2 O5","de-protonated","0","-9999","C22 H24 O5 N4 S2","22","24","5","4","-9999","2","-9999","-9999","-9999"
"2488","487.116385","487.116461504","487.116209986","4429228","-9999","380693.9","37.88","-1","0.516340279","0.476387957","0.725399619","0.575992621","26","0.028571429","0.571428571","S1 O1","de-protonated","0","-9999","C35 H20 O1 S1","35","20","1","-9999","-9999","1","-9999","-9999","-9999"
"2488","487.116385","487.116461504","487.116342928","4429228","-9999","380693.9","37.88","-1","0.243424371","0.494652888","0.793917021","0.614358541","13","0.375","1.041666667","P1 O9","de-protonated","0","-9999","C24 H25 O9 P1","24","25","9","-9999","1","-9999","-9999","-9999","-9999"
"2489","487.126307","487.1263835","487.126791927","1204209.8","-9999","304120.8","9.13","-1","-0.838440285","0.880244842","0","0.52814690500000006","17","0.076923077","0.923076923","N4 S2 O2","de-protonated","0","-9999","C26 H24 O2 N4 S2","26","24","2","4","-9999","2","-9999","-9999","-9999"
"2489","487.126307","487.1263835","487.125922547","1204209.8","-9999","304120.8","9.13","-1","0.946271021","0.850037862","0","0.510022717","18","0.28","0.8","N4 O7","de-protonated","0","-9999","C25 H20 O7 N4","25","20","7","4","-9999","-9999","-9999","-9999","-9999"
"2490","487.131659","487.131735498","487.131599069","5420468.5","-9999","358711.5","46.71","-1","0.280065582","0.985817557","0.979975738","0.98348083","17","0.214285714","0.892857143","P1 O6","de-protonated","0","-9999","C28 H25 O6 P1","28","25","6","-9999","1","-9999","-9999","-9999","-9999"
"2490","487.131659","487.131735498","487.131327743","5420468.5","-9999","358711.5","46.71","-1","0.837053443","0.587088841","0.93031813","0.724380557","3","0.611111111","1.777777778","S2 O11","de-protonated","0","-9999","C18 H32 O11 S2","18","32","11","-9999","-9999","2","-9999","-9999","-9999"
"2490","487.131659","487.131735498","487.131795774","5420468.5","-9999","358711.5","46.71","-1","-0.123735908","0.9972668","0.950535939","0.978574456","9","0.666666667","1.333333333","N4 O12","de-protonated","0","-9999","C18 H24 O12 N4","18","24","12","4","-9999","-9999","-9999","-9999","-9999"
"2491","487.140327","487.140403495","487.140710658","1087673.5","-9999","355314.9","8.09","-1","-0.630542489","0.930399641","0","0.558239785","16","0.103448276","0.965517241","S2 O3","de-protonated","0","-9999","C29 H28 O3 S2","29","28","3","-9999","-9999","2","-9999","-9999","-9999"
"2491","487.140327","487.140403495","487.140843599","1087673.5","-9999","355314.9","8.09","-1","-0.903444357","0.862344409","0","0.517406645","3","0.611111111","1.833333333","S1 P1 O11","de-protonated","0","-9999","C18 H33 O11 P1 S1","18","33","11","-9999","1","1","-9999","-9999","-9999"
"2492","487.144733","487.144809493","487.14520144","3005372","-9999","334464.6","25.19","-1","-0.804579966","0.444587767","0.73113591","0.559207024","26","0.058823529","0.588235294","N2 O2","de-protonated","0","-9999","C34 H20 O2 N2","34","20","2","2","-9999","-9999","-9999","-9999","-9999"
"2492","487.144733","487.144809493","487.144549992","3005372","-9999","334464.6","25.19","-1","0.532698992","0.474906873","0.780512821","0.597149252","17","0.153846154","0.923076923","N4 S1 O4","de-protonated","0","-9999","C26 H24 O4 N4 S1","26","24","4","4","-9999","1","-9999","-9999","-9999"
"2492","487.144733","487.144809493","487.144682933","3005372","-9999","334464.6","25.19","-1","0.259798957","0.49391386","0.860410506","0.640512518","4","0.8","1.933333333","N4 P1 O12","de-protonated","0","-9999","C15 H29 O12 N4 P1","15","29","12","4","1","-9999","-9999","-9999","-9999"
"2493","487.152764","487.15284049","487.152728437","2624960.3","-9999","367077.5","21.8","-1","0.23001529","0.49522301","0.787157861","0.611996951","12","0.32","1.16","P1 O8","de-protonated","0","-9999","C25 H29 O8 P1","25","29","8","-9999","1","-9999","-9999","-9999","-9999"
"2493","487.152764","487.15284049","487.152925142","2624960.3","-9999","367077.5","21.8","-1","-0.173768666","0.994536039","0","0.596721624","4","0.933333333","1.866666667","N4 O14","de-protonated","0","-9999","C15 H28 O14 N4","15","28","14","4","-9999","-9999","-9999","-9999","-9999"
"2494","487.16281","487.162886486","487.163177436","1061829.9","-9999","320088.8","7.86","-1","-0.597233537","0.937329363","0","0.562397618","16","0.037037037","1.037037037","N4 S2 O1","de-protonated","0","-9999","C27 H28 O1 N4 S2","27","28","1","4","-9999","2","-9999","-9999","-9999"
"2494","487.16281","487.162886486","487.163310378","1061829.9","-9999","320088.8","7.86","-1","-0.870122829","0.8716413","0","0.52298478","3","0.5625","2.0625","N4 S1 P1 O9","de-protonated","0","-9999","C16 H33 O9 N4 P1 S1","16","33","9","4","1","1","-9999","-9999","-9999"
"2495","487.168034","487.168110484","487.167984579","4170184.8","-9999","371459.9","35.57","-1","0.258443467","0.970067717","0.964033915","0.967654197","16","0.172413793","1","P1 O5","de-protonated","0","-9999","C29 H29 O5 P1","29","29","5","-9999","1","-9999","-9999","-9999","-9999"
"2495","487.168034","487.168110484","487.167713252","4170184.8","-9999","371459.9","35.57","-1","0.815389715","0.443177362","0.829532115","0.597719263","2","0.526315789","1.894736842","S2 O10","de-protonated","0","-9999","C19 H36 O10 S2","19","36","10","-9999","-9999","2","-9999","-9999","-9999"
"2495","487.168034","487.168110484","487.168181283","4170184.8","-9999","371459.9","35.57","-1","-0.145327856","0.996853154","0.967668196","0.985179171","8","0.578947368","1.473684211","N4 O11","de-protonated","0","-9999","C19 H28 O11 N4","19","28","11","4","-9999","-9999","-9999","-9999","-9999"
"2496","487.181075","487.181151479","487.18158695","1939664","-9999","331335.4","15.69","-1","-0.893856994","0.432522422","0.725399619","0.549673301","25","0.028571429","0.685714286","N2 O1","de-protonated","0","-9999","C35 H24 O1 N2","35","24","1","2","-9999","-9999","-9999","-9999","-9999"
"2496","487.181075","487.181151479","487.180935501","1939664","-9999","331335.4","15.69","-1","0.443321968","0.482483728","0.773979033","0.59908185","16","0.111111111","1.037037037","N4 S1 O3","de-protonated","0","-9999","C27 H28 O3 N4 S1","27","28","3","4","-9999","1","-9999","-9999","-9999"
"2496","487.181075","487.181151479","487.181068443","1939664","-9999","331335.4","15.69","-1","0.17044234","0.994742677","0","0.596845606","3","0.6875","2.0625","N4 P1 O11","de-protonated","0","-9999","C16 H33 O11 N4 P1","16","33","11","4","1","-9999","-9999","-9999","-9999"
"2497","487.189172","487.189248476","487.189113947","1286612.5","-9999","426745.1","9.87","-1","0.276133327","0.986259877","0","0.591755926","11","0.269230769","1.269230769","P1 O7","de-protonated","0","-9999","C26 H33 O7 P1","26","33","7","-9999","1","-9999","-9999","-9999","-9999"
"2497","487.189172","487.189248476","487.189310651","1286612.5","-9999","426745.1","9.87","-1","-0.127620491","0.99704911","0","0.598229466","3","0.8125","2","N4 O13","de-protonated","0","-9999","C16 H32 O13 N4","16","32","13","4","-9999","-9999","-9999","-9999","-9999"
"2498","487.20224","487.202316471","487.202716318","2123227.8","-9999","330248.1","17.32","-1","-0.820699264","0.442479364","0.742885034","0.562641632","20","0.09375","0.875","N2 O3","de-protonated","0","-9999","C32 H28 O3 N2","32","28","3","2","-9999","-9999","-9999","-9999","-9999"
"2498","487.20224","487.202316471","487.202064869","2123227.8","-9999","330248.1","17.32","-1","0.516421804","0.893901879","0.698771242","0.815849624","11","0.208333333","1.333333333","N4 S1 O5","de-protonated","0","-9999","C24 H32 O5 N4 S1","24","32","5","4","-9999","1","-9999","-9999","-9999"
"2499","487.204443","487.20451947","487.204370088","2140637","-9999","306149","17.48","-1","0.306610463","0.491543339","0.755017935","0.596933177","15","0.133333333","1.1","P1 O4","de-protonated","0","-9999","C30 H33 O4 P1","30","33","4","-9999","1","-9999","-9999","-9999","-9999"
"2499","487.204443","487.20451947","487.204098762","2140637","-9999","306149","17.48","-1","0.863515144","0.873454939","0","0.524072963","1","0.45","2","S2 O9","de-protonated","0","-9999","C20 H40 O9 S2","20","40","9","-9999","-9999","2","-9999","-9999","-9999"
"2499","487.204443","487.20451947","487.204566792","2140637","-9999","306149","17.48","-1","-0.097130724","0.998289609","0","0.598973765","7","0.5","1.6","N4 O10","de-protonated","0","-9999","C20 H32 O10 N4","20","32","10","4","-9999","-9999","-9999","-9999","-9999"
"2500","487.21182","487.211896467","487.211960848","1446369","-9999","390002.4","11.29","-1","-0.132141059","0.996836691","0","0.598102015","6","0.363636364","1.636363636","N2 S1 O8","de-protonated","0","-9999","C22 H36 O8 N2 S1","22","36","8","2","-9999","1","-9999","-9999","-9999"
"2500","487.21182","487.211896467","487.211580725","1446369","-9999","390002.4","11.29","-1","0.64805893","0.926626333","0","0.5559758","11","0.208333333","1.375","N4 P1 O5","de-protonated","0","-9999","C24 H33 O5 N4 P1","24","33","5","4","1","-9999","-9999","-9999","-9999"
"2501","487.222858","487.222934463","487.222997533","3195367","-9999","381510.8","26.88","-1","-0.129447443","0.498482074","0.748902347","0.598650183","14","0.032258065","1.193548387","S1 P1 O1","de-protonated","0","-9999","C31 H37 O1 P1 S1","31","37","1","-9999","1","1","-9999","-9999","-9999"
"2501","487.222858","487.222934463","487.223194237","3195367","-9999","381510.8","26.88","-1","-0.533173019","0.474863337","0.81490939","0.610881758","6","0.333333333","1.714285714","N4 S1 O7","de-protonated","0","-9999","C21 H36 O7 N4 S1","21","36","7","4","-9999","1","-9999","-9999","-9999"
"2502","487.238598","487.238674457","487.239101827","1081839.9","-9999","450997.5","8.04","-1","-0.877126476","0.869708047","0","0.521824828","19","0.060606061","0.96969697","N2 O2","de-protonated","0","-9999","C33 H32 O2 N2","33","32","2","2","-9999","-9999","-9999","-9999","-9999"
"2502","487.238598","487.238674457","487.238450378","1081839.9","-9999","450997.5","8.04","-1","0.459894665","0.962350105","0","0.577410063","10","0.16","1.44","N4 S1 O4","de-protonated","0","-9999","C25 H36 O4 N4 S1","25","36","4","4","-9999","1","-9999","-9999","-9999"
"2503","487.240893","487.240969456","487.240755597","1179121","-9999","364449.2","8.91","-1","0.438917546","0.965648061","0","0.579388836","14","0.096774194","1.193548387","P1 O3","de-protonated","0","-9999","C31 H37 O3 P1","31","37","3","-9999","1","-9999","-9999","-9999","-9999"
"2503","487.240893","487.240969456","487.240484271","1179121","-9999","364449.2","8.91","-1","0.995780713","0.835336411","0","0.501201846","0","0.380952381","2.095238095","S2 O8","de-protonated","0","-9999","C21 H44 O8 S2","21","44","8","-9999","-9999","2","-9999","-9999","-9999"
"2503","487.240893","487.240969456","487.240952302","1179121","-9999","364449.2","8.91","-1","0.035206455","0.999775121","0","0.599865072","6","0.428571429","1.714285714","N4 O9","de-protonated","0","-9999","C21 H36 O9 N4","21","36","9","4","-9999","-9999","-9999","-9999","-9999"
"2504","488.062461","488.062537138","488.062182886","1215672.1","-9999","320819.9","9.23","-1","0.725834948","0.908833139","0.984288759","0.939015387","19","0.307692308","0.653846154","13C1 P1 O8","de-protonated","1","2477","C25 H17 O8 P1 13C1","25","17","8","-9999","1","-9999","1","-9999","-9999"
"2504","488.062461","488.062537138","488.062319231","1215672.1","-9999","320819.9","9.23","-1","0.446473659","0.964476559","0","0.578685936","19","0.4","0.6","N1 O10","de-protonated","0","-9999","C25 H15 O10 N1","25","15","10","1","-9999","-9999","-9999","-9999","-9999"
"2504","488.062461","488.062537138","488.062808489","1215672.1","-9999","320819.9","9.23","-1","-0.555974305","0.945456748","0","0.567274049","23","0.071428571","0.571428571","N3 S1 P1 O2","de-protonated","0","-9999","C28 H16 O2 N3 P1 S1","28","16","2","3","1","1","-9999","-9999","-9999"
"2504","488.062461","488.062537138","488.06237959","1215672.1","-9999","320819.9","9.23","-1","0.322803203","0.981270322","0.912324199","0.953691873","11","0.875","1","13C1 N4 O14","de-protonated","1","2477","C15 H16 O14 N4 13C1","15","16","14","4","-9999","-9999","1","-9999","-9999"
"2505","488.09054","488.090616127","488.090462532","1036743.8","-9999","280828.7","7.64","-1","0.314686039","0.982192095","0","0.589315257","18","0.269230769","0.769230769","N1 P1 O7","de-protonated","0","-9999","C26 H20 O7 N1 P1","26","20","7","1","1","-9999","-9999","-9999","-9999"
"2505","488.09054","488.090616127","488.090191206","1036743.8","-9999","280828.7","7.64","-1","0.870579704","0.871515528","0","0.522909317","4","0.75","1.6875","N1 S2 O12","de-protonated","0","-9999","C16 H27 O12 N1 S2","16","27","12","1","-9999","2","-9999","-9999","-9999"
"2505","488.09054","488.090616127","488.090389949","1036743.8","-9999","280828.7","7.64","-1","0.46339391","0.961786115","0.971932994","0.965844866","23","0.107142857","0.571428571","13C1 N4 S1 O3","de-protonated","1","2481","C27 H16 O3 N4 S1 13C1","27","16","3","4","-9999","1","1","-9999","-9999"
"2505","488.09054","488.090616127","488.090522891","1036743.8","-9999","280828.7","7.64","-1","0.19102273","0.993400865","0.894797514","0.953959525","10","0.647058824","1.235294118","13C1 N4 P1 O11","de-protonated","1","2481","C16 H21 O11 N4 P1 13C1","16","21","11","4","1","-9999","1","-9999","-9999"
"2506","488.098409","488.098485124","488.098568395","1185484.1","-9999","360641.4","8.96","-1","-0.170602135","0.99473284","0.983513349","0.990245044","18","0.259259259","0.777777778","13C1 P1 O7","de-protonated","1","2483","C26 H21 O7 P1 13C1","26","21","7","-9999","1","-9999","1","-9999","-9999"
"2506","488.098409","488.098485124","488.098297069","1185484.1","-9999","360641.4","8.96","-1","0.385282029","0.973424853","0.945776477","0.962365502","4","0.705882353","1.647058824","13C1 S2 O12","de-protonated","1","2483","C16 H28 O12 S2 13C1","16","28","12","-9999","-9999","2","1","-9999","-9999"
"2506","488.098409","488.098485124","488.098704741","1185484.1","-9999","360641.4","8.96","-1","-0.449942349","0.96393256","0","0.578359536","18","0.346153846","0.730769231","N1 O9","de-protonated","0","-9999","C26 H19 O9 N1","26","19","9","1","-9999","-9999","-9999","-9999","-9999"
"2506","488.098409","488.098485124","488.098053292","1185484.1","-9999","360641.4","8.96","-1","0.884724697","0.867598053","0","0.520558832","9","0.611111111","1.277777778","N3 S1 O11","de-protonated","0","-9999","C18 H23 O11 N3 S1","18","23","11","3","-9999","1","-9999","-9999","-9999"
"2506","488.098409","488.098485124","488.098765099","1185484.1","-9999","360641.4","8.96","-1","-0.573603475","0.942046711","0.945776477","0.943538617","10","0.764705882","1.176470588","13C1 N4 O13","de-protonated","1","2483","C16 H20 O13 N4 13C1","16","20","13","4","-9999","-9999","1","-9999","-9999"
"2507","488.135015","488.13509111","488.134953904","1461984.5","-9999","354760.7","11.43","-1","0.281081778","0.985766557","0.979975738","0.983450229","17","0.214285714","0.892857143","13C1 P1 O6","de-protonated","1","2490","C27 H25 O6 P1 13C1","27","25","6","-9999","1","-9999","1","-9999","-9999"
"2507","488.135015","488.13509111","488.134682578","1461984.5","-9999","354760.7","11.43","-1","0.836924758","0.587100315","0.93031813","0.724387441","3","0.611111111","1.777777778","13C1 S2 O11","de-protonated","1","2490","C17 H32 O11 S2 13C1","17","32","11","-9999","-9999","2","1","-9999","-9999"
"2507","488.135015","488.13509111","488.13509025","1461984.5","-9999","354760.7","11.43","-1","0.00176226","0.999999437","0","0.599999662","17","0.296296296","0.851851852","N1 O8","de-protonated","0","-9999","C27 H23 O8 N1","27","23","8","1","-9999","-9999","-9999","-9999","-9999"
"2507","488.135015","488.13509111","488.135150609","1461984.5","-9999","354760.7","11.43","-1","-0.121889704","0.997307829","0.950535939","0.978599073","9","0.666666667","1.333333333","13C1 N4 O12","de-protonated","1","2490","C17 H24 O12 N4 13C1","17","24","12","4","-9999","-9999","1","-9999","-9999"
"2508","488.171517","488.171593096","488.171339414","1060852.8","-9999","384604.4","7.85","-1","0.519658487","0.952181796","0.964033915","0.956922644","16","0.172413793","1","13C1 P1 O5","de-protonated","1","2495","C28 H29 O5 P1 13C1","28","29","5","-9999","1","-9999","1","-9999","-9999"
"2508","488.171517","488.171593096","488.171475759","1060852.8","-9999","384604.4","7.85","-1","0.240359721","0.989571955","0","0.593743173","16","0.25","0.964285714","N1 O7","de-protonated","0","-9999","C28 H27 O7 N1","28","27","7","1","-9999","-9999","-9999","-9999","-9999"
"2508","488.171517","488.171593096","488.171536118","1060852.8","-9999","384604.4","7.85","-1","0.116716944","0.997531205","0.967668196","0.985586002","8","0.578947368","1.473684211","13C1 N4 O11","de-protonated","1","2495","C18 H28 O11 N4 13C1","18","28","11","4","-9999","-9999","1","-9999","-9999"
"2509","488.19782","488.197896086","488.19796529","997379.3","-9999","528387.4","7.28","-1","-0.141753947","0.996360576","0","0.597816346","20","0.096774194","0.870967742","N3 O3","de-protonated","0","-9999","C31 H27 O3 N3","31","27","3","3","-9999","-9999","-9999","-9999","-9999"
"2510","488.202053","488.202129084","488.201988042","2425861.8","-9999","421359.5","20.02","-1","0.288901681","0.492484817","0.719752637","0.583391945","24","0.027777778","0.75","N1 O1","de-protonated","0","-9999","C36 H27 O1 N1","36","27","1","1","-9999","-9999","-9999","-9999","-9999"
"2510","488.202053","488.202129084","488.202338915","2425861.8","-9999","421359.5","20.02","-1","-0.429802417","0.967036501","0","0.580221901","1","0.333333333","2.222222222","N3 S2 P1 O6","de-protonated","0","-9999","C18 H40 O6 N3 P1 S2","18","40","6","3","1","2","-9999","-9999","-9999"
"2511","488.204857","488.204933083","488.205359345","2186247.3","-9999","425826.9","17.88","-1","-0.873120339","0.435407627","0.736963647","0.556030035","19","0.03030303","0.939393939","N1 S1 O1","de-protonated","0","-9999","C33 H31 O1 N1 S1","33","31","1","1","-9999","1","-9999","-9999","-9999"
"2511","488.204857","488.204933083","488.204707897","2186247.3","-9999","425826.9","17.88","-1","0.461254567","0.481065696","0.787157861","0.603502562","10","0.12","1.4","N3 S2 O3","de-protonated","0","-9999","C25 H35 O3 N3 S2","25","35","3","3","-9999","2","-9999","-9999","-9999"
"2511","488.204857","488.204933083","488.205419704","2186247.3","-9999","425826.9","17.88","-1","-0.996754398","0.8350424","0.698771242","0.780533937","11","0.208333333","1.333333333","13C1 N4 S1 O5","de-protonated","1","2498","C23 H32 O5 N4 S1 13C1","23","32","5","4","-9999","1","1","-9999","-9999"
"2512","488.206893","488.206969082","488.20720982","11083784","-9999","377333.4","97.19","-1","-0.493105348","0.31894645","0.786242736","0.505864964","6","0.380952381","1.666666667","N3 S1 O8","de-protonated","0","-9999","C21 H35 O8 N3 S1","21","35","8","3","-9999","1","-9999","-9999","-9999"
"2515","489.029656","489.029731764","489.029579071","1972178.4","-9999","439272.6","15.97","-1","0.312237339","0.982465723","0","0.589479434","5","0.8","1.533333333","S2 P1 O12","de-protonated","0","-9999","C15 H23 O12 P1 S2","15","23","12","-9999","1","2","-9999","-9999","-9999"
"2515","489.029656","489.029731764","489.02991416","1972178.4","-9999","439272.6","15.97","-1","-0.372974372","0.487537296","0.780512821","0.604727506","24","0.192307692","0.384615385","N4 S1 O5","de-protonated","0","-9999","C26 H10 O5 N4 S1","26","10","5","4","-9999","1","-9999","-9999","-9999"
"2515","489.029656","489.029731764","489.030047102","1972178.4","-9999","439272.6","15.97","-1","-0.644822045","0.92733023","0","0.556398138","11","0.866666667","1","N4 P1 O13","de-protonated","0","-9999","C15 H15 O13 N4 P1","15","15","13","4","1","-9999","-9999","-9999","-9999"
"2516","489.038245","489.038320761","489.038092606","3047895.3","-9999","352016.7","25.56","-1","0.466538963","0.480637924","0.787157861","0.603245899","19","0.36","0.6","P1 O9","de-protonated","0","-9999","C25 H15 O9 P1","25","15","9","-9999","1","-9999","-9999","-9999","-9999"
"2517","489.047385","489.047460757","489.04747552","2314204.3","-9999","392043","19.02","-1","-0.030186699","0.499917335","0.719752637","0.587851456","32","0.027777778","0.305555556","P1 O1","de-protonated","0","-9999","C36 H11 O1 P1","36","11","1","-9999","1","-9999","-9999","-9999","-9999"
"2517","489.047385","489.047460757","489.047204194","2314204.3","-9999","392043","19.02","-1","0.52461895","0.47564362","0.780512821","0.5975913","18","0.230769231","0.692307692","S2 O6","de-protonated","0","-9999","C26 H18 O6 S2","26","18","6","-9999","-9999","2","-9999","-9999","-9999"
"2517","489.047385","489.047460757","489.047337136","2314204.3","-9999","392043","19.02","-1","0.252780644","0.988472736","0","0.593083642","5","0.933333333","1.533333333","S1 P1 O14","de-protonated","0","-9999","C15 H23 O14 P1 S1","15","23","14","-9999","1","1","-9999","-9999","-9999"
"2517","489.047385","489.047460757","489.047672225","2314204.3","-9999","392043","19.02","-1","-0.432406146","0.483321332","0.780512821","0.602197928","24","0.269230769","0.384615385","N4 O7","de-protonated","0","-9999","C26 H10 O7 N4","26","10","7","4","-9999","-9999","-9999","-9999","-9999"
"2518","489.059227","489.059302753","489.059089032","1094883","-9999","371809.7","8.15","-1","0.437004214","0.965941754","0","0.579565052","27","0.090909091","0.424242424","S1 O3","de-protonated","0","-9999","C33 H14 O3 S1","33","14","3","-9999","-9999","1","-9999","-9999","-9999"
"2518","489.059227","489.059302753","489.059221974","1094883","-9999","371809.7","8.15","-1","0.165172538","0.995061955","0","0.597037173","14","0.5","0.863636364","P1 O11","de-protonated","0","-9999","C22 H19 O11 P1","22","19","11","-9999","1","-9999","-9999","-9999","-9999"
"2519","489.063702","489.063777751","489.06344143","1057253.4","-9999","456068.9","7.81","-1","0.687683651","0.917769801","0","0.550661881","10","0.882352941","1.058823529","N2 O15","de-protonated","0","-9999","C17 H18 O15 N2","17","18","15","2","-9999","-9999","-9999","-9999","-9999"
"2519","489.063702","489.063777751","489.063930688","1057253.4","-9999","456068.9","7.81","-1","-0.312712526","0.982412785","0","0.589447671","14","0.35","0.95","N4 S1 P1 O7","de-protonated","0","-9999","C20 H19 O7 N4 P1 S1","20","19","7","4","1","1","-9999","-9999","-9999"
"2520","489.06603","489.06610575","489.06596458","3444198.8","-9999","357284.4","29.09","-1","0.288652029","0.492497702","0.85247738","0.636489573","4","0.6875","1.6875","S2 P1 O11","de-protonated","0","-9999","C16 H27 O11 P1 S2","16","27","11","-9999","1","2","-9999","-9999","-9999"
"2520","489.06603","489.06610575","489.066299669","3444198.8","-9999","357284.4","29.09","-1","-0.396508688","0.485937926","0.773979033","0.601154369","23","0.148148148","0.518518519","N4 S1 O4","de-protonated","0","-9999","C27 H14 O4 N4 S1","27","14","4","4","-9999","1","-9999","-9999","-9999"
"2520","489.06603","489.06610575","489.066432611","3444198.8","-9999","357284.4","29.09","-1","-0.66833613","0.461074593","0.85247738","0.617635708","10","0.75","1.1875","N4 P1 O12","de-protonated","0","-9999","C16 H19 O12 N4 P1","16","19","12","4","1","-9999","-9999","-9999","-9999"
"2521","489.069789","489.069864749","489.070322421","1466344.9","-9999","445519.6","11.46","-1","-0.935800987","0.426541311","0.742885034","0.5530788","27","0.0625","0.4375","N2 S1 O2","de-protonated","0","-9999","C32 H14 O2 N2 S1","32","14","2","2","-9999","1","-9999","-9999","-9999"
"2521","489.069789","489.069864749","489.069670973","1466344.9","-9999","445519.6","11.46","-1","0.396213876","0.971917066","0","0.58315024","18","0.166666667","0.75","N4 S2 O4","de-protonated","0","-9999","C24 H18 O4 N4 S2","24","18","4","4","-9999","2","-9999","-9999","-9999"
"2521","489.069789","489.069864749","489.069803914","1466344.9","-9999","445519.6","11.46","-1","0.124388092","0.997196491","0","0.598317895","5","0.923076923","1.769230769","N4 S1 P1 O12","de-protonated","0","-9999","C13 H23 O12 N4 P1 S1","13","23","12","4","1","1","-9999","-9999","-9999"
"2522","489.074588","489.074663747","489.074478115","6523371.5","-9999","353323.8","56.54","-1","0.379557578","0.97316688","0.969865327","0.971846258","18","0.307692308","0.730769231","P1 O8","de-protonated","0","-9999","C26 H19 O8 P1","26","19","8","-9999","1","-9999","-9999","-9999","-9999"
"2522","489.074588","489.074663747","489.074206789","6523371.5","-9999","353323.8","56.54","-1","0.934332824","0.567652045","0.929124245","0.712240925","4","0.8125","1.625","S2 O13","de-protonated","0","-9999","C16 H26 O13 S2","16","26","13","-9999","-9999","2","-9999","-9999","-9999"
"2522","489.074588","489.074663747","489.07467482","6523371.5","-9999","353323.8","56.54","-1","-0.022639826","0.999949398","0.958170113","0.983237684","10","0.875","1.125","N4 O14","de-protonated","0","-9999","C16 H18 O14 N4","16","18","14","4","-9999","-9999","-9999","-9999","-9999"
"2523","489.078701","489.078776745","489.078697572","1017837.8","-9999","527673.1","7.46","-1","0.16188365","0.995256186","0","0.597153712","14","0.571428571","0.857142857","N2 O12","de-protonated","0","-9999","C21 H18 O12 N2","21","18","12","2","-9999","-9999","-9999","-9999","-9999"
"2523","489.078701","489.078776745","489.079186829","1017837.8","-9999","527673.1","7.46","-1","-0.838480795","0.880233992","0","0.528140395","18","0.166666667","0.791666667","N4 S1 P1 O4","de-protonated","0","-9999","C24 H19 O4 N4 P1 S1","24","19","4","4","1","1","-9999","-9999","-9999"
"2524","489.083639","489.083714743","489.083589703","3513840.5","-9999","364614.9","29.71","-1","0.255661953","0.494105008","0.773979033","0.606054618","17","0.185185185","0.814814815","S2 O5","de-protonated","0","-9999","C27 H22 O5 S2","27","22","5","-9999","-9999","2","-9999","-9999","-9999"
"2524","489.083639","489.083714743","489.083722645","3513840.5","-9999","364614.9","29.71","-1","-0.016156057","0.49997632","0.85247738","0.640976744","4","0.8125","1.6875","S1 P1 O13","de-protonated","0","-9999","C16 H27 O13 P1 S1","16","27","13","-9999","1","1","-9999","-9999","-9999"
"2524","489.083639","489.083714743","489.084057734","3513840.5","-9999","364614.9","29.71","-1","-0.701291688","0.457313803","0.773979033","0.583979895","23","0.222222222","0.518518519","N4 O6","de-protonated","0","-9999","C27 H14 O6 N4","27","14","6","4","-9999","-9999","-9999","-9999","-9999"
"2525","489.087859","489.087934742","489.088080486","1124851","-9999","449987","8.42","-1","-0.297991756","0.984016634","0","0.59040998","27","0.125","0.4375","N2 O4","de-protonated","0","-9999","C32 H14 O4 N2","32","14","4","2","-9999","-9999","-9999","-9999","-9999"
"2526","489.09566","489.095735739","489.095474541","1965559.3","-9999","362857.9","15.91","-1","0.534041843","0.474783451","0.73113591","0.577324435","26","0.058823529","0.529411765","S1 O2","de-protonated","0","-9999","C34 H18 O2 S1","34","18","2","-9999","-9999","1","-9999","-9999","-9999"
"2526","489.09566","489.095735739","489.095607483","1965559.3","-9999","362857.9","15.91","-1","0.262230363","0.493800121","0.800793265","0.616597379","13","0.434782609","1","P1 O10","de-protonated","0","-9999","C23 H23 O10 P1","23","23","10","-9999","1","-9999","-9999","-9999","-9999"
"2527","489.102522","489.102597736","489.10235009","2110971","-9999","337950.5","17.21","-1","0.506328431","0.954547642","0","0.572728585","3","0.588235294","1.823529412","S2 P1 O10","de-protonated","0","-9999","C17 H31 O10 P1 S2","17","31","10","-9999","1","2","-9999","-9999","-9999"
"2527","489.102522","489.102597736","489.102685179","2110971","-9999","337950.5","17.21","-1","-0.178781464","0.497108588","0.767553728","0.605286644","22","0.107142857","0.642857143","N4 S1 O3","de-protonated","0","-9999","C28 H18 O3 N4 S1","28","18","3","4","-9999","1","-9999","-9999","-9999"
"2527","489.102522","489.102597736","489.10281812","2110971","-9999","337950.5","17.21","-1","-0.450588744","0.963830754","0","0.578298453","9","0.647058824","1.352941176","N4 P1 O11","de-protonated","0","-9999","C17 H23 O11 N4 P1","17","23","11","4","1","-9999","-9999","-9999","-9999"
"2528","489.1061","489.106175735","489.106056482","1243133.1","-9999","406996.3","9.47","-1","0.243817881","0.989271358","0","0.593562815","17","0.12","0.88","N4 S2 O3","de-protonated","0","-9999","C25 H22 O3 N4 S2","25","22","3","4","-9999","2","-9999","-9999","-9999"
"2528","489.1061","489.106175735","489.106189424","1243133.1","-9999","406996.3","9.47","-1","-0.027987639","0.99985788","0","0.599914728","4","0.785714286","1.928571429","N4 S1 P1 O11","de-protonated","0","-9999","C14 H27 O11 N4 P1 S1","14","27","11","4","1","1","-9999","-9999","-9999"
"2529","489.107716","489.107791734","489.107710252","1025022","-9999","614155.6","7.53","-1","0.166592953","0.994976874","0","0.596986125","12","0.173913043","1.173913043","N2 S2 P1 O4","de-protonated","0","-9999","C23 H27 O4 N2 P1 S2","23","27","4","2","1","2","-9999","-9999","-9999"
"2530","489.110987","489.111062733","489.110863624","6388224","-9999","368999.5","55.33","-1","0.407082562","0.977748647","0.972171751","0.975517889","17","0.259259259","0.851851852","P1 O7","de-protonated","0","-9999","C27 H23 O7 P1","27","23","7","-9999","1","-9999","-9999","-9999","-9999"
"2530","489.110987","489.111062733","489.110592298","6388224","-9999","368999.5","55.33","-1","0.961816552","0.575006469","0.929726258","0.716894385","3","0.705882353","1.764705882","S2 O12","de-protonated","0","-9999","C17 H30 O12 S2","17","30","12","-9999","-9999","2","-9999","-9999","-9999"
"2530","489.110987","489.111062733","489.111060329","6388224","-9999","368999.5","55.33","-1","0.004915066","0.998822422","0.957118074","0.982140683","9","0.764705882","1.294117647","N4 O13","de-protonated","0","-9999","C17 H22 O13 N4","17","22","13","4","-9999","-9999","-9999","-9999","-9999"
"2531","489.11949","489.11956573","489.119975213","1454852.6","-9999","343119","11.36","-1","-0.837183441","0.880581275","0","0.528348765","16","0.142857143","0.928571429","S2 O4","de-protonated","0","-9999","C28 H26 O4 S2","28","26","4","-9999","-9999","2","-9999","-9999","-9999"
"2531","489.11949","489.11956573","489.119105833","1454852.6","-9999","343119","11.36","-1","0.940255084","0.851790149","0","0.51107409","17","0.333333333","0.814814815","O9","de-protonated","0","-9999","C27 H22 O9","27","22","9","-9999","-9999","-9999","-9999","-9999","-9999"
"2531","489.11949","489.11956573","489.11959509","1454852.6","-9999","343119","11.36","-1","-0.060027495","0.9993464","0","0.59960784","21","0.033333333","0.766666667","N2 S1 P1 O1","de-protonated","0","-9999","C30 H23 O1 N2 P1 S1","30","23","1","2","1","1","-9999","-9999","-9999"
"2532","489.124048","489.124123728","489.124465995","2168327","-9999","390821.4","17.72","-1","-0.699755542","0.457492426","0.736963647","0.569280915","26","0.090909091","0.545454545","N2 O3","de-protonated","0","-9999","C33 H18 O3 N2","33","18","3","2","-9999","-9999","-9999","-9999","-9999"
"2532","489.124048","489.124123728","489.123814547","2168327","-9999","390821.4","17.72","-1","0.632112187","0.465032551","0.787157861","0.593882675","17","0.2","0.88","N4 S1 O5","de-protonated","0","-9999","C25 H22 O5 N4 S1","25","22","5","4","-9999","1","-9999","-9999","-9999"
"2532","489.124048","489.124123728","489.123947488","2168327","-9999","390821.4","17.72","-1","0.360316429","0.976718195","0","0.586030917","4","0.928571429","1.928571429","N4 P1 O13","de-protonated","0","-9999","C14 H27 O13 N4 P1","14","27","13","4","1","-9999","-9999","-9999","-9999"
"2533","489.132117","489.132192725","489.131860051","1547787.6","-9999","405752.8","12.19","-1","0.680131539","0.459745816","0.725399619","0.566007337","25","0.028571429","0.628571429","S1 O1","de-protonated","0","-9999","C35 H22 O1 S1","35","22","1","-9999","-9999","1","-9999","-9999","-9999"
"2533","489.132117","489.132192725","489.131992992","1547787.6","-9999","405752.8","12.19","-1","0.408340238","0.970198032","0","0.582118819","12","0.375","1.125","P1 O9","de-protonated","0","-9999","C24 H27 O9 P1","24","27","9","-9999","1","-9999","-9999","-9999","-9999"
"2534","489.142325","489.142400721","489.142441991","1976337.4","-9999","362910.7","16.01","-1","-0.084373279","0.499354564","0.780512821","0.611817867","16","0.076923077","1","N4 S2 O2","de-protonated","0","-9999","C26 H26 O2 N4 S2","26","26","2","4","-9999","2","-9999","-9999","-9999"
"2534","489.142325","489.142400721","489.142574933","1976337.4","-9999","362910.7","16.01","-1","-0.356158491","0.977246299","0","0.58634778","3","0.666666667","2.066666667","N4 S1 P1 O10","de-protonated","0","-9999","C15 H31 O10 N4 P1 S1","15","31","10","4","1","1","-9999","-9999","-9999"
"2535","489.147363","489.147438719","489.147249134","10748436","-9999","357109.4","94.2","-1","0.387582862","0.965380913","0.955888993","0.961584145","16","0.214285714","0.964285714","P1 O6","de-protonated","0","-9999","C28 H27 O6 P1","28","27","6","-9999","1","-9999","-9999","-9999","-9999"
"2535","489.147363","489.147438719","489.146977808","10748436","-9999","357109.4","94.2","-1","0.942275577","0.283734159","0.778715395","0.481726653","2","0.611111111","1.888888889","S2 O11","de-protonated","0","-9999","C18 H34 O11 S2","18","34","11","-9999","-9999","2","-9999","-9999","-9999"
"2535","489.147363","489.147438719","489.147445838","10748436","-9999","357109.4","94.2","-1","-0.01455471","0.999294093","0.974622684","0.98942553","8","0.666666667","1.444444444","N4 O12","de-protonated","0","-9999","C18 H26 O12 N4","18","26","12","4","-9999","-9999","-9999","-9999","-9999"
"2536","489.160519","489.160594714","489.160851505","2163227.5","-9999","386890.2","17.67","-1","-0.524962299","0.475612519","0.73113591","0.577821875","25","0.058823529","0.647058824","N2 O2","de-protonated","0","-9999","C34 H22 O2 N2","34","22","2","2","-9999","-9999","-9999","-9999","-9999"
"2536","489.160519","489.160594714","489.160200056","2163227.5","-9999","386890.2","17.67","-1","0.806806594","0.444298421","0.780512821","0.578784181","16","0.153846154","1","N4 S1 O4","de-protonated","0","-9999","C26 H26 O4 N4 S1","26","26","4","4","-9999","1","-9999","-9999","-9999"
"2536","489.160519","489.160594714","489.160332998","2163227.5","-9999","386890.2","17.67","-1","0.535031006","0.949384717","0","0.56963083","3","0.8","2.066666667","N4 P1 O12","de-protonated","0","-9999","C15 H31 O12 N4 P1","15","31","12","4","1","-9999","-9999","-9999","-9999"
"2537","489.182491","489.182566705","489.182493937","1509415.8","-9999","716437.1","11.84","-1","0.148754691","0.995992961","0","0.597595776","2","0.833333333","1.888888889","O15","de-protonated","0","-9999","C18 H34 O15","18","34","15","-9999","-9999","-9999","-9999","-9999","-9999"
"2537","489.182491","489.182566705","489.182983194","1509415.8","-9999","716437.1","11.84","-1","-0.85139748","0.876754637","0","0.526052782","6","0.333333333","1.666666667","N2 S1 P1 O7","de-protonated","0","-9999","C21 H35 O7 N2 P1 S1","21","35","7","2","1","1","-9999","-9999","-9999"
"2538","489.183845","489.183920705","489.183634643","5102120.5","-9999","397730.3","43.87","-1","0.584773523","0.924324661","0.984245461","0.948292981","15","0.172413793","1.068965517","P1 O5","de-protonated","0","-9999","C29 H31 O5 P1","29","31","5","-9999","1","-9999","-9999","-9999","-9999"
"2538","489.183845","489.183920705","489.183831348","5102120.5","-9999","397730.3","43.87","-1","0.182665782","0.987511291","0.94745665","0.971489435","7","0.578947368","1.578947368","N4 O11","de-protonated","0","-9999","C19 H30 O11 N4","19","30","11","4","-9999","-9999","-9999","-9999","-9999"
"2539","489.197104","489.1971797","489.197237014","1012527.9","-9999","473737.1","7.41","-1","-0.117160307","0.997512437","0","0.598507462","24","0.028571429","0.742857143","N2 O1","de-protonated","0","-9999","C35 H26 O1 N2","35","26","1","2","-9999","-9999","-9999","-9999","-9999"
"2539","489.197104","489.1971797","489.197587887","1012527.9","-9999","473737.1","7.41","-1","-0.834401944","0.881324488","0","0.528794693","1","0.352941176","2.294117647","N4 S2 P1 O6","de-protonated","0","-9999","C17 H39 O6 N4 P1 S2","17","39","6","4","1","2","-9999","-9999","-9999"
"2539","489.197104","489.1971797","489.196718507","1012527.9","-9999","473737.1","7.41","-1","0.94275459","0.851063027","0","0.510637816","2","0.6875","2.1875","N4 P1 O11","de-protonated","0","-9999","C16 H35 O11 N4 P1","16","35","11","4","1","-9999","-9999","-9999","-9999"
"2540","489.20952","489.209595695","489.209852847","4501047","-9999","287664.8","38.51","-1","-0.525649078","0.968577859","0.9987479","0.980645875","5","0.272727273","1.727272727","N2 S2 O6","de-protonated","0","-9999","C22 H38 O6 N2 S2","22","38","6","2","-9999","2","-9999","-9999","-9999"
"2540","489.20952","489.209595695","489.209472725","4501047","-9999","287664.8","38.51","-1","0.251364331","0.972365917","0.987379458","0.978371334","10","0.125","1.458333333","N4 S1 P1 O3","de-protonated","0","-9999","C24 H35 O3 N4 P1 S1","24","35","3","4","1","1","-9999","-9999","-9999"
"2541","489.217789","489.217864692","489.217714933","1760827.4","-9999","426501.1","14.08","-1","0.306117543","0.983140554","0","0.589884332","10","0.208333333","1.416666667","N4 S1 O5","de-protonated","0","-9999","C24 H34 O5 N4 S1","24","34","5","4","-9999","1","-9999","-9999","-9999"
"2542","489.220167","489.220242691","489.220020152","2075708.8","-9999","305031.2","16.89","-1","0.454883767","0.481575429","0.755017935","0.590952432","14","0.133333333","1.166666667","P1 O4","de-protonated","0","-9999","C30 H35 O4 P1","30","35","4","-9999","1","-9999","-9999","-9999","-9999"
"2542","489.220167","489.220242691","489.220216857","2075708.8","-9999","305031.2","16.89","-1","0.052805986","0.999494163","0","0.599696498","6","0.5","1.7","N4 O10","de-protonated","0","-9999","C20 H34 O10 N4","20","34","10","4","-9999","-9999","-9999","-9999","-9999"
"2543","489.242713","489.242788682","489.242867054","1804873.4","-9999","401797.7","14.48","-1","-0.1601895","0.497677363","0.780512821","0.610811546","9","0.192307692","1.461538462","N2 S1 O5","de-protonated","0","-9999","C26 H38 O5 N2 S1","26","38","5","2","-9999","1","-9999","-9999","-9999"
"2543","489.242713","489.242788682","489.242486931","1804873.4","-9999","401797.7","14.48","-1","0.61677176","0.466651943","0.767553728","0.587012657","14","0.071428571","1.25","N4 P1 O2","de-protonated","0","-9999","C28 H35 O2 N4 P1","28","35","2","4","1","-9999","-9999","-9999","-9999"
"2544","489.27427","489.27434567","489.274381658","1503835","-9999","347870.3","11.79","-1","-0.073553718","0.999018817","0","0.59941129","3","0.083333333","1.958333333","N2 S2 P1 O2","de-protonated","0","-9999","C24 H47 O2 N2 P1 S2","24","47","2","2","1","2","-9999","-9999","-9999"
"2546","489.278968","489.279043668","489.279252563","6613597.5","-9999","355623","57.34","-1","-0.426944194","0.954578251","0.948624364","0.952196696","8","0.148148148","1.555555556","N2 S1 O4","de-protonated","0","-9999","C27 H42 O4 N2 S1","27","42","4","2","-9999","1","-9999","-9999","-9999"
"2546","489.278968","489.279043668","489.27887244","6613597.5","-9999","355623","57.34","-1","0.34995908","0.985399383","0.935879557","0.965591452","13","0.034482759","1.344827586","N4 P1 O1","de-protonated","0","-9999","C29 H39 O1 N4 P1","29","39","1","4","1","-9999","-9999","-9999","-9999"
"2547","489.284579","489.284654666","489.284745667","1631328.8","-9999","371650.5","12.93","-1","-0.185988539","0.993743032","0","0.596245819","4","0.272727273","1.954545455","N4 P1 O6","de-protonated","0","-9999","C22 H43 O6 N4 P1","22","43","6","4","1","-9999","-9999","-9999","-9999"
"2548","490.077951","490.078026359","490.07783295","1523740.9","-9999","461203.5","11.97","-1","0.394649492","0.972135277","0.969865327","0.971227297","18","0.307692308","0.730769231","13C1 P1 O8","de-protonated","1","2522","C25 H19 O8 P1 13C1","25","19","8","-9999","1","-9999","1","-9999","-9999"
"2548","490.077951","490.078026359","490.077561624","1523740.9","-9999","461203.5","11.97","-1","0.948288933","0.566298936","0.929124245","0.71142906","4","0.8125","1.625","13C1 S2 O13","de-protonated","1","2522","C15 H26 O13 S2 13C1","15","26","13","-9999","-9999","2","1","-9999","-9999"
"2548","490.077951","490.078026359","490.077969296","1523740.9","-9999","461203.5","11.97","-1","0.116437284","0.997543007","0","0.598525804","18","0.4","0.68","N1 O10","de-protonated","0","-9999","C25 H17 O10 N1","25","17","10","1","-9999","-9999","-9999","-9999","-9999"
"2548","490.077951","490.078026359","490.078458553","1523740.9","-9999","461203.5","11.97","-1","-0.881887368","0.868387496","0","0.521032498","22","0.071428571","0.642857143","N3 S1 P1 O2","de-protonated","0","-9999","C28 H18 O2 N3 P1 S1","28","18","2","3","1","1","-9999","-9999","-9999"
"2548","490.077951","490.078026359","490.078029655","1523740.9","-9999","461203.5","11.97","-1","-0.006724484","0.999991795","0.958170113","0.983263122","10","0.875","1.125","13C1 N4 O14","de-protonated","1","2522","C15 H18 O14 N4 13C1","15","18","14","4","-9999","-9999","1","-9999","-9999"
"2549","490.114284","490.114359345","490.11421845900003","1579057.1","-9999","395792.5","12.46","-1","0.28745457","0.985118709","0.972171751","0.979939926","17","0.259259259","0.851851852","13C1 P1 O7","de-protonated","1","2530","C26 H23 O7 P1 13C1","26","23","7","-9999","1","-9999","1","-9999","-9999"
"2549","490.114284","490.114359345","490.113947133","1579057.1","-9999","395792.5","12.46","-1","0.84105285","0.586362871","0.929726258","0.723708226","3","0.705882353","1.764705882","13C1 S2 O12","de-protonated","1","2530","C16 H30 O12 S2 13C1","16","30","12","-9999","-9999","2","1","-9999","-9999"
"2549","490.114284","490.114359345","490.114354805","1579057.1","-9999","395792.5","12.46","-1","0.009263046","0.999984431","0","0.599990659","17","0.346153846","0.807692308","N1 O9","de-protonated","0","-9999","C26 H21 O9 N1","26","21","9","1","-9999","-9999","-9999","-9999","-9999"
"2549","490.114284","490.114359345","490.114844062","1579057.1","-9999","395792.5","12.46","-1","-0.988987385","0.418691284","0.761234226","0.555708461","21","0.034482759","0.75862069","N3 S1 P1 O1","de-protonated","0","-9999","C29 H22 O1 N3 P1 S1","29","22","1","3","1","1","-9999","-9999","-9999"
"2549","490.114284","490.114359345","490.114415164","1579057.1","-9999","395792.5","12.46","-1","-0.113889566","0.997649227","0.957118074","0.981436766","9","0.764705882","1.294117647","13C1 N4 O13","de-protonated","1","2530","C16 H22 O13 N4 13C1","16","22","13","4","-9999","-9999","1","-9999","-9999"
"2550","490.150768","490.150843331","490.150603969","2494021.8","-9999","328780.9","20.61","-1","0.488344023","0.957651006","0.955888993","0.956946201","16","0.214285714","0.964285714","13C1 P1 O6","de-protonated","1","2535","C27 H27 O6 P1 13C1","27","27","6","-9999","1","-9999","1","-9999","-9999"
"2550","490.150768","490.150843331","490.150740314","2494021.8","-9999","328780.9","20.61","-1","0.210173094","0.496008476","0.773979033","0.607196699","16","0.296296296","0.925925926","N1 O8","de-protonated","0","-9999","C27 H25 O8 N1","27","25","8","1","-9999","-9999","-9999","-9999","-9999"
"2550","490.150768","490.150843331","490.150800673","2494021.8","-9999","328780.9","20.61","-1","0.0870296","0.998626624","0.974622684","0.989025048","8","0.666666667","1.444444444","13C1 N4 O12","de-protonated","1","2535","C17 H26 O12 N4 13C1","17","26","12","4","-9999","-9999","1","-9999","-9999"
"2551","490.18727","490.187345317","490.186989478","1464410.1","-9999","472608.3","11.44","-1","0.725924319","0.908811743","0.984245461","0.93898523","15","0.172413793","1.068965517","13C1 P1 O5","de-protonated","1","2538","C28 H31 O5 P1 13C1","28","31","5","-9999","1","-9999","1","-9999","-9999"
"2551","490.18727","490.187345317","490.187125824","1464410.1","-9999","472608.3","11.44","-1","0.447773973","0.964273087","0","0.578563852","15","0.25","1.035714286","N1 O7","de-protonated","0","-9999","C28 H29 O7 N1","28","29","7","1","-9999","-9999","-9999","-9999","-9999"
"2551","490.18727","490.187345317","490.187186183","1464410.1","-9999","472608.3","11.44","-1","0.324639589","0.981058652","0.94745665","0.967617851","7","0.578947368","1.578947368","13C1 N4 O11","de-protonated","1","2538","C18 H30 O11 N4 13C1","18","30","11","4","-9999","-9999","1","-9999","-9999"
"2552","490.212996","490.213071307","490.213207683","1079656.5","-9999","369015.3","8.01","-1","-0.278196725","0.986055208","0.9987479","0.991132285","5","0.272727273","1.727272727","13C1 N2 S2 O6","de-protonated","1","2540","C21 H38 O6 N2 S2 13C1","21","38","6","2","-9999","2","1","-9999","-9999"
"2552","490.212996","490.213071307","490.21282756","1079656.5","-9999","369015.3","8.01","-1","0.497226506","0.956131024","0.987379458","0.968630398","10","0.125","1.458333333","13C1 N4 S1 P1 O3","de-protonated","1","2540","C23 H35 O3 N4 P1 S1 13C1","23","35","3","4","1","1","1","-9999","-9999"
"2553","490.28225","490.28232528","490.28189559","1399439.5","-9999","337931.6","10.86","-1","0.876413534","0.869905356","0","0.521943213","7","0.071428571","1.607142857","N1 S2 O2","de-protonated","0","-9999","C28 H45 O2 N1 S2","28","45","2","1","-9999","2","-9999","-9999","-9999"
"2553","490.28225","490.28232528","490.282607398","1399439.5","-9999","337931.6","10.86","-1","-0.575418865","0.941690225","0.948624364","0.944463881","8","0.148148148","1.555555556","13C1 N2 S1 O4","de-protonated","1","2546","C26 H42 O4 N2 S1 13C1","26","42","4","2","-9999","1","1","-9999","-9999"
"2553","490.28225","490.28232528","490.282227275","1399439.5","-9999","337931.6","10.86","-1","0.199894373","0.992775937","0.935879557","0.970017385","13","0.034482759","1.344827586","13C1 N4 P1 O1","de-protonated","1","2546","C28 H39 O1 N4 P1 13C1","28","39","1","4","1","-9999","1","-9999","-9999"
"2556","491.008895","491.008969999","491.008843626","1201960.3","-9999","384798.7","9.09","-1","0.257374259","0.98805251","0","0.592831506","5","0.928571429","1.5","S2 P1 O13","de-protonated","0","-9999","C14 H21 O13 P1 S2","14","21","13","-9999","1","2","-9999","-9999","-9999"
"2556","491.008895","491.008969999","491.009178715","1201960.3","-9999","384798.7","9.09","-1","-0.425075318","0.967745842","0","0.580647505","24","0.24","0.32","N4 S1 O6","de-protonated","0","-9999","C25 H8 O6 N4 S1","25","8","6","4","-9999","1","-9999","-9999","-9999"
"2557","491.02668","491.026754992","491.026468749","1216050.3","-9999","411922.1","9.22","-1","0.582948518","0.940201071","0","0.564120643","18","0.28","0.64","S2 O7","de-protonated","0","-9999","C25 H16 O7 S2","25","16","7","-9999","-9999","2","-9999","-9999","-9999"
"2557","491.02668","491.026754992","491.02693678","1216050.3","-9999","411922.1","9.22","-1","-0.370218993","0.975436966","0","0.585262179","24","0.32","0.32","N4 O8","de-protonated","0","-9999","C25 H8 O8 N4","25","8","8","4","-9999","-9999","-9999","-9999","-9999"
"2558","491.045381","491.045455985","491.045229135","2575420.8","-9999","321319.7","21.34","-1","0.461972888","0.962015623","0","0.577209374","4","0.8","1.666666667","S2 P1 O12","de-protonated","0","-9999","C15 H25 O12 P1 S2","15","25","12","-9999","1","2","-9999","-9999","-9999"
"2558","491.045381","491.045455985","491.045564224","2575420.8","-9999","321319.7","21.34","-1","-0.220426261","0.495611284","0.780512821","0.609571898","23","0.192307692","0.461538462","N4 S1 O5","de-protonated","0","-9999","C26 H12 O5 N4 S1","26","12","5","4","-9999","1","-9999","-9999","-9999"
"2558","491.045381","491.045455985","491.045697166","2575420.8","-9999","321319.7","21.34","-1","-0.491158092","0.957172164","0","0.574303298","10","0.866666667","1.133333333","N4 P1 O13","de-protonated","0","-9999","C15 H17 O13 N4 P1","15","17","13","4","1","-9999","-9999","-9999","-9999"
"2559","491.049098","491.049172984","491.049586976","1662526.9","-9999","438322.9","13.2","-1","-0.84307733","0.439500174","0.748902347","0.563261043","27","0.096774194","0.387096774","N2 S1 O3","de-protonated","0","-9999","C31 H12 O3 N2 S1","31","12","3","2","-9999","1","-9999","-9999","-9999"
"2559","491.049098","491.049172984","491.048935528","1662526.9","-9999","438322.9","13.2","-1","0.483568721","0.958457818","0","0.575074691","18","0.217391304","0.695652174","N4 S2 O5","de-protonated","0","-9999","C23 H16 O5 N4 S2","23","16","5","4","-9999","2","-9999","-9999","-9999"
"2560","491.053919","491.053993982","491.053609728","6385217.5","-9999","357801.9","55.29","-1","0.782507967","0.905454071","0.908905214","0.906834528","31","0.027777778","0.333333333","S1 O1","de-protonated","0","-9999","C36 H12 O1 S1","36","12","1","-9999","-9999","1","-9999","-9999","-9999"
"2560","491.053919","491.053993982","491.05374267","6385217.5","-9999","357801.9","55.29","-1","0.5117803","0.960677314","0.976310438","0.966930564","18","0.36","0.68","P1 O9","de-protonated","0","-9999","C25 H17 O9 P1","25","17","9","-9999","1","-9999","-9999","-9999","-9999"
"2561","491.06303","491.063104978","491.063125585","2275398.8","-9999","374947.1","18.66","-1","-0.041962854","0.499840271","0.719752637","0.587805217","31","0.027777778","0.361111111","P1 O1","de-protonated","0","-9999","C36 H13 O1 P1","36","13","1","-9999","1","-9999","-9999","-9999","-9999"
"2561","491.06303","491.063104978","491.062854258","2275398.8","-9999","374947.1","18.66","-1","0.510565496","0.476900835","0.780512821","0.598345629","17","0.230769231","0.769230769","S2 O6","de-protonated","0","-9999","C26 H20 O6 S2","26","20","6","-9999","-9999","2","-9999","-9999","-9999"
"2561","491.06303","491.063104978","491.0629872","2275398.8","-9999","374947.1","18.66","-1","0.239842999","0.98961651","0","0.593769906","4","0.933333333","1.666666667","S1 P1 O14","de-protonated","0","-9999","C15 H25 O14 P1 S1","15","25","14","-9999","1","1","-9999","-9999","-9999"
"2561","491.06303","491.063104978","491.063322289","2275398.8","-9999","374947.1","18.66","-1","-0.44253132","0.482545049","0.780512821","0.601732158","23","0.269230769","0.461538462","N4 O7","de-protonated","0","-9999","C26 H12 O7 N4","26","12","7","4","-9999","-9999","-9999","-9999","-9999"
"2562","491.079721","491.079795972","491.080232201","1114192.1","-9999","432454.4","8.31","-1","-0.888304791","0.866599359","0","0.519959615","22","0.178571429","0.607142857","N2 P1 O5","de-protonated","0","-9999","C28 H17 O5 N2 P1","28","17","5","2","1","-9999","-9999","-9999","-9999"
"2562","491.079721","491.079795972","491.079960875","1114192.1","-9999","432454.4","8.31","-1","-0.335796155","0.979747902","0","0.587848741","8","0.555555556","1.333333333","N2 S2 O10","de-protonated","0","-9999","C18 H24 O10 N2 S2","18","24","10","2","-9999","2","-9999","-9999","-9999"
"2562","491.079721","491.079795972","491.079580752","1114192.1","-9999","432454.4","8.31","-1","0.438258412","0.965749372","0","0.579449623","13","0.35","1.05","N4 S1 P1 O7","de-protonated","0","-9999","C20 H21 O7 N4 P1 S1","20","21","7","4","1","1","-9999","-9999","-9999"
"2563","491.08187","491.081944971","491.081614645","3281489.3","-9999","327496.3","27.63","-1","0.672650159","0.460590861","0.85247738","0.617345469","3","0.6875","1.8125","S2 P1 O11","de-protonated","0","-9999","C16 H29 O11 P1 S2","16","29","11","-9999","1","2","-9999","-9999","-9999"
"2563","491.08187","491.081944971","491.081949734","3281489.3","-9999","327496.3","27.63","-1","-0.009698572","0.94455493","0.907018626","0.929540408","22","0.148148148","0.592592593","N4 S1 O4","de-protonated","0","-9999","C27 H16 O4 N4 S1","27","16","4","4","-9999","1","-9999","-9999","-9999"
"2563","491.08187","491.081944971","491.082082675","3281489.3","-9999","327496.3","27.63","-1","-0.280410401","0.967648408","0.828520278","0.911997156","9","0.75","1.3125","N4 P1 O12","de-protonated","0","-9999","C16 H21 O12 N4 P1","16","21","12","4","1","-9999","-9999","-9999","-9999"
"2564","491.085363","491.08543797","491.08532103700003","1555539.4","-9999","441003.4","12.24","-1","0.238110428","0.989765216","0","0.59385913","17","0.166666667","0.833333333","N4 S2 O4","de-protonated","0","-9999","C24 H20 O4 N4 S2","24","20","4","4","-9999","2","-9999","-9999","-9999"
"2564","491.085363","491.08543797","491.085453979","1555539.4","-9999","441003.4","12.24","-1","-0.03259961","0.999807187","0","0.599884312","4","0.923076923","1.923076923","N4 S1 P1 O12","de-protonated","0","-9999","C13 H25 O12 N4 P1 S1","13","25","12","4","1","1","-9999","-9999","-9999"
"2565","491.090293","491.090367968","491.090128179","7857750","-9999","340088.9","68.42","-1","0.488277418","0.967415512","0.972020072","0.969257336","17","0.307692308","0.807692308","P1 O8","de-protonated","0","-9999","C26 H21 O8 P1","26","21","8","-9999","1","-9999","-9999","-9999","-9999"
"2565","491.090293","491.090367968","491.090324884","7857750","-9999","340088.9","68.42","-1","0.087730765","0.999134819","0.956015368","0.981887039","9","0.875","1.25","N4 O14","de-protonated","0","-9999","C16 H20 O14 N4","16","20","14","4","-9999","-9999","-9999","-9999","-9999"
"2566","491.099287","491.099361964","491.099239768","2053723.1","-9999","369769.4","16.69","-1","0.248822179","0.494414464","0.773979033","0.606240291","16","0.185185185","0.888888889","S2 O5","de-protonated","0","-9999","C27 H24 O5 S2","27","24","5","-9999","-9999","2","-9999","-9999","-9999"
"2566","491.099287","491.099361964","491.09937271","2053723.1","-9999","369769.4","16.69","-1","-0.021880189","0.999913137","0","0.599947882","3","0.8125","1.8125","S1 P1 O13","de-protonated","0","-9999","C16 H29 O13 P1 S1","16","29","13","-9999","1","1","-9999","-9999","-9999"
"2566","491.099287","491.099361964","491.099707798","2053723.1","-9999","369769.4","16.69","-1","-0.704203772","0.456974303","0.773979033","0.583776195","22","0.222222222","0.592592593","N4 O6","de-protonated","0","-9999","C27 H16 O6 N4","27","16","6","4","-9999","-9999","-9999","-9999","-9999"
"2567","491.118817","491.118891957","491.118986692","1020518.2","-9999","368974.2","7.48","-1","-0.192896446","0.993271209","0","0.595962726","30","0.027777778","0.444444444","N2 O1","de-protonated","0","-9999","C36 H16 O1 N2","36","16","1","2","-9999","-9999","-9999","-9999","-9999"
"2567","491.118817","491.118891957","491.118848307","1020518.2","-9999","368974.2","7.48","-1","0.088877312","0.998567731","0","0.599140639","3","0.933333333","1.866666667","N2 S1 O14","de-protonated","0","-9999","C15 H28 O14 N2 S1","15","28","14","2","-9999","1","-9999","-9999","-9999"
"2567","491.118817","491.118891957","491.119337565","1020518.2","-9999","368974.2","7.48","-1","-0.907331463","0.861243761","0","0.516746257","7","0.333333333","1.611111111","N4 S2 P1 O6","de-protonated","0","-9999","C18 H29 O6 N4 P1 S2","18","29","6","4","1","2","-9999","-9999","-9999"
"2567","491.118817","491.118891957","491.118468185","1020518.2","-9999","368974.2","7.48","-1","0.862870917","0.873631224","0","0.524178734","8","0.647058824","1.470588235","N4 P1 O11","de-protonated","0","-9999","C17 H25 O11 N4 P1","17","25","11","4","1","-9999","-9999","-9999","-9999"
"2568","491.121686","491.121760956","491.121706546","1967207.8","-9999","396306.9","15.91","-1","0.11078546","0.498887741","0.787157861","0.614195789","16","0.12","0.96","N4 S2 O3","de-protonated","0","-9999","C25 H24 O3 N4 S2","25","24","3","4","-9999","2","-9999","-9999","-9999"
"2568","491.121686","491.121760956","491.121839488","1967207.8","-9999","396306.9","15.91","-1","-0.159904487","0.995371204","0","0.597222722","3","0.785714286","2.071428571","N4 S1 P1 O11","de-protonated","0","-9999","C14 H29 O11 N4 P1 S1","14","29","11","4","1","1","-9999","-9999","-9999"
"2569","491.126682","491.126756954","491.126513689","8754795","-9999","381583.2","76.42","-1","0.495320036","0.952783823","0.958897468","0.955229281","16","0.259259259","0.925925926","P1 O7","de-protonated","0","-9999","C27 H25 O7 P1","27","25","7","-9999","1","-9999","-9999","-9999","-9999"
"2569","491.126682","491.126756954","491.126710393","8754795","-9999","381583.2","76.42","-1","0.094803055","0.997489609","0.970392357","0.986650708","8","0.764705882","1.411764706","N4 O13","de-protonated","0","-9999","C17 H24 O13 N4","17","24","13","4","-9999","-9999","-9999","-9999","-9999"
"2570","491.137486","491.137560949","491.137747078","1068656.8","-9999","363790.7","7.9","-1","-0.378974463","0.974276672","0","0.584566003","16","0.230769231","0.961538462","N2 P1 O6","de-protonated","0","-9999","C26 H25 O6 N2 P1","26","25","6","2","1","-9999","-9999","-9999","-9999"
"2570","491.137486","491.137560949","491.137475752","1068656.8","-9999","363790.7","7.9","-1","0.173469752","0.99455477","0","0.596732862","2","0.6875","2","N2 S2 O11","de-protonated","0","-9999","C16 H32 O11 N2 S2","16","32","11","2","-9999","2","-9999","-9999","-9999"
"2570","491.137486","491.137560949","491.137095629","1068656.8","-9999","363790.7","7.9","-1","0.947434067","0.849698225","0","0.509818935","7","0.444444444","1.611111111","N4 S1 P1 O8","de-protonated","0","-9999","C18 H29 O8 N4 P1 S1","18","29","8","4","1","1","-9999","-9999","-9999"
"2571","491.139781","491.139855949","491.14011606","1217394","-9999","318022.3","9.23","-1","-0.529607057","0.950379988","0","0.570227993","25","0.090909091","0.606060606","N2 O3","de-protonated","0","-9999","C33 H20 O3 N2","33","20","3","2","-9999","-9999","-9999","-9999","-9999"
"2571","491.139781","491.139855949","491.139464611","1217394","-9999","318022.3","9.23","-1","0.796794876","0.891189209","0","0.534713525","16","0.2","0.96","N4 S1 O5","de-protonated","0","-9999","C25 H24 O5 N4 S1","25","24","5","4","-9999","1","-9999","-9999","-9999"
"2571","491.139781","491.139855949","491.139597553","1217394","-9999","318022.3","9.23","-1","0.52611453","0.95101603","0","0.570609618","3","0.928571429","2.071428571","N4 P1 O13","de-protonated","0","-9999","C14 H29 O13 N4 P1","14","29","13","4","1","-9999","-9999","-9999","-9999"
"2572","491.158114","491.158188941","491.158092056","1793148.3","-9999","449456.9","14.36","-1","0.197259727","0.496482222","0.780512821","0.610094461","15","0.076923077","1.076923077","N4 S2 O2","de-protonated","0","-9999","C26 H28 O2 N4 S2","26","28","2","4","-9999","2","-9999","-9999","-9999"
"2572","491.158114","491.158188941","491.158224998","1793148.3","-9999","449456.9","14.36","-1","-0.07341019","0.999022641","0","0.599413584","2","0.666666667","2.2","N4 S1 P1 O10","de-protonated","0","-9999","C15 H33 O10 N4 P1 S1","15","33","10","4","1","1","-9999","-9999","-9999"
"2573","491.163049","491.16312394","491.162899198","9621119","-9999","351152.3","84.14","-1","0.457569971","0.960157143","0.97197529","0.964884402","15","0.214285714","1.035714286","P1 O6","de-protonated","0","-9999","C28 H29 O6 P1","28","29","6","-9999","1","-9999","-9999","-9999","-9999"
"2573","491.163049","491.16312394","491.163095903","9621119","-9999","351152.3","84.14","-1","0.057082675","0.998985992","0.958536387","0.98280615","7","0.666666667","1.555555556","N4 O12","de-protonated","0","-9999","C18 H28 O12 N4","18","28","12","4","-9999","-9999","-9999","-9999","-9999"
"2574","491.170308","491.170382937","491.170489958","2520707.3","-9999","396339.4","20.85","-1","-0.217890172","0.495711259","0.822155738","0.626289051","6","0.5","1.6","N2 S1 O10","de-protonated","0","-9999","C20 H32 O10 N2 S1","20","32","10","2","-9999","1","-9999","-9999","-9999"
"2574","491.170308","491.170382937","491.170109835","2520707.3","-9999","396339.4","20.85","-1","0.556021818","0.472723842","0.807789663","0.60675017","11","0.318181818","1.318181818","N4 P1 O7","de-protonated","0","-9999","C22 H29 O7 N4 P1","22","29","7","4","1","-9999","-9999","-9999","-9999"
"2575","491.175976","491.176050935","491.176501569","1227654.4","-9999","404873.2","9.32","-1","-0.917459635","0.858360419","0","0.515016252","24","0.058823529","0.705882353","N2 O2","de-protonated","0","-9999","C34 H24 O2 N2","34","24","2","2","-9999","-9999","-9999","-9999","-9999"
"2575","491.175976","491.176050935","491.175850121","1227654.4","-9999","404873.2","9.32","-1","0.408843525","0.970125633","0","0.58207538","15","0.153846154","1.076923077","N4 S1 O4","de-protonated","0","-9999","C26 H28 O4 N4 S1","26","28","4","4","-9999","1","-9999","-9999","-9999"
"2575","491.175976","491.176050935","491.175983062","1227654.4","-9999","404873.2","9.32","-1","0.138183337","0.996541299","0","0.597924779","2","0.8","2.2","N4 P1 O12","de-protonated","0","-9999","C15 H33 O12 N4 P1","15","33","12","4","1","-9999","-9999","-9999","-9999"
"2576","491.199492","491.199566925","491.199284708","4293267.5","-9999","350768.7","36.65","-1","0.574548791","0.955881926","0.996061359","0.971953699","14","0.172413793","1.137931034","P1 O5","de-protonated","0","-9999","C29 H33 O5 P1","29","33","5","-9999","1","-9999","-9999","-9999","-9999"
"2576","491.199492","491.199566925","491.199481412","4293267.5","-9999","350768.7","36.65","-1","0.174091115","0.997247417","0.935640752","0.972604751","6","0.578947368","1.684210526","N4 O11","de-protonated","0","-9999","C19 H32 O11 N4","19","32","11","4","-9999","-9999","-9999","-9999","-9999"
"2577","491.235866","491.235940911","491.235670217","1730728.3","-9999","377809.9","13.81","-1","0.551048224","0.473196366","0.755017935","0.585924994","13","0.133333333","1.233333333","P1 O4","de-protonated","0","-9999","C30 H37 O4 P1","30","37","4","-9999","1","-9999","-9999","-9999","-9999"
"2577","491.235866","491.235940911","491.235866921","1730728.3","-9999","377809.9","13.81","-1","0.150620218","0.995892034","0","0.597535221","5","0.5","1.8","N4 O10","de-protonated","0","-9999","C20 H36 O10 N4","20","36","10","4","-9999","-9999","-9999","-9999","-9999"
"2578","492.057232","492.057306594","492.056964563","1489528.5","-9999","471396.3","11.65","-1","0.695103309","0.916062844","0.908905214","0.913199792","31","0.027777778","0.333333333","13C1 S1 O1","de-protonated","1","2560","C35 H12 O1 S1 13C1","35","12","1","-9999","-9999","1","1","-9999","-9999"
"2578","492.057232","492.057306594","492.057097505","1489528.5","-9999","471396.3","11.65","-1","0.424927708","0.967767874","0.976310438","0.9711849","18","0.36","0.68","13C1 P1 O9","de-protonated","1","2560","C24 H17 O9 P1 13C1","24","17","9","-9999","1","-9999","1","-9999","-9999"
"2578","492.057232","492.057306594","492.057233851","1489528.5","-9999","471396.3","11.65","-1","0.14783458","0.99604228","0","0.597625368","18","0.458333333","0.625","N1 O11","de-protonated","0","-9999","C24 H15 O11 N1","24","15","11","1","-9999","-9999","-9999","-9999","-9999"
"2578","492.057232","492.057306594","492.057723108","1489528.5","-9999","471396.3","11.65","-1","-0.84647442","0.878085402","0","0.526851241","22","0.111111111","0.592592593","N3 S1 P1 O3","de-protonated","0","-9999","C27 H16 O3 N3 P1 S1","27","16","3","3","1","1","-9999","-9999","-9999"
"2579","492.085626","492.085700583","492.085377152","1537160.6","-9999","429771","12.08","-1","0.657266508","0.924607738","0","0.554764643","17","0.32","0.8","N1 P1 O8","de-protonated","0","-9999","C25 H20 O8 N1 P1","25","20","8","1","1","-9999","-9999","-9999","-9999"
"2579","492.085626","492.085700583","492.085304569","1537160.6","-9999","429771","12.08","-1","0.804767169","0.889126928","0.907018626","0.896283607","22","0.148148148","0.592592593","13C1 N4 S1 O4","de-protonated","1","2563","C26 H16 O4 N4 S1 13C1","26","16","4","4","-9999","1","1","-9999","-9999"
"2579","492.085626","492.085700583","492.085437511","1537160.6","-9999","429771","12.08","-1","0.534607098","0.94946283","0.828520278","0.901085809","9","0.75","1.3125","13C1 N4 P1 O12","de-protonated","1","2563","C15 H21 O12 N4 P1 13C1","15","21","12","4","1","-9999","1","-9999","-9999"
"2580","492.093584","492.09365858","492.093483015","1861261.1","-9999","332995.5","14.96","-1","0.356772234","0.977168715","0.972020072","0.975109258","17","0.307692308","0.807692308","13C1 P1 O8","de-protonated","1","2565","C25 H21 O8 P1 13C1","25","21","8","-9999","1","-9999","1","-9999","-9999"
"2580","492.093584","492.09365858","492.09361936","1861261.1","-9999","332995.5","14.96","-1","0.079699614","0.499424048","0.787157861","0.614517574","17","0.4","0.76","N1 O10","de-protonated","0","-9999","C25 H19 O10 N1","25","19","10","1","-9999","-9999","-9999","-9999","-9999"
"2580","492.093584","492.09365858","492.094108618","1861261.1","-9999","332995.5","14.96","-1","-0.914535799","0.892426961","0.755947004","0.837834978","21","0.071428571","0.714285714","N3 S1 P1 O2","de-protonated","0","-9999","C28 H20 O2 N3 P1 S1","28","20","2","3","1","1","-9999","-9999","-9999"
"2580","492.093584","492.09365858","492.093679719","1861261.1","-9999","332995.5","14.96","-1","-0.042957672","0.999665218","0.956015368","0.982205278","9","0.875","1.25","13C1 N4 O14","de-protonated","1","2565","C15 H20 O14 N4 13C1","15","20","14","4","-9999","-9999","1","-9999","-9999"
"2581","492.1221","492.122174569","492.122632041","1056157.4","-9999","383027","7.79","-1","-0.929589604","0.854878015","0","0.512926809","15","0.074074074","1.037037037","N1 S2 P1 O2","de-protonated","0","-9999","C27 H28 O2 N1 P1 S2","27","28","2","1","1","2","-9999","-9999","-9999"
"2581","492.1221","492.122174569","492.121762661","1056157.4","-9999","383027","7.79","-1","0.837003804","0.880629329","0","0.528377598","16","0.269230769","0.923076923","N1 P1 O7","de-protonated","0","-9999","C26 H24 O7 N1 P1","26","24","7","1","1","-9999","-9999","-9999","-9999"
"2582","492.130058","492.130132566","492.129868524","1986209.8","-9999","331438","16.08","-1","0.536528786","0.94910828","0.958897468","0.953023955","16","0.259259259","0.925925926","13C1 P1 O7","de-protonated","1","2569","C26 H25 O7 P1 13C1","26","25","7","-9999","1","-9999","1","-9999","-9999"
"2582","492.130058","492.130132566","492.13000487","1986209.8","-9999","331438","16.08","-1","0.259476601","0.493928862","0.780512821","0.608562445","16","0.346153846","0.884615385","N1 O9","de-protonated","0","-9999","C26 H23 O9 N1","26","23","9","1","-9999","-9999","-9999","-9999","-9999"
"2582","492.130058","492.130132566","492.130494127","1986209.8","-9999","331438","16.08","-1","-0.734685482","0.453351995","0.761234226","0.576504888","20","0.034482759","0.827586207","N3 S1 P1 O1","de-protonated","0","-9999","C29 H24 O1 N3 P1 S1","29","24","1","3","1","1","-9999","-9999","-9999"
"2582","492.130058","492.130132566","492.130065228","1986209.8","-9999","331438","16.08","-1","0.136828362","0.996608681","0.970392357","0.986122152","8","0.764705882","1.411764706","13C1 N4 O13","de-protonated","1","2569","C16 H24 O13 N4 13C1","16","24","13","4","-9999","-9999","1","-9999","-9999"
"2583","492.158385","492.158459555","492.15814817","1072049.9","-9999","412706.4","7.93","-1","0.63269177","0.9299414","0","0.55796484","15","0.222222222","1.037037037","N1 P1 O6","de-protonated","0","-9999","C27 H28 O6 N1 P1","27","28","6","1","1","-9999","-9999","-9999","-9999"
"2584","492.16642","492.166494552","492.166254033","2472118.5","-9999","389617.4","20.41","-1","0.488693469","0.957591681","0.97197529","0.963345125","15","0.214285714","1.035714286","13C1 P1 O6","de-protonated","1","2573","C27 H29 O6 P1 13C1","27","29","6","-9999","1","-9999","1","-9999","-9999"
"2584","492.16642","492.166494552","492.166390379","2472118.5","-9999","389617.4","20.41","-1","0.211661779","0.495951961","0.773979033","0.60716279","15","0.296296296","1","N1 O8","de-protonated","0","-9999","C27 H27 O8 N1","27","27","8","1","-9999","-9999","-9999","-9999","-9999"
"2584","492.16642","492.166494552","492.166450738","2472118.5","-9999","389617.4","20.41","-1","0.089022614","0.998563048","0.958536387","0.982552384","7","0.666666667","1.555555556","13C1 N4 O12","de-protonated","1","2573","C17 H28 O12 N4 13C1","17","28","12","4","-9999","-9999","1","-9999","-9999"
"2585","492.202767","492.202841538","492.202639543","1317579","-9999","459171.4","10.12","-1","0.410389982","0.969902647","0.996061359","0.980366132","14","0.172413793","1.137931034","13C1 P1 O5","de-protonated","1","2576","C28 H33 O5 P1 13C1","28","33","5","-9999","1","-9999","1","-9999","-9999"
"2585","492.202767","492.202841538","492.202775888","1317579","-9999","459171.4","10.12","-1","0.133378794","0.99677725","0","0.59806635","14","0.25","1.107142857","N1 O7","de-protonated","0","-9999","C28 H31 O7 N1","28","31","7","1","-9999","-9999","-9999","-9999","-9999"
"2585","492.202767","492.202841538","492.202836247","1317579","-9999","459171.4","10.12","-1","0.010748704","0.999979037","0.935640752","0.974243723","6","0.578947368","1.684210526","13C1 N4 O11","de-protonated","1","2576","C18 H32 O11 N4 13C1","18","32","11","4","-9999","-9999","1","-9999","-9999"
"2588","493.024799","493.02487322","493.024493691","1205150.1","-9999","408702.5","9.11","-1","0.769797973","0.898054537","0","0.538832722","4","0.928571429","1.642857143","S2 P1 O13","de-protonated","0","-9999","C14 H23 O13 P1 S2","14","23","13","-9999","1","2","-9999","-9999","-9999"
"2588","493.024799","493.02487322","493.02482878","1205150.1","-9999","408702.5","9.11","-1","0.09013813","0.998526837","0","0.599116102","23","0.24","0.4","N4 S1 O6","de-protonated","0","-9999","C25 H10 O6 N4 S1","25","10","6","4","-9999","1","-9999","-9999","-9999"
"2589","493.033209","493.033283217","493.033007225","2944163","-9999","351308","24.61","-1","0.559782714","0.47236403","0.793917021","0.600985227","18","0.416666667","0.625","P1 O10","de-protonated","0","-9999","C24 H15 O10 P1","24","15","10","-9999","1","-9999","-9999","-9999","-9999"
"2590","493.0613","493.061374206","493.061214289","1865906.9","-9999","353318.2","15","-1","0.324334729","0.490546936","0.780512821","0.60653329","22","0.192307692","0.538461538","N4 S1 O5","de-protonated","0","-9999","C26 H14 O5 N4 S1","26","14","5","4","-9999","1","-9999","-9999","-9999"
"2590","493.0613","493.061374206","493.061347231","1865906.9","-9999","353318.2","15","-1","0.054709511","0.999457048","0","0.599674229","9","0.866666667","1.266666667","N4 P1 O13","de-protonated","0","-9999","C15 H19 O13 N4 P1","15","19","13","4","1","-9999","-9999","-9999","-9999"
"2591","493.064813","493.064887204","493.065237041","1977012.9","-9999","433628.9","15.99","-1","-0.709513583","0.456352301","0.748902347","0.573372319","26","0.096774194","0.451612903","N2 S1 O3","de-protonated","0","-9999","C31 H14 O3 N2 S1","31","14","3","2","-9999","1","-9999","-9999","-9999"
"2591","493.064813","493.064887204","493.065369983","1977012.9","-9999","433628.9","15.99","-1","-0.979136322","0.840333623","0","0.504200174","13","0.55","0.95","N2 P1 O11","de-protonated","0","-9999","C20 H19 O11 N2 P1","20","19","11","2","1","-9999","-9999","-9999","-9999"
"2591","493.064813","493.064887204","493.064585592","1977012.9","-9999","433628.9","15.99","-1","0.611709309","0.467178834","0.800793265","0.600624607","17","0.217391304","0.782608696","N4 S2 O5","de-protonated","0","-9999","C23 H18 O5 N4 S2","23","18","5","4","-9999","2","-9999","-9999","-9999"
"2592","493.069625","493.069699203","493.069259793","8819384","-9999","378064.8","76.98","-1","0.891172281","0.579093691","0.852191123","0.688332664","30","0.027777778","0.388888889","S1 O1","de-protonated","0","-9999","C36 H14 O1 S1","36","14","1","-9999","-9999","1","-9999","-9999","-9999"
"2592","493.069625","493.069699203","493.069392735","8819384","-9999","378064.8","76.98","-1","0.62155131","0.934368569","0.955851701","0.942961822","17","0.36","0.76","P1 O9","de-protonated","0","-9999","C25 H19 O9 P1","25","19","9","-9999","1","-9999","-9999","-9999","-9999"
"2593","493.078642","493.078716199","493.078775649","1130428.8","-9999","237151.3","8.45","-1","-0.12056913","0.997365772","0","0.598419463","30","0.027777778","0.416666667","P1 O1","de-protonated","0","-9999","C36 H15 O1 P1","36","15","1","-9999","1","-9999","-9999","-9999","-9999"
"2593","493.078642","493.078716199","493.078504323","1130428.8","-9999","237151.3","8.45","-1","0.429700502","0.967051872","0","0.580231123","16","0.230769231","0.846153846","S2 O6","de-protonated","0","-9999","C26 H22 O6 S2","26","22","6","-9999","-9999","2","-9999","-9999","-9999"
"2593","493.078642","493.078716199","493.078637265","1130428.8","-9999","237151.3","8.45","-1","0.160084711","0.995360788","0","0.597216473","3","0.933333333","1.8","S1 P1 O14","de-protonated","0","-9999","C15 H27 O14 P1 S1","15","27","14","-9999","1","1","-9999","-9999","-9999"
"2593","493.078642","493.078716199","493.078972354","1130428.8","-9999","237151.3","8.45","-1","-0.519500087","0.952210235","0","0.571326141","22","0.269230769","0.538461538","N4 O7","de-protonated","0","-9999","C26 H14 O7 N4","26","14","7","4","-9999","-9999","-9999","-9999","-9999"
"2594","493.085073","493.085147197","493.085518256","1013440.4","-9999","449941.8","7.4","-1","-0.752525052","0.902349561","0","0.541409737","20","0.033333333","0.766666667","S2 P1 O1","de-protonated","0","-9999","C30 H23 O1 P1 S2","30","23","1","-9999","1","2","-9999","-9999","-9999"
"2594","493.085073","493.085147197","493.08484558","1013440.4","-9999","449941.8","7.4","-1","0.611692242","0.934361208","0","0.560616725","13","0.631578947","0.947368421","N4 O12","de-protonated","0","-9999","C19 H18 O12 N4","19","18","12","4","-9999","-9999","-9999","-9999","-9999"
"2595","493.097711","493.097785192","493.098251247","1694151.5","-9999","279322.9","13.47","-1","-0.945156933","0.425181469","0.725399619","0.545268729","30","0.057142857","0.4","N2 O2","de-protonated","0","-9999","C35 H14 O2 N2","35","14","2","2","-9999","-9999","-9999","-9999","-9999"
"2595","493.097711","493.097785192","493.097463453","1694151.5","-9999","279322.9","13.47","-1","0.652485752","0.925658837","0.755947004","0.857774104","21","0.071428571","0.714285714","13C1 N3 S1 P1 O2","de-protonated","1","2580","C27 H20 O2 N3 P1 S1 13C1","27","20","2","3","1","1","1","-9999","-9999"
"2595","493.097711","493.097785192","493.097599798","1694151.5","-9999","279322.9","13.47","-1","0.375977188","0.487338387","0.773979033","0.601994645","21","0.148148148","0.666666667","N4 S1 O4","de-protonated","0","-9999","C27 H18 O4 N4 S1","27","18","4","4","-9999","1","-9999","-9999","-9999"
"2595","493.097711","493.097785192","493.09773274","1694151.5","-9999","279322.9","13.47","-1","0.106371852","0.99794902","0","0.598769412","8","0.75","1.4375","N4 P1 O12","de-protonated","0","-9999","C16 H23 O12 N4 P1","16","23","12","4","1","-9999","-9999","-9999","-9999"
"2596","493.101076","493.10115019","493.10162255","2178761.5","-9999","418293.4","17.79","-1","-0.957936113","0.42330935","0.742885034","0.551139624","25","0.0625","0.5625","N2 S1 O2","de-protonated","0","-9999","C32 H18 O2 N2 S1","32","18","2","2","-9999","1","-9999","-9999","-9999"
"2596","493.101076","493.10115019","493.100971102","2178761.5","-9999","418293.4","17.79","-1","0.363188959","0.488174971","0.793917021","0.610471791","16","0.166666667","0.916666667","N4 S2 O4","de-protonated","0","-9999","C24 H22 O4 N4 S2","24","22","4","4","-9999","2","-9999","-9999","-9999"
"2596","493.101076","493.10115019","493.101104043","2178761.5","-9999","418293.4","17.79","-1","0.09358547","0.998412091","0","0.599047255","3","0.923076923","2.076923077","N4 S1 P1 O12","de-protonated","0","-9999","C13 H27 O12 N4 P1 S1","13","27","12","4","1","1","-9999","-9999","-9999"
"2597","493.105975","493.106049188","493.105778244","10402508","-9999","360216","91.09","-1","0.549465321","0.933169288","0.972082697","0.948734652","16","0.307692308","0.884615385","P1 O8","de-protonated","0","-9999","C26 H23 O8 P1","26","23","8","-9999","1","-9999","-9999","-9999","-9999"
"2597","493.105975","493.106049188","493.105974948","10402508","-9999","360216","91.09","-1","0.150555942","0.990817615","0.955952743","0.976871666","8","0.875","1.375","N4 O14","de-protonated","0","-9999","C16 H22 O14 N4","16","22","14","4","-9999","-9999","-9999","-9999","-9999"
"2598","493.130168","493.130242179","493.130145974","1167066.1","-9999","300215","8.77","-1","0.195091544","0.993117726","0","0.595870636","19","0.064516129","0.838709677","S2 O2","de-protonated","0","-9999","C31 H26 O2 S2","31","26","2","-9999","-9999","2","-9999","-9999","-9999"
"2598","493.130168","493.130242179","493.130278915","1167066.1","-9999","300215","8.77","-1","-0.074495949","0.998993531","0","0.599396118","6","0.5","1.55","S1 P1 O10","de-protonated","0","-9999","C20 H31 O10 P1 S1","20","31","10","-9999","1","1","-9999","-9999","-9999"
"2598","493.130168","493.130242179","493.130614004","1167066.1","-9999","300215","8.77","-1","-0.75400942","0.901983494","0","0.541190096","25","0.096774194","0.580645161","N4 O3","de-protonated","0","-9999","C31 H18 O3 N4","31","18","3","4","-9999","-9999","-9999","-9999","-9999"
"2599","493.134634","493.134708177","493.13514982","1565404.6","-9999","360043.4","12.32","-1","-0.895582286","0.864560393","0","0.518736236","11","0.52173913","1.130434783","O12","de-protonated","0","-9999","C23 H26 O12","23","26","12","-9999","-9999","-9999","-9999","-9999","-9999"
"2599","493.134634","493.134708177","493.134636756","1565404.6","-9999","360043.4","12.32","-1","0.144830924","0.989831738","0.824469752","0.923686944","29","0.027777778","0.5","N2 O1","de-protonated","0","-9999","C36 H18 O1 N2","36","18","1","2","-9999","-9999","-9999","-9999","-9999"
"2599","493.134634","493.134708177","493.134498372","1565404.6","-9999","360043.4","12.32","-1","0.425453048","0.96768943","0","0.580613658","2","0.933333333","2","N2 S1 O14","de-protonated","0","-9999","C15 H30 O14 N2 S1","15","30","14","2","-9999","1","-9999","-9999","-9999"
"2599","493.134634","493.134708177","493.134987629","1565404.6","-9999","360043.4","12.32","-1","-0.566684137","0.943396346","0","0.566037807","6","0.333333333","1.722222222","N4 S2 P1 O6","de-protonated","0","-9999","C18 H31 O6 N4 P1 S2","18","31","6","4","1","2","-9999","-9999","-9999"
"2600","493.137413","493.137487176","493.137356611","2322654.3","-9999","405068","19.07","-1","0.264764835","0.493680462","0.787157861","0.611071422","15","0.12","1.04","N4 S2 O3","de-protonated","0","-9999","C25 H26 O3 N4 S2","25","26","3","4","-9999","2","-9999","-9999","-9999"
"2600","493.137413","493.137487176","493.137489553","2322654.3","-9999","405068","19.07","-1","-0.004818735","0.999995787","0","0.599997472","2","0.785714286","2.214285714","N4 S1 P1 O11","de-protonated","0","-9999","C14 H31 O11 N4 P1 S1","14","31","11","4","1","1","-9999","-9999","-9999"
"2601","493.142391","493.142465174","493.142163753","10506977","-9999","357935.9","92.02","-1","0.611225563","0.935877658","0.968142191","0.948783471","15","0.259259259","1","P1 O7","de-protonated","0","-9999","C27 H27 O7 P1","27","27","7","-9999","1","-9999","-9999","-9999","-9999"
"2601","493.142391","493.142465174","493.142360458","10506977","-9999","357935.9","92.02","-1","0.212345592","0.992334452","0.961147635","0.979859725","7","0.764705882","1.529411765","N4 O13","de-protonated","0","-9999","C17 H26 O13 N4","17","26","13","4","-9999","-9999","-9999","-9999","-9999"
"2602","493.173766","493.173840162","493.17374212","1294835","-9999","364454.9","9.91","-1","0.19879815","0.99285467","0","0.595712802","14","0.076923077","1.153846154","N4 S2 O2","de-protonated","0","-9999","C26 H30 O2 N4 S2","26","30","2","4","-9999","2","-9999","-9999","-9999"
"2602","493.173766","493.173840162","493.173875062","1294835","-9999","364454.9","9.91","-1","-0.070765514","0.999091762","0","0.599455057","1","0.666666667","2.333333333","N4 S1 P1 O10","de-protonated","0","-9999","C15 H35 O10 N4 P1 S1","15","35","10","4","1","1","-9999","-9999","-9999"
"2603","493.176371","493.176445161","493.176047339","1176820.4","-9999","460788.4","8.86","-1","0.806653248","0.888636736","0","0.533182041","18","0.03125","0.96875","S1 P1 O1","de-protonated","0","-9999","C32 H31 O1 P1 S1","32","31","1","-9999","1","1","-9999","-9999","-9999"
"2603","493.176371","493.176445161","493.17689549200003","1176820.4","-9999","460788.4","8.86","-1","-0.913122885","0.859597762","0","0.515758657","19","0.166666667","0.866666667","N2 O5","de-protonated","0","-9999","C30 H26 O5 N2","30","26","5","2","-9999","-9999","-9999","-9999","-9999"
"2603","493.176371","493.176445161","493.176244044","1176820.4","-9999","460788.4","8.86","-1","0.407800604","0.970275567","0","0.58216534","10","0.318181818","1.363636364","N4 S1 O7","de-protonated","0","-9999","C22 H30 O7 N4 S1","22","30","7","4","-9999","1","-9999","-9999","-9999"
"2604","493.178748","493.17882216","493.178549263","7791349.5","-9999","359527.8","67.82","-1","0.553344609","0.951745064","0.976380958","0.961599422","14","0.214285714","1.107142857","P1 O6","de-protonated","0","-9999","C28 H31 O6 P1","28","31","6","-9999","1","-9999","-9999","-9999","-9999"
"2604","493.178748","493.17882216","493.178745967","7791349.5","-9999","359527.8","67.82","-1","0.15449409","0.997088522","0.954130719","0.979905401","6","0.666666667","1.666666667","N4 O12","de-protonated","0","-9999","C18 H30 O12 N4","18","30","12","4","-9999","-9999","-9999","-9999","-9999"
"2605","493.215152","493.215226146","493.214934772","3316490.5","-9999","388646.7","27.93","-1","0.590765298","0.469318596","0.761234226","0.586084848","13","0.172413793","1.206896552","P1 O5","de-protonated","0","-9999","C29 H35 O5 P1","29","35","5","-9999","1","-9999","-9999","-9999","-9999"
"2605","493.215152","493.215226146","493.215131476","3316490.5","-9999","388646.7","27.93","-1","0.191944188","0.496668629","0.829532115","0.629814024","5","0.578947368","1.789473684","N4 O11","de-protonated","0","-9999","C19 H34 O11 N4","19","34","11","4","-9999","-9999","-9999","-9999","-9999"
"2606","494.072971","494.073044815","494.072614628","1789684.5","-9999","378045.5","14.32","-1","0.870695307","0.580989131","0.852191123","0.689469928","30","0.027777778","0.388888889","13C1 S1 O1","de-protonated","1","2592","C35 H14 O1 S1 13C1","35","14","1","-9999","-9999","1","1","-9999","-9999"
"2606","494.072971","494.073044815","494.07274757","1789684.5","-9999","378045.5","14.32","-1","0.601621883","0.936435015","0.955851701","0.944201689","17","0.36","0.76","13C1 P1 O9","de-protonated","1","2592","C24 H19 O9 P1 13C1","24","19","9","-9999","1","-9999","1","-9999","-9999"
"2606","494.072971","494.073044815","494.072883915","1789684.5","-9999","378045.5","14.32","-1","0.325659153","0.980940633","0","0.58856438","17","0.458333333","0.708333333","N1 O11","de-protonated","0","-9999","C24 H17 O11 N1","24","17","11","1","-9999","-9999","-9999","-9999","-9999"
"2606","494.072971","494.073044815","494.073373173","1789684.5","-9999","378045.5","14.32","-1","-0.664593583","0.46149213100000003","0.773979033","0.586486892","21","0.111111111","0.666666667","N3 S1 P1 O3","de-protonated","0","-9999","C27 H18 O3 N3 P1 S1","27","18","3","3","1","1","-9999","-9999","-9999"
"2607","494.109395","494.109468801","494.109133079","2465033.3","-9999","299039.3","20.34","-1","0.679448169","0.919646656","0.972082697","0.940621072","16","0.307692308","0.884615385","13C1 P1 O8","de-protonated","1","2597","C25 H23 O8 P1 13C1","25","23","8","-9999","1","-9999","1","-9999","-9999"
"2607","494.109395","494.109468801","494.109269425","2465033.3","-9999","299039.3","20.34","-1","0.403505739","0.485444608","0.787157861","0.606129909","16","0.4","0.84","N1 O10","de-protonated","0","-9999","C25 H21 O10 N1","25","21","10","1","-9999","-9999","-9999","-9999","-9999"
"2607","494.109395","494.109468801","494.109758682","2465033.3","-9999","299039.3","20.34","-1","-0.586674153","0.469728984","0.767553728","0.588858882","20","0.071428571","0.785714286","N3 S1 P1 O2","de-protonated","0","-9999","C28 H22 O2 N3 P1 S1","28","22","2","3","1","1","-9999","-9999","-9999"
"2607","494.109395","494.109468801","494.109329784","2465033.3","-9999","299039.3","20.34","-1","0.281348777","0.985739697","0.955952743","0.973824915","8","0.875","1.375","13C1 N4 O14","de-protonated","1","2597","C15 H22 O14 N4 13C1","15","22","14","4","-9999","-9999","1","-9999","-9999"
"2608","494.137768","494.13784179","494.138282105","1311001.5","-9999","393409.2","10.05","-1","-0.891078042","0.865823761","0","0.519494257","14","0.074074074","1.111111111","N1 S2 P1 O2","de-protonated","0","-9999","C27 H30 O2 N1 P1 S2","27","30","2","1","1","2","-9999","-9999","-9999"
"2608","494.137768","494.13784179","494.137412725","1311001.5","-9999","393409.2","10.05","-1","0.868309272","0.872140075","0","0.523284045","15","0.269230769","1","N1 P1 O7","de-protonated","0","-9999","C26 H26 O7 N1 P1","26","26","7","1","1","-9999","-9999","-9999","-9999"
"2608","494.137768","494.13784179","494.137991591","1311001.5","-9999","393409.2","10.05","-1","-0.303157671","0.98346231","0.824469752","0.919865287","29","0.027777778","0.5","13C1 N2 O1","de-protonated","1","2599","C35 H18 O1 N2 13C1","35","18","1","2","-9999","-9999","1","-9999","-9999"
"2609","494.14574","494.145813787","494.145518588","2531614","-9999","379514.5","20.93","-1","0.597391121","0.937297346","0.968142191","0.949635284","15","0.259259259","1","13C1 P1 O7","de-protonated","1","2601","C26 H27 O7 P1 13C1","26","27","7","-9999","1","-9999","1","-9999","-9999"
"2609","494.14574","494.145813787","494.145654934","2531614","-9999","379514.5","20.93","-1","0.321469032","0.49071169","0.780512821","0.606632142","15","0.346153846","0.961538462","N1 O9","de-protonated","0","-9999","C26 H25 O9 N1","26","25","9","1","-9999","-9999","-9999","-9999","-9999"
"2609","494.14574","494.145813787","494.146144191","2531614","-9999","379514.5","20.93","-1","-0.668637869","0.461040844","0.761234226","0.581118196","19","0.034482759","0.896551724","N3 S1 P1 O1","de-protonated","0","-9999","C29 H26 O1 N3 P1 S1","29","26","1","3","1","1","-9999","-9999","-9999"
"2609","494.14574","494.145813787","494.145715293","2531614","-9999","379514.5","20.93","-1","0.199321075","0.992817166","0.961147635","0.980149353","7","0.764705882","1.529411765","13C1 N4 O13","de-protonated","1","2601","C16 H26 O13 N4 13C1","16","26","13","4","-9999","-9999","1","-9999","-9999"
"2610","494.182072","494.182145772","494.181904098","2056498.9","-9999","364115.2","16.69","-1","0.489040063","0.957532801","0.976380958","0.965072064","14","0.214285714","1.107142857","13C1 P1 O6","de-protonated","1","2604","C27 H31 O6 P1 13C1","27","31","6","-9999","1","-9999","1","-9999","-9999"
"2610","494.182072","494.182145772","494.182040443","2056498.9","-9999","364115.2","16.69","-1","0.21313832","0.495895519","0.773979033","0.607128925","14","0.296296296","1.074074074","N1 O8","de-protonated","0","-9999","C27 H29 O8 N1","27","29","8","1","-9999","-9999","-9999","-9999","-9999"
"2610","494.182072","494.182145772","494.182100802","2056498.9","-9999","364115.2","16.69","-1","0.09099937","0.998498573","0.954130719","0.980751431","6","0.666666667","1.666666667","13C1 N4 O12","de-protonated","1","2604","C17 H30 O12 N4 13C1","17","30","12","4","-9999","-9999","1","-9999","-9999"
"2611","494.264321","494.264394741","494.264545249","2604386","-9999","353307","21.58","-1","-0.304510627","0.491657805","0.807789663","0.618110548","2","0.136363636","2.090909091","N3 S2 P1 O3","de-protonated","0","-9999","C22 H46 O3 N3 P1 S2","22","46","3","3","1","2","-9999","-9999","-9999"
"2612","494.26929","494.269363739","494.269416155","12045669","-9999","354841.9","105.73","-1","-0.10604722","0.665691451","0.962769102","0.784522511","7","0.2","1.64","N3 S1 O5","de-protonated","0","-9999","C25 H41 O5 N3 S1","25","41","5","3","-9999","1","-9999","-9999","-9999"
"2614","495.036954","495.037027442","495.03663951","1143581.5","-9999","351389.2","8.15","-1","0.783642953","0.894556725","0","0.536734035","21","0.178571429","0.571428571","S2 O5","de-protonated","0","-9999","C28 H16 O5 S2","28","16","5","-9999","-9999","2","-9999","-9999","-9999"
"2614","495.036954","495.037027442","495.036772452","1143581.5","-9999","351389.2","8.15","-1","0.515093541","0.95299825","0","0.57179895","8","0.764705882","1.235294118","S1 P1 O13","de-protonated","0","-9999","C17 H21 O13 P1 S1","17","21","13","-9999","1","1","-9999","-9999","-9999"
"2615","495.043935","495.044008439","495.044501596","1462817.5","-9999","366255.5","10.86","-1","-0.996186592","0.835213875","0","0.501128325","26","0.133333333","0.4","N2 S1 O4","de-protonated","0","-9999","C30 H12 O4 N2 S1","30","12","4","2","-9999","1","-9999","-9999","-9999"
"2615","495.043935","495.044008439","495.043850147","1462817.5","-9999","366255.5","10.86","-1","0.319753462","0.981619297","0","0.588971578","17","0.272727273","0.727272727","N4 S2 O6","de-protonated","0","-9999","C22 H16 O6 N4 S2","22","16","6","4","-9999","2","-9999","-9999","-9999"
"2616","495.048932","495.049005437","495.048524348","6467364.5","-9999","365715.5","53.34","-1","0.971802459","0.421259046","0.725399619","0.542915275","30","0.057142857","0.342857143","S1 O2","de-protonated","0","-9999","C35 H12 O2 S1","35","12","2","-9999","-9999","1","-9999","-9999","-9999"
"2616","495.048932","495.049005437","495.04865729","6467364.5","-9999","365715.5","53.34","-1","0.703259444","0.457084522","0.793917021","0.591817522","17","0.416666667","0.708333333","P1 O10","de-protonated","0","-9999","C24 H17 O10 P1","24","17","10","-9999","1","-9999","-9999","-9999","-9999"
"2617","495.064328","495.064401431","495.064782811","1108013.4","-9999","434486.6","7.84","-1","-0.770362752","0.897912805","0","0.538747683","20","0.068965517","0.724137931","S2 P1 O2","de-protonated","0","-9999","C29 H21 O2 P1 S2","29","21","2","-9999","1","2","-9999","-9999","-9999"
"2617","495.064328","495.064401431","495.063913431","1108013.4","-9999","434486.6","7.84","-1","0.985732121","0.838359856","0","0.503015913","21","0.25","0.607142857","P1 O7","de-protonated","0","-9999","C28 H17 O7 P1","28","17","7","-9999","1","-9999","-9999","-9999","-9999"
"2617","495.064328","495.064401431","495.064110135","1108013.4","-9999","434486.6","7.84","-1","0.588400382","0.939112256","0","0.563467354","13","0.722222222","0.888888889","N4 O13","de-protonated","0","-9999","C18 H16 O13 N4","18","16","13","4","-9999","-9999","-9999","-9999","-9999"
"2618","495.072922","495.072995428","495.073025019","1315378.3","-9999","378241.7","9.6","-1","-0.059771548","0.99935196","0","0.599611176","20","0.137931034","0.689655172","S2 O4","de-protonated","0","-9999","C29 H20 O4 S2","29","20","4","-9999","-9999","2","-9999","-9999","-9999"
"2618","495.072922","495.072995428","495.073157961","1315378.3","-9999","378241.7","9.6","-1","-0.328300996","0.980633174","0","0.588379905","7","0.666666667","1.388888889","S1 P1 O12","de-protonated","0","-9999","C18 H25 O12 P1 S1","18","25","12","-9999","1","1","-9999","-9999","-9999"
"2618","495.072922","495.072995428","495.072644897","1315378.3","-9999","378241.7","9.6","-1","0.708040007","0.913050604","0","0.547830362","25","0.032258065","0.548387097","N2 S1 P1 O1","de-protonated","0","-9999","C31 H17 O1 N2 P1 S1","31","17","1","2","1","1","-9999","-9999","-9999"
"2619","495.074936","495.075009427","495.07514682","1174323.5","-9999","359313.6","8.41","-1","-0.277519464","0.986122549","0","0.591673529","21","0.222222222","0.62962963","N2 P1 O6","de-protonated","0","-9999","C27 H17 O6 N2 P1","27","17","6","2","1","-9999","-9999","-9999","-9999"
"2619","495.074936","495.075009427","495.074875494","1174323.5","-9999","359313.6","8.41","-1","0.27053114","0.986808083","0","0.59208485","7","0.647058824","1.411764706","N2 S2 O11","de-protonated","0","-9999","C17 H24 O11 N2 S2","17","24","11","2","-9999","2","-9999","-9999","-9999"
"2620","495.077365","495.077438426","495.077515802","1389876.9","-9999","334217","10.24","-1","-0.156289967","0.997677202","0.832078856","0.931437864","30","0.088235294","0.352941176","N2 O3","de-protonated","0","-9999","C34 H12 O3 N2","34","12","3","2","-9999","-9999","-9999","-9999","-9999"
"2620","495.077365","495.077438426","495.077866675","1389876.9","-9999","334217","10.24","-1","-0.865012551","0.873044821","0","0.523826893","7","0.5","1.5625","N4 S2 P1 O8","de-protonated","0","-9999","C16 H25 O8 N4 P1 S2","16","25","8","4","1","2","-9999","-9999","-9999"
"2620","495.077365","495.077438426","495.076997295","1389876.9","-9999","334217","10.24","-1","0.891035746","0.865835603","0","0.519501362","8","0.866666667","1.4","N4 P1 O13","de-protonated","0","-9999","C15 H21 O13 N4 P1","15","21","13","4","1","-9999","-9999","-9999","-9999"
"2621","495.080423","495.080496425","495.080887105","2396982.5","-9999","372262.2","18.79","-1","-0.78912388","0.446579309","0.748902347","0.567508524","25","0.096774194","0.516129032","N2 S1 O3","de-protonated","0","-9999","C31 H16 O3 N2 S1","31","16","3","2","-9999","1","-9999","-9999","-9999"
"2621","495.080423","495.080496425","495.080235657","2396982.5","-9999","372262.2","18.79","-1","0.526719733","0.475453042","0.800793265","0.605589131","16","0.217391304","0.869565217","N4 S2 O5","de-protonated","0","-9999","C23 H20 O5 N4 S2","23","20","5","4","-9999","2","-9999","-9999","-9999"
"2622","495.085306","495.085379423","495.084909857","10313529","-9999","362817.7","85.99","-1","0.948455411","0.283133245","0.683497284","0.443278861","29","0.027777778","0.444444444","S1 O1","de-protonated","0","-9999","C36 H16 O1 S1","36","16","1","-9999","-9999","1","-9999","-9999","-9999"
"2622","495.085306","495.085379423","495.085042799","10313529","-9999","362817.7","85.99","-1","0.679932138","0.903237367","0.978740914","0.933438786","16","0.36","0.84","P1 O9","de-protonated","0","-9999","C25 H21 O9 P1","25","21","9","-9999","1","-9999","-9999","-9999","-9999"
"2623","495.100257","495.100330418","495.10029894","1068994","-9999","284496.1","7.51","-1","0.063577343","0.999266839","0","0.599560103","20","0.206896552","0.724137931","P1 O6","de-protonated","0","-9999","C29 H21 O6 P1","29","21","6","-9999","1","-9999","-9999","-9999","-9999"
"2623","495.100257","495.100330418","495.100027614","1068994","-9999","284496.1","7.51","-1","0.611600293","0.934380278","0","0.560628167","6","0.578947368","1.473684211","S2 O11","de-protonated","0","-9999","C19 H28 O11 S2","19","28","11","-9999","-9999","2","-9999","-9999","-9999"
"2623","495.100257","495.100330418","495.100495645","1068994","-9999","284496.1","7.51","-1","-0.333724829","0.97999447","0","0.587996682","12","0.631578947","1.052631579","N4 O12","de-protonated","0","-9999","C19 H20 O12 N4","19","20","12","4","-9999","-9999","-9999","-9999","-9999"
"2624","495.114084","495.114157412","495.114414376","1473353.9","-9999","391556.4","10.94","-1","-0.518998107","0.952300309","0","0.571380186","11","0.590909091","1.090909091","O13","de-protonated","0","-9999","C22 H24 O13","22","24","13","-9999","-9999","-9999","-9999","-9999","-9999"
"2624","495.114084","495.114157412","495.113901311","1473353.9","-9999","391556.4","10.94","-1","0.517256344","0.47630611899999997","0.725399619","0.575943519","29","0.057142857","0.457142857","N2 O2","de-protonated","0","-9999","C35 H16 O2 N2","35","16","2","2","-9999","-9999","-9999","-9999","-9999"
"2624","495.114084","495.114157412","495.114252184","1473353.9","-9999","391556.4","10.94","-1","-0.191414634","0.99337385","0","0.59602431","6","0.411764706","1.705882353","N4 S2 P1 O7","de-protonated","0","-9999","C17 H29 O7 N4 P1 S2","17","29","7","4","1","2","-9999","-9999","-9999"
"2625","495.116694","495.116767411","495.116621166","2222411.5","-9999","373073.7","17.3","-1","0.295375173","0.492146943","0.793917021","0.612854974","15","0.166666667","1","N4 S2 O4","de-protonated","0","-9999","C24 H24 O4 N4 S2","24","24","4","4","-9999","2","-9999","-9999","-9999"
"2625","495.116694","495.116767411","495.116754108","2222411.5","-9999","373073.7","17.3","-1","0.026869273","0.99986901","0","0.599921406","2","0.923076923","2.230769231","N4 S1 P1 O12","de-protonated","0","-9999","C13 H29 O12 N4 P1 S1","13","29","12","4","1","1","-9999","-9999","-9999"
"2626","495.119363","495.11943641","495.119774538","1592653","-9999","469414.3","11.96","-1","-0.682921632","0.918857349","0","0.551314409","20","0.25","0.714285714","N2 O7","de-protonated","0","-9999","C28 H20 O7 N2","28","20","7","2","-9999","-9999","-9999","-9999","-9999"
"2626","495.119363","495.11943641","495.119123089","1592653","-9999","469414.3","11.96","-1","0.632818772","0.929914281","0","0.557948569","11","0.45","1.2","N4 S1 O9","de-protonated","0","-9999","C20 H24 O9 N4 S1","20","24","9","4","-9999","1","-9999","-9999","-9999"
"2627","495.121688","495.121761409","495.121428308","10960718","-9999","367276.4","91.49","-1","0.672765907","0.909361647","0.964530489","0.931429184","15","0.307692308","0.961538462","P1 O8","de-protonated","0","-9999","C26 H25 O8 P1","26","25","8","-9999","1","-9999","-9999","-9999","-9999"
"2627","495.121688","495.121761409","495.121625013","10960718","-9999","367276.4","91.49","-1","0.275480448","0.980548531","0.963504951","0.973731099","7","0.875","1.5","N4 O14","de-protonated","0","-9999","C16 H24 O14 N4","16","24","14","4","-9999","-9999","-9999","-9999","-9999"
"2628","495.128319","495.128392407","495.128170915","1155154.1","-9999","360445.6","8.24","-1","0.447341974","0.964340747","0","0.578604448","5","0.4","1.65","S2 P1 O8","de-protonated","0","-9999","C20 H33 O8 P1 S2","20","33","8","-9999","1","2","-9999","-9999","-9999"
"2628","495.128319","495.128392407","495.128506004","1155154.1","-9999","360445.6","8.24","-1","-0.229429947","0.990494353","0","0.594296612","24","0.032258065","0.64516129","N4 S1 O1","de-protonated","0","-9999","C31 H20 O1 N4 S1","31","20","1","4","-9999","1","-9999","-9999","-9999"
"2628","495.128319","495.128392407","495.128638946","1155154.1","-9999","360445.6","8.24","-1","-0.49792926","0.956009703","0","0.573605822","11","0.45","1.25","N4 P1 O9","de-protonated","0","-9999","C20 H25 O9 N4 P1","20","25","9","4","1","-9999","-9999","-9999","-9999"
"2629","495.145313","495.1453864","495.145796038","1229660","-9999","422861.6","8.88","-1","-0.827307774","0.883211658","0","0.529926995","18","0.064516129","0.903225806","S2 O2","de-protonated","0","-9999","C31 H28 O2 S2","31","28","2","-9999","-9999","2","-9999","-9999","-9999"
"2629","495.145313","495.1453864","495.144926658","1229660","-9999","422861.6","8.88","-1","0.928499676","0.855192212","0","0.513115327","19","0.233333333","0.8","O7","de-protonated","0","-9999","C30 H24 O7","30","24","7","-9999","-9999","-9999","-9999","-9999","-9999"
"2630","495.150152","495.150225398","495.150286821","3845982.8","-9999","356258.1","31.09","-1","-0.12404817","0.992259419","0.992193473","0.992233041","28","0.027777778","0.555555556","N2 O1","de-protonated","0","-9999","C36 H20 O1 N2","36","20","1","2","-9999","-9999","-9999","-9999","-9999"
"2630","495.150152","495.150225398","495.150148436","3845982.8","-9999","356258.1","31.09","-1","0.155431526","0.997796254","0.867148658","0.945537216","1","0.933333333","2.133333333","N2 S1 O14","de-protonated","0","-9999","C15 H32 O14 N2 S1","15","32","14","2","-9999","1","-9999","-9999","-9999"
"2630","495.150152","495.150225398","495.150637694","3845982.8","-9999","356258.1","31.09","-1","-0.832666618","0.862046438","0.890517113","0.873434708","5","0.333333333","1.833333333","N4 S2 P1 O6","de-protonated","0","-9999","C18 H33 O6 N4 P1 S2","18","33","6","4","1","2","-9999","-9999","-9999"
"2630","495.150152","495.150225398","495.149768314","3845982.8","-9999","356258.1","31.09","-1","0.923123653","0.876145252","0.882869956","0.878835133","6","0.647058824","1.705882353","N4 P1 O11","de-protonated","0","-9999","C17 H29 O11 N4 P1","17","29","11","4","1","-9999","-9999","-9999","-9999"
"2631","495.153076","495.153149397","495.153006675","1865056.4","-9999","380018.3","14.27","-1","0.288237657","0.492519065","0.787157861","0.610374583","14","0.12","1.12","N4 S2 O3","de-protonated","0","-9999","C25 H28 O3 N4 S2","25","28","3","4","-9999","2","-9999","-9999","-9999"
"2631","495.153076","495.153149397","495.153139617","1865056.4","-9999","380018.3","14.27","-1","0.019751491","0.999929215","0","0.599957529","1","0.785714286","2.357142857","N4 S1 P1 O11","de-protonated","0","-9999","C14 H33 O11 N4 P1 S1","14","33","11","4","1","1","-9999","-9999","-9999"
"2632","495.156187","495.156260396","495.156160047","1266530.1","-9999","450894.7","9.19","-1","0.202660126","0.992575398","0","0.595545239","19","0.206896552","0.827586207","N2 O6","de-protonated","0","-9999","C29 H24 O6 N2","29","24","6","2","-9999","-9999","-9999","-9999","-9999"
"2633","495.158076","495.158149395","495.157813818","9140067","-9999","346297.8","76.03","-1","0.677718074","0.908435599","0.9892381","0.9407566","14","0.259259259","1.074074074","P1 O7","de-protonated","0","-9999","C27 H29 O7 P1","27","29","7","-9999","1","-9999","-9999","-9999","-9999"
"2633","495.158076","495.158149395","495.158010522","9140067","-9999","346297.8","76.03","-1","0.280461806","0.980104356","0.940051725","0.964083303","6","0.764705882","1.647058824","N4 O13","de-protonated","0","-9999","C17 H28 O13 N4","17","28","13","4","-9999","-9999","-9999","-9999","-9999"
"2634","495.186538","495.186611384","495.186533946","1297267.6","-9999","327498.7","9.45","-1","0.156382538","0.995572413","0","0.597343448","0","0.8125","2.25","N2 S1 O13","de-protonated","0","-9999","C16 H36 O13 N2 S1","16","36","13","2","-9999","1","-9999","-9999","-9999"
"2634","495.186538","495.186611384","495.187023203","1297267.6","-9999","327498.7","9.45","-1","-0.831643003","0.882059848","0","0.529235909","4","0.263157895","1.947368421","N4 S2 P1 O5","de-protonated","0","-9999","C19 H37 O5 N4 P1 S2","19","37","5","4","1","2","-9999","-9999","-9999"
"2634","495.186538","495.186611384","495.186153823","1297267.6","-9999","327498.7","9.45","-1","0.924018257","0.856481419","0","0.513888851","5","0.555555556","1.833333333","N4 P1 O10","de-protonated","0","-9999","C18 H33 O10 N4 P1","18","33","10","4","1","-9999","-9999","-9999","-9999"
"2635","495.192211","495.192284382","495.192545557","1603958.9","-9999","476272.7","12.05","-1","-0.527420836","0.475389287","0.755017935","0.587240746","18","0.166666667","0.933333333","N2 O5","de-protonated","0","-9999","C30 H28 O5 N2","30","28","5","2","-9999","-9999","-9999","-9999","-9999"
"2635","495.192211","495.192284382","495.191894108","1603958.9","-9999","476272.7","12.05","-1","0.788126418","0.893413618","0","0.536048171","9","0.318181818","1.454545455","N4 S1 O7","de-protonated","0","-9999","C22 H32 O7 N4 S1","22","32","7","4","-9999","1","-9999","-9999","-9999"
"2636","495.19436","495.194433381","495.194199327","4628344","-9999","365339.4","37.73","-1","0.472650979","0.933420873","0.989681218","0.955925011","13","0.214285714","1.178571429","P1 O6","de-protonated","0","-9999","C28 H33 O6 P1","28","33","6","-9999","1","-9999","-9999","-9999","-9999"
"2636","495.19436","495.194433381","495.194396032","4628344","-9999","365339.4","37.73","-1","0.075423981","0.989176234","0.940830459","0.969837924","5","0.666666667","1.777777778","N4 O12","de-protonated","0","-9999","C18 H32 O12 N4","18","32","12","4","-9999","-9999","-9999","-9999","-9999"
"2637","495.196879","495.19695238","495.196568309","2179961.5","-9999","339983.8","16.94","-1","0.775593681","0.448298115","0.725399619","0.559138717","22","0.085714286","0.8","O3","de-protonated","0","-9999","C35 H28 O3","35","28","3","-9999","-9999","-9999","-9999","-9999","-9999"
"2638","495.230898","495.230971367","495.230584836","1660813.3","-9999","411849.6","12.54","-1","0.780506212","0.447676728","0.761234226","0.573099727","12","0.172413793","1.275862069","P1 O5","de-protonated","0","-9999","C29 H37 O5 P1","29","37","5","-9999","1","-9999","-9999","-9999","-9999"
"2638","495.230898","495.230971367","495.230781541","1660813.3","-9999","411849.6","12.54","-1","0.383308277","0.973692834","0","0.5842157","4","0.578947368","1.894736842","N4 O11","de-protonated","0","-9999","C19 H36 O11 N4","19","36","11","4","-9999","-9999","-9999","-9999","-9999"
"2639","495.272663","495.272736351","495.272710631","3056549.3","-9999","360707.1","24.38","-1","0.05193101","0.499755392","0.73113591","0.592307599","15","0.029411765","1.176470588","S1 O1","de-protonated","0","-9999","C34 H40 O1 S1","34","40","1","-9999","-9999","1","-9999","-9999","-9999"
"2639","495.272663","495.272736351","495.272843573","3056549.3","-9999","360707.1","24.38","-1","-0.216490202","0.49576596","0.800793265","0.617776882","2","0.391304348","1.956521739","P1 O9","de-protonated","0","-9999","C23 H45 O9 P1","23","45","9","-9999","1","-9999","-9999","-9999","-9999"
"2639","495.272663","495.272736351","495.27277099","3056549.3","-9999","360707.1","24.38","-1","-0.069938951","0.66607523","0.962769102","0.784752779","7","0.2","1.64","13C1 N3 S1 O5","de-protonated","1","2612","C24 H41 O5 N3 S1 13C1","24","41","5","3","-9999","1","1","-9999","-9999"
"2640","496.052456","496.052529049","496.05301785","1287783.3","-9999","363400","9.36","-1","-0.985380288","0.838465358","0","0.503079215","16","0.291666667","0.791666667","N1 S2 O7","de-protonated","0","-9999","C24 H19 O7 N1 S2","24","19","7","1","-9999","2","-9999","-9999","-9999"
"2640","496.052456","496.052529049","496.05214847","1287783.3","-9999","363400","9.36","-1","0.767215716","0.898701516","0","0.539220909","17","0.52173913","0.652173913","N1 O12","de-protonated","0","-9999","C23 H15 O12 N1","23","15","12","1","-9999","-9999","-9999","-9999","-9999"
"2640","496.052456","496.052529049","496.052637728","1287783.3","-9999","363400","9.36","-1","-0.219086317","0.991328494","0","0.594797097","21","0.153846154","0.615384615","N3 S1 P1 O4","de-protonated","0","-9999","C26 H16 O4 N3 P1 S1","26","16","4","3","1","1","-9999","-9999","-9999"
"2641","496.080815","496.080888038","496.081161151","1077879.6","-9999","423180.9","7.58","-1","-0.550540335","0.946488813","0","0.567893288","15","0.16","0.96","N1 S2 P1 O4","de-protonated","0","-9999","C25 H24 O4 N1 P1 S2","25","24","4","1","1","2","-9999","-9999","-9999"
"2641","496.080815","496.080888038","496.080870637","1077879.6","-9999","423180.9","7.58","-1","0.03507767","0.999776763","0.832078856","0.9326976","30","0.088235294","0.352941176","13C1 N2 O3","de-protonated","1","2620","C33 H12 O3 N2 13C1","33","12","3","2","-9999","-9999","1","-9999","-9999"
"2642","496.088728","496.088801035","496.088397634","2444156.3","-9999","397349.7","19.18","-1","0.813164053","0.886937853","0.978740914","0.923659078","16","0.36","0.84","13C1 P1 O9","de-protonated","1","2622","C24 H21 O9 P1 13C1","24","21","9","-9999","1","-9999","1","-9999","-9999"
"2642","496.088728","496.088801035","496.08853398","2444156.3","-9999","397349.7","19.18","-1","0.538322525","0.474388154","0.793917021","0.602199701","16","0.458333333","0.791666667","N1 O11","de-protonated","0","-9999","C24 H19 O11 N1","24","19","11","1","-9999","-9999","-9999","-9999","-9999"
"2642","496.088728","496.088801035","496.089023237","2444156.3","-9999","397349.7","19.18","-1","-0.447906943","0.482126124","0.773979033","0.598867288","20","0.111111111","0.740740741","N3 S1 P1 O3","de-protonated","0","-9999","C27 H20 O3 N3 P1 S1","27","20","3","3","1","1","-9999","-9999","-9999"
"2643","496.125093","496.125166021","496.124783143","2471825.3","-9999","358896.4","19.42","-1","0.771736984","0.8975676","0.964530489","0.924352756","15","0.307692308","0.961538462","13C1 P1 O8","de-protonated","1","2627","C25 H25 O8 P1 13C1","25","25","8","-9999","1","-9999","1","-9999","-9999"
"2643","496.125093","496.125166021","496.124919489","2471825.3","-9999","358896.4","19.42","-1","0.496915624","0.478092322","0.787157861","0.601718538","15","0.4","0.92","N1 O10","de-protonated","0","-9999","C25 H23 O10 N1","25","23","10","1","-9999","-9999","-9999","-9999","-9999"
"2643","496.125093","496.125166021","496.125408746","2471825.3","-9999","358896.4","19.42","-1","-0.489241474","0.478749284","0.767553728","0.594271062","19","0.071428571","0.857142857","N3 S1 P1 O2","de-protonated","0","-9999","C28 H24 O2 N3 P1 S1","28","24","2","3","1","1","-9999","-9999","-9999"
"2643","496.125093","496.125166021","496.124979848","2471825.3","-9999","358896.4","19.42","-1","0.375254949","0.974772734","0.963504951","0.970265621","7","0.875","1.5","13C1 N4 O14","de-protonated","1","2627","C15 H24 O14 N4 13C1","15","24","14","4","-9999","-9999","1","-9999","-9999"
"2644","496.153437","496.15351001","496.15393217","1440161.6","-9999","396367.3","10.66","-1","-0.850863887","0.876899149","0","0.52613949","13","0.074074074","1.185185185","N1 S2 P1 O2","de-protonated","0","-9999","C27 H32 O2 N1 P1 S2","27","32","2","1","1","2","-9999","-9999","-9999"
"2644","496.153437","496.15351001","496.15306279","1440161.6","-9999","396367.3","10.66","-1","0.901375886","0.862928748","0","0.517757249","14","0.269230769","1.076923077","N1 P1 O7","de-protonated","0","-9999","C26 H28 O7 N1 P1","26","28","7","1","1","-9999","-9999","-9999","-9999"
"2644","496.153437","496.15351001","496.153641656","1440161.6","-9999","396367.3","10.66","-1","-0.265331951","0.987307067","0.992193473","0.989261629","28","0.027777778","0.555555556","13C1 N2 O1","de-protonated","1","2630","C35 H20 O1 N2 13C1","35","20","1","2","-9999","-9999","1","-9999","-9999"
"2644","496.153437","496.15351001","496.153503271","1440161.6","-9999","396367.3","10.66","-1","0.013582523","0.999966526","0.867148658","0.946839379","1","0.933333333","2.133333333","13C1 N2 S1 O14","de-protonated","1","2630","C14 H32 O14 N2 S1 13C1","14","32","14","2","-9999","1","1","-9999","-9999"
"2644","496.153437","496.15351001","496.153992529","1440161.6","-9999","396367.3","10.66","-1","-0.972517285","0.842305647","0.890517113","0.861590234","5","0.333333333","1.833333333","13C1 N4 S2 P1 O6","de-protonated","1","2630","C17 H33 O6 N4 P1 S2 13C1","17","33","6","4","1","2","1","-9999","-9999"
"2644","496.153437","496.15351001","496.153123149","1440161.6","-9999","396367.3","10.66","-1","0.779722062","0.895552241","0.882869956","0.890479327","6","0.647058824","1.705882353","13C1 N4 P1 O11","de-protonated","1","2630","C16 H29 O11 N4 P1 13C1","16","29","11","4","1","-9999","1","-9999","-9999"
"2645","496.16148","496.161553007","496.161168653","2507174.3","-9999","359402.4","19.72","-1","0.774656405","0.896832647","0.9892381","0.933794828","14","0.259259259","1.074074074","13C1 P1 O7","de-protonated","1","2633","C26 H29 O7 P1 13C1","26","29","7","-9999","1","-9999","1","-9999","-9999"
"2645","496.16148","496.161553007","496.161304998","2507174.3","-9999","359402.4","19.72","-1","0.499855198","0.477838208","0.780512821","0.598908053","14","0.346153846","1.038461538","N1 O9","de-protonated","0","-9999","C26 H27 O9 N1","26","27","9","1","-9999","-9999","-9999","-9999","-9999"
"2645","496.16148","496.161553007","496.161794256","2507174.3","-9999","359402.4","19.72","-1","-0.486229584","0.479004573","0.761234226","0.591896434","18","0.034482759","0.965517241","N3 S1 P1 O1","de-protonated","0","-9999","C29 H28 O1 N3 P1 S1","29","28","1","3","1","1","-9999","-9999","-9999"
"2645","496.16148","496.161553007","496.161365357","2507174.3","-9999","359402.4","19.72","-1","0.378203444","0.974379882","0.940051725","0.960648619","6","0.764705882","1.647058824","13C1 N4 O13","de-protonated","1","2633","C16 H28 O13 N4 13C1","16","28","13","4","-9999","-9999","1","-9999","-9999"
"2646","496.173348","496.173421003","496.173407768","1195437.3","-9999","366666.5","8.58","-1","0.026674261","0.999870905","0","0.599922543","13","0.115384615","1.192307692","N3 S2 O3","de-protonated","0","-9999","C26 H31 O3 N3 S2","26","31","3","3","-9999","2","-9999","-9999","-9999"
"2646","496.173348","496.173421003","496.173540709","1195437.3","-9999","366666.5","8.58","-1","-0.241259682","0.989494131","0","0.593696479","0","0.733333333","2.4","N3 S1 P1 O11","de-protonated","0","-9999","C15 H36 O11 N3 P1 S1","15","36","11","3","1","1","-9999","-9999","-9999"
"2647","496.197846","496.197918993","496.197554162","1321659.3","-9999","416519.4","9.65","-1","0.73525356100000006","0.90656662","0.989681218","0.939812459","13","0.214285714","1.178571429","13C1 P1 O6","de-protonated","1","2636","C27 H33 O6 P1 13C1","27","33","6","-9999","1","-9999","1","-9999","-9999"
"2647","496.197846","496.197918993","496.197690508","1321659.3","-9999","416519.4","9.65","-1","0.460472515","0.962257242","0","0.577354345","13","0.296296296","1.148148148","N1 O8","de-protonated","0","-9999","C27 H31 O8 N1","27","31","8","1","-9999","-9999","-9999","-9999","-9999"
"2647","496.197846","496.197918993","496.197750867","1321659.3","-9999","416519.4","9.65","-1","0.338829687","0.979384156","0.940830459","0.963962677","5","0.666666667","1.777777778","13C1 N4 O12","de-protonated","1","2636","C17 H32 O12 N4 13C1","17","32","12","4","-9999","-9999","1","-9999","-9999"
"2649","496.96249","496.962562698","496.962361463","1374582.6","-9999","329264.1","10.1","-1","0.404928427","0.97068661999999994","0","0.58241197199999994","15","0.933333333","0.466666667","N4 P1 O14","de-protonated","0","-9999","C15 H7 O14 N4 P1","15","7","14","4","1","-9999","-9999","-9999","-9999"
"2650","497.028202","497.028274672","497.027921845","1887132.9","-9999","394295.4","14.45","-1","0.709874352","0.912619803","0","0.547571882","17","0.47826087","0.652173913","P1 O11","de-protonated","0","-9999","C23 H15 O11 P1","23","15","11","-9999","1","-9999","-9999","-9999","-9999"
"2651","497.034807","497.03487967","497.034664451","1205408.6","-9999","388780.1","8.66","-1","0.433004368","0.966551865","0","0.579931119","7","0.647058824","1.352941176","S2 P1 O11","de-protonated","0","-9999","C17 H23 O11 P1 S2","17","23","11","-9999","1","2","-9999","-9999","-9999"
"2651","497.034807","497.03487967","497.03499954","1205408.6","-9999","388780.1","8.66","-1","-0.241171627","0.989501759","0","0.593701055","26","0.142857143","0.357142857","N4 S1 O4","de-protonated","0","-9999","C28 H10 O4 N4 S1","28","10","4","4","-9999","1","-9999","-9999","-9999"
"2651","497.034807","497.03487967","497.035132482","1205408.6","-9999","388780.1","8.66","-1","-0.508641045","0.954141185","0","0.572484711","13","0.705882353","0.882352941","N4 P1 O12","de-protonated","0","-9999","C17 H15 O12 N4 P1","17","15","12","4","1","-9999","-9999","-9999","-9999"
"2652","497.043743","497.043815666","497.044047366","1366693.9","-9999","341327.5","10.03","-1","-0.466155455","0.961338241","0","0.576802945","20","0.107142857","0.678571429","S2 P1 O3","de-protonated","0","-9999","C28 H19 O3 P1 S2","28","19","3","-9999","1","2","-9999","-9999","-9999"
"2652","497.043743","497.043815666","497.04424407","1366693.9","-9999","341327.5","10.03","-1","-0.861903722","0.873895704","0","0.524337423","12","0.5","1","N4 S2 O9","de-protonated","0","-9999","C18 H18 O9 N4 S2","18","18","9","4","-9999","2","-9999","-9999","-9999"
"2652","497.043743","497.043815666","497.043374691","1366693.9","-9999","341327.5","10.03","-1","0.887197393","0.866908584","0","0.52014515","13","0.823529412","0.823529412","N4 O14","de-protonated","0","-9999","C17 H14 O14 N4","17","14","14","4","-9999","-9999","-9999","-9999","-9999"
"2653","497.052493","497.052565663","497.052289574","1521579","-9999","345602.9","11.34","-1","0.555451286","0.945556476","0","0.567333886","20","0.178571429","0.642857143","S2 O5","de-protonated","0","-9999","C28 H18 O5 S2","28","18","5","-9999","-9999","2","-9999","-9999","-9999"
"2653","497.052493","497.052565663","497.052422516","1521579","-9999","345602.9","11.34","-1","0.287990958","0.985063537","0","0.591038122","7","0.764705882","1.352941176","S1 P1 O13","de-protonated","0","-9999","C17 H23 O13 P1 S1","17","23","13","-9999","1","1","-9999","-9999","-9999"
"2653","497.052493","497.052565663","497.052757605","1521579","-9999","345602.9","11.34","-1","-0.386160852","0.973305114","0","0.583983069","26","0.214285714","0.357142857","N4 O6","de-protonated","0","-9999","C28 H10 O6 N4","28","10","6","4","-9999","-9999","-9999","-9999","-9999"
"2654","497.056932","497.057004661","497.057293421","1018285.6","-9999","485687.6","7.07","-1","-0.580939635","0.940600034","0","0.564360021","12","0.75","0.9","O15","de-protonated","0","-9999","C20 H18 O15","20","18","15","-9999","-9999","-9999","-9999","-9999","-9999"
"2654","497.056932","497.057004661","497.056780357","1018285.6","-9999","485687.6","7.07","-1","0.451264275","0.963724214","0","0.578234529","30","0.121212121","0.303030303","N2 O4","de-protonated","0","-9999","C33 H10 O4 N2","33","10","4","2","-9999","-9999","-9999","-9999","-9999"
"2654","497.056932","497.057004661","497.05713123","1018285.6","-9999","485687.6","7.07","-1","-0.254636629","0.988303839","0","0.592982304","7","0.6","1.533333333","N4 S2 P1 O9","de-protonated","0","-9999","C15 H23 O9 N4 P1 S2","15","23","9","4","1","2","-9999","-9999","-9999"
"2655","497.059721","497.05979366","497.06015166","2070959.1","-9999","383769","16.01","-1","-0.720235628","0.455084685","0.755017935","0.575057985","25","0.133333333","0.466666667","N2 S1 O4","de-protonated","0","-9999","C30 H14 O4 N2 S1","30","14","4","2","-9999","1","-9999","-9999","-9999"
"2655","497.059721","497.05979366","497.060284602","2070959.1","-9999","383769","16.01","-1","-0.987691385","0.837771899","0","0.50266314","12","0.631578947","1","N2 P1 O12","de-protonated","0","-9999","C19 H19 O12 N2 P1","19","19","12","2","1","-9999","-9999","-9999","-9999"
"2655","497.059721","497.05979366","497.059771538","2070959.1","-9999","383769","16.01","-1","0.044505894","0.499820328","0.742885034","0.59704621","30","0.03125","0.34375","N4 P1 O1","de-protonated","0","-9999","C32 H11 O1 N4 P1","32","11","1","4","1","-9999","-9999","-9999","-9999"
"2655","497.059721","497.05979366","497.059500212","2070959.1","-9999","383769","16.01","-1","0.590368455","0.469358513","0.807789663","0.604730973","16","0.272727273","0.818181818","N4 S2 O6","de-protonated","0","-9999","C22 H18 O6 N4 S2","22","18","6","4","-9999","2","-9999","-9999","-9999"
"2656","497.064642","497.064714658","497.065176734","7699378","-9999","372313.6","63.79","-1","-0.929608338","0.567324987","0.917234621","0.70728884","15","0.2","0.92","S2 P1 O5","de-protonated","0","-9999","C25 H23 O5 P1 S2","25","23","5","-9999","1","2","-9999","-9999","-9999"
"2656","497.064642","497.064714658","497.064307354","7699378","-9999","372313.6","63.79","-1","0.819418999","0.889216018","0.975790645","0.923845869","16","0.416666667","0.791666667","P1 O10","de-protonated","0","-9999","C24 H19 O10 P1","24","19","10","-9999","1","-9999","-9999","-9999","-9999"
"2657","497.06603","497.066102658","497.066024887","1809842.8","-9999","469686.4","13.79","-1","0.156458813","0.995568102","0","0.597340861","16","0.391304348","0.782608696","N2 S1 O9","de-protonated","0","-9999","C23 H18 O9 N2 S1","23","18","9","2","-9999","1","-9999","-9999","-9999"
"2657","497.06603","497.066102658","497.066514145","1809842.8","-9999","469686.4","13.79","-1","-0.82783084","0.441536463","0.780512821","0.577127006","20","0.038461538","0.730769231","N4 S2 P1 O1","de-protonated","0","-9999","C26 H19 O1 N4 P1 S2","26","19","1","4","1","2","-9999","-9999","-9999"
"2657","497.06603","497.066102658","497.065644765","1809842.8","-9999","469686.4","13.79","-1","0.921191969","0.428646134","0.787157861","0.572050825","21","0.24","0.6","N4 P1 O6","de-protonated","0","-9999","C25 H15 O6 N4 P1","25","15","6","4","1","-9999","-9999","-9999","-9999"
"2658","497.071384","497.071456655","497.07104996100003","1074613.9","-9999","358003.9","7.55","-1","0.818182211","0.885621371","0","0.531372823","6","0.555555556","1.5","S2 P1 O10","de-protonated","0","-9999","C18 H27 O10 P1 S2","18","27","10","-9999","1","2","-9999","-9999","-9999"
"2658","497.071384","497.071456655","497.071898114","1074613.9","-9999","358003.9","7.55","-1","-0.888117959","0.866651548","0","0.519990929","7","0.875","1.375","N2 S1 O14","de-protonated","0","-9999","C16 H22 O14 N2 S1","16","22","14","2","-9999","1","-9999","-9999","-9999"
"2658","497.071384","497.071456655","497.07138505","1074613.9","-9999","358003.9","7.55","-1","0.144055306","0.99624167","0","0.597745002","25","0.103448276","0.482758621","N4 S1 O3","de-protonated","0","-9999","C29 H14 O3 N4 S1","29","14","3","4","-9999","1","-9999","-9999","-9999"
"2658","497.071384","497.071456655","497.071517991","1074613.9","-9999","358003.9","7.55","-1","-0.123394637","0.997241032","0","0.598344619","12","0.611111111","1.055555556","N4 P1 O11","de-protonated","0","-9999","C18 H19 O11 N4 P1","18","19","11","4","1","-9999","-9999","-9999","-9999"
"2659","497.079931","497.080003652","497.080432875","1821114.9","-9999","345920.4","13.89","-1","-0.863488291","0.436731144","0.761234226","0.566532377","19","0.068965517","0.793103448","S2 P1 O2","de-protonated","0","-9999","C29 H23 O2 P1 S2","29","23","2","-9999","1","2","-9999","-9999","-9999"
"2659","497.079931","497.080003652","497.079563495","1821114.9","-9999","345920.4","13.89","-1","0.885485481","0.433693034","0.767553728","0.567237312","20","0.25","0.678571429","P1 O7","de-protonated","0","-9999","C28 H19 O7 P1","28","19","7","-9999","1","-9999","-9999","-9999","-9999"
"2659","497.079931","497.080003652","497.0797602","1821114.9","-9999","345920.4","13.89","-1","0.489764955","0.957409534","0","0.57444572","12","0.722222222","1","N4 O13","de-protonated","0","-9999","C18 H18 O13 N4","18","18","13","4","-9999","-9999","-9999","-9999","-9999"
"2660","497.088769","497.088841649","497.088675084","1447360","-9999","353621.6","10.71","-1","0.335080979","0.979833201","0","0.587899921","19","0.137931034","0.75862069","S2 O4","de-protonated","0","-9999","C29 H22 O4 S2","29","22","4","-9999","-9999","2","-9999","-9999","-9999"
"2660","497.088769","497.088841649","497.088808026","1447360","-9999","353621.6","10.71","-1","0.067640287","0.999170179","0","0.599502107","6","0.666666667","1.5","S1 P1 O12","de-protonated","0","-9999","C18 H27 O12 P1 S1","18","27","12","-9999","1","1","-9999","-9999","-9999"
"2660","497.088769","497.088841649","497.089143114","1447360","-9999","353621.6","10.71","-1","-0.606462029","0.935441998","0","0.561265199","25","0.172413793","0.482758621","N4 O5","de-protonated","0","-9999","C29 H14 O5 N4","29","14","5","4","-9999","-9999","-9999","-9999","-9999"
"2661","497.090825","497.090897648","497.091177007","1145793.3","-9999","311111.2","8.15","-1","-0.561988018","0.94430409","0","0.566582454","15","0.36","0.88","S1 O9","de-protonated","0","-9999","C25 H22 O9 S1","25","22","9","-9999","-9999","1","-9999","-9999","-9999"
"2661","497.090825","497.090897648","497.090796885","1145793.3","-9999","311111.2","8.15","-1","0.202705895","0.992572056","0","0.595543234","20","0.222222222","0.703703704","N2 P1 O6","de-protonated","0","-9999","C27 H19 O6 N2 P1","27","19","6","2","1","-9999","-9999","-9999","-9999"
"2661","497.090825","497.090897648","497.090525559","1145793.3","-9999","311111.2","8.15","-1","0.748534474","0.903330853","0","0.541998512","6","0.647058824","1.529411765","N2 S2 O11","de-protonated","0","-9999","C17 H26 O11 N2 S2","17","26","11","2","-9999","2","-9999","-9999","-9999"
"2662","497.096151","497.096223646","497.09653717","2415044.3","-9999","374136.8","18.93","-1","-0.630710215","0.465181964","0.748902347","0.578670117","24","0.096774194","0.580645161","N2 S1 O3","de-protonated","0","-9999","C31 H18 O3 N2 S1","31","18","3","2","-9999","1","-9999","-9999","-9999"
"2662","497.096151","497.096223646","497.096670112","2415044.3","-9999","374136.8","18.93","-1","-0.898146419","0.431919588","0.822155738","0.588014048","11","0.55","1.15","N2 P1 O11","de-protonated","0","-9999","C20 H23 O11 N2 P1","20","23","11","2","1","-9999","-9999","-9999","-9999"
"2662","497.096151","497.096223646","497.095885721","2415044.3","-9999","374136.8","18.93","-1","0.679798054","0.45978365","0.800793265","0.596187496","15","0.217391304","0.956521739","N4 S2 O5","de-protonated","0","-9999","C23 H22 O5 N4 S2","23","22","5","4","-9999","2","-9999","-9999","-9999"
"2663","497.101033","497.101105644","497.101562243","9823175","-9999","354191.6","81.82","-1","-0.918523268","0.583780095","0.922781924","0.719380827","14","0.153846154","1.038461538","S2 P1 O4","de-protonated","0","-9999","C26 H27 O4 P1 S2","26","27","4","-9999","1","2","-9999","-9999","-9999"
"2663","497.101033","497.101105644","497.100692864","9823175","-9999","354191.6","81.82","-1","0.830376068","0.864683318","0.980381305","0.910962513","15","0.36","0.92","P1 O9","de-protonated","0","-9999","C25 H23 O9 P1","25","23","9","-9999","1","-9999","-9999","-9999","-9999"
"2664","497.11624","497.116312638","497.115949005","1864656","-9999","378678","14.26","-1","0.731485985","0.453738043","0.761234226","0.576736516","19","0.206896552","0.793103448","P1 O6","de-protonated","0","-9999","C29 H23 O6 P1","29","23","6","-9999","1","-9999","-9999","-9999","-9999"
"2664","497.11624","497.116312638","497.116145709","1864656","-9999","378678","14.26","-1","0.335794484","0.979748102","0","0.587848861","11","0.631578947","1.157894737","N4 O12","de-protonated","0","-9999","C19 H22 O12 N4","19","22","12","4","-9999","-9999","-9999","-9999","-9999"
"2665","497.124777","497.124849635","497.125060593","1467093","-9999","349556.3","10.88","-1","-0.42435662","0.967853047","0","0.580711828","18","0.1","0.866666667","S2 O3","de-protonated","0","-9999","C30 H26 O3 S2","30","26","3","-9999","-9999","2","-9999","-9999","-9999"
"2665","497.124777","497.124849635","497.125193535","1467093","-9999","349556.3","10.88","-1","-0.691777534","0.91682984","0","0.550097904","5","0.578947368","1.631578947","S1 P1 O11","de-protonated","0","-9999","C19 H31 O11 P1 S1","19","31","11","-9999","1","1","-9999","-9999","-9999"
"2666","497.127191","497.127263634","497.127562517","1037014.3","-9999","427451.2","7.23","-1","-0.601219317","0.936517295","0","0.561910377","14","0.307692308","1","S1 O8","de-protonated","0","-9999","C26 H26 O8 S1","26","26","8","-9999","-9999","1","-9999","-9999","-9999"
"2666","497.127191","497.127263634","497.127182394","1037014.3","-9999","427451.2","7.23","-1","0.163418596","0.995166019","0","0.597099611","19","0.178571429","0.821428571","N2 P1 O5","de-protonated","0","-9999","C28 H23 O5 N2 P1","28","23","5","2","1","-9999","-9999","-9999","-9999"
"2666","497.127191","497.127263634","497.126911068","1037014.3","-9999","427451.2","7.23","-1","0.709207203","0.91277659","0","0.547665954","5","0.555555556","1.666666667","N2 S2 O10","de-protonated","0","-9999","C18 H30 O10 N2 S2","18","30","10","2","-9999","2","-9999","-9999","-9999"
"2667","497.129635","497.129707633","497.13006444","1770455.8","-9999","393432.2","13.46","-1","-0.717733877","0.910763678","0","0.546458207","10","0.590909091","1.181818182","O13","de-protonated","0","-9999","C22 H26 O13","22","26","13","-9999","-9999","-9999","-9999","-9999","-9999"
"2667","497.129635","497.129707633","497.129551376","1770455.8","-9999","393432.2","13.46","-1","0.314318795","0.99047314","0.900923675","0.954653354","28","0.057142857","0.514285714","N2 O2","de-protonated","0","-9999","C35 H18 O2 N2","35","18","2","2","-9999","-9999","-9999","-9999","-9999"
"2667","497.129635","497.129707633","497.129902249","1770455.8","-9999","393432.2","13.46","-1","-0.391478681","0.972575064","0","0.583545039","5","0.411764706","1.823529412","N4 S2 P1 O7","de-protonated","0","-9999","C17 H31 O7 N4 P1 S2","17","31","7","4","1","2","-9999","-9999","-9999"
"2668","497.132392","497.132464632","497.132922679","2032089.4","-9999","425749.7","15.68","-1","-0.921377771","0.428619507","0.742885034","0.554325718","23","0.0625","0.6875","N2 S1 O2","de-protonated","0","-9999","C32 H22 O2 N2 S1","32","22","2","2","-9999","1","-9999","-9999","-9999"
"2668","497.132392","497.132464632","497.13227123","2032089.4","-9999","425749.7","15.68","-1","0.3890342","0.486455911","0.793917021","0.609440355","14","0.166666667","1.083333333","N4 S2 O4","de-protonated","0","-9999","C24 H26 O4 N4 S2","24","26","4","4","-9999","2","-9999","-9999","-9999"
"2668","497.132392","497.132464632","497.132404172","2032089.4","-9999","425749.7","15.68","-1","0.121616948","0.997319848","0","0.598391909","1","0.923076923","2.384615385","N4 S1 P1 O12","de-protonated","0","-9999","C13 H31 O12 N4 P1 S1","13","31","12","4","1","1","-9999","-9999","-9999"
"2669","497.137404","497.13747663","497.137947753","9047004","-9999","366778.4","75.23","-1","-0.947670086","0.567534839","0.934975542","0.714511121","13","0.111111111","1.148148148","S2 P1 O3","de-protonated","0","-9999","C27 H31 O3 P1 S2","27","31","3","-9999","1","2","-9999","-9999","-9999"
"2669","497.137404","497.13747663","497.137078373","9047004","-9999","366778.4","75.23","-1","0.801101196","0.88904131","0.991641546","0.930081404","14","0.307692308","1.038461538","P1 O8","de-protonated","0","-9999","C26 H27 O8 P1","26","27","8","-9999","1","-9999","-9999","-9999","-9999"
"2669","497.137404","497.13747663","497.137275077","9047004","-9999","366778.4","75.23","-1","0.405426485","0.969982747","0.936393894","0.956547206","6","0.875","1.625","N4 O14","de-protonated","0","-9999","C16 H26 O14 N4","16","26","14","4","-9999","-9999","-9999","-9999","-9999"
"2670","497.147079","497.147151626","497.147527372","1440737.9","-9999","239599.8","10.66","-1","-0.755802838","0.901540446","0","0.540924268","18","0.035714286","0.928571429","N4 S2 O1","de-protonated","0","-9999","C28 H26 O1 N4 S2","28","26","1","4","-9999","2","-9999","-9999","-9999"
"2670","497.147079","497.147151626","497.146657992","1440737.9","-9999","239599.8","10.66","-1","0.992935082","0.836194612","0","0.501716767","19","0.222222222","0.814814815","N4 O6","de-protonated","0","-9999","C27 H22 O6 N4","27","22","6","4","-9999","-9999","-9999","-9999","-9999"
"2671","497.152689","497.152761624","497.152334514","1360613.1","-9999","388401.8","9.98","-1","0.85911275","0.874657684","0","0.52479461","18","0.166666667","0.9","P1 O5","de-protonated","0","-9999","C30 H27 O5 P1","30","27","5","-9999","1","-9999","-9999","-9999","-9999"
"2671","497.152689","497.152761624","497.152531219","1360613.1","-9999","388401.8","9.98","-1","0.463450158","0.961777017","0","0.57706621","10","0.55","1.3","N4 O11","de-protonated","0","-9999","C20 H26 O11 N4","20","26","11","4","-9999","-9999","-9999","-9999","-9999"
"2672","497.160723","497.160795621","497.160576723","1831913.8","-9999","399652.4","13.98","-1","0.440297006","0.482717788","0.755017935","0.591637847","18","0.233333333","0.866666667","O7","de-protonated","0","-9999","C30 H26 O7","30","26","7","-9999","-9999","-9999","-9999","-9999","-9999"
"2672","497.160723","497.160795621","497.160414531","1831913.8","-9999","399652.4","13.98","-1","0.766532556","0.449436197","0.787157861","0.584524863","13","0.04","1.24","N4 S2 P1 O1","de-protonated","0","-9999","C25 H31 O1 N4 P1 S2","25","31","1","4","1","2","-9999","-9999","-9999"
"2673","497.163225","497.16329762","497.163567903","1219051.4","-9999","453530.4","8.78","-1","-0.543650966","0.947784318","0","0.568670591","18","0.137931034","0.931034483","N2 P1 O4","de-protonated","0","-9999","C29 H27 O4 N2 P1","29","27","4","2","1","-9999","-9999","-9999","-9999"
"2673","497.163225","497.16329762","497.163296577","1219051.4","-9999","453530.4","8.78","-1","0.002097311","0.999999202","0","0.599999521","4","0.473684211","1.789473684","N2 S2 O9","de-protonated","0","-9999","C19 H34 O9 N2 S2","19","34","9","2","-9999","2","-9999","-9999","-9999"
"2673","497.163225","497.16329762","497.162916455","1219051.4","-9999","453530.4","8.78","-1","0.766680727","0.898835343","0","0.539301206","9","0.285714286","1.476190476","N4 S1 P1 O6","de-protonated","0","-9999","C21 H31 O6 N4 P1 S1","21","31","6","4","1","1","-9999","-9999","-9999"
"2674","497.165745","497.165817619","497.165936885","8072173","-9999","347302.7","66.95","-1","-0.239892035","0.662962525","0.921895857","0.766535858","27","0.027777778","0.611111111","N2 O1","de-protonated","0","-9999","C36 H22 O1 N2","36","22","1","2","-9999","-9999","-9999","-9999","-9999"
"2674","497.165745","497.165817619","497.165798501","8072173","-9999","347302.7","66.95","-1","0.03845454","0.99570604","0.90119092","0.957899992","0","0.933333333","2.266666667","N2 S1 O14","de-protonated","0","-9999","C15 H34 O14 N2 S1","15","34","14","2","-9999","1","-9999","-9999","-9999"
"2674","497.165745","497.165817619","497.166287758","8072173","-9999","347302.7","66.95","-1","-0.945637465","0.58294822","0.913204161","0.715050596","4","0.333333333","1.944444444","N4 S2 P1 O6","de-protonated","0","-9999","C18 H35 O6 N4 P1 S2","18","35","6","4","1","2","-9999","-9999","-9999"
"2674","497.165745","497.165817619","497.165418378","8072173","-9999","347302.7","66.95","-1","0.803034135","0.865181945","0.916912219","0.885874054","5","0.647058824","1.823529412","N4 P1 O11","de-protonated","0","-9999","C17 H31 O11 N4 P1","17","31","11","4","1","-9999","-9999","-9999","-9999"
"2675","497.168797","497.168869618","497.169308188","1520622.6","-9999","405096.6","11.34","-1","-0.882135403","0.434159279","0.736963647","0.555281026","22","0.03030303","0.787878788","N2 S1 O1","de-protonated","0","-9999","C33 H26 O1 N2 S1","33","26","1","2","-9999","1","-9999","-9999","-9999"
"2675","497.168797","497.168869618","497.16865674","1520622.6","-9999","405096.6","11.34","-1","0.428180717","0.967280676","0","0.580368406","13","0.12","1.2","N4 S2 O3","de-protonated","0","-9999","C25 H30 O3 N4 S2","25","30","3","4","-9999","2","-9999","-9999","-9999"
"2675","497.168797","497.168869618","497.168789682","1520622.6","-9999","405096.6","11.34","-1","0.160783025","0.995320321","0","0.597192193","0","0.785714286","2.5","N4 S1 P1 O11","de-protonated","0","-9999","C14 H35 O11 N4 P1 S1","14","35","11","4","1","1","-9999","-9999","-9999"
"2676","497.173817","497.173889616","497.174333262","5312497.5","-9999","347619","43.53","-1","-0.892335262","0.852877053","0.959241308","0.895422755","12","0.071428571","1.25","S2 P1 O2","de-protonated","0","-9999","C28 H35 O2 P1 S2","28","35","2","-9999","1","2","-9999","-9999","-9999"
"2676","497.173817","497.173889616","497.173463882","5312497.5","-9999","347619","43.53","-1","0.856308134","0.88723679","0.965666613","0.918608719","13","0.259259259","1.148148148","P1 O7","de-protonated","0","-9999","C27 H31 O7 P1","27","31","7","-9999","1","-9999","-9999","-9999","-9999"
"2676","497.173817","497.173889616","497.173660587","5312497.5","-9999","347619","43.53","-1","0.460662359","0.968782906","0.963623212","0.966719028","5","0.764705882","1.764705882","N4 O13","de-protonated","0","-9999","C17 H30 O13 N4","17","30","13","4","-9999","-9999","-9999","-9999","-9999"
"2677","497.175094","497.175166615","497.175181415","1240050.3","-9999","522949","8.95","-1","-0.029767882","0.999839226","0","0.599903536","13","0.230769231","1.153846154","N2 S1 O6","de-protonated","0","-9999","C26 H30 O6 N2 S1","26","30","6","2","-9999","1","-9999","-9999","-9999"
"2677","497.175094","497.175166615","497.175314357","1240050.3","-9999","522949","8.95","-1","-0.297161943","0.984104817","0","0.59046289","0","0.933333333","2.333333333","N2 P1 O14","de-protonated","0","-9999","C15 H35 O14 N2 P1","15","35","14","2","1","-9999","-9999","-9999","-9999"
"2677","497.175094","497.175166615","497.174801293","1240050.3","-9999","522949","8.95","-1","0.734797232","0.906676974","0","0.544006185","18","0.107142857","0.964285714","N4 P1 O3","de-protonated","0","-9999","C28 H27 O3 N4 P1","28","27","3","4","1","-9999","-9999","-9999","-9999"
"2678","497.202182","497.202254605","497.202673267","1457921.9","-9999","372163.7","10.8","-1","-0.842035908","0.87928029","0","0.527568174","3","0.263157895","2.052631579","N4 S2 P1 O5","de-protonated","0","-9999","C19 H39 O5 N4 P1 S2","19","39","5","4","1","2","-9999","-9999","-9999"
"2678","497.202182","497.202254605","497.201803888","1457921.9","-9999","372163.7","10.8","-1","0.906507905","0.861477231","0","0.516886339","4","0.555555556","1.944444444","N4 P1 O10","de-protonated","0","-9999","C18 H35 O10 N4 P1","18","35","10","4","1","-9999","-9999","-9999","-9999"
"2679","497.21016","497.210232602","497.210718771","2010118.6","-9999","328128.5","15.49","-1","-0.977793861","0.420367146","0.761234226","0.556713978","11","0.034482759","1.344827586","S2 P1 O1","de-protonated","0","-9999","C29 H39 O1 P1 S2","29","39","1","-9999","1","2","-9999","-9999","-9999"
"2679","497.21016","497.210232602","497.209849392","2010118.6","-9999","328128.5","15.49","-1","0.770721421","0.448911377","0.767553728","0.576368318","12","0.214285714","1.25","P1 O6","de-protonated","0","-9999","C28 H35 O6 P1","28","35","6","-9999","1","-9999","-9999","-9999","-9999"
"2679","497.21016","497.210232602","497.210046096","2010118.6","-9999","328128.5","15.49","-1","0.375104632","0.974792684","0","0.58487561","4","0.666666667","1.888888889","N4 O12","de-protonated","0","-9999","C18 H34 O12 N4","18","34","12","4","-9999","-9999","-9999","-9999","-9999"
"2680","498.067983","498.06805527","498.068531569","1711610.6","-9999","479225.8","12.95","-1","-0.956291858","0.564734898","0.917234621","0.705734787","15","0.2","0.92","13C1 S2 P1 O5","de-protonated","1","2656","C24 H23 O5 P1 S2 13C1","24","23","5","-9999","1","2","1","-9999","-9999"
"2680","498.067983","498.06805527","498.067662189","1711610.6","-9999","479225.8","12.95","-1","0.789212026","0.893136071","0.975790645","0.926197901","16","0.416666667","0.791666667","13C1 P1 O10","de-protonated","1","2656","C23 H19 O10 P1 13C1","23","19","10","-9999","1","-9999","1","-9999","-9999"
"2680","498.067983","498.06805527","498.067798535","1711610.6","-9999","479225.8","12.95","-1","0.515462693","0.952932468","0","0.571759481","16","0.52173913","0.739130435","N1 O12","de-protonated","0","-9999","C23 H17 O12 N1","23","17","12","1","-9999","-9999","-9999","-9999","-9999"
"2680","498.067983","498.06805527","498.068287792","1711610.6","-9999","479225.8","12.95","-1","-0.466847593","0.961225604","0","0.576735362","20","0.153846154","0.692307692","N3 S1 P1 O4","de-protonated","0","-9999","C26 H18 O4 N3 P1 S1","26","18","4","3","1","1","-9999","-9999","-9999"
"2681","498.104452","498.104524256","498.104917078","2352656","-9999","402070.3","18.39","-1","-0.788633712","0.59552264","0.922781924","0.726426353","14","0.153846154","1.038461538","13C1 S2 P1 O4","de-protonated","1","2663","C25 H27 O4 P1 S2 13C1","25","27","4","-9999","1","2","1","-9999","-9999"
"2681","498.104452","498.104524256","498.104047699","2352656","-9999","402070.3","18.39","-1","0.956742959","0.846969714","0.980381305","0.900334351","15","0.36","0.92","13C1 P1 O9","de-protonated","1","2663","C24 H23 O9 P1 13C1","24","23","9","-9999","1","-9999","1","-9999","-9999"
"2681","498.104452","498.104524256","498.104184044","2352656","-9999","402070.3","18.39","-1","0.683013577","0.459418205","0.793917021","0.593217731","15","0.458333333","0.875","N1 O11","de-protonated","0","-9999","C24 H21 O11 N1","24","21","11","1","-9999","-9999","-9999","-9999","-9999"
"2681","498.104452","498.104524256","498.104673302","2352656","-9999","402070.3","18.39","-1","-0.299225118","0.491942563","0.773979033","0.604757151","19","0.111111111","0.814814815","N3 S1 P1 O3","de-protonated","0","-9999","C27 H22 O3 N3 P1 S1","27","22","3","3","1","1","-9999","-9999","-9999"
"2682","498.132792","498.132864245","498.133196725","1056288.5","-9999","308874.9","7.39","-1","-0.667451533","0.922346921","0","0.553408153","13","0.115384615","1.153846154","N1 S2 P1 O3","de-protonated","0","-9999","C26 H30 O3 N1 P1 S2","26","30","3","1","1","2","-9999","-9999","-9999"
"2682","498.132792","498.132864245","498.132906211","1056288.5","-9999","308874.9","7.39","-1","-0.084246022","0.998713016","0.900923675","0.95959728","28","0.057142857","0.514285714","13C1 N2 O2","de-protonated","1","2667","C34 H18 O2 N2 13C1","34","18","2","2","-9999","-9999","1","-9999","-9999"
"2683","498.140764","498.140836242","498.141302588","2421285.3","-9999","384431.6","18.98","-1","-0.936171554","0.568650167","0.934975542","0.715180317","13","0.111111111","1.148148148","13C1 S2 P1 O3","de-protonated","1","2669","C26 H31 O3 P1 S2 13C1","26","31","3","-9999","1","2","1","-9999","-9999"
"2683","498.140764","498.140836242","498.140433208","2421285.3","-9999","384431.6","18.98","-1","0.809077372","0.888005419","0.991641546","0.929459869","14","0.307692308","1.038461538","13C1 P1 O8","de-protonated","1","2669","C25 H27 O8 P1 13C1","25","27","8","-9999","1","-9999","1","-9999","-9999"
"2683","498.140764","498.140836242","498.140569554","2421285.3","-9999","384431.6","18.98","-1","0.535368024","0.474661288","0.787157861","0.599659917","14","0.4","1","N1 O10","de-protonated","0","-9999","C25 H25 O10 N1","25","25","10","1","-9999","-9999","-9999","-9999","-9999"
"2683","498.140764","498.140836242","498.141058811","2421285.3","-9999","384431.6","18.98","-1","-0.44679878","0.482212868","0.767553728","0.596349212","18","0.071428571","0.928571429","N3 S1 P1 O2","de-protonated","0","-9999","C28 H26 O2 N3 P1 S1","28","26","2","3","1","1","-9999","-9999","-9999"
"2683","498.140764","498.140836242","498.140629912","2421285.3","-9999","384431.6","18.98","-1","0.414199626","0.969349959","0.936393894","0.956167533","6","0.875","1.625","13C1 N4 O14","de-protonated","1","2669","C15 H26 O14 N4 13C1","15","26","14","4","-9999","-9999","1","-9999","-9999"
"2684","498.169188","498.169260231","498.169582234","2526773.8","-9999","383234","19.87","-1","-0.646372635","0.463496705","0.773979033","0.587689636","12","0.074074074","1.259259259","N1 S2 P1 O2","de-protonated","0","-9999","C27 H34 O2 N1 P1 S2","27","34","2","1","1","2","-9999","-9999","-9999"
"2684","498.169188","498.169260231","498.16929172","2526773.8","-9999","383234","19.87","-1","-0.063209709","0.666183527","0.921895857","0.768468459","27","0.027777778","0.611111111","13C1 N2 O1","de-protonated","1","2674","C35 H22 O1 N2 13C1","35","22","1","2","-9999","-9999","1","-9999","-9999"
"2684","498.169188","498.169260231","498.169153336","2526773.8","-9999","383234","19.87","-1","0.214576301","0.991680361","0.90119092","0.955484585","0","0.933333333","2.266666667","13C1 N2 S1 O14","de-protonated","1","2674","C14 H34 O14 N2 S1 13C1","14","34","14","2","-9999","1","1","-9999","-9999"
"2684","498.169188","498.169260231","498.169642593","2526773.8","-9999","383234","19.87","-1","-0.767533834","0.59908127","0.913204161","0.724730426","4","0.333333333","1.944444444","13C1 N4 S2 P1 O6","de-protonated","1","2674","C17 H35 O6 N4 P1 S2 13C1","17","35","6","4","1","2","1","-9999","-9999"
"2684","498.169188","498.169260231","498.168773213","2526773.8","-9999","383234","19.87","-1","0.977616102","0.840787319","0.916912219","0.871237279","5","0.647058824","1.823529412","13C1 N4 P1 O11","de-protonated","1","2674","C16 H31 O11 N4 P1 13C1","16","31","11","4","1","-9999","1","-9999","-9999"
"2685","498.177128","498.177200228","498.177688097","1259834.4","-9999","352461","9.12","-1","-0.979307458","0.84028252","0.959241308","0.887866036","12","0.071428571","1.25","13C1 S2 P1 O2","de-protonated","1","2676","C27 H35 O2 P1 S2 13C1","27","35","2","-9999","1","2","1","-9999","-9999"
"2685","498.177128","498.177200228","498.176818717","1259834.4","-9999","352461","9.12","-1","0.765813925","0.899052016","0.965666613","0.925697855","13","0.259259259","1.148148148","13C1 P1 O7","de-protonated","1","2676","C26 H31 O7 P1 13C1","26","31","7","-9999","1","-9999","1","-9999","-9999"
"2685","498.177128","498.177200228","498.176955063","1259834.4","-9999","352461","9.12","-1","0.49212458","0.957007127","0","0.574204276","13","0.346153846","1.115384615","N1 O9","de-protonated","0","-9999","C26 H29 O9 N1","26","29","9","1","-9999","-9999","-9999","-9999","-9999"
"2685","498.177128","498.177200228","498.17744432","1259834.4","-9999","352461","9.12","-1","-0.489970447","0.95737456","0","0.574424736","17","0.034482759","1.034482759","N3 S1 P1 O1","de-protonated","0","-9999","C29 H30 O1 N3 P1 S1","29","30","1","3","1","1","-9999","-9999","-9999"
"2685","498.177128","498.177200228","498.177015422","1259834.4","-9999","352461","9.12","-1","0.370965037","0.975339102","0.963623212","0.970652746","5","0.764705882","1.764705882","13C1 N4 O13","de-protonated","1","2676","C16 H30 O13 N4 13C1","16","30","13","4","-9999","-9999","1","-9999","-9999"
"2687","499.031778","499.031849898","499.03155413","1463343","-9999","432260.1","10.84","-1","0.592684082","0.938250524","0","0.562950315","20","0.222222222","0.592592593","S2 O6","de-protonated","0","-9999","C27 H16 O6 S2","27","16","6","-9999","-9999","2","-9999","-9999","-9999"
"2687","499.031778","499.031849898","499.031687071","1463343","-9999","432260.1","10.84","-1","0.326284548","0.980868065","0","0.588520839","7","0.875","1.3125","S1 P1 O14","de-protonated","0","-9999","C16 H21 O14 P1 S1","16","21","14","-9999","1","1","-9999","-9999","-9999"
"2688","499.043953","499.044024893","499.044441289","2679862.3","-9999","372720.8","21.17","-1","-0.834387048","0.440664232","0.793917021","0.581965347","15","0.25","0.875","S2 P1 O6","de-protonated","0","-9999","C24 H21 O6 P1 S2","24","21","6","-9999","1","2","-9999","-9999","-9999"
"2688","499.043953","499.044024893","499.043571909","2679862.3","-9999","372720.8","21.17","-1","0.90770361","0.430569106","0.800793265","0.57865877","16","0.47826087","0.739130435","P1 O11","de-protonated","0","-9999","C23 H17 O11 P1","23","17","11","-9999","1","-9999","-9999","-9999","-9999"
"2689","499.050678","499.05074989","499.050314516","1417274.1","-9999","400839.6","10.45","-1","0.872405846","0.871012338","0","0.522607403","6","0.647058824","1.470588235","S2 P1 O11","de-protonated","0","-9999","C17 H25 O11 P1 S2","17","25","11","-9999","1","2","-9999","-9999","-9999"
"2689","499.050678","499.05074989","499.050649605","1417274.1","-9999","400839.6","10.45","-1","0.200952533","0.992699532","0","0.595619719","25","0.142857143","0.428571429","N4 S1 O4","de-protonated","0","-9999","C28 H12 O4 N4 S1","28","12","4","4","-9999","1","-9999","-9999","-9999"
"2689","499.050678","499.05074989","499.050782547","1417274.1","-9999","400839.6","10.45","-1","-0.065436703","0.999223345","0","0.599534007","12","0.705882353","1","N4 P1 O12","de-protonated","0","-9999","C17 H17 O12 N4 P1","17","17","12","4","1","-9999","-9999","-9999","-9999"
"2690","499.054164","499.054235889","499.054672357","1021756.2","-9999","387953.7","7.09","-1","-0.874589258","0.870409702","0","0.522245821","29","0.060606061","0.363636364","N2 S1 O2","de-protonated","0","-9999","C33 H12 O2 N2 S1","33","12","2","2","-9999","1","-9999","-9999","-9999"
"2690","499.054164","499.054235889","499.054020908","1021756.2","-9999","387953.7","7.09","-1","0.43077666","0.966889398","0","0.580133639","20","0.16","0.64","N4 S2 O4","de-protonated","0","-9999","C25 H16 O4 N4 S2","25","16","4","4","-9999","2","-9999","-9999","-9999"
"2690","499.054164","499.054235889","499.05415385","1021756.2","-9999","387953.7","7.09","-1","0.164389163","0.99510857","0","0.597065142","7","0.857142857","1.5","N4 S1 P1 O12","de-protonated","0","-9999","C14 H21 O12 N4 P1 S1","14","21","12","4","1","1","-9999","-9999","-9999"
"2691","499.05926","499.059331887","499.05969743000003","2458687.3","-9999","396521.9","19.29","-1","-0.732464328","0.453620141","0.767553728","0.579193576","19","0.107142857","0.75","S2 P1 O3","de-protonated","0","-9999","C28 H21 O3 P1 S2","28","21","3","-9999","1","2","-9999","-9999","-9999"
"2691","499.05926","499.059331887","499.059024755","2458687.3","-9999","396521.9","19.29","-1","0.615422103","0.933585558","0","0.560151335","12","0.823529412","0.941176471","N4 O14","de-protonated","0","-9999","C17 H16 O14 N4","17","16","14","4","-9999","-9999","-9999","-9999","-9999"
"2692","499.068475","499.068546883","499.068072581","2263620.5","-9999","377070.2","17.63","-1","0.950376948","0.848837579","0","0.509302548","6","0.764705882","1.470588235","S1 P1 O13","de-protonated","0","-9999","C17 H25 O13 P1 S1","17","25","13","-9999","1","1","-9999","-9999","-9999"
"2692","499.068475","499.068546883","499.06840767","2263620.5","-9999","377070.2","17.63","-1","0.278947474","0.492990187","0.767553728","0.602815603","25","0.214285714","0.428571429","N4 O6","de-protonated","0","-9999","C28 H12 O6 N4","28","12","6","4","-9999","-9999","-9999","-9999","-9999"
"2693","499.075342","499.075413881","499.075801725","1923144.6","-9999","397143.6","14.74","-1","-0.77712464","0.448104792","0.755017935","0.570870049","24","0.133333333","0.533333333","N2 S1 O4","de-protonated","0","-9999","C30 H16 O4 N2 S1","30","16","4","2","-9999","1","-9999","-9999","-9999"
"2693","499.075342","499.075413881","499.075421602","1923144.6","-9999","397143.6","14.74","-1","-0.015471775","0.499978283","0.742885034","0.597140984","29","0.03125","0.40625","N4 P1 O1","de-protonated","0","-9999","C32 H13 O1 N4 P1","32","13","1","4","1","-9999","-9999","-9999","-9999"
"2693","499.075342","499.075413881","499.075150276","1923144.6","-9999","397143.6","14.74","-1","0.52818614","0.950639215","0","0.570383529","15","0.272727273","0.909090909","N4 S2 O6","de-protonated","0","-9999","C22 H20 O6 N4 S2","22","20","6","4","-9999","2","-9999","-9999","-9999"
"2694","499.080349","499.080420879","499.080826798","7249995.5","-9999","355789.1","59.96","-1","-0.813334467","0.600439","0.916545303","0.726881522","14","0.2","1","S2 P1 O5","de-protonated","0","-9999","C25 H25 O5 P1 S2","25","25","5","-9999","1","2","-9999","-9999","-9999"
"2694","499.080349","499.080420879","499.079957419","7249995.5","-9999","355789.1","59.96","-1","0.92862922","0.427577441","0.793917021","0.574113273","15","0.416666667","0.875","P1 O10","de-protonated","0","-9999","C24 H21 O10 P1","24","21","10","-9999","1","-9999","-9999","-9999","-9999"
"2695","499.086984","499.087055876","499.086700025","1476687.4","-9999","338233.5","10.95","-1","0.713004427","0.911882593","0","0.547129556","5","0.555555556","1.611111111","S2 P1 O10","de-protonated","0","-9999","C18 H29 O10 P1 S2","18","29","10","-9999","1","2","-9999","-9999","-9999"
"2695","499.086984","499.087055876","499.087548178","1476687.4","-9999","338233.5","10.95","-1","-0.98640438","0.838158202","0","0.502894921","6","0.875","1.5","N2 S1 O14","de-protonated","0","-9999","C16 H24 O14 N2 S1","16","24","14","2","-9999","1","-9999","-9999","-9999"
"2695","499.086984","499.087055876","499.087035114","1476687.4","-9999","338233.5","10.95","-1","0.041600172","0.999686039","0","0.599811623","24","0.103448276","0.551724138","N4 S1 O3","de-protonated","0","-9999","C29 H16 O3 N4 S1","29","16","3","4","-9999","1","-9999","-9999","-9999"
"2695","499.086984","499.087055876","499.087168056","1476687.4","-9999","338233.5","10.95","-1","-0.224769601","0.990874852","0","0.594524911","11","0.611111111","1.166666667","N4 P1 O11","de-protonated","0","-9999","C18 H21 O11 N4 P1","18","21","11","4","1","-9999","-9999","-9999","-9999"
"2696","499.095694","499.095765873","499.09608294","2798676.5","-9999","354479.7","22.18","-1","-0.635282206","0.464693666","0.761234226","0.58330989","18","0.068965517","0.862068966","S2 P1 O2","de-protonated","0","-9999","C29 H25 O2 P1 S2","29","25","2","-9999","1","2","-9999","-9999","-9999"
"2696","499.095694","499.095765873","499.095410264","2798676.5","-9999","354479.7","22.18","-1","0.71250609","0.45600007","0.837042051","0.608416863","11","0.722222222","1.111111111","N4 O13","de-protonated","0","-9999","C18 H20 O13 N4","18","20","13","4","-9999","-9999","-9999","-9999","-9999"
"2697","499.104631","499.104702869","499.104325148","2562649.8","-9999","379461.6","20.17","-1","0.756798079","0.45064711","0.761234226","0.574881957","18","0.137931034","0.827586207","S2 O4","de-protonated","0","-9999","C29 H24 O4 S2","29","24","4","-9999","-9999","2","-9999","-9999","-9999"
"2697","499.104631","499.104702869","499.10445809","2562649.8","-9999","379461.6","20.17","-1","0.490437343","0.478647523","0.837042051","0.622005334","5","0.666666667","1.611111111","S1 P1 O12","de-protonated","0","-9999","C18 H29 O12 P1 S1","18","29","12","-9999","1","1","-9999","-9999","-9999"
"2697","499.104631","499.104702869","499.104793179","2562649.8","-9999","379461.6","20.17","-1","-0.180942874","0.497038461","0.761234226","0.602716767","24","0.172413793","0.551724138","N4 O5","de-protonated","0","-9999","C29 H16 O5 N4","29","16","5","4","-9999","-9999","-9999","-9999","-9999"
"2698","499.108904","499.108975868","499.109328995","1715804.4","-9999","416405.4","12.98","-1","-0.707515041","0.913173726","0","0.547904236","10","0.666666667","1.142857143","O14","de-protonated","0","-9999","C21 H24 O14","21","24","14","-9999","-9999","-9999","-9999","-9999","-9999"
"2698","499.108904","499.108975868","499.108815931","1715804.4","-9999","416405.4","12.98","-1","0.320444936","0.490770227","0.73113591","0.5869165","28","0.088235294","0.470588235","N2 O3","de-protonated","0","-9999","C34 H16 O3 N2","34","16","3","2","-9999","-9999","-9999","-9999","-9999"
"2698","499.108904","499.108975868","499.109166804","1715804.4","-9999","416405.4","12.98","-1","-0.382553638","0.973794948","0","0.584276969","5","0.5","1.8125","N4 S2 P1 O8","de-protonated","0","-9999","C16 H29 O8 N4 P1 S2","16","29","8","4","1","2","-9999","-9999","-9999"
"2699","499.111726","499.111797867","499.112187234","1307486","-9999","327568.2","9.52","-1","-0.780120238","0.895451321","0","0.537270793","23","0.096774194","0.64516129","N2 S1 O3","de-protonated","0","-9999","C31 H20 O3 N2 S1","31","20","3","2","-9999","1","-9999","-9999","-9999"
"2699","499.111726","499.111797867","499.111535786","1307486","-9999","327568.2","9.52","-1","0.52509538","0.951200919","0","0.570720551","14","0.217391304","1.043478261","N4 S2 O5","de-protonated","0","-9999","C23 H24 O5 N4 S2","23","24","5","4","-9999","2","-9999","-9999","-9999"
"2700","499.116732","499.116803865","499.117212308","7055457","-9999","345762.9","58.31","-1","-0.818330932","0.581727727","0.912302444","0.713957614","13","0.153846154","1.115384615","S2 P1 O4","de-protonated","0","-9999","C26 H29 O4 P1 S2","26","29","4","-9999","1","2","-9999","-9999","-9999"
"2700","499.116732","499.116803865","499.116342928","7055457","-9999","345762.9","58.31","-1","0.923505758","0.870195308","0.969901826","0.910077915","14","0.36","1","P1 O9","de-protonated","0","-9999","C25 H25 O9 P1","25","25","9","-9999","1","-9999","-9999","-9999","-9999"
"2701","499.118354","499.118425864","499.11871191","1066081.9","-9999","406189.2","7.47","-1","-0.573101196","0.942145168","0","0.565287101","23","0.1875","0.625","O6","de-protonated","0","-9999","C32 H20 O6","32","20","6","-9999","-9999","-9999","-9999","-9999","-9999"
"2701","499.118354","499.118425864","499.118060461","1066081.9","-9999","406189.2","7.47","-1","0.732097631","0.907328694","0","0.544397217","14","0.333333333","1","N2 S1 O8","de-protonated","0","-9999","C24 H24 O8 N2 S1","24","24","8","2","-9999","1","-9999","-9999","-9999"
"2702","499.132038","499.132109859","499.132468449","2278506","-9999","379983.4","17.76","-1","-0.718427038","0.455299591","0.755017935","0.575186928","17","0.033333333","0.966666667","S2 P1 O1","de-protonated","0","-9999","C30 H29 O1 P1 S2","30","29","1","-9999","1","2","-9999","-9999","-9999"
"2702","499.132038","499.132109859","499.131795774","2278506","-9999","379983.4","17.76","-1","0.629262896","0.930671825","0","0.558403095","10","0.631578947","1.263157895","N4 O12","de-protonated","0","-9999","C19 H24 O12 N4","19","24","12","4","-9999","-9999","-9999","-9999","-9999"
"2703","499.139981","499.140052856","499.139841278","1143918.5","-9999","417145.2","8.13","-1","0.423885315","0.967923257","0","0.580753954","18","0.275862069","0.827586207","O8","de-protonated","0","-9999","C29 H24 O8","29","24","8","-9999","-9999","-9999","-9999","-9999","-9999"
"2703","499.139981","499.140052856","499.139679086","1143918.5","-9999","417145.2","8.13","-1","0.748827221","0.903259007","0","0.541955404","13","0.083333333","1.208333333","N4 S2 P1 O2","de-protonated","0","-9999","C24 H29 O2 N4 P1 S2","24","29","2","4","1","2","-9999","-9999","-9999"
"2704","499.145253","499.145324854","499.145714505","2544753.8","-9999","355394.8","20.02","-1","-0.78063529","0.865981029","0.860736343","0.863883154","9","0.590909091","1.272727273","O13","de-protonated","0","-9999","C22 H28 O13","22","28","13","-9999","-9999","-9999","-9999","-9999","-9999"
"2704","499.145253","499.145324854","499.14520144","2544753.8","-9999","355394.8","20.02","-1","0.247249679","0.994377283","0.943126387","0.973876924","27","0.057142857","0.571428571","N2 O2","de-protonated","0","-9999","C35 H20 O2 N2","35","20","2","2","-9999","-9999","-9999","-9999","-9999"
"2704","499.145253","499.145324854","499.145552313","2544753.8","-9999","355394.8","20.02","-1","-0.455697598","0.963021358","0","0.577812815","4","0.411764706","1.941176471","N4 S2 P1 O7","de-protonated","0","-9999","C17 H33 O7 N4 P1 S2","17","33","7","4","1","2","-9999","-9999","-9999"
"2705","499.148033","499.148104853","499.148572744","1559667.4","-9999","390981.7","11.66","-1","-0.937378027","0.42631274","0.742885034","0.552941658","22","0.0625","0.75","N2 S1 O2","de-protonated","0","-9999","C32 H24 O2 N2 S1","32","24","2","2","-9999","1","-9999","-9999","-9999"
"2705","499.148033","499.148104853","499.147921295","1559667.4","-9999","390981.7","11.66","-1","0.367742242","0.975760515","0","0.585456309","13","0.166666667","1.166666667","N4 S2 O4","de-protonated","0","-9999","C24 H28 O4 N4 S2","24","28","4","4","-9999","2","-9999","-9999","-9999"
"2706","499.153092","499.153163851","499.153597817","4925558.5","-9999","349020.4","40.23","-1","-0.86940465199999994","0.435919454","0.773979033","0.571143285","12","0.111111111","1.222222222","S2 P1 O3","de-protonated","0","-9999","C27 H33 O3 P1 S2","27","33","3","-9999","1","2","-9999","-9999","-9999"
"2706","499.153092","499.153163851","499.152728437","4925558.5","-9999","349020.4","40.23","-1","0.872304979","0.435520076","0.780512821","0.573517174","13","0.307692308","1.115384615","P1 O8","de-protonated","0","-9999","C26 H29 O8 P1","26","29","8","-9999","1","-9999","-9999","-9999","-9999"
"2706","499.153092","499.153163851","499.152925142","4925558.5","-9999","349020.4","40.23","-1","0.47822803","0.479675777","0.85247738","0.628796419","5","0.875","1.75","N4 O14","de-protonated","0","-9999","C16 H28 O14 N4","16","28","14","4","-9999","-9999","-9999","-9999","-9999"
"2707","499.162941","499.163012847","499.163177436","2257020","-9999","366439.6","17.58","-1","-0.329730406","0.490232912","0.767553728","0.601161238","17","0.035714286","1","N4 S2 O1","de-protonated","0","-9999","C28 H28 O1 N4 S2","28","28","1","4","-9999","2","-9999","-9999","-9999"
"2707","499.162941","499.163012847","499.163310378","2257020","-9999","366439.6","17.58","-1","-0.596059448","0.937567677","0","0.562540606","4","0.529411765","1.941176471","N4 S1 P1 O9","de-protonated","0","-9999","C17 H33 O9 N4 P1 S1","17","33","9","4","1","1","-9999","-9999","-9999"
"2708","499.168346","499.168417845","499.167984579","2483327.3","-9999","337791","19.5","-1","0.867976786","0.436115718","0.755017935","0.563676604","17","0.166666667","0.966666667","P1 O5","de-protonated","0","-9999","C30 H29 O5 P1","30","29","5","-9999","1","-9999","-9999","-9999","-9999"
"2708","499.168346","499.168417845","499.168181283","2483327.3","-9999","337791","19.5","-1","0.473911884","0.480033594","0.822155738","0.616882452","9","0.55","1.4","N4 O11","de-protonated","0","-9999","C20 H28 O11 N4","20","28","11","4","-9999","-9999","-9999","-9999","-9999"
"2709","499.181562","499.18163384","499.182100014","1590663","-9999","305380.1","11.92","-1","-0.933875926","0.853639933","0","0.51218396","8","0.52173913","1.391304348","O12","de-protonated","0","-9999","C23 H32 O12","23","32","12","-9999","-9999","-9999","-9999","-9999","-9999"
"2709","499.181562","499.18163384","499.18158695","1590663","-9999","305380.1","11.92","-1","0.093933962","0.499200126","0.719752637","0.587421131","26","0.027777778","0.666666667","N2 O1","de-protonated","0","-9999","C36 H24 O1 N2","36","24","1","2","-9999","-9999","-9999","-9999","-9999"
"2709","499.181562","499.18163384","499.181937823","1590663","-9999","305380.1","11.92","-1","-0.608961969","0.934926404","0","0.560955842","3","0.333333333","2.055555556","N4 S2 P1 O6","de-protonated","0","-9999","C18 H37 O6 N4 P1 S2","18","37","6","4","1","2","-9999","-9999","-9999"
"2710","499.184624","499.184695839","499.184958253","1301640.9","-9999","369882.1","9.47","-1","-0.52568571100000006","0.951093863","0","0.570656318","21","0.03030303","0.848484848","N2 S1 O1","de-protonated","0","-9999","C33 H28 O1 N2 S1","33","28","1","2","-9999","1","-9999","-9999","-9999"
"2710","499.184624","499.184695839","499.185091195","1301640.9","-9999","369882.1","9.47","-1","-0.79200308","0.892421152","0","0.535452691","8","0.409090909","1.5","N2 P1 O9","de-protonated","0","-9999","C22 H33 O9 N2 P1","22","33","9","2","1","-9999","-9999","-9999","-9999"
"2710","499.184624","499.184695839","499.184306804","1301640.9","-9999","369882.1","9.47","-1","0.779339965","0.895649048","0","0.537389429","12","0.12","1.28","N4 S2 O3","de-protonated","0","-9999","C25 H32 O3 N4 S2","25","32","3","4","-9999","2","-9999","-9999","-9999"
"2711","499.186829","499.186900838","499.186612023","4745354","-9999","383010.2","38.7","-1","0.57857014","0.47053453","0.748902347","0.581881657","16","0.064516129","1.064516129","S1 P1 O2","de-protonated","0","-9999","C31 H33 O2 P1 S1","31","33","2","-9999","1","1","-9999","-9999","-9999"
"2711","499.186829","499.186900838","499.186808728","4745354","-9999","383010.2","38.7","-1","0.184520056","0.496920571","0.81490939","0.624116099","8","0.380952381","1.523809524","N4 S1 O8","de-protonated","0","-9999","C21 H32 O8 N4 S1","21","32","8","4","-9999","1","-9999","-9999","-9999"
"2712","499.189602","499.189673837","499.189983327","2245771.8","-9999","357452.4","17.48","-1","-0.619984243","0.466315651","0.767553728","0.586810882","11","0.071428571","1.321428571","S2 P1 O2","de-protonated","0","-9999","C28 H37 O2 P1 S2","28","37","2","-9999","1","2","-9999","-9999","-9999"
"2712","499.189602","499.189673837","499.189310651","2245771.8","-9999","357452.4","17.48","-1","0.727550547","0.908422049","0","0.54505323","4","0.764705882","1.882352941","N4 O13","de-protonated","0","-9999","C17 H32 O13 N4","17","32","13","4","-9999","-9999","-9999","-9999","-9999"
"2713","499.202819","499.202890832","499.203229382","1630867.5","-9999","365683","12.26","-1","-0.678181558","0.919933646","0","0.551960188","3","0.7","1.8","O14","de-protonated","0","-9999","C20 H36 O14","20","36","14","-9999","-9999","-9999","-9999","-9999","-9999"
"2713","499.202819","499.202890832","499.202716318","1630867.5","-9999","365683","12.26","-1","0.34958509","0.489034629","0.736963647","0.588206236","21","0.090909091","0.848484848","N2 O3","de-protonated","0","-9999","C33 H28 O3 N2","33","28","3","2","-9999","-9999","-9999","-9999","-9999"
"2714","499.204203","499.204274831","499.204370088","1207316.3","-9999","647087.8","8.67","-1","-0.190817618","0.993414983","0","0.59604899","16","0.129032258","1.064516129","P1 O4","de-protonated","0","-9999","C31 H33 O4 P1","31","33","4","-9999","1","-9999","-9999","-9999","-9999"
"2714","499.204203","499.204274831","499.204098762","1207316.3","-9999","647087.8","8.67","-1","0.352699771","0.977681139","0","0.586608684","2","0.428571429","1.904761905","S2 O9","de-protonated","0","-9999","C21 H40 O9 S2","21","40","9","-9999","-9999","2","-9999","-9999","-9999"
"2714","499.204203","499.204274831","499.204566792","1207316.3","-9999","647087.8","8.67","-1","-0.584853381","0.939821652","0","0.563892991","8","0.476190476","1.523809524","N4 O10","de-protonated","0","-9999","C21 H32 O10 N4","21","32","10","4","-9999","-9999","-9999","-9999","-9999"
"2715","499.204932","499.205003831","499.205436172","1203092.8","-9999","323543.1","8.63","-1","-0.86605954","0.872757758","0","0.523654655","7","0.227272727","1.636363636","N4 S2 O5","de-protonated","0","-9999","C22 H36 O5 N4 S2","22","36","5","4","-9999","2","-9999","-9999","-9999"
"2715","499.204932","499.205003831","499.204566792","1203092.8","-9999","323543.1","8.63","-1","0.875469234","0.870166515","0","0.522099909","8","0.476190476","1.523809524","N4 O10","de-protonated","0","-9999","C21 H32 O10 N4","21","32","10","4","-9999","-9999","-9999","-9999","-9999"
"2716","499.206987","499.20705883","499.20673907","2578582","-9999","416647.8","20.31","-1","0.640536656","0.464128765","0.70871839","0.561964615","25","0.026315789","0.736842105","O1","de-protonated","0","-9999","C38 H28 O1","38","28","1","-9999","-9999","-9999","-9999","-9999","-9999"
"2716","499.206987","499.20705883","499.207089943","2578582","-9999","416647.8","20.31","-1","-0.062324245","0.499647723","0.822155738","0.628650929","2","0.3","2.05","N2 S2 P1 O6","de-protonated","0","-9999","C20 H41 O6 N2 P1 S2","20","41","6","2","1","2","-9999","-9999","-9999"
"2717","499.211932","499.212003828","499.211960848","10041497","-9999","355331.2","83.66","-1","0.086096121","0.984355155","0.975073172","0.980642362","7","0.347826087","1.565217391","N2 S1 O8","de-protonated","0","-9999","C23 H36 O8 N2 S1","23","36","8","2","-9999","1","-9999","-9999","-9999"
"2717","499.211932","499.212003828","499.211580725","10041497","-9999","355331.2","83.66","-1","0.847541904","0.438898666","0.787157861","0.578202344","12","0.2","1.32","N4 P1 O5","de-protonated","0","-9999","C25 H33 O5 N4 P1","25","33","5","4","1","-9999","-9999","-9999","-9999"
"2718","499.259614","499.25968581","499.259579746","3199157","-9999","375113.5","25.58","-1","0.212440871","0.495922228","0.800793265","0.617870643","6","0.260869565","1.739130435","N4 S1 O6","de-protonated","0","-9999","C23 H40 O6 N4 S1","23","40","6","4","-9999","1","-9999","-9999","-9999"
"2719","500.083759","500.083830491","500.084181634","1604250.4","-9999","361359.9","12.03","-1","-0.702167007","0.609615836","0.916545303","0.732387623","14","0.2","1","13C1 S2 P1 O5","de-protonated","1","2694","C24 H25 O5 P1 S2 13C1","24","25","5","-9999","1","2","1","-9999","-9999"
"2719","500.083759","500.083830491","500.084317979","1604250.4","-9999","361359.9","12.03","-1","-0.974812078","0.841622946","0","0.504973768","14","0.291666667","0.958333333","N1 S2 O7","de-protonated","0","-9999","C24 H23 O7 N1 S2","24","23","7","1","-9999","2","-9999","-9999","-9999"
"2719","500.083759","500.083830491","500.083448599","1604250.4","-9999","361359.9","12.03","-1","0.763655822","0.899590635","0","0.539754381","15","0.52173913","0.826086957","N1 O12","de-protonated","0","-9999","C23 H19 O12 N1","23","19","12","1","-9999","-9999","-9999","-9999","-9999"
"2719","500.083759","500.083830491","500.083937857","1604250.4","-9999","361359.9","12.03","-1","-0.214695384","0.991671163","0","0.595002698","19","0.153846154","0.769230769","N3 S1 P1 O4","de-protonated","0","-9999","C26 H20 O4 N3 P1 S1","26","20","4","3","1","1","-9999","-9999","-9999"
"2720","500.120039","500.120110477","500.120567143","1577647.8","-9999","402973","11.81","-1","-0.913111795","0.573067281","0.912302444","0.708761346","13","0.153846154","1.115384615","13C1 S2 P1 O4","de-protonated","1","2700","C25 H29 O4 P1 S2 13C1","25","29","4","-9999","1","2","1","-9999","-9999"
"2720","500.120039","500.120110477","500.119697763","1577647.8","-9999","402973","11.81","-1","0.825230206","0.883762035","0.969901826","0.918217952","14","0.36","1","13C1 P1 O9","de-protonated","1","2700","C24 H25 O9 P1 13C1","24","25","9","-9999","1","-9999","1","-9999","-9999"
"2720","500.120039","500.120110477","500.119834109","1577647.8","-9999","402973","11.81","-1","0.552604081","0.94609791","0","0.567658746","14","0.458333333","0.958333333","N1 O11","de-protonated","0","-9999","C24 H23 O11 N1","24","23","11","1","-9999","-9999","-9999","-9999","-9999"
"2720","500.120039","500.120110477","500.120323366","1577647.8","-9999","402973","11.81","-1","-0.42567574","0.96765615","0","0.58059369","18","0.111111111","0.888888889","N3 S1 P1 O3","de-protonated","0","-9999","C27 H24 O3 N3 P1 S1","27","24","3","3","1","1","-9999","-9999","-9999"
"2721","500.148502","500.148573466","500.14906934","1261760.5","-9999","435154.5","9.12","-1","-0.991451754","0.836641338","0.860736343","0.84627934","9","0.590909091","1.272727273","13C1 O13","de-protonated","1","2704","C21 H28 O13 13C1","21","28","13","-9999","-9999","-9999","1","-9999","-9999"
"2721","500.148502","500.148573466","500.148846789","1261760.5","-9999","435154.5","9.12","-1","-0.546484259","0.947253294","0","0.568351977","12","0.115384615","1.230769231","N1 S2 P1 O3","de-protonated","0","-9999","C26 H32 O3 N1 P1 S2","26","32","3","1","1","2","-9999","-9999","-9999"
"2721","500.148502","500.148573466","500.148556275","1261760.5","-9999","435154.5","9.12","-1","0.034370944","0.999785666","0.943126387","0.977121955","27","0.057142857","0.571428571","13C1 N2 O2","de-protonated","1","2704","C34 H20 O2 N2 13C1","34","20","2","2","-9999","-9999","1","-9999","-9999"
"2722","500.196819","500.196890447","500.196465688","2546397","-9999","338090.4","20.03","-1","0.849184747","0.438676736","0.780512821","0.57541117","11","0.038461538","1.384615385","N3 S2 P1 O1","de-protonated","0","-9999","C26 H36 O1 N3 P1 S2","26","36","1","3","1","2","-9999","-9999","-9999"
"2723","500.207178","500.207249443","500.20720982","2406627.3","-9999","391926","18.84","-1","0.079213701","0.499431046","0.807789663","0.622774493","7","0.363636364","1.590909091","N3 S1 O8","de-protonated","0","-9999","C22 H35 O8 N3 S1","22","35","8","3","-9999","1","-9999","-9999","-9999"
"2724","500.215449","500.21552044","500.21531568299997","2119400","-9999","398456.9","16.4","-1","0.40933812","0.970054403","0.975073172","0.972061911","7","0.347826087","1.565217391","13C1 N2 S1 O8","de-protonated","1","2717","C22 H36 O8 N2 S1 13C1","22","36","8","2","-9999","1","1","-9999","-9999"
"2725","500.243746","500.243817429","500.244246778","1100792.8","-9999","405765.6","7.76","-1","-0.858278541","0.874885085","0","0.524931051","15","0.161290323","1.129032258","N1 O5","de-protonated","0","-9999","C31 H35 O5 N1","31","35","5","1","-9999","-9999","-9999","-9999","-9999"
"2725","500.243746","500.243817429","500.243595329","1100792.8","-9999","405765.6","7.76","-1","0.443983251","0.964864724","0","0.578918835","6","0.304347826","1.695652174","N3 S1 O7","de-protonated","0","-9999","C23 H39 O7 N3 S1","23","39","7","3","-9999","1","-9999","-9999","-9999"
"2727","501.011209","501.011280132","501.010818685","1198271","-9999","437647.4","8.58","-1","0.921033458","0.857337692","0","0.514402615","20","0.269230769","0.538461538","S2 O7","de-protonated","0","-9999","C26 H14 O7 S2","26","14","7","-9999","-9999","2","-9999","-9999","-9999"
"2728","501.03862","501.038691122","501.038961986","2184911.3","-9999","375081.6","16.96","-1","-0.540604125","0.474176307","0.773979033","0.594097397","19","0.148148148","0.703703704","S2 P1 O4","de-protonated","0","-9999","C27 H19 O4 P1 S2","27","19","4","-9999","1","2","-9999","-9999","-9999"
"2728","501.03862","501.038691122","501.03915869","2184911.3","-9999","375081.6","16.96","-1","-0.93319696","0.853836308","0","0.512301785","11","0.588235294","1.058823529","N4 S2 O10","de-protonated","0","-9999","C17 H18 O10 N4 S2","17","18","10","4","-9999","2","-9999","-9999","-9999"
"2728","501.03862","501.038691122","501.03828931","2184911.3","-9999","375081.6","16.96","-1","0.801957972","0.889855411","0","0.533913247","12","0.9375","0.875","N4 O15","de-protonated","0","-9999","C16 H14 O15 N4","16","14","15","4","-9999","-9999","-9999","-9999","-9999"
"2729","501.047578","501.047649118","501.047204194","2073300.6","-9999","347112.6","16.01","-1","0.887988823","0.433343808","0.773979033","0.569597898","19","0.222222222","0.666666667","S2 O6","de-protonated","0","-9999","C27 H18 O6 S2","27","18","6","-9999","-9999","2","-9999","-9999","-9999"
"2729","501.047578","501.047649118","501.047337136","2073300.6","-9999","347112.6","16.01","-1","0.622660903","0.932068608","0","0.559241165","6","0.875","1.4375","S1 P1 O14","de-protonated","0","-9999","C16 H23 O14 P1 S1","16","23","14","-9999","1","1","-9999","-9999","-9999"
"2729","501.047578","501.047649118","501.047672225","2073300.6","-9999","347112.6","16.01","-1","-0.046116037","0.499807095","0.773979033","0.60947587","25","0.259259259","0.37037037","N4 O7","de-protonated","0","-9999","C27 H10 O7 N4","27","10","7","4","-9999","-9999","-9999","-9999","-9999"
"2730","501.059644","501.059715114","501.060091354","3131611.8","-9999","400909.8","24.99","-1","-0.750887815","0.451376332","0.793917021","0.588392607","14","0.25","0.958333333","S2 P1 O6","de-protonated","0","-9999","C24 H23 O6 P1 S2","24","23","6","-9999","1","2","-9999","-9999","-9999"
"2730","501.059644","501.059715114","501.059221974","3131611.8","-9999","400909.8","24.99","-1","0.984194944","0.419410309","0.800793265","0.571963492","15","0.47826087","0.826086957","P1 O11","de-protonated","0","-9999","C23 H19 O11 P1","23","19","11","-9999","1","-9999","-9999","-9999","-9999"
"2731","501.066358","501.066429111","501.06596458","2395359.8","-9999","397738.3","18.74","-1","0.927084955","0.85559966","0","0.513359796","5","0.647058824","1.588235294","S2 P1 O11","de-protonated","0","-9999","C17 H27 O11 P1 S2","17","27","11","-9999","1","2","-9999","-9999","-9999"
"2731","501.066358","501.066429111","501.066299669","2395359.8","-9999","397738.3","18.74","-1","0.258332674","0.493981951","0.767553728","0.603410662","24","0.142857143","0.5","N4 S1 O4","de-protonated","0","-9999","C28 H14 O4 N4 S1","28","14","4","4","-9999","1","-9999","-9999","-9999"
"2731","501.066358","501.066429111","501.066432611","2395359.8","-9999","397738.3","18.74","-1","-0.006984968","0.999991147","0","0.599994688","11","0.705882353","1.117647059","N4 P1 O12","de-protonated","0","-9999","C17 H19 O12 N4 P1","17","19","12","4","1","-9999","-9999","-9999","-9999"
"2732","501.074964","501.075035108","501.075347495","4301029","-9999","350968.5","34.92","-1","-0.623433444","0.906701606","0.979190882","0.935697317","18","0.107142857","0.821428571","S2 P1 O3","de-protonated","0","-9999","C28 H23 O3 P1 S2","28","23","3","-9999","1","2","-9999","-9999","-9999"
"2732","501.074964","501.075035108","501.07467482","4301029","-9999","350968.5","34.92","-1","0.719031051","0.932528064","0.943673638","0.936986294","11","0.823529412","1.058823529","N4 O14","de-protonated","0","-9999","C17 H18 O14 N4","17","18","14","4","-9999","-9999","-9999","-9999","-9999"
"2733","501.078839","501.078910106","501.078697572","1060583.1","-9999","469686.9","7.41","-1","0.424154436","0.967883175","0","0.580729905","15","0.545454545","0.818181818","N2 O12","de-protonated","0","-9999","C22 H18 O12 N2","22","18","12","2","-9999","-9999","-9999","-9999","-9999"
"2733","501.078839","501.078910106","501.079186829","1060583.1","-9999","469686.9","7.41","-1","-0.552253227","0.946164459","0","0.567698675","19","0.16","0.76","N4 S1 P1 O4","de-protonated","0","-9999","C25 H19 O4 N4 P1 S1","25","19","4","4","1","1","-9999","-9999","-9999"
"2734","501.083986","501.084057104","501.083589703","3004138.3","-9999","332396.1","23.91","-1","0.932780283","0.426978387","0.767553728","0.563208524","18","0.178571429","0.785714286","S2 O5","de-protonated","0","-9999","C28 H22 O5 S2","28","22","5","-9999","-9999","2","-9999","-9999","-9999"
"2734","501.083986","501.084057104","501.083722645","3004138.3","-9999","332396.1","23.91","-1","0.667471617","0.461171217","0.844689208","0.614578413","5","0.764705882","1.588235294","S1 P1 O13","de-protonated","0","-9999","C17 H27 O13 P1 S1","17","27","13","-9999","1","1","-9999","-9999","-9999"
"2734","501.083986","501.084057104","501.084057734","3004138.3","-9999","332396.1","23.91","-1","-0.00125679","0.499999857","0.767553728","0.607021405","24","0.214285714","0.5","N4 O6","de-protonated","0","-9999","C28 H14 O6 N4","28","14","6","4","-9999","-9999","-9999","-9999","-9999"
"2735","501.090839","501.090910102","501.091071667","1051886.3","-9999","435012.1","7.34","-1","-0.322426832","0.981313562","0","0.588788137","28","0.03125","0.46875","N4 P1 O1","de-protonated","0","-9999","C32 H15 O1 N4 P1","32","15","1","4","1","-9999","-9999","-9999","-9999"
"2735","501.090839","501.090910102","501.090800341","1051886.3","-9999","435012.1","7.34","-1","0.21904404","0.991331826","0","0.594799096","14","0.272727273","1","N4 S2 O6","de-protonated","0","-9999","C22 H22 O6 N4 S2","22","22","6","4","-9999","2","-9999","-9999","-9999"
"2736","501.096015","501.0960861","501.096476863","4951281.5","-9999","368779.7","40.44","-1","-0.779816554","0.447764148","0.787157861","0.583521633","13","0.2","1.08","S2 P1 O5","de-protonated","0","-9999","C25 H27 O5 P1 S2","25","27","5","-9999","1","2","-9999","-9999","-9999"
"2736","501.096015","501.0960861","501.095607483","4951281.5","-9999","368779.7","40.44","-1","0.955140167","0.42372039","0.793917021","0.571799042","14","0.416666667","0.958333333","P1 O10","de-protonated","0","-9999","C24 H23 O10 P1","24","23","10","-9999","1","-9999","-9999","-9999","-9999"
"2737","501.102729","501.102800097","501.10235009","1569269.4","-9999","358733","11.73","-1","0.898034716","0.863870626","0","0.518322376","4","0.555555556","1.722222222","S2 P1 O10","de-protonated","0","-9999","C18 H31 O10 P1 S2","18","31","10","-9999","1","2","-9999","-9999","-9999"
"2737","501.102729","501.102800097","501.103198243","1569269.4","-9999","358733","11.73","-1","-0.794538659","0.891769983","0","0.53506199","5","0.875","1.625","N2 S1 O14","de-protonated","0","-9999","C16 H26 O14 N2 S1","16","26","14","2","-9999","1","-9999","-9999","-9999"
"2737","501.102729","501.102800097","501.102685179","1569269.4","-9999","358733","11.73","-1","0.229331013","0.495251255","0.761234226","0.601644443","23","0.103448276","0.620689655","N4 S1 O3","de-protonated","0","-9999","C29 H18 O3 N4 S1","29","18","3","4","-9999","1","-9999","-9999","-9999"
"2737","501.102729","501.102800097","501.10281812","1569269.4","-9999","358733","11.73","-1","-0.035967356","0.999765296","0","0.599859178","10","0.611111111","1.277777778","N4 P1 O11","de-protonated","0","-9999","C18 H23 O11 N4 P1","18","23","11","4","1","-9999","-9999","-9999","-9999"
"2738","501.111296","501.111367094","501.111733004","3862778.5","-9999","361501.6","31.2","-1","-0.730197481","0.453893129","0.761234226","0.576829567","17","0.068965517","0.931034483","S2 P1 O2","de-protonated","0","-9999","C29 H27 O2 P1 S2","29","27","2","-9999","1","2","-9999","-9999","-9999"
"2738","501.111296","501.111367094","501.111060329","3862778.5","-9999","361501.6","31.2","-1","0.612169395","0.467131104","0.837042051","0.615095483","10","0.722222222","1.222222222","N4 O13","de-protonated","0","-9999","C18 H22 O13 N4","18","22","13","4","-9999","-9999","-9999","-9999","-9999"
"2739","501.120213","501.12028409","501.119975213","1641727.8","-9999","373885.7","12.34","-1","0.616374427","0.466693432","0.761234226","0.584509749","17","0.137931034","0.896551724","S2 O4","de-protonated","0","-9999","C29 H26 O4 S2","29","26","4","-9999","-9999","2","-9999","-9999","-9999"
"2739","501.120213","501.12028409","501.120108154","1641727.8","-9999","373885.7","12.34","-1","0.351085108","0.977882752","0","0.586729651","4","0.666666667","1.722222222","S1 P1 O12","de-protonated","0","-9999","C18 H31 O12 P1 S1","18","31","12","-9999","1","1","-9999","-9999","-9999"
"2739","501.120213","501.12028409","501.120443243","1641727.8","-9999","373885.7","12.34","-1","-0.317594532","0.490932205","0.761234226","0.599053013","23","0.172413793","0.620689655","N4 O5","de-protonated","0","-9999","C29 H18 O5 N4","29","18","5","4","-9999","-9999","-9999","-9999","-9999"
"2740","501.124557","501.124628089","501.12497906","1716482.3","-9999","386603.1","12.98","-1","-0.700366289","0.914842895","0","0.548905737","9","0.666666667","1.238095238","O14","de-protonated","0","-9999","C21 H26 O14","21","26","14","-9999","-9999","-9999","-9999","-9999","-9999"
"2740","501.124557","501.124628089","501.124465995","1716482.3","-9999","386603.1","12.98","-1","0.323458979","0.490597434","0.73113591","0.586812824","27","0.088235294","0.529411765","N2 O3","de-protonated","0","-9999","C34 H18 O3 N2","34","18","3","2","-9999","-9999","-9999","-9999","-9999"
"2740","501.124557","501.124628089","501.124816868","1716482.3","-9999","386603.1","12.98","-1","-0.37671196","0.974578969","0","0.584747381","4","0.5","1.9375","N4 S2 P1 O8","de-protonated","0","-9999","C16 H31 O8 N4 P1 S2","16","31","8","4","1","2","-9999","-9999","-9999"
"2741","501.132506","501.132577086","501.132862372","3135751","-9999","361336.9","25.03","-1","-0.569283729","0.471445492","0.780512821","0.595072423","12","0.153846154","1.192307692","S2 P1 O4","de-protonated","0","-9999","C26 H31 O4 P1 S2","26","31","4","-9999","1","2","-9999","-9999","-9999"
"2741","501.132506","501.132577086","501.133059077","3135751","-9999","361336.9","25.03","-1","-0.96180299","0.422739551","0.85247738","0.594634683","4","0.625","1.875","N4 S2 O10","de-protonated","0","-9999","C16 H30 O10 N4 S2","16","30","10","4","-9999","2","-9999","-9999","-9999"
"2742","501.147676","501.14774708","501.148118514","3791120","-9999","333012.6","30.59","-1","-0.741165986","0.45256592","0.755017935","0.573546726","16","0.033333333","1.033333333","S2 P1 O1","de-protonated","0","-9999","C30 H31 O1 P1 S2","30","31","1","-9999","1","2","-9999","-9999","-9999"
"2742","501.147676","501.14774708","501.147249134","3791120","-9999","333012.6","30.59","-1","0.99361202","0.883386572","0.99954743","0.92985091499999994","17","0.206896552","0.931034483","P1 O6","de-protonated","0","-9999","C29 H27 O6 P1","29","27","6","-9999","1","-9999","-9999","-9999","-9999"
"2742","501.147676","501.14774708","501.147445838","3791120","-9999","333012.6","30.59","-1","0.601103414","0.963199725","0.932154681","0.950781707","9","0.631578947","1.368421053","N4 O12","de-protonated","0","-9999","C19 H26 O12 N4","19","26","12","4","-9999","-9999","-9999","-9999","-9999"
"2743","501.160787","501.160858075","501.160851505","2238231.8","-9999","328360.7","17.41","-1","0.013109269","0.499984409","0.725399619","0.590150493","26","0.057142857","0.628571429","N2 O2","de-protonated","0","-9999","C35 H22 O2 N2","35","22","2","2","-9999","-9999","-9999","-9999","-9999"
"2743","501.160787","501.160858075","501.161202378","2238231.8","-9999","328360.7","17.41","-1","-0.687010619","0.917923888","0","0.550754333","3","0.411764706","2.058823529","N4 S2 P1 O7","de-protonated","0","-9999","C17 H35 O7 N4 P1 S2","17","35","7","4","1","2","-9999","-9999","-9999"
"2744","501.168833","501.168904071","501.169247882","1937180.5","-9999","390989.7","14.85","-1","-0.686016111","0.459075673","0.773979033","0.585037017","11","0.111111111","1.296296296","S2 P1 O3","de-protonated","0","-9999","C27 H35 O3 P1 S2","27","35","3","-9999","1","2","-9999","-9999","-9999"
"2744","501.168833","501.168904071","501.168575206","1937180.5","-9999","390989.7","14.85","-1","0.656196773","0.924843493","0","0.554906096","4","0.875","1.875","N4 O14","de-protonated","0","-9999","C16 H30 O14 N4","16","30","14","4","-9999","-9999","-9999","-9999","-9999"
"2745","501.184103","501.184174066","501.183831348","3737893.8","-9999","374151.6","30.14","-1","0.683816969","0.927265112","0.945008353","0.934362409","8","0.55","1.5","N4 O11","de-protonated","0","-9999","C20 H30 O11 N4","20","30","11","4","-9999","-9999","-9999","-9999","-9999"
"2746","501.197101","501.197172061","501.197237014","1289261.3","-9999","379722.1","9.35","-1","-0.129596757","0.498478575","0.719752637","0.5869882","25","0.027777778","0.722222222","N2 O1","de-protonated","0","-9999","C36 H26 O1 N2","36","26","1","2","-9999","-9999","-9999","-9999","-9999"
"2746","501.197101","501.197172061","501.197587887","1289261.3","-9999","379722.1","9.35","-1","-0.829665717","0.882585746","0","0.529551447","2","0.333333333","2.166666667","N4 S2 P1 O6","de-protonated","0","-9999","C18 H39 O6 N4 P1 S2","18","39","6","4","1","2","-9999","-9999","-9999"
"2746","501.197101","501.197172061","501.196718507","1289261.3","-9999","379722.1","9.35","-1","0.904940908","0.861921048","0","0.517152629","3","0.647058824","2.058823529","N4 P1 O11","de-protonated","0","-9999","C17 H35 O11 N4 P1","17","35","11","4","1","-9999","-9999","-9999","-9999"
"2747","501.213163","501.213234054","501.21300622","1025078.9","-9999","459942","7.11","-1","0.454566644","0.963201263","0","0.577920758","11","0.333333333","1.259259259","O9","de-protonated","0","-9999","C27 H34 O9","27","34","9","-9999","-9999","-9999","-9999","-9999","-9999"
"2747","501.213163","501.213234054","501.213495477","1025078.9","-9999","459942","7.11","-1","-0.521579403","0.951836292","0","0.571101775","15","0.033333333","1.166666667","N2 S1 P1 O1","de-protonated","0","-9999","C30 H35 O1 N2 P1 S1","30","35","1","2","1","1","-9999","-9999","-9999"
"2747","501.213163","501.213234054","501.212844028","1025078.9","-9999","459942","7.11","-1","0.778164504","0.895946626","0","0.537567976","6","0.136363636","1.772727273","N4 S2 P1 O3","de-protonated","0","-9999","C22 H39 O3 N4 P1 S2","22","39","3","4","1","2","-9999","-9999","-9999"
"2748","501.218269","501.218340052","501.218366382","2751801.8","-9999","398983.1","21.77","-1","-0.052531554","0.499749703","0.736963647","0.594635281","20","0.090909091","0.909090909","N2 O3","de-protonated","0","-9999","C33 H30 O3 N2","33","30","3","2","-9999","-9999","-9999","-9999","-9999"
"2749","501.220512","501.220583052","501.220216857","1418043.3","-9999","303626.3","10.44","-1","0.730606171","0.907687924","0","0.544612754","7","0.476190476","1.619047619","N4 O10","de-protonated","0","-9999","C21 H34 O10 N4","21","34","10","4","-9999","-9999","-9999","-9999","-9999"
"2750","501.238842","501.238913044","501.238647597","1052230.1","-9999","295764.7","7.34","-1","0.529582821","0.950384415","0","0.570230649","14","0.03125","1.21875","S1 P1 O1","de-protonated","0","-9999","C32 H39 O1 P1 S1","32","39","1","-9999","1","1","-9999","-9999","-9999"
"2750","501.238842","501.238913044","501.238844302","1052230.1","-9999","295764.7","7.34","-1","0.137145969","0.996592946","0","0.597955767","6","0.318181818","1.727272727","N4 S1 O7","de-protonated","0","-9999","C22 H38 O7 N4 S1","22","38","7","4","-9999","1","-9999","-9999","-9999"
"2752","501.388628","501.388698987","501.388409091","1298847","-9999","469542.6","9.43","-1","0.578185647","0.94114501","0","0.564687006","6","0.032258065","1.741935484","N2 S1 O1","de-protonated","0","-9999","C31 H54 O1 N2 S1","31","54","1","2","-9999","1","-9999","-9999","-9999"
"2753","501.390311","501.390381986","501.390062861","7026080","-9999","368568.1","58.05","-1","0.636479809","0.916512925","0.994202109","0.947588599","1","0.068965517","2.034482759","S1 P1 O2","de-protonated","0","-9999","C29 H59 O2 P1 S1","29","59","2","-9999","1","1","-9999","-9999","-9999"
"2755","502.078213","502.07828372","502.07870233","1154617.5","-9999","410014","8.2","-1","-0.83375383300000006","0.881497398","0.979190882","0.920574791","18","0.107142857","0.821428571","13C1 S2 P1 O3","de-protonated","1","2732","C27 H23 O3 P1 S2 13C1","27","23","3","-9999","1","2","1","-9999","-9999"
"2755","502.078213","502.07828372","502.077969296","1154617.5","-9999","410014","8.2","-1","0.626245776","0.931311724","0","0.558787035","19","0.384615385","0.653846154","N1 O10","de-protonated","0","-9999","C26 H17 O10 N1","26","17","10","1","-9999","-9999","-9999","-9999","-9999"
"2755","502.078213","502.07828372","502.078458553","1154617.5","-9999","410014","8.2","-1","-0.348218768","0.978238476","0","0.586943086","23","0.068965517","0.620689655","N3 S1 P1 O2","de-protonated","0","-9999","C29 H18 O2 N3 P1 S1","29","18","2","3","1","1","-9999","-9999","-9999"
"2755","502.078213","502.07828372","502.078029655","1154617.5","-9999","410014","8.2","-1","0.506027594","0.954600393","0.943673638","0.950229691","11","0.823529412","1.058823529","13C1 N4 O14","de-protonated","1","2732","C16 H18 O14 N4 13C1","16","18","14","4","-9999","-9999","1","-9999","-9999"
"2756","502.150849","502.150919692","502.150603969","1186148.9","-9999","399064.2","8.47","-1","0.628741746","0.930782543","0.99954743","0.958288498","17","0.206896552","0.931034483","13C1 P1 O6","de-protonated","1","2742","C28 H27 O6 P1 13C1","28","27","6","-9999","1","-9999","1","-9999","-9999"
"2756","502.150849","502.150919692","502.150740314","1186148.9","-9999","399064.2","8.47","-1","0.357218287","0.977112249","0","0.586267349","17","0.285714286","0.892857143","N1 O8","de-protonated","0","-9999","C28 H25 O8 N1","28","25","8","1","-9999","-9999","-9999","-9999","-9999"
"2756","502.150849","502.150919692","502.150800673","1186148.9","-9999","399064.2","8.47","-1","0.23701756","0.989858474","0.932154681","0.966776957","9","0.631578947","1.368421053","13C1 N4 O12","de-protonated","1","2742","C18 H26 O12 N4 13C1","18","26","12","4","-9999","-9999","1","-9999","-9999"
"2757","502.187419","502.187489678","502.187125824","1134458.6","-9999","372002.7","8.03","-1","0.724538566","0.909143255","0","0.545485953","16","0.24137931","1","N1 O7","de-protonated","0","-9999","C29 H29 O7 N1","29","29","7","1","-9999","-9999","-9999","-9999","-9999"
"2757","502.187419","502.187489678","502.187186183","1134458.6","-9999","372002.7","8.03","-1","0.604346503","0.935876874","0.945008353","0.939529466","8","0.55","1.5","13C1 N4 O11","de-protonated","1","2745","C19 H30 O11 N4 13C1","19","30","11","4","-9999","-9999","1","-9999","-9999"
"2758","502.222981","502.223051664","502.223511333","1633167.9","-9999","439147.8","12.27","-1","-0.915268098","0.429493105","0.755017935","0.559703037","15","0.2","1.1","N1 O6","de-protonated","0","-9999","C30 H33 O6 N1","30","33","6","1","-9999","-9999","-9999","-9999","-9999"
"2758","502.222981","502.223051664","502.222859884","1633167.9","-9999","439147.8","12.27","-1","0.381861396","0.973888452","0","0.584333071","6","0.363636364","1.681818182","N3 S1 O8","de-protonated","0","-9999","C22 H37 O8 N3 S1","22","37","8","3","-9999","1","-9999","-9999","-9999"
"2759","502.393722","502.393792598","502.393417696","2134005.8","-9999","384046.1","16.52","-1","0.746231266","0.903895326","0.994202109","0.940018039","1","0.068965517","2.034482759","13C1 S1 P1 O2","de-protonated","1","2753","C28 H59 O2 P1 S1 13C1","28","59","2","-9999","1","1","1","-9999","-9999"
"2759","502.393722","502.393792598","502.393554042","2134005.8","-9999","384046.1","16.52","-1","0.474839006","0.479956985","0.767553728","0.594995682","1","0.142857143","2.035714286","N1 S1 O4","de-protonated","0","-9999","C28 H57 O4 N1 S1","28","57","4","1","-9999","1","-9999","-9999","-9999"
"2761","503.00932","503.00939036","503.009178715","1142374","-9999","348715.6","8.1","-1","0.420757559","0.96838735","0","0.58103241","25","0.230769231","0.307692308","N4 S1 O6","de-protonated","0","-9999","C26 H8 O6 N4 S1","26","8","6","4","-9999","1","-9999","-9999","-9999"
"2761","503.00932","503.00939036","503.009311657","1142374","-9999","348715.6","8.1","-1","0.156464666","0.995567771","0","0.597340663","12","0.933333333","0.866666667","N4 P1 O14","de-protonated","0","-9999","C15 H13 O14 N4 P1","15","13","14","4","1","-9999","-9999","-9999","-9999"
"2762","503.026845","503.026915353","503.026468749","1246576.5","-9999","385236.6","8.98","-1","0.887834094","0.866730828","0","0.520038497","19","0.269230769","0.615384615","S2 O7","de-protonated","0","-9999","C26 H16 O7 S2","26","16","7","-9999","-9999","2","-9999","-9999","-9999"
"2762","503.026845","503.026915353","503.02693678","1246576.5","-9999","385236.6","8.98","-1","-0.042595335","0.99967084","0","0.599802504","25","0.307692308","0.307692308","N4 O8","de-protonated","0","-9999","C26 H8 O8 N4","26","8","8","4","-9999","-9999","-9999","-9999","-9999"
"2763","503.045726","503.045796346","503.045564224","2116475.8","-9999","376759.2","16.36","-1","0.461432336","0.481051378","0.773979033","0.59822244","24","0.185185185","0.444444444","N4 S1 O5","de-protonated","0","-9999","C27 H12 O5 N4 S1","27","12","5","4","-9999","1","-9999","-9999","-9999"
"2763","503.045726","503.045796346","503.045697166","2116475.8","-9999","376759.2","16.36","-1","0.19715855","0.992971634","0","0.59578298","11","0.8125","1.0625","N4 P1 O13","de-protonated","0","-9999","C16 H17 O13 N4 P1","16","17","13","4","1","-9999","-9999","-9999","-9999"
"2764","503.049235","503.049305345","503.049586976","1060989.9","-9999","363714","7.4","-1","-0.559849116","0.944715317","0","0.56682919","28","0.09375","0.375","N2 S1 O3","de-protonated","0","-9999","C32 H12 O3 N2 S1","32","12","3","2","-9999","1","-9999","-9999","-9999"
"2764","503.049235","503.049305345","503.049719918","1060989.9","-9999","363714","7.4","-1","-0.824120519","0.88405558","0","0.530433348","15","0.523809524","0.80952381","N2 P1 O11","de-protonated","0","-9999","C21 H17 O11 N2 P1","21","17","11","2","1","-9999","-9999","-9999","-9999"
"2764","503.049235","503.049305345","503.048935528","1060989.9","-9999","363714","7.4","-1","0.735150773","0.906591482","0","0.543954889","19","0.208333333","0.666666667","N4 S2 O5","de-protonated","0","-9999","C24 H16 O5 N4 S2","24","16","5","4","-9999","2","-9999","-9999","-9999"
"2765","503.05152","503.051590344","503.051240747","1045375.3","-9999","415048.5","7.27","-1","0.694953003","0.916097573","0","0.549658544","23","0.133333333","0.566666667","S1 P1 O4","de-protonated","0","-9999","C30 H17 O4 P1 S1","30","17","4","-9999","1","1","-9999","-9999","-9999"
"2765","503.05152","503.051590344","503.0520889","1045375.3","-9999","415048.5","7.27","-1","-0.991062776","0.836758413","0","0.502055048","24","0.285714286","0.428571429","N2 O8","de-protonated","0","-9999","C28 H12 O8 N2","28","12","8","2","-9999","-9999","-9999","-9999","-9999"
"2765","503.05152","503.051590344","503.051437451","1045375.3","-9999","415048.5","7.27","-1","0.303930113","0.983378632","0","0.590027179","15","0.5","0.8","N4 S1 O10","de-protonated","0","-9999","C20 H16 O10 N4 S1","20","16","10","4","-9999","1","-9999","-9999","-9999"
"2766","503.054342","503.054412343","503.05461205","4336001","-9999","360898.5","35.21","-1","-0.396989583","0.985242347","0.989739587","0.987041243","18","0.148148148","0.777777778","S2 P1 O4","de-protonated","0","-9999","C27 H21 O4 P1 S2","27","21","4","-9999","1","2","-9999","-9999","-9999"
"2766","503.054342","503.054412343","503.054808754","4336001","-9999","360898.5","35.21","-1","-0.788009425","0.938364042","0.939550238","0.93883852","10","0.588235294","1.176470588","N4 S2 O10","de-protonated","0","-9999","C17 H20 O10 N4 S2","17","20","10","4","-9999","2","-9999","-9999","-9999"
"2766","503.054342","503.054412343","503.053939375","4336001","-9999","360898.5","35.21","-1","0.940193292","0.425904054","0.85247738","0.596533385","11","0.9375","1","N4 O15","de-protonated","0","-9999","C16 H16 O15 N4","16","16","15","4","-9999","-9999","-9999","-9999","-9999"
"2767","503.055554","503.055624342","503.056111652","1089665.8","-9999","473678.2","7.65","-1","-0.968698616","0.843439356","0","0.506063613","28","0.181818182","0.363636364","O6","de-protonated","0","-9999","C33 H12 O6","33","12","6","-9999","-9999","-9999","-9999","-9999","-9999"
"2767","503.055554","503.055624342","503.055460203","1089665.8","-9999","473678.2","7.65","-1","0.326283946","0.980868135","0","0.588520881","19","0.32","0.64","N2 S1 O8","de-protonated","0","-9999","C25 H16 O8 N2 S1","25","16","8","2","-9999","1","-9999","-9999","-9999"
"2768","503.063378","503.063448339","503.063125585","2938758.5","-9999","334993","23.35","-1","0.641578362","0.464016301","0.714192896","0.564086939","32","0.027027027","0.351351351","P1 O1","de-protonated","0","-9999","C37 H13 O1 P1","37","13","1","-9999","1","-9999","-9999","-9999","-9999"
"2768","503.063378","503.063448339","503.0629872","2938758.5","-9999","334993","23.35","-1","0.916662243","0.429294117","0.85247738","0.598567422","5","0.875","1.5625","S1 P1 O14","de-protonated","0","-9999","C16 H25 O14 P1 S1","16","25","14","-9999","1","1","-9999","-9999","-9999"
"2768","503.063378","503.063448339","503.063322289","2938758.5","-9999","334993","23.35","-1","0.250564731","0.494336403","0.773979033","0.606193455","24","0.259259259","0.444444444","N4 O7","de-protonated","0","-9999","C27 H12 O7 N4","27","12","7","4","-9999","-9999","-9999","-9999","-9999"
"2769","503.075391","503.075461334","503.075741418","1856397.6","-9999","332541.3","14.16","-1","-0.556742484","0.945310123","0","0.567186074","13","0.25","1.041666667","S2 P1 O6","de-protonated","0","-9999","C24 H25 O6 P1 S2","24","25","6","-9999","1","2","-9999","-9999","-9999"
"2769","503.075391","503.075461334","503.075938123","1856397.6","-9999","332541.3","14.16","-1","-0.947745841","0.849607132","0","0.509764279","5","0.857142857","1.714285714","N4 S2 O12","de-protonated","0","-9999","C14 H24 O12 N4 S2","14","24","12","4","-9999","2","-9999","-9999","-9999"
"2770","503.082227","503.082297332","503.082601182","2365329.8","-9999","354221.3","18.48","-1","-0.603977657","0.46797628","0.719752637","0.568686823","32","0.055555556","0.333333333","N2 O2","de-protonated","0","-9999","C36 H12 O2 N2","36","12","2","2","-9999","-9999","-9999","-9999","-9999"
"2770","503.082227","503.082297332","503.081949734","2365329.8","-9999","354221.3","18.48","-1","0.690937191","0.45851158","0.767553728","0.582128439","23","0.142857143","0.571428571","N4 S1 O4","de-protonated","0","-9999","C28 H16 O4 N4 S1","28","16","4","4","-9999","1","-9999","-9999","-9999"
"2770","503.082227","503.082297332","503.082082675","2365329.8","-9999","354221.3","18.48","-1","0.426682457","0.967505499","0","0.580503299","10","0.705882353","1.235294118","N4 P1 O12","de-protonated","0","-9999","C17 H21 O12 N4 P1","17","21","12","4","1","-9999","-9999","-9999","-9999"
"2771","503.08559","503.08566033","503.085972486","1530259.8","-9999","407894.5","11.39","-1","-0.620480967","0.466263519","0.736963647","0.57454357","27","0.060606061","0.484848485","N2 S1 O2","de-protonated","0","-9999","C33 H16 O2 N2 S1","33","16","2","2","-9999","1","-9999","-9999","-9999"
"2771","503.08559","503.08566033","503.086105427","1530259.8","-9999","407894.5","11.39","-1","-0.884733241","0.867595673","0","0.520557404","14","0.454545455","0.954545455","N2 P1 O10","de-protonated","0","-9999","C22 H21 O10 N2 P1","22","21","10","2","1","-9999","-9999","-9999","-9999"
"2771","503.08559","503.08566033","503.08532103700003","1530259.8","-9999","407894.5","11.39","-1","0.674425182","0.920782145","0","0.552469287","18","0.16","0.8","N4 S2 O4","de-protonated","0","-9999","C25 H20 O4 N4 S2","25","20","4","4","-9999","2","-9999","-9999","-9999"
"2771","503.08559","503.08566033","503.085453979","1530259.8","-9999","407894.5","11.39","-1","0.410172223","0.969934094","0","0.581960456","5","0.857142857","1.785714286","N4 S1 P1 O12","de-protonated","0","-9999","C14 H25 O12 N4 P1 S1","14","25","12","4","1","1","-9999","-9999","-9999"
"2772","503.090618","503.090688329","503.090997559","5773719","-9999","337937.8","47.41","-1","-0.614661793","0.613145738","0.914504816","0.733689369","17","0.107142857","0.892857143","S2 P1 O3","de-protonated","0","-9999","C28 H25 O3 P1 S2","28","25","3","-9999","1","2","-9999","-9999","-9999"
"2772","503.090618","503.090688329","503.090324884","5773719","-9999","337937.8","47.41","-1","0.722424081","0.923657797","0.959029868","0.937806625","10","0.823529412","1.176470588","N4 O14","de-protonated","0","-9999","C17 H20 O14 N4","17","20","14","4","-9999","-9999","-9999","-9999","-9999"
"2773","503.099678","503.099748325","503.09937271","1820572.3","-9999","320150.4","13.85","-1","0.746602924","0.903804333","0","0.5422826","4","0.764705882","1.705882353","S1 P1 O13","de-protonated","0","-9999","C17 H29 O13 P1 S1","17","29","13","-9999","1","1","-9999","-9999","-9999"
"2773","503.099678","503.099748325","503.099707798","1820572.3","-9999","320150.4","13.85","-1","0.0805537","0.499411645","0.767553728","0.606668478","23","0.214285714","0.571428571","N4 O6","de-protonated","0","-9999","C28 H16 O6 N4","28","16","6","4","-9999","-9999","-9999","-9999","-9999"
"2774","503.111914","503.11198432","503.112126927","2135971.5","-9999","347102.9","16.53","-1","-0.28344995","0.492763729","0.787157861","0.610521382","12","0.2","1.16","S2 P1 O5","de-protonated","0","-9999","C25 H29 O5 P1 S2","25","29","5","-9999","1","2","-9999","-9999","-9999"
"2774","503.111914","503.11198432","503.112323632","2135971.5","-9999","347102.9","16.53","-1","-0.674425136","0.920782155","0","0.552469293","4","0.733333333","1.866666667","N4 S2 O11","de-protonated","0","-9999","C15 H28 O11 N4 S2","15","28","11","4","-9999","2","-9999","-9999","-9999"
"2775","503.118716","503.118786318","503.118986692","1423527.6","-9999","306926.4","10.48","-1","-0.398263854","0.485814944","0.714192896","0.577166125","31","0.027027027","0.432432432","N2 O1","de-protonated","0","-9999","C37 H16 O1 N2","37","16","1","2","-9999","-9999","-9999","-9999","-9999"
"2775","503.118716","503.118786318","503.118848307","1423527.6","-9999","306926.4","10.48","-1","-0.123210802","0.997249236","0","0.598349541","4","0.875","1.75","N2 S1 O14","de-protonated","0","-9999","C16 H28 O14 N2 S1","16","28","14","2","-9999","1","-9999","-9999","-9999"
"2775","503.118716","503.118786318","503.118335243","1423527.6","-9999","306926.4","10.48","-1","0.896557612","0.864286234","0","0.51857174","22","0.103448276","0.689655172","N4 S1 O3","de-protonated","0","-9999","C29 H20 O3 N4 S1","29","20","3","4","-9999","1","-9999","-9999","-9999"
"2775","503.118716","503.118786318","503.118468185","1423527.6","-9999","306926.4","10.48","-1","0.632321934","0.930020347","0","0.558012208","9","0.611111111","1.388888889","N4 P1 O11","de-protonated","0","-9999","C18 H25 O11 N4 P1","18","25","11","4","1","-9999","-9999","-9999","-9999"
"2776","503.121993","503.122063316","503.122357995","1466025.6","-9999","372330.4","10.84","-1","-0.585699858","0.469826349","0.73113591","0.574350174","26","0.029411765","0.588235294","N2 S1 O1","de-protonated","0","-9999","C34 H20 O1 N2 S1","34","20","1","2","-9999","1","-9999","-9999","-9999"
"2776","503.121993","503.122063316","503.122490937","1466025.6","-9999","372330.4","10.84","-1","-0.849933031","0.877151091","0","0.526290655","13","0.391304348","1.086956522","N2 P1 O9","de-protonated","0","-9999","C23 H25 O9 N2 P1","23","25","9","2","1","-9999","-9999","-9999","-9999"
"2776","503.121993","503.122063316","503.121706546","1466025.6","-9999","372330.4","10.84","-1","0.709112689","0.912798792","0","0.547679275","17","0.115384615","0.923076923","N4 S2 O3","de-protonated","0","-9999","C26 H24 O3 N4 S2","26","24","3","4","-9999","2","-9999","-9999","-9999"
"2776","503.121993","503.122063316","503.121839488","1466025.6","-9999","372330.4","10.84","-1","0.444878832","0.964725367","0","0.57883522","4","0.733333333","1.933333333","N4 S1 P1 O11","de-protonated","0","-9999","C15 H29 O11 N4 P1 S1","15","29","11","4","1","1","-9999","-9999","-9999"
"2777","503.127036","503.127106314","503.127383069","7305644.5","-9999","356107.2","60.42","-1","-0.55006794","0.610992501","0.901997507","0.727394504","16","0.068965517","1","S2 P1 O2","de-protonated","0","-9999","C29 H29 O2 P1 S2","29","29","2","-9999","1","2","-9999","-9999","-9999"
"2777","503.127036","503.127106314","503.127579773","7305644.5","-9999","356107.2","60.42","-1","-0.941031167","0.283854841","0.772211541","0.479197521","8","0.421052632","1.473684211","N4 S2 O8","de-protonated","0","-9999","C19 H28 O8 N4 S2","19","28","8","4","-9999","2","-9999","-9999","-9999"
"2777","503.127036","503.127106314","503.126710393","7305644.5","-9999","356107.2","60.42","-1","0.786921323","0.923000931","0.973648095","0.943259797","9","0.722222222","1.333333333","N4 O13","de-protonated","0","-9999","C18 H24 O13 N4","18","24","13","4","-9999","-9999","-9999","-9999","-9999"
"2778","503.13554799999997","503.135618311","503.135625277","1220913.8","-9999","306882.1","8.76","-1","-0.013845221","0.999965219","0","0.599979131","16","0.137931034","0.965517241","S2 O4","de-protonated","0","-9999","C29 H28 O4 S2","29","28","4","-9999","-9999","2","-9999","-9999","-9999"
"2778","503.13554799999997","503.135618311","503.135758219","1220913.8","-9999","306882.1","8.76","-1","-0.278071577","0.986067664","0","0.591640598","3","0.666666667","1.833333333","S1 P1 O12","de-protonated","0","-9999","C18 H33 O12 P1 S1","18","33","12","-9999","1","1","-9999","-9999","-9999"
"2778","503.13554799999997","503.135618311","503.135245155","1220913.8","-9999","306882.1","8.76","-1","0.741662405","0.905010954","0","0.543006573","21","0.032258065","0.806451613","N2 S1 P1 O1","de-protonated","0","-9999","C31 H25 O1 N2 P1 S1","31","25","1","2","1","1","-9999","-9999","-9999"
"2778","503.13554799999997","503.135618311","503.136093308","1220913.8","-9999","306882.1","8.76","-1","-0.944071952","0.850679271","0","0.510407562","22","0.172413793","0.689655172","N4 O5","de-protonated","0","-9999","C29 H20 O5 N4","29","20","5","4","-9999","-9999","-9999","-9999","-9999"
"2779","503.140246","503.140316309","503.140629124","1772980.5","-9999","358006.5","13.45","-1","-0.62172427","0.932265747","0","0.559359448","8","0.666666667","1.333333333","O14","de-protonated","0","-9999","C21 H28 O14","21","28","14","-9999","-9999","-9999","-9999","-9999","-9999"
"2779","503.140246","503.140316309","503.14011606","1772980.5","-9999","358006.5","13.45","-1","0.397999491","0.485833501","0.73113591","0.583954465","26","0.088235294","0.588235294","N2 O3","de-protonated","0","-9999","C34 H20 O3 N2","34","20","3","2","-9999","-9999","-9999","-9999","-9999"
"2779","503.140246","503.140316309","503.140466933","1772980.5","-9999","358006.5","13.45","-1","-0.299366519","0.983870016","0","0.59032201","3","0.5","2.0625","N4 S2 P1 O8","de-protonated","0","-9999","C16 H33 O8 N4 P1 S2","16","33","8","4","1","2","-9999","-9999","-9999"
"2780","503.148298","503.148368306","503.148512437","1083833.4","-9999","398813.4","7.6","-1","-0.286457218","0.985221028","0","0.591132617","11","0.153846154","1.269230769","S2 P1 O4","de-protonated","0","-9999","C26 H33 O4 P1 S2","26","33","4","-9999","1","2","-9999","-9999","-9999"
"2780","503.148298","503.148368306","503.148709141","1083833.4","-9999","398813.4","7.6","-1","-0.677404129","0.920109576","0","0.552065746","3","0.625","2","N4 S2 O10","de-protonated","0","-9999","C16 H32 O10 N4 S2","16","32","10","4","-9999","2","-9999","-9999","-9999"
"2781","503.163434","503.1635043","503.163768578","5886402.5","-9999","350322.4","48.37","-1","-0.525231904","0.63690923","0.903423626","0.743514988","15","0.033333333","1.1","S2 P1 O1","de-protonated","0","-9999","C30 H33 O1 P1 S2","30","33","1","-9999","1","2","-9999","-9999","-9999"
"2781","503.163434","503.1635043","503.163965283","5886402.5","-9999","350322.4","48.37","-1","-0.916166868","0.577059752","0.931472459","0.718824835","7","0.35","1.6","N4 S2 O7","de-protonated","0","-9999","C20 H32 O7 N4 S2","20","32","7","4","-9999","2","-9999","-9999","-9999"
"2781","503.163434","503.1635043","503.163095903","5886402.5","-9999","350322.4","48.37","-1","0.81166071","0.881254066","0.97428037","0.918464587","8","0.631578947","1.473684211","N4 O12","de-protonated","0","-9999","C19 H28 O12 N4","19","28","12","4","-9999","-9999","-9999","-9999","-9999"
"2782","503.176593","503.176663295","503.177014633","1297098.3","-9999","322785.8","9.41","-1","-0.698239648","0.915336758","0","0.549202055","7","0.590909091","1.454545455","O13","de-protonated","0","-9999","C22 H32 O13","22","32","13","-9999","-9999","-9999","-9999","-9999","-9999"
"2782","503.176593","503.176663295","503.176501569","1297098.3","-9999","322785.8","9.41","-1","0.321410297","0.490715053","0.725399619","0.584588879","25","0.057142857","0.685714286","N2 O2","de-protonated","0","-9999","C35 H24 O2 N2","35","24","2","2","-9999","-9999","-9999","-9999","-9999"
"2782","503.176593","503.176663295","503.176852442","1297098.3","-9999","322785.8","9.41","-1","-0.375905232","0.974686342","0","0.584811805","2","0.411764706","2.176470588","N4 S2 P1 O7","de-protonated","0","-9999","C17 H37 O7 N4 P1 S2","17","37","7","4","1","2","-9999","-9999","-9999"
"2783","503.199779","503.199849286","503.200350792","3592664.3","-9999","366752.9","28.9","-1","-0.996631966","0.41753969","0.81490939","0.57648757","6","0.285714286","1.714285714","N4 S2 O6","de-protonated","0","-9999","C21 H36 O6 N4 S2","21","36","6","4","-9999","2","-9999","-9999","-9999"
"2783","503.199779","503.199849286","503.199481412","3592664.3","-9999","366752.9","28.9","-1","0.731070537","0.453788071","0.822155738","0.601135138","7","0.55","1.6","N4 O11","de-protonated","0","-9999","C20 H32 O11 N4","20","32","11","4","-9999","-9999","-9999","-9999","-9999"
"2784","503.215334","503.21540428","503.215606933","1156321.5","-9999","372386.9","8.21","-1","-0.402715765","0.971001423","0","0.582600854","10","0.12","1.44","N4 S2 O3","de-protonated","0","-9999","C25 H36 O3 N4 S2","25","36","3","4","-9999","2","-9999","-9999","-9999"
"2785","503.233869","503.233939273","503.234016447","2007020.6","-9999","385945.1","15.43","-1","-0.153354982","0.497870913","0.736963647","0.593508007","19","0.090909091","0.96969697","N2 O3","de-protonated","0","-9999","C33 H32 O3 N2","33","32","3","2","-9999","-9999","-9999","-9999","-9999"
"2786","503.295143","503.295213249","503.295554076","1438225.4","-9999","395645.6","10.61","-1","-0.677189652","0.460079041","0.719752637","0.56394848","17","0.055555556","1.111111111","O2","de-protonated","0","-9999","C36 H40 O2","36","40","2","-9999","-9999","-9999","-9999","-9999","-9999"
"2786","503.295143","503.295213249","503.294902627","1438225.4","-9999","395645.6","10.61","-1","0.6171772","0.933219166","0","0.5599315","8","0.142857143","1.571428571","N2 S1 O4","de-protonated","0","-9999","C28 H44 O4 N2 S1","28","44","4","2","-9999","1","-9999","-9999","-9999"
"2787","503.387416","503.387486214","503.387085481","2412104.8","-9999","399158.3","18.87","-1","0.796072762","0.445687613","0.767553728","0.574434059","1","0.178571429","2.035714286","P1 O5","de-protonated","0","-9999","C28 H57 O5 P1","28","57","5","-9999","1","-9999","-9999","-9999","-9999"
"2791","504.05794","504.058009955","504.057966885","1192923.9","-9999","368271.2","8.52","-1","0.085445553","0.998676131","0.989739587","0.995101513","18","0.148148148","0.777777778","13C1 S2 P1 O4","de-protonated","1","2766","C26 H21 O4 P1 S2 13C1","26","21","4","-9999","1","2","1","-9999","-9999"
"2791","504.05794","504.058009955","504.058374557","1192923.9","-9999","368271.2","8.52","-1","-0.723333421","0.909431144","0","0.545658686","32","0.027777778","0.333333333","N1 P1 O1","de-protonated","0","-9999","C36 H12 O1 N1 P1","36","12","1","1","1","-9999","-9999","-9999","-9999"
"2791","504.05794","504.058009955","504.058103231","1192923.9","-9999","368271.2","8.52","-1","-0.18505031","0.993805804","0","0.596283483","18","0.230769231","0.730769231","N1 S2 O6","de-protonated","0","-9999","C26 H19 O6 N1 S2","26","19","6","1","-9999","2","-9999","-9999","-9999"
"2791","504.05794","504.058009955","504.058236172","1192923.9","-9999","368271.2","8.52","-1","-0.44879306","0.964113237","0","0.578467942","5","0.933333333","1.6","N1 S1 P1 O14","de-protonated","0","-9999","C15 H24 O14 N1 P1 S1","15","24","14","1","1","1","-9999","-9999","-9999"
"2791","504.05794","504.058009955","504.057723108","1192923.9","-9999","368271.2","8.52","-1","0.56907453","0.942931727","0","0.565759036","23","0.107142857","0.571428571","N3 S1 P1 O3","de-protonated","0","-9999","C28 H16 O3 N3 P1 S1","28","16","3","3","1","1","-9999","-9999","-9999"
"2791","504.05794","504.058009955","504.05816359","1192923.9","-9999","368271.2","8.52","-1","-0.304796132","0.983284573","0.939550238","0.965790839","10","0.588235294","1.176470588","13C1 N4 S2 O10","de-protonated","1","2766","C16 H20 O10 N4 S2 13C1","16","20","10","4","-9999","2","1","-9999","-9999"
"2792","504.09391","504.093979941","504.094352394","1410033.6","-9999","422617.5","10.36","-1","-0.738857204","0.603795476","0.914504816","0.728079212","17","0.107142857","0.892857143","13C1 S2 P1 O3","de-protonated","1","2772","C27 H25 O3 P1 S2 13C1","27","25","3","-9999","1","2","1","-9999","-9999"
"2792","504.09391","504.093979941","504.09361936","1410033.6","-9999","422617.5","10.36","-1","0.715304643","0.91133915","0","0.54680349","18","0.384615385","0.730769231","N1 O10","de-protonated","0","-9999","C26 H19 O10 N1","26","19","10","1","-9999","-9999","-9999","-9999","-9999"
"2792","504.09391","504.093979941","504.094108618","1410033.6","-9999","422617.5","10.36","-1","-0.255263534","0.988246518","0","0.592947911","22","0.068965517","0.689655172","N3 S1 P1 O2","de-protonated","0","-9999","C29 H20 O2 N3 P1 S1","29","20","2","3","1","1","-9999","-9999","-9999"
"2792","504.09391","504.093979941","504.093679719","1410033.6","-9999","422617.5","10.36","-1","0.59556715","0.937667481","0.959029868","0.946212436","10","0.823529412","1.176470588","13C1 N4 O14","de-protonated","1","2772","C16 H20 O14 N4 13C1","16","20","14","4","-9999","-9999","1","-9999","-9999"
"2793","504.130257","504.130326927","504.130737904","1705991.5","-9999","437698.5","12.87","-1","-0.815219375","0.59093293","0.901997507","0.715358761","16","0.068965517","1","13C1 S2 P1 O2","de-protonated","1","2777","C28 H29 O2 P1 S2 13C1","28","29","2","-9999","1","2","1","-9999","-9999"
"2793","504.130257","504.130326927","504.13000487","1705991.5","-9999","437698.5","12.87","-1","0.638837407","0.464311883","0.773979033","0.588178743","17","0.333333333","0.851851852","N1 O9","de-protonated","0","-9999","C27 H23 O9 N1","27","23","9","1","-9999","-9999","-9999","-9999","-9999"
"2793","504.130257","504.130326927","504.130494127","1705991.5","-9999","437698.5","12.87","-1","-0.331660646","0.490119365","0.755017935","0.596078793","21","0.033333333","0.8","N3 S1 P1 O1","de-protonated","0","-9999","C30 H24 O1 N3 P1 S1","30","24","1","3","1","1","-9999","-9999","-9999"
"2793","504.130257","504.130326927","504.130065228","1705991.5","-9999","437698.5","12.87","-1","0.519108565","0.952280496","0.973648095","0.960827535","9","0.722222222","1.333333333","13C1 N4 O13","de-protonated","1","2777","C17 H24 O13 N4 13C1","17","24","13","4","-9999","-9999","1","-9999","-9999"
"2794","504.154575","504.154644917","504.154505541","1140502.3","-9999","327200.8","8.07","-1","0.276455575","0.986228011","0","0.591736806","7","0.523809524","1.476190476","N1 S1 O11","de-protonated","0","-9999","C21 H31 O11 N1 S1","21","31","11","1","-9999","1","-9999","-9999","-9999"
"2794","504.154575","504.154644917","504.154994798","1140502.3","-9999","327200.8","8.07","-1","-0.693994961","0.91631879","0","0.549791274","11","0.125","1.333333333","N3 S2 P1 O3","de-protonated","0","-9999","C24 H32 O3 N3 P1 S2","24","32","3","3","1","2","-9999","-9999","-9999"
"2795","504.158621","504.158690916","504.15901755","1091096.6","-9999","298382.5","7.65","-1","-0.647880091","0.926665301","0","0.555999181","15","0.034482759","1.103448276","N1 S2 P1 O1","de-protonated","0","-9999","C29 H32 O1 N1 P1 S2","29","32","1","1","1","2","-9999","-9999","-9999"
"2796","504.166813","504.166882913","504.167123413","1436701.6","-9999","413878.6","10.59","-1","-0.477025605","0.639701013","0.903423626","0.745190058","15","0.033333333","1.1","13C1 S2 P1 O1","de-protonated","1","2781","C29 H33 O1 P1 S2 13C1","29","33","1","-9999","1","2","1","-9999","-9999"
"2796","504.166813","504.166882913","504.167259759","1436701.6","-9999","413878.6","10.59","-1","-0.747462751","0.903593685","0","0.542156211","15","0.103448276","1.068965517","N1 S2 O3","de-protonated","0","-9999","C29 H31 O3 N1 S2","29","31","3","1","-9999","2","-9999","-9999","-9999"
"2796","504.166813","504.166882913","504.166390379","1436701.6","-9999","413878.6","10.59","-1","0.97692673","0.840992905","0","0.504595743","16","0.285714286","0.964285714","N1 O8","de-protonated","0","-9999","C28 H27 O8 N1","28","27","8","1","-9999","-9999","-9999","-9999","-9999"
"2796","504.166813","504.166882913","504.167320118","1436701.6","-9999","413878.6","10.59","-1","-0.86718258","0.581633043","0.931472459","0.721568809","7","0.35","1.6","13C1 N4 S2 O7","de-protonated","1","2781","C19 H32 O7 N4 S2 13C1","19","32","7","4","-9999","2","1","-9999","-9999"
"2796","504.166813","504.166882913","504.166450738","1436701.6","-9999","413878.6","10.59","-1","0.857206488","0.875177083","0.97428037","0.914818398","8","0.631578947","1.473684211","13C1 N4 O12","de-protonated","1","2781","C18 H28 O12 N4 13C1","18","28","12","4","-9999","-9999","1","-9999","-9999"
"2799","505.025007","505.025076581","505.02482878","1220899.9","-9999","302190.2","8.75","-1","0.490671354","0.957255167","0","0.5743531","24","0.230769231","0.384615385","N4 S1 O6","de-protonated","0","-9999","C26 H10 O6 N4 S1","26","10","6","4","-9999","1","-9999","-9999","-9999"
"2799","505.025007","505.025076581","505.024961721","1220899.9","-9999","302190.2","8.75","-1","0.227433286","0.990658311","0","0.594394986","11","0.933333333","1","N4 P1 O14","de-protonated","0","-9999","C15 H15 O14 N4 P1","15","15","14","4","1","-9999","-9999","-9999","-9999"
"2800","505.033514","505.033583577","505.033876605","2639401","-9999","396536.5","20.79","-1","-0.580213894","0.470371934","0.780512821","0.594428289","18","0.192307692","0.730769231","S2 P1 O5","de-protonated","0","-9999","C26 H19 O5 P1 S2","26","19","5","-9999","1","2","-9999","-9999","-9999"
"2800","505.033514","505.033583577","505.03407331","2639401","-9999","396536.5","20.79","-1","-0.96970123","0.843141978","0","0.505885187","10","0.6875","1.125","N4 S2 O11","de-protonated","0","-9999","C16 H18 O11 N4 S2","16","18","11","4","-9999","2","-9999","-9999","-9999"
"2801","505.042653","505.042722574","505.04239014","1263150.6","-9999","418711.7","9.11","-1","0.658230183","0.46219754","0.719752637","0.565219579","32","0.055555556","0.305555556","P1 O2","de-protonated","0","-9999","C36 H11 O2 P1","36","11","2","-9999","1","-9999","-9999","-9999","-9999"
"2801","505.042653","505.042722574","505.042586844","1263150.6","-9999","418711.7","9.11","-1","0.26874893","0.98698019","0","0.592188114","24","0.307692308","0.384615385","N4 O8","de-protonated","0","-9999","C26 H10 O8 N4","26","10","8","4","-9999","-9999","-9999","-9999","-9999"
"2802","505.061522","505.061591567","505.061214289","2597946","-9999","357138.8","20.44","-1","0.746994106","0.451854261","0.773979033","0.58070417","23","0.185185185","0.518518519","N4 S1 O5","de-protonated","0","-9999","C27 H14 O5 N4 S1","27","14","5","4","-9999","1","-9999","-9999","-9999"
"2802","505.061522","505.061591567","505.061347231","2597946","-9999","357138.8","20.44","-1","0.483774935","0.958423126","0","0.575053876","10","0.8125","1.1875","N4 P1 O13","de-protonated","0","-9999","C16 H19 O13 N4 P1","16","19","13","4","1","-9999","-9999","-9999","-9999"
"2803","505.064889","505.064958565","505.065237041","2031676","-9999","388997.5","15.63","-1","-0.551365509","0.473166335","0.742885034","0.581053815","27","0.09375","0.4375","N2 S1 O3","de-protonated","0","-9999","C32 H14 O3 N2 S1","32","14","3","2","-9999","1","-9999","-9999","-9999"
"2803","505.064889","505.064958565","505.065369983","2031676","-9999","388997.5","15.63","-1","-0.814582242","0.886566423","0","0.531939854","14","0.523809524","0.904761905","N2 P1 O11","de-protonated","0","-9999","C21 H19 O11 N2 P1","21","19","11","2","1","-9999","-9999","-9999","-9999"
"2803","505.064889","505.064958565","505.064585592","2031676","-9999","388997.5","15.63","-1","0.738466207","0.452894072","0.793917021","0.589303252","18","0.208333333","0.75","N4 S2 O5","de-protonated","0","-9999","C24 H18 O5 N4 S2","24","18","5","4","-9999","2","-9999","-9999","-9999"
"2804","505.069933","505.070002563","505.070262114","7216703","-9999","341148.1","59.65","-1","-0.513891077","0.638937084","0.920290898","0.75147861","17","0.148148148","0.851851852","S2 P1 O4","de-protonated","0","-9999","C27 H23 O4 P1 S2","27","23","4","-9999","1","2","-9999","-9999","-9999"
"2804","505.069933","505.070002563","505.070458819","7216703","-9999","341148.1","59.65","-1","-0.903350381","0.580666055","0.929726258","0.720290136","9","0.588235294","1.294117647","N4 S2 O10","de-protonated","0","-9999","C17 H22 O10 N4 S2","17","22","10","4","-9999","2","-9999","-9999","-9999"
"2804","505.069933","505.070002563","505.069589439","7216703","-9999","341148.1","59.65","-1","0.817955164","0.877691457","0.951078538","0.90704629","10","0.9375","1.125","N4 O15","de-protonated","0","-9999","C16 H18 O15 N4","16","18","15","4","-9999","-9999","-9999","-9999","-9999"
"2805","505.078967","505.07903656","505.078775649","2305604.5","-9999","367418.3","17.96","-1","0.516574382","0.476367055","0.714192896","0.571497392","31","0.027027027","0.405405405","P1 O1","de-protonated","0","-9999","C37 H15 O1 P1","37","15","1","-9999","1","-9999","-9999","-9999","-9999"
"2805","505.078967","505.07903656","505.078637265","2305604.5","-9999","367418.3","17.96","-1","0.790560433","0.892790925","0","0.535674555","4","0.875","1.6875","S1 P1 O14","de-protonated","0","-9999","C16 H27 O14 P1 S1","16","27","14","-9999","1","1","-9999","-9999","-9999"
"2805","505.078967","505.07903656","505.078972354","2305604.5","-9999","367418.3","17.96","-1","0.127121242","0.498536059","0.773979033","0.608713249","23","0.259259259","0.518518519","N4 O7","de-protonated","0","-9999","C27 H14 O7 N4","27","14","7","4","-9999","-9999","-9999","-9999","-9999"
"2806","505.09782","505.097889553","505.098251247","2003536","-9999","282533.3","15.4","-1","-0.716087041","0.947887007","0.859244872","0.912430153","31","0.055555556","0.388888889","N2 O2","de-protonated","0","-9999","C36 H14 O2 N2","36","14","2","2","-9999","-9999","-9999","-9999","-9999"
"2806","505.09782","505.097889553","505.097599798","2003536","-9999","282533.3","15.4","-1","0.573660156","0.888815467","0.811443781","0.857866793","22","0.142857143","0.642857143","N4 S1 O4","de-protonated","0","-9999","C28 H18 O4 N4 S1","28","18","4","4","-9999","1","-9999","-9999","-9999"
"2806","505.09782","505.097889553","505.09773274","2003536","-9999","282533.3","15.4","-1","0.310459992","0.98266304","0","0.589597824","9","0.705882353","1.352941176","N4 P1 O12","de-protonated","0","-9999","C17 H23 O12 N4 P1","17","23","12","4","1","-9999","-9999","-9999","-9999"
"2807","505.101249","505.101318551","505.10162255","1489490","-9999","405911.9","11.03","-1","-0.601857021","0.468193467","0.736963647","0.575701539","26","0.060606061","0.545454545","N2 S1 O2","de-protonated","0","-9999","C33 H18 O2 N2 S1","33","18","2","2","-9999","1","-9999","-9999","-9999"
"2807","505.101249","505.101318551","505.101755492","1489490","-9999","405911.9","11.03","-1","-0.865054779","0.873033248","0","0.523819949","13","0.454545455","1.045454545","N2 P1 O10","de-protonated","0","-9999","C22 H23 O10 N2 P1","22","23","10","2","1","-9999","-9999","-9999","-9999"
"2807","505.101249","505.101318551","505.100971102","1489490","-9999","405911.9","11.03","-1","0.687881715","0.917724432","0","0.550634659","17","0.16","0.88","N4 S2 O4","de-protonated","0","-9999","C25 H22 O4 N4 S2","25","22","4","4","-9999","2","-9999","-9999","-9999"
"2807","505.101249","505.101318551","505.101104043","1489490","-9999","405911.9","11.03","-1","0.424683278","0.967804342","0","0.580682605","4","0.857142857","1.928571429","N4 S1 P1 O12","de-protonated","0","-9999","C14 H27 O12 N4 P1 S1","14","27","12","4","1","1","-9999","-9999","-9999"
"2808","505.103627","505.10369655","505.10327632","1761875.5","-9999","453552.9","13.34","-1","0.831968159","0.440986638","0.748902347","0.564152922","21","0.096774194","0.741935484","S1 P1 O3","de-protonated","0","-9999","C31 H23 O3 P1 S1","31","23","3","-9999","1","1","-9999","-9999","-9999"
"2808","505.103627","505.10369655","505.104124474","1761875.5","-9999","453552.9","13.34","-1","-0.847198243","0.438945051","0.761234226","0.567860721","22","0.24137931","0.620689655","N2 O7","de-protonated","0","-9999","C29 H18 O7 N2","29","18","7","2","-9999","-9999","-9999","-9999","-9999"
"2808","505.103627","505.10369655","505.103473025","1761875.5","-9999","453552.9","13.34","-1","0.442533788","0.965089715","0","0.579053829","13","0.428571429","1.047619048","N4 S1 O9","de-protonated","0","-9999","C21 H22 O9 N4 S1","21","22","9","4","-9999","1","-9999","-9999","-9999"
"2809","505.106356","505.106425549","505.106647624","7642709","-9999","352610.9","63.27","-1","-0.4396587","0.616842478","0.887992368","0.725302434","16","0.107142857","0.964285714","S2 P1 O3","de-protonated","0","-9999","C28 H27 O3 P1 S2","28","27","3","-9999","1","2","-9999","-9999","-9999"
"2809","505.106356","505.106425549","505.106844328","7642709","-9999","352610.9","63.27","-1","-0.829089977","0.294246233","0.778715395","0.488033898","8","0.5","1.444444444","N4 S2 O9","de-protonated","0","-9999","C18 H26 O9 N4 S2","18","26","9","4","-9999","2","-9999","-9999","-9999"
"2809","505.106356","505.106425549","505.105974948","7642709","-9999","352610.9","63.27","-1","0.892091701","0.909849213","0.985542317","0.940126455","9","0.823529412","1.294117647","N4 O14","de-protonated","0","-9999","C17 H22 O14 N4","17","22","14","4","-9999","-9999","-9999","-9999","-9999"
"2810","505.115321","505.115390546","505.114889832","1222490.6","-9999","306449.7","8.76","-1","0.991286384","0.836691115","0","0.502014669","16","0.178571429","0.928571429","S2 O5","de-protonated","0","-9999","C28 H26 O5 S2","28","26","5","-9999","-9999","2","-9999","-9999","-9999"
"2810","505.115321","505.115390546","505.115022774","1222490.6","-9999","306449.7","8.76","-1","0.728095118","0.908291396","0","0.544974837","3","0.764705882","1.823529412","S1 P1 O13","de-protonated","0","-9999","C17 H31 O13 P1 S1","17","31","13","-9999","1","1","-9999","-9999","-9999"
"2810","505.115321","505.115390546","505.115357863","1222490.6","-9999","306449.7","8.76","-1","0.064703759","0.99924064","0","0.599544384","22","0.214285714","0.642857143","N4 O6","de-protonated","0","-9999","C28 H18 O6 N4","28","18","6","4","-9999","-9999","-9999","-9999","-9999"
"2811","505.119489","505.119558544","505.119893679","1094237.1","-9999","458038.8","7.68","-1","-0.663476143","0.923232833","0","0.5539397","8","0.75","1.3","O15","de-protonated","0","-9999","C20 H26 O15","20","26","15","-9999","-9999","-9999","-9999","-9999","-9999"
"2811","505.119489","505.119558544","505.119380615","1094237.1","-9999","458038.8","7.68","-1","0.352251879","0.977737153","0","0.586642292","26","0.121212121","0.545454545","N2 O4","de-protonated","0","-9999","C33 H18 O4 N2","33","18","4","2","-9999","-9999","-9999","-9999","-9999"
"2811","505.119489","505.119558544","505.119731488","1094237.1","-9999","458038.8","7.68","-1","-0.342381535","0.978954275","0","0.587372565","3","0.6","2.066666667","N4 S2 P1 O9","de-protonated","0","-9999","C15 H31 O9 N4 P1 S2","15","31","9","4","1","2","-9999","-9999","-9999"
"2812","505.137594","505.137663537","505.13800806","2398824","-9999","353850.8","18.75","-1","-0.682036102","0.459529447","0.73113591","0.568172032","25","0.029411765","0.647058824","N2 S1 O1","de-protonated","0","-9999","C34 H22 O1 N2 S1","34","22","1","2","-9999","1","-9999","-9999","-9999"
"2812","505.137594","505.137663537","505.138141001","2398824","-9999","353850.8","18.75","-1","-0.945214881","0.425173017","0.800793265","0.575421117","12","0.391304348","1.173913043","N2 P1 O9","de-protonated","0","-9999","C23 H27 O9 N2 P1","23","27","9","2","1","-9999","-9999","-9999","-9999"
"2812","505.137594","505.137663537","505.137356611","2398824","-9999","353850.8","18.75","-1","0.607609629","0.467602771","0.780512821","0.592766791","16","0.115384615","1","N4 S2 O3","de-protonated","0","-9999","C26 H26 O3 N4 S2","26","26","3","4","-9999","2","-9999","-9999","-9999"
"2812","505.137594","505.137663537","505.137489553","2398824","-9999","353850.8","18.75","-1","0.344430171","0.978704377","0","0.587222626","3","0.733333333","2.066666667","N4 S1 P1 O11","de-protonated","0","-9999","C15 H31 O11 N4 P1 S1","15","31","11","4","1","1","-9999","-9999","-9999"
"2813","505.140434","505.140503536","505.140509983","2047593.9","-9999","495780.3","15.77","-1","-0.012762599","0.499985223","0.755017935","0.601998308","21","0.2","0.733333333","N2 O6","de-protonated","0","-9999","C30 H22 O6 N2","30","22","6","2","-9999","-9999","-9999","-9999","-9999"
"2814","505.142744","505.142813535","505.143033133","12949099","-9999","351347.5","108.32","-1","-0.434724295","0.480762291","0.905574349","0.650687114","15","0.068965517","1.068965517","S2 P1 O2","de-protonated","0","-9999","C29 H31 O2 P1 S2","29","31","2","-9999","1","2","-9999","-9999","-9999"
"2814","505.142744","505.142813535","505.143229838","12949099","-9999","351347.5","108.32","-1","-0.824127523","0.584117585","0.930900115","0.722830597","7","0.421052632","1.578947368","N4 S2 O8","de-protonated","0","-9999","C19 H30 O8 N4 S2","19","30","8","4","-9999","2","-9999","-9999","-9999"
"2814","505.142744","505.142813535","505.142360458","12949099","-9999","351347.5","108.32","-1","0.896930186","0.872614363","0.943271245","0.900877116","8","0.722222222","1.444444444","N4 O13","de-protonated","0","-9999","C18 H26 O13 N4","18","26","13","4","-9999","-9999","-9999","-9999","-9999"
"2815","505.156124","505.15619353","505.156279189","1126259.3","-9999","241422","7.95","-1","-0.16956834","0.994796316","0","0.596877789","7","0.666666667","1.428571429","O14","de-protonated","0","-9999","C21 H30 O14","21","30","14","-9999","-9999","-9999","-9999","-9999","-9999"
"2815","505.156124","505.15619353","505.155766124","1126259.3","-9999","241422","7.95","-1","0.846087023","0.878189878","0","0.526913927","25","0.088235294","0.647058824","N2 O3","de-protonated","0","-9999","C34 H22 O3 N2","34","22","3","2","-9999","-9999","-9999","-9999","-9999"
"2815","505.156124","505.15619353","505.156116997","1126259.3","-9999","241422","7.95","-1","0.151503299","0.995843824","0","0.597506294","2","0.5","2.1875","N4 S2 P1 O8","de-protonated","0","-9999","C16 H35 O8 N4 P1 S2","16","35","8","4","1","2","-9999","-9999","-9999"
"2816","505.174079","505.174148523","505.174526511","1204862.3","-9999","490931.6","8.61","-1","-0.748231597","0.903405162","0","0.542043097","11","0.333333333","1.291666667","N2 P1 O8","de-protonated","0","-9999","C24 H31 O8 N2 P1","24","31","8","2","1","-9999","-9999","-9999","-9999"
"2816","505.174079","505.174148523","505.17374212","1204862.3","-9999","490931.6","8.61","-1","0.804481376","0.889201129","0","0.533520678","15","0.074074074","1.111111111","N4 S2 O2","de-protonated","0","-9999","C27 H30 O2 N4 S2","27","30","2","4","-9999","2","-9999","-9999","-9999"
"2816","505.174079","505.174148523","505.173875062","1204862.3","-9999","490931.6","8.61","-1","0.541320822","0.948219192","0","0.568931515","2","0.625","2.1875","N4 S1 P1 O10","de-protonated","0","-9999","C16 H35 O10 N4 P1 S1","16","35","10","4","1","1","-9999","-9999","-9999"
"2817","505.1792","505.179269521","505.179418643","5815937.5","-9999","368049.2","47.76","-1","-0.295185011","0.648509525","0.883904711","0.7426676","14","0.033333333","1.166666667","S2 P1 O1","de-protonated","0","-9999","C30 H35 O1 P1 S2","30","35","1","-9999","1","2","-9999","-9999","-9999"
"2817","505.1792","505.179269521","505.179615347","5815937.5","-9999","368049.2","47.76","-1","-0.684560247","0.598040061","0.931472459","0.73141302","6","0.35","1.7","N4 S2 O7","de-protonated","0","-9999","C20 H34 O7 N4 S2","20","34","7","4","-9999","2","-9999","-9999","-9999"
"2818","505.186206","505.186275518","505.186140022","1923205.6","-9999","359765.7","14.71","-1","0.26820997","0.987032019","0","0.592219211","6","0.476190476","1.619047619","N2 S1 O10","de-protonated","0","-9999","C21 H34 O10 N2 S1","21","34","10","2","-9999","1","-9999","-9999","-9999"
"2818","505.186206","505.186275518","505.18662928","1923205.6","-9999","359765.7","14.71","-1","-0.700258816","0.457433941","0.793917021","0.592027173","10","0.083333333","1.458333333","N4 S2 P1 O2","de-protonated","0","-9999","C24 H35 O2 N4 P1 S2","24","35","2","4","1","2","-9999","-9999","-9999"
"2819","505.213028","505.213097508","505.213281002","1393045.8","-9999","305231.5","10.21","-1","-0.363200408","0.976348468","0","0.585809081","19","0.125","0.9375","N2 O4","de-protonated","0","-9999","C32 H30 O4 N2","32","30","4","2","-9999","-9999","-9999","-9999","-9999"
"2819","505.213028","505.213097508","505.212629553","1393045.8","-9999","305231.5","10.21","-1","0.926253587","0.8558389","0","0.51350334","10","0.25","1.416666667","N4 S1 O6","de-protonated","0","-9999","C24 H34 O6 N4 S1","24","34","6","4","-9999","1","-9999","-9999","-9999"
"2820","505.215611","505.215680507","505.216000856","3498647.3","-9999","349368.9","28.09","-1","-0.634083853","0.900070937","0.950830509","0.920374766","5","0.285714286","1.80952381","N4 S2 O6","de-protonated","0","-9999","C21 H38 O6 N4 S2","21","38","6","4","-9999","2","-9999","-9999","-9999"
"2826","506.065224","506.065293179","506.065511087","1164187.3","-9999","412147.8","8.26","-1","-0.430592606","0.966917213","0","0.580150328","17","0.153846154","0.846153846","N1 S2 P1 O4","de-protonated","0","-9999","C26 H22 O4 N1 P1 S2","26","22","4","1","1","2","-9999","-9999","-9999"
"2827","506.073319","506.073388175","506.07361695","1764256.3","-9999","352031.1","13.36","-1","-0.452056893","0.642399347","0.920290898","0.753555967","17","0.148148148","0.851851852","13C1 S2 P1 O4","de-protonated","1","2804","C26 H23 O4 P1 S2 13C1","26","23","4","-9999","1","2","1","-9999","-9999"
"2827","506.073319","506.073388175","506.073753295","1764256.3","-9999","352031.1","13.36","-1","-0.721475248","0.927902924","0.726722499","0.847430754","17","0.230769231","0.807692308","N1 S2 O6","de-protonated","0","-9999","C26 H21 O6 N1 S2","26","21","6","1","-9999","2","-9999","-9999","-9999"
"2827","506.073319","506.073388175","506.072883915","1764256.3","-9999","352031.1","13.36","-1","0.996418103","0.835143967","0","0.50108638","18","0.44","0.68","N1 O11","de-protonated","0","-9999","C25 H17 O11 N1","25","17","11","1","-9999","-9999","-9999","-9999","-9999"
"2827","506.073319","506.073388175","506.073886237","1764256.3","-9999","352031.1","13.36","-1","-0.984167392","0.838828873","0","0.503297324","4","0.933333333","1.733333333","N1 S1 P1 O14","de-protonated","0","-9999","C15 H26 O14 N1 P1 S1","15","26","14","1","1","1","-9999","-9999","-9999"
"2827","506.073319","506.073388175","506.073373173","1764256.3","-9999","352031.1","13.36","-1","0.029645569","0.499920272","0.767553728","0.606973655","22","0.107142857","0.642857143","N3 S1 P1 O3","de-protonated","0","-9999","C28 H18 O3 N3 P1 S1","28","18","3","3","1","1","-9999","-9999","-9999"
"2827","506.073319","506.073388175","506.073813654","1764256.3","-9999","352031.1","13.36","-1","-0.840744068","0.586418126","0.929726258","0.723741379","9","0.588235294","1.294117647","13C1 N4 S2 O10","de-protonated","1","2804","C16 H22 O10 N4 S2 13C1","16","22","10","4","-9999","2","1","-9999","-9999"
"2827","506.073319","506.073388175","506.072944274","1764256.3","-9999","352031.1","13.36","-1","0.877148874","0.869701846","0.951078538","0.902252523","10","0.9375","1.125","13C1 N4 O15","de-protonated","1","2804","C15 H18 O15 N4 13C1","15","18","15","4","-9999","-9999","1","-9999","-9999"
"2828","506.101389","506.101458165","506.101896596","1456817.4","-9999","413275.1","10.75","-1","-0.866290763","0.872694328","0","0.523616597","16","0.111111111","0.962962963","N1 S2 P1 O3","de-protonated","0","-9999","C27 H26 O3 N1 P1 S2","27","26","3","1","1","2","-9999","-9999","-9999"
"2828","506.101389","506.101458165","506.101027216","1456817.4","-9999","413275.1","10.75","-1","0.851506811","0.876725019","0","0.526035012","17","0.307692308","0.846153846","N1 P1 O8","de-protonated","0","-9999","C26 H22 O8 N1 P1","26","22","8","1","1","-9999","-9999","-9999","-9999"
"2828","506.101389","506.101458165","506.101606082","1456817.4","-9999","413275.1","10.75","-1","-0.292268087","0.984620037","0.859244872","0.934469971","31","0.055555556","0.388888889","13C1 N2 O2","de-protonated","1","2806","C35 H14 O2 N2 13C1","35","14","2","2","-9999","-9999","1","-9999","-9999"
"2828","506.101389","506.101458165","506.100954633","1456817.4","-9999","413275.1","10.75","-1","0.994922707","0.835595339","0.811443781","0.825934716","22","0.142857143","0.642857143","13C1 N4 S1 O4","de-protonated","1","2806","C27 H18 O4 N4 S1 13C1","27","18","4","4","-9999","1","1","-9999","-9999"
"2829","506.109518","506.109587161","506.110002459","1562806.3","-9999","300510.9","11.65","-1","-0.820567483","0.58999564","0.887992368","0.709194331","16","0.107142857","0.964285714","13C1 S2 P1 O3","de-protonated","1","2809","C27 H27 O3 P1 S2 13C1","27","27","3","-9999","1","2","1","-9999","-9999"
"2829","506.109518","506.109587161","506.109269425","1562806.3","-9999","300510.9","11.65","-1","0.627802845","0.930981815","0","0.558589089","17","0.384615385","0.807692308","N1 O10","de-protonated","0","-9999","C26 H21 O10 N1","26","21","10","1","-9999","-9999","-9999","-9999","-9999"
"2829","506.109518","506.109587161","506.109758682","1562806.3","-9999","300510.9","11.65","-1","-0.338899829","0.489687854","0.761234226","0.598306403","21","0.068965517","0.75862069","N3 S1 P1 O2","de-protonated","0","-9999","C29 H22 O2 N3 P1 S1","29","22","2","3","1","1","-9999","-9999","-9999"
"2829","506.109518","506.109587161","506.109329784","1562806.3","-9999","300510.9","11.65","-1","0.508542234","0.954158586","0.985542317","0.966712078","9","0.823529412","1.294117647","13C1 N4 O14","de-protonated","1","2809","C16 H22 O14 N4 13C1","16","22","14","4","-9999","-9999","1","-9999","-9999"
"2830","506.146069","506.146138147","506.146387968","3645644.5","-9999","396550.3","29.33","-1","-0.493574383","0.478379502","0.905574349","0.649257441","15","0.068965517","1.068965517","13C1 S2 P1 O2","de-protonated","1","2814","C28 H31 O2 P1 S2 13C1","28","31","2","-9999","1","2","1","-9999","-9999"
"2830","506.146069","506.146138147","506.146524314","3645644.5","-9999","396550.3","29.33","-1","-0.762953991","0.44988277","0.767553728","0.576951153","15","0.142857143","1.035714286","N1 S2 O4","de-protonated","0","-9999","C28 H29 O4 N1 S2","28","29","4","1","-9999","2","-9999","-9999","-9999"
"2830","506.146069","506.146138147","506.145654934","3645644.5","-9999","396550.3","29.33","-1","0.954692299","0.423786157","0.773979033","0.563863308","16","0.333333333","0.925925926","N1 O9","de-protonated","0","-9999","C27 H25 O9 N1","27","25","9","1","-9999","-9999","-9999","-9999","-9999"
"2830","506.146069","506.146138147","506.146144191","3645644.5","-9999","396550.3","29.33","-1","-0.011941197","0.499987064","0.755017935","0.601999412","20","0.033333333","0.866666667","N3 S1 P1 O1","de-protonated","0","-9999","C30 H26 O1 N3 P1 S1","30","26","1","3","1","1","-9999","-9999","-9999"
"2830","506.146069","506.146138147","506.146584673","3645644.5","-9999","396550.3","29.33","-1","-0.882205658","0.578866018","0.930900115","0.719679657","7","0.421052632","1.578947368","13C1 N4 S2 O8","de-protonated","1","2814","C18 H30 O8 N4 S2 13C1","18","30","8","4","-9999","2","1","-9999","-9999"
"2830","506.146069","506.146138147","506.145715293","3645644.5","-9999","396550.3","29.33","-1","0.835440223","0.881047277","0.943271245","0.905936864","8","0.722222222","1.444444444","13C1 N4 O13","de-protonated","1","2814","C17 H26 O13 N4 13C1","17","26","13","4","-9999","-9999","1","-9999","-9999"
"2831","506.182468","506.182537133","506.182773478","1247970.8","-9999","409010.5","8.98","-1","-0.466914966","0.640809754","0.883904711","0.738047737","14","0.033333333","1.166666667","13C1 S2 P1 O1","de-protonated","1","2817","C29 H35 O1 P1 S2 13C1","29","35","1","-9999","1","2","1","-9999","-9999"
"2831","506.182468","506.182537133","506.182909823","1247970.8","-9999","409010.5","8.98","-1","-0.736275218","0.906319351","0","0.543791611","14","0.103448276","1.137931034","N1 S2 O3","de-protonated","0","-9999","C29 H33 O3 N1 S2","29","33","3","1","-9999","2","-9999","-9999","-9999"
"2831","506.182468","506.182537133","506.182040443","1247970.8","-9999","409010.5","8.98","-1","0.98124765","0.839702754","0","0.503821652","15","0.285714286","1.035714286","N1 O8","de-protonated","0","-9999","C28 H29 O8 N1","28","29","8","1","-9999","-9999","-9999","-9999","-9999"
"2831","506.182468","506.182537133","506.183042765","1247970.8","-9999","409010.5","8.98","-1","-0.998910709","0.834390633","0","0.50063438","1","0.611111111","2.111111111","N1 S1 P1 O11","de-protonated","0","-9999","C18 H38 O11 N1 P1 S1","18","38","11","1","1","1","-9999","-9999","-9999"
"2831","506.182468","506.182537133","506.182970182","1247970.8","-9999","409010.5","8.98","-1","-0.855518316","0.583757569","0.931472459","0.722843525","6","0.35","1.7","13C1 N4 S2 O7","de-protonated","1","2817","C19 H34 O7 N4 S2 13C1","19","34","7","4","-9999","2","1","-9999","-9999"
"2832","506.218844","506.218913119","506.219295333","1070328.8","-9999","475447.6","7.47","-1","-0.755035117","0.901730207","0","0.541038124","13","0.066666667","1.233333333","N1 S2 O2","de-protonated","0","-9999","C30 H37 O2 N1 S2","30","37","2","1","-9999","2","-9999","-9999","-9999"
"2832","506.218844","506.218913119","506.218425953","1070328.8","-9999","475447.6","7.47","-1","0.962364269","0.845313435","0","0.507188061","14","0.24137931","1.137931034","N1 O7","de-protonated","0","-9999","C29 H33 O7 N1","29","33","7","1","-9999","-9999","-9999","-9999","-9999"
"2832","506.218844","506.218913119","506.219355691","1070328.8","-9999","475447.6","7.47","-1","-0.874269642","0.870497986","0.950830509","0.902630996","5","0.285714286","1.80952381","13C1 N4 S2 O6","de-protonated","1","2820","C20 H38 O6 N4 S2 13C1","20","38","6","4","-9999","2","1","-9999","-9999"
"2833","506.244437","506.244506109","506.244915483","3414280.5","-9999","349264.2","27.37","-1","-0.80864802","0.44405867","0.742885034","0.563589216","18","0.09375","1.03125","N3 O3","de-protonated","0","-9999","C32 H33 O3 N3","32","33","3","3","-9999","-9999","-9999","-9999","-9999"
"2835","507.040847","507.040915801","507.040478844","1543150.5","-9999","241619.9","11.48","-1","0.861780229","0.873929458","0","0.524357675","23","0.230769231","0.461538462","N4 S1 O6","de-protonated","0","-9999","C26 H12 O6 N4 S1","26","12","6","4","-9999","1","-9999","-9999","-9999"
"2835","507.040847","507.040915801","507.040611786","1543150.5","-9999","241619.9","11.48","-1","0.59958852","0.936850124","0","0.562110074","10","0.933333333","1.133333333","N4 P1 O14","de-protonated","0","-9999","C15 H17 O14 N4 P1","15","17","14","4","1","-9999","-9999","-9999","-9999"
"2836","507.044273","507.0443418","507.044501596","1545968.5","-9999","327430.3","11.5","-1","-0.315151558","0.491069921","0.748902347","0.594202891","27","0.129032258","0.387096774","N2 S1 O4","de-protonated","0","-9999","C31 H12 O4 N2 S1","31","12","4","2","-9999","1","-9999","-9999","-9999"
"2836","507.044273","507.0443418","507.044634538","1545968.5","-9999","327430.3","11.5","-1","-0.577340878","0.941311722","0","0.564787033","14","0.6","0.85","N2 P1 O12","de-protonated","0","-9999","C20 H17 O12 N2 P1","20","17","12","2","1","-9999","-9999","-9999","-9999"
"2836","507.044273","507.0443418","507.043850147","1545968.5","-9999","327430.3","11.5","-1","0.969645555","0.843158497","0","0.505895098","18","0.260869565","0.695652174","N4 S2 O6","de-protonated","0","-9999","C23 H16 O6 N4 S2","23","16","6","4","-9999","2","-9999","-9999","-9999"
"2837","507.046548","507.046616799","507.046155366","1042674","-9999","679596.8","7.23","-1","0.910041366","0.860474483","0","0.51628469","22","0.172413793","0.586206897","S1 P1 O5","de-protonated","0","-9999","C29 H17 O5 P1 S1","29","17","5","-9999","1","1","-9999","-9999","-9999"
"2837","507.046548","507.046616799","507.047003519","1042674","-9999","679596.8","7.23","-1","-0.762691016","0.899831044","0","0.539898626","23","0.333333333","0.444444444","N2 O9","de-protonated","0","-9999","C27 H12 O9 N2","27","12","9","2","-9999","-9999","-9999","-9999","-9999"
"2837","507.046548","507.046616799","507.046352071","1042674","-9999","679596.8","7.23","-1","0.522099182","0.951742605","0","0.571045563","14","0.578947368","0.842105263","N4 S1 O11","de-protonated","0","-9999","C19 H16 O11 N4 S1","19","16","11","4","-9999","1","-9999","-9999","-9999"
"2838","507.049269","507.049337798","507.04952667","5089011.5","-9999","364522.8","41.58","-1","-0.372491021","0.487569173","0.780512821","0.604746632","17","0.192307692","0.807692308","S2 P1 O5","de-protonated","0","-9999","C26 H21 O5 P1 S2","26","21","5","-9999","1","2","-9999","-9999","-9999"
"2838","507.049269","507.049337798","507.049723374","5089011.5","-9999","364522.8","41.58","-1","-0.760430128","0.450196734","0.85247738","0.611108992","9","0.6875","1.25","N4 S2 O11","de-protonated","0","-9999","C16 H20 O11 N4 S2","16","20","11","4","-9999","2","-9999","-9999","-9999"
"2839","507.07732","507.077388787","507.07710813","1713924.8","-9999","305116.2","12.93","-1","0.553480142","0.945931579","0.726722499","0.858247947","17","0.230769231","0.807692308","13C1 N1 S2 O6","de-protonated","1","2827","C25 H21 O6 N1 S2 13C1","25","21","6","1","-9999","2","1","-9999","-9999"
"2839","507.07732","507.077388787","507.077515802","1713924.8","-9999","305116.2","12.93","-1","-0.250483735","0.985449738","0.867161607","0.938134486","31","0.085714286","0.342857143","N2 O3","de-protonated","0","-9999","C35 H12 O3 N2","35","12","3","2","-9999","-9999","-9999","-9999","-9999"
"2839","507.07732","507.077388787","507.077866675","1713924.8","-9999","305116.2","12.93","-1","-0.942434331","0.851156265","0","0.510693759","8","0.470588235","1.470588235","N4 S2 P1 O8","de-protonated","0","-9999","C17 H25 O8 N4 P1 S2","17","25","8","4","1","2","-9999","-9999","-9999"
"2839","507.07732","507.077388787","507.076997295","1713924.8","-9999","305116.2","12.93","-1","0.772056871","0.897487176","0","0.538492306","9","0.8125","1.3125","N4 P1 O13","de-protonated","0","-9999","C16 H21 O13 N4 P1","16","21","13","4","1","-9999","-9999","-9999","-9999"
"2840","507.080576","507.080644786","507.080887105","2097414.8","-9999","392560.8","16.18","-1","-0.477870996","0.479705489","0.742885034","0.584977307","26","0.09375","0.5","N2 S1 O3","de-protonated","0","-9999","C32 H16 O3 N2 S1","32","16","3","2","-9999","1","-9999","-9999","-9999"
"2840","507.080576","507.080644786","507.081020047","2097414.8","-9999","392560.8","16.18","-1","-0.740041461","0.905405441","0","0.543243264","13","0.523809524","1","N2 P1 O11","de-protonated","0","-9999","C21 H21 O11 N2 P1","21","21","11","2","1","-9999","-9999","-9999","-9999"
"2840","507.080576","507.080644786","507.080235657","2097414.8","-9999","392560.8","16.18","-1","0.806833717","0.444294893","0.793917021","0.584143744","17","0.208333333","0.833333333","N4 S2 O5","de-protonated","0","-9999","C24 H20 O5 N4 S2","24","20","5","4","-9999","2","-9999","-9999","-9999"
"2841","507.083309","507.083377785","507.083389029","1426696.4","-9999","449814.7","10.49","-1","-0.022173385","0.999910793","0","0.599946476","22","0.285714286","0.571428571","N2 O8","de-protonated","0","-9999","C28 H16 O8 N2","28","16","8","2","-9999","-9999","-9999","-9999","-9999"
"2842","507.085639","507.085707784","507.085912179","8784650","-9999","356159","72.95","-1","-0.403077272","0.64712991499999994","0.906247454","0.750776931","16","0.148148148","0.925925926","S2 P1 O4","de-protonated","0","-9999","C27 H25 O4 P1 S2","27","25","4","-9999","1","2","-9999","-9999","-9999"
"2842","507.085639","507.085707784","507.086108883","8784650","-9999","356159","72.95","-1","-0.79098853","0.594880225","0.929726258","0.728818638","8","0.588235294","1.411764706","N4 S2 O10","de-protonated","0","-9999","C17 H24 O10 N4 S2","17","24","10","4","-9999","2","-9999","-9999","-9999"
"2842","507.085639","507.085707784","507.085239504","8784650","-9999","356159","72.95","-1","0.923475064","0.857525102","0.965121983","0.900563854","9","0.9375","1.25","N4 O15","de-protonated","0","-9999","C16 H20 O15 N4","16","20","15","4","-9999","-9999","-9999","-9999","-9999"
"2843","507.094665","507.094733781","507.094425714","1329167.4","-9999","289065.1","9.66","-1","0.607514181","0.467612612","0.714192896","0.566244726","30","0.027027027","0.459459459","P1 O1","de-protonated","0","-9999","C37 H17 O1 P1","37","17","1","-9999","1","-9999","-9999","-9999","-9999"
"2843","507.094665","507.094733781","507.094287329","1329167.4","-9999","289065.1","9.66","-1","0.880411189","0.868797501","0","0.5212785","3","0.875","1.8125","S1 P1 O14","de-protonated","0","-9999","C16 H29 O14 P1 S1","16","29","14","-9999","1","1","-9999","-9999","-9999"
"2843","507.094665","507.094733781","507.094622418","1329167.4","-9999","289065.1","9.66","-1","0.219609043","0.991287247","0","0.594772348","22","0.259259259","0.592592593","N4 O7","de-protonated","0","-9999","C27 H16 O7 N4","27","16","7","4","-9999","-9999","-9999","-9999","-9999"
"2844","507.114347","507.114415773","507.114414376","1183131.4","-9999","320590.3","8.42","-1","0.002755622","0.999998622","0","0.599999173","12","0.565217391","1.043478261","O13","de-protonated","0","-9999","C23 H24 O13","23","24","13","-9999","-9999","-9999","-9999","-9999","-9999"
"2844","507.114347","507.114415773","507.114903633","1183131.4","-9999","320590.3","8.42","-1","-0.962030362","0.845411999","0","0.507247199","16","0.192307692","0.961538462","N2 S1 P1 O5","de-protonated","0","-9999","C26 H25 O5 N2 P1 S1","26","25","5","2","1","1","-9999","-9999","-9999"
"2844","507.114347","507.114415773","507.114252184","1183131.4","-9999","320590.3","8.42","-1","0.322587553","0.981295104","0","0.588777062","7","0.388888889","1.611111111","N4 S2 P1 O7","de-protonated","0","-9999","C18 H29 O7 N4 P1 S2","18","29","7","4","1","2","-9999","-9999","-9999"
"2845","507.116921","507.116989772","507.117272615","1948445","-9999","482593.9","14.92","-1","-0.557746038","0.47255915","0.736963647","0.578320949","25","0.060606061","0.606060606","N2 S1 O2","de-protonated","0","-9999","C33 H20 O2 N2 S1","33","20","2","2","-9999","1","-9999","-9999","-9999"
"2845","507.116921","507.116989772","507.117405556","1948445","-9999","482593.9","14.92","-1","-0.81989767","0.885169924","0","0.531101954","12","0.454545455","1.136363636","N2 P1 O10","de-protonated","0","-9999","C22 H25 O10 N2 P1","22","25","10","2","1","-9999","-9999","-9999","-9999"
"2845","507.116921","507.116989772","507.116621166","1948445","-9999","482593.9","14.92","-1","0.726866396","0.454293039","0.787157861","0.587438968","16","0.16","0.96","N4 S2 O4","de-protonated","0","-9999","C25 H24 O4 N4 S2","25","24","4","4","-9999","2","-9999","-9999","-9999"
"2845","507.116921","507.116989772","507.116754108","1948445","-9999","482593.9","14.92","-1","0.464714089","0.961572311","0","0.576943387","3","0.857142857","2.071428571","N4 S1 P1 O12","de-protonated","0","-9999","C14 H29 O12 N4 P1 S1","14","29","12","4","1","1","-9999","-9999","-9999"
"2846","507.122025","507.12209377","507.122297688","8522528","-9999","330538.6","70.73","-1","-0.402108571","0.655374823","0.926269237","0.763732588","15","0.107142857","1.035714286","S2 P1 O3","de-protonated","0","-9999","C28 H29 O3 P1 S2","28","29","3","-9999","1","2","-9999","-9999","-9999"
"2846","507.122025","507.12209377","507.122494393","8522528","-9999","330538.6","70.73","-1","-0.789991998","0.61300483","0.93031813","0.73993015","7","0.5","1.555555556","N4 S2 O9","de-protonated","0","-9999","C18 H28 O9 N4 S2","18","28","9","4","-9999","2","-9999","-9999","-9999"
"2846","507.122025","507.12209377","507.121625013","8522528","-9999","330538.6","70.73","-1","0.924348587","0.428193268","0.844689208","0.594791644","8","0.823529412","1.411764706","N4 O14","de-protonated","0","-9999","C17 H24 O14 N4","17","24","14","4","-9999","-9999","-9999","-9999","-9999"
"2847","507.150707","507.150775759","507.150799885","1056049.8","-9999","437963.6","7.34","-1","-0.047571631","0.999589455","0","0.599753673","11","0.5","1.166666667","O12","de-protonated","0","-9999","C24 H28 O12","24","28","12","-9999","-9999","-9999","-9999","-9999","-9999"
"2847","507.150707","507.150775759","507.150286821","1056049.8","-9999","437963.6","7.34","-1","0.964089486","0.844803819","0","0.506882292","29","0.027027027","0.540540541","N2 O1","de-protonated","0","-9999","C37 H20 O1 N2","37","20","1","2","-9999","-9999","-9999","-9999","-9999"
"2847","507.150707","507.150775759","507.150637694","1056049.8","-9999","437963.6","7.34","-1","0.272237338","0.98664228","0","0.591985368","6","0.315789474","1.736842105","N4 S2 P1 O6","de-protonated","0","-9999","C19 H33 O6 N4 P1 S2","19","33","6","4","1","2","-9999","-9999","-9999"
"2848","507.153274","507.153342758","507.153658124","1812275.3","-9999","405411.1","13.76","-1","-0.621835311","0.466121194","0.73113591","0.572127081","24","0.029411765","0.705882353","N2 S1 O1","de-protonated","0","-9999","C34 H24 O1 N2 S1","34","24","1","2","-9999","1","-9999","-9999","-9999"
"2848","507.153274","507.153342758","507.153791066","1812275.3","-9999","405411.1","13.76","-1","-0.883968119","0.867808737","0","0.520685242","11","0.391304348","1.260869565","N2 P1 O9","de-protonated","0","-9999","C23 H29 O9 N2 P1","23","29","9","2","1","-9999","-9999","-9999","-9999"
"2848","507.153274","507.153342758","507.153006675","1812275.3","-9999","405411.1","13.76","-1","0.662684875","0.461704318","0.780512821","0.589227719","15","0.115384615","1.076923077","N4 S2 O3","de-protonated","0","-9999","C26 H28 O3 N4 S2","26","28","3","4","-9999","2","-9999","-9999","-9999"
"2848","507.153274","507.153342758","507.153139617","1812275.3","-9999","405411.1","13.76","-1","0.400551394","0.971307784","0","0.58278467","2","0.733333333","2.2","N4 S1 P1 O11","de-protonated","0","-9999","C15 H33 O11 N4 P1 S1","15","33","11","4","1","1","-9999","-9999","-9999"
"2849","507.158457","507.158525756","507.158683198","8674102","-9999","354048.9","72.01","-1","-0.310438649","0.652740856","0.927241863","0.762541259","14","0.068965517","1.137931034","S2 P1 O2","de-protonated","0","-9999","C29 H33 O2 P1 S2","29","33","2","-9999","1","2","-9999","-9999","-9999"
"2849","507.158457","507.158525756","507.158879902","8674102","-9999","354048.9","72.01","-1","-0.698294283","0.605573058","0.930900115","0.735703881","6","0.421052632","1.684210526","N4 S2 O8","de-protonated","0","-9999","C19 H32 O8 N4 S2","19","32","8","4","-9999","2","-9999","-9999","-9999"
"2850","507.194732","507.194800742","507.195068707","5351244.5","-9999","330337.5","43.8","-1","-0.528327357","0.956248789","0.931405014","0.946311279","13","0.033333333","1.233333333","S2 P1 O1","de-protonated","0","-9999","C30 H37 O1 P1 S2","30","37","1","-9999","1","2","-9999","-9999","-9999"
"2850","507.194732","507.194800742","507.195265411","5351244.5","-9999","330337.5","43.8","-1","-0.916155082","0.867953336","0.998542817","0.920189128","5","0.35","1.8","N4 S2 O7","de-protonated","0","-9999","C20 H36 O7 N4 S2","20","36","7","4","-9999","2","-9999","-9999","-9999"
"2850","507.194732","507.194800742","507.194396032","5351244.5","-9999","330337.5","43.8","-1","0.797939317","0.882537429","0.994080806","0.92715478","6","0.631578947","1.684210526","N4 O12","de-protonated","0","-9999","C19 H32 O12 N4","19","32","12","4","-9999","-9999","-9999","-9999","-9999"
"2851","507.231095","507.231163728","507.231650921","2018146.9","-9999","327227","15.51","-1","-0.960493941","0.845865231","0","0.507519139","4","0.285714286","1.904761905","N4 S2 O6","de-protonated","0","-9999","C21 H40 O6 N4 S2","21","40","6","4","-9999","2","-9999","-9999","-9999"
"2851","507.231095","507.231163728","507.230781541","2018146.9","-9999","327227","15.51","-1","0.753477424","0.902114758","0","0.541268855","5","0.55","1.8","N4 O11","de-protonated","0","-9999","C20 H36 O11 N4","20","36","11","4","-9999","-9999","-9999","-9999","-9999"
"2855","508.080962","508.081030399","508.081161151","1178476.4","-9999","407822.5","8.38","-1","-0.257344288","0.988055276","0","0.592833165","16","0.153846154","0.923076923","N1 S2 P1 O4","de-protonated","0","-9999","C26 H24 O4 N1 P1 S2","26","24","4","1","1","2","-9999","-9999","-9999"
"2855","508.080962","508.081030399","508.080870637","1178476.4","-9999","407822.5","8.38","-1","0.314442591","0.982219391","0.867161607","0.936196277","31","0.085714286","0.342857143","13C1 N2 O3","de-protonated","1","2839","C34 H12 O3 N2 13C1","34","12","3","2","-9999","-9999","1","-9999","-9999"
"2856","508.088992","508.089060396","508.089267014","1959793.3","-9999","364259.9","15.01","-1","-0.406656413","0.646959764","0.906247454","0.75067484","16","0.148148148","0.925925926","13C1 S2 P1 O4","de-protonated","1","2842","C26 H25 O4 P1 S2 13C1","26","25","4","-9999","1","2","1","-9999","-9999"
"2856","508.088992","508.089060396","508.08940336","1959793.3","-9999","364259.9","15.01","-1","-0.675005967","0.929434566","0.859558171","0.901484008","16","0.230769231","0.884615385","N1 S2 O6","de-protonated","0","-9999","C26 H23 O6 N1 S2","26","23","6","1","-9999","2","-9999","-9999","-9999"
"2856","508.088992","508.089060396","508.089536301","1959793.3","-9999","364259.9","15.01","-1","-0.936655993","0.852834844","0","0.511700906","3","0.933333333","1.866666667","N1 S1 P1 O14","de-protonated","0","-9999","C15 H28 O14 N1 P1 S1","15","28","14","1","1","1","-9999","-9999","-9999"
"2856","508.088992","508.089060396","508.089023237","1959793.3","-9999","364259.9","15.01","-1","0.073135099","0.499514974","0.767553728","0.606730476","21","0.107142857","0.714285714","N3 S1 P1 O3","de-protonated","0","-9999","C28 H20 O3 N3 P1 S1","28","20","3","3","1","1","-9999","-9999","-9999"
"2856","508.088992","508.089060396","508.089463718","1959793.3","-9999","364259.9","15.01","-1","-0.793801639","0.594639617","0.929726258","0.728674273","8","0.588235294","1.411764706","13C1 N4 S2 O10","de-protonated","1","2842","C16 H24 O10 N4 S2 13C1","16","24","10","4","-9999","2","1","-9999","-9999"
"2856","508.088992","508.089060396","508.088594339","1959793.3","-9999","364259.9","15.01","-1","0.917276291","0.858412813","0.965121983","0.901096481","9","0.9375","1.25","13C1 N4 O15","de-protonated","1","2842","C15 H20 O15 N4 13C1","15","20","15","4","-9999","-9999","1","-9999","-9999"
"2857","508.1255","508.125568382","508.125652523","2238855.8","-9999","346519.8","17.38","-1","-0.165591369","0.663357962","0.926269237","0.768522472","15","0.107142857","1.035714286","13C1 S2 P1 O3","de-protonated","1","2846","C27 H29 O3 P1 S2 13C1","27","29","3","-9999","1","2","1","-9999","-9999"
"2857","508.1255","508.125568382","508.125788869","2238855.8","-9999","346519.8","17.38","-1","-0.433921772","0.483206196","0.773979033","0.599515331","15","0.185185185","1","N1 S2 O5","de-protonated","0","-9999","C27 H27 O5 N1 S2","27","27","5","1","-9999","2","-9999","-9999","-9999"
"2857","508.1255","508.125568382","508.125921811","2238855.8","-9999","346519.8","17.38","-1","-0.695553124","0.915958874","0","0.549575324","2","0.8125","2","N1 S1 P1 O13","de-protonated","0","-9999","C16 H32 O13 N1 P1 S1","16","32","13","1","1","1","-9999","-9999","-9999"
"2857","508.1255","508.125568382","508.125408746","2238855.8","-9999","346519.8","17.38","-1","0.314165902","0.491125195","0.761234226","0.599168807","20","0.068965517","0.827586207","N3 S1 P1 O2","de-protonated","0","-9999","C29 H24 O2 N3 P1 S1","29","24","2","3","1","1","-9999","-9999","-9999"
"2857","508.1255","508.125568382","508.125849228","2238855.8","-9999","346519.8","17.38","-1","-0.552708966","0.630718673","0.93031813","0.750558456","7","0.5","1.555555556","13C1 N4 S2 O9","de-protonated","1","2846","C17 H28 O9 N4 S2 13C1","17","28","9","4","-9999","2","1","-9999","-9999"
"2858","508.161782","508.161850368","508.162038033","2369438","-9999","366854.2","18.49","-1","-0.369300704","0.650371445","0.927241863","0.761119612","14","0.068965517","1.137931034","13C1 S2 P1 O2","de-protonated","1","2849","C28 H33 O2 P1 S2 13C1","28","33","2","-9999","1","2","1","-9999","-9999"
"2858","508.161782","508.161850368","508.162174378","2369438","-9999","366854.2","18.49","-1","-0.637611839","0.464443699","0.767553728","0.58568771","14","0.142857143","1.107142857","N1 S2 O4","de-protonated","0","-9999","C28 H31 O4 N1 S2","28","31","4","1","-9999","2","-9999","-9999","-9999"
"2858","508.161782","508.161850368","508.16230732","2369438","-9999","366854.2","18.49","-1","-0.899224405","0.863535535","0","0.518121321","1","0.705882353","2.117647059","N1 S1 P1 O12","de-protonated","0","-9999","C17 H36 O12 N1 P1 S1","17","36","12","1","1","1","-9999","-9999","-9999"
"2858","508.161782","508.161850368","508.161794256","2369438","-9999","366854.2","18.49","-1","0.110422118","0.498895017","0.755017935","0.601344184","19","0.033333333","0.933333333","N3 S1 P1 O1","de-protonated","0","-9999","C30 H28 O1 N3 P1 S1","30","28","1","3","1","1","-9999","-9999","-9999"
"2858","508.161782","508.161850368","508.162234737","2369438","-9999","366854.2","18.49","-1","-0.756390503","0.600930058","0.930900115","0.732918081","6","0.421052632","1.684210526","13C1 N4 S2 O8","de-protonated","1","2849","C18 H32 O8 N4 S2 13C1","18","32","8","4","-9999","2","1","-9999","-9999"
"2859","508.19812","508.198188354","508.198423542","1146036.4","-9999","351162.8","8.1","-1","-0.462787733","0.961884098","0.931405014","0.949692464","13","0.033333333","1.233333333","13C1 S2 P1 O1","de-protonated","1","2850","C29 H37 O1 P1 S2 13C1","29","37","1","-9999","1","2","1","-9999","-9999"
"2859","508.19812","508.198188354","508.198559888","1146036.4","-9999","351162.8","8.1","-1","-0.731079632","0.907573951","0","0.544544371","13","0.103448276","1.206896552","N1 S2 O3","de-protonated","0","-9999","C29 H35 O3 N1 S2","29","35","3","1","-9999","2","-9999","-9999","-9999"
"2859","508.19812","508.198188354","508.197690508","1146036.4","-9999","351162.8","8.1","-1","0.979631082","0.840185867","0","0.50411152","14","0.285714286","1.107142857","N1 O8","de-protonated","0","-9999","C28 H31 O8 N1","28","31","8","1","-9999","-9999","-9999","-9999","-9999"
"2859","508.19812","508.198188354","508.198692829","1146036.4","-9999","351162.8","8.1","-1","-0.992673443","0.83627344","0","0.501764064","0","0.611111111","2.222222222","N1 S1 P1 O11","de-protonated","0","-9999","C18 H40 O11 N1 P1 S1","18","40","11","1","1","1","-9999","-9999","-9999"
"2859","508.19812","508.198188354","508.198620247","1146036.4","-9999","351162.8","8.1","-1","-0.849849782","0.877173614","0.998542817","0.925721295","5","0.35","1.8","13C1 N4 S2 O7","de-protonated","1","2850","C19 H36 O7 N4 S2 13C1","19","36","7","4","-9999","2","1","-9999","-9999"
"2859","508.19812","508.198188354","508.197750867","1146036.4","-9999","351162.8","8.1","-1","0.860860527","0.874180724","0.994080806","0.922140757","6","0.631578947","1.684210526","13C1 N4 O12","de-protonated","1","2850","C18 H32 O12 N4 13C1","18","32","12","4","-9999","-9999","1","-9999","-9999"
"2861","509.028478","509.028546033","509.028791225","1706420.4","-9999","404062.6","12.24","-1","-0.481685213","0.958774051","0","0.57526443","17","0.24","0.76","S2 P1 O6","de-protonated","0","-9999","C25 H19 O6 P1 S2","25","19","6","-9999","1","2","-9999","-9999","-9999"
"2861","509.028478","509.028546033","509.028987929","1706420.4","-9999","404062.6","12.24","-1","-0.868115848","0.872193227","0","0.523315936","9","0.8","1.2","N4 S2 O12","de-protonated","0","-9999","C15 H18 O12 N4 S2","15","18","12","4","-9999","2","-9999","-9999","-9999"
"2862","509.056751","509.056819022","509.057293421","1106629.9","-9999","410428.8","7.39","-1","-0.931917208","0.854206182","0","0.512523709","13","0.714285714","0.857142857","O15","de-protonated","0","-9999","C21 H18 O15","21","18","15","-9999","-9999","-9999","-9999","-9999","-9999"
"2862","509.056751","509.056819022","509.05713123","1106629.9","-9999","410428.8","7.39","-1","-0.613306253","0.934026063","0","0.560415638","8","0.5625","1.4375","N4 S2 P1 O9","de-protonated","0","-9999","C16 H23 O9 N4 P1 S2","16","23","9","4","1","2","-9999","-9999","-9999"
"2863","509.059903","509.059971021","509.06015166","1756615.6","-9999","313570","12.64","-1","-0.354849107","0.488705698","0.748902347","0.592784357","26","0.129032258","0.451612903","N2 S1 O4","de-protonated","0","-9999","C31 H14 O4 N2 S1","31","14","4","2","-9999","1","-9999","-9999","-9999"
"2863","509.059903","509.059971021","509.060284602","1756615.6","-9999","313570","12.64","-1","-0.616000265","0.933464961","0","0.560078977","13","0.6","0.95","N2 P1 O12","de-protonated","0","-9999","C20 H19 O12 N2 P1","20","19","12","2","1","-9999","-9999","-9999","-9999"
"2863","509.059903","509.059971021","509.059771538","1756615.6","-9999","313570","12.64","-1","0.391865535","0.486260794","0.736963647","0.586541935","31","0.03030303","0.333333333","N4 P1 O1","de-protonated","0","-9999","C33 H11 O1 N4 P1","33","11","1","4","1","-9999","-9999","-9999","-9999"
"2863","509.059903","509.059971021","509.059500212","1756615.6","-9999","313570","12.64","-1","0.924860728","0.856239386","0","0.513743632","17","0.260869565","0.782608696","N4 S2 O6","de-protonated","0","-9999","C23 H18 O6 N4 S2","23","18","6","4","-9999","2","-9999","-9999","-9999"
"2864","509.06209","509.06215802","509.061805431","1240009","-9999","515422.9","8.47","-1","0.692625789","0.916634502","0","0.549980701","21","0.172413793","0.655172414","S1 P1 O5","de-protonated","0","-9999","C29 H19 O5 P1 S1","29","19","5","-9999","1","1","-9999","-9999","-9999"
"2864","509.06209","509.06215802","509.062653584","1240009","-9999","515422.9","8.47","-1","-0.973482993","0.842018478","0","0.505211087","22","0.333333333","0.518518519","N2 O9","de-protonated","0","-9999","C27 H14 O9 N2","27","14","9","2","-9999","-9999","-9999","-9999","-9999"
"2864","509.06209","509.06215802","509.062002135","1240009","-9999","515422.9","8.47","-1","0.306219761","0.983129388","0","0.589877633","13","0.578947368","0.947368421","N4 S1 O11","de-protonated","0","-9999","C19 H18 O11 N4 S1","19","18","11","4","-9999","1","-9999","-9999","-9999"
"2865","509.064933","509.065001019","509.065176734","7479243","-9999","330881.4","58.89","-1","-0.345172077","0.659522733","0.932271555","0.768622262","16","0.192307692","0.884615385","S2 P1 O5","de-protonated","0","-9999","C26 H23 O5 P1 S2","26","23","5","-9999","1","2","-9999","-9999","-9999"
"2865","509.064933","509.065001019","509.065373439","7479243","-9999","330881.4","58.89","-1","-0.731575145","0.627647176","0.929124245","0.748238004","8","0.6875","1.375","N4 S2 O11","de-protonated","0","-9999","C16 H22 O11 N4 S2","16","22","11","4","-9999","2","-9999","-9999","-9999"
"2866","509.089211","509.08927901","509.088808026","1474009.8","-9999","377486.1","10.36","-1","0.925151","0.856155959","0","0.513693576","7","0.631578947","1.421052632","S1 P1 O12","de-protonated","0","-9999","C19 H27 O12 P1 S1","19","27","12","-9999","1","1","-9999","-9999","-9999"
"2866","509.089211","509.08927901","509.089656179","1474009.8","-9999","377486.1","10.36","-1","-0.740869797","0.905203936","0","0.543122362","8","0.941176471","1.294117647","N2 O16","de-protonated","0","-9999","C17 H22 O16 N2","17","22","16","2","-9999","-9999","-9999","-9999","-9999"
"2866","509.089211","509.08927901","509.089143114","1474009.8","-9999","377486.1","10.36","-1","0.266937729","0.987153961","0","0.592292377","26","0.166666667","0.466666667","N4 O5","de-protonated","0","-9999","C30 H14 O5 N4","30","14","5","4","-9999","-9999","-9999","-9999","-9999"
"2867","509.092992","509.093060008","509.092758195","1102044.1","-9999","343214.4","7.35","-1","0.592845632","0.938217919","0.859558171","0.90675402","16","0.230769231","0.884615385","13C1 N1 S2 O6","de-protonated","1","2856","C25 H23 O6 N1 S2 13C1","25","23","6","1","-9999","2","1","-9999","-9999"
"2867","509.092992","509.093060008","509.093165866","1102044.1","-9999","343214.4","7.35","-1","-0.207935146","0.992185393","0","0.595311236","30","0.085714286","0.4","N2 O3","de-protonated","0","-9999","C35 H14 O3 N2","35","14","3","2","-9999","-9999","-9999","-9999","-9999"
"2867","509.092992","509.093060008","509.093516739","1102044.1","-9999","343214.4","7.35","-1","-0.897146137","0.8641207","0","0.51847242","7","0.470588235","1.588235294","N4 S2 P1 O8","de-protonated","0","-9999","C17 H27 O8 N4 P1 S2","17","27","8","4","1","2","-9999","-9999","-9999"
"2867","509.092992","509.093060008","509.09264736","1102044.1","-9999","343214.4","7.35","-1","0.810556959","0.887619378","0","0.532571627","8","0.8125","1.4375","N4 P1 O13","de-protonated","0","-9999","C16 H23 O13 N4 P1","16","23","13","4","1","-9999","-9999","-9999","-9999"
"2868","509.096073","509.09614100700003","509.09653717","1729246.1","-9999","301746.3","12.42","-1","-0.778168469","0.447972812","0.742885034","0.565937701","25","0.09375","0.5625","N2 S1 O3","de-protonated","0","-9999","C32 H18 O3 N2 S1","32","18","3","2","-9999","1","-9999","-9999","-9999"
"2868","509.096073","509.09614100700003","509.095885721","1729246.1","-9999","301746.3","12.42","-1","0.501449362","0.955399657","0","0.573239794","16","0.208333333","0.916666667","N4 S2 O5","de-protonated","0","-9999","C24 H22 O5 N4 S2","24","22","5","4","-9999","2","-9999","-9999","-9999"
"2869","509.101304","509.101372005","509.101562243","8878049","-9999","323835.5","70.19","-1","-0.373674939","0.656035816","0.913042392","0.75883844600000006","15","0.148148148","1","S2 P1 O4","de-protonated","0","-9999","C27 H27 O4 P1 S2","27","27","4","-9999","1","2","-9999","-9999","-9999"
"2869","509.101304","509.101372005","509.101758948","8878049","-9999","323835.5","70.19","-1","-0.76005038","0.613718527","0.929726258","0.740121619","7","0.588235294","1.529411765","N4 S2 O10","de-protonated","0","-9999","C17 H26 O10 N4 S2","17","26","10","4","-9999","2","-9999","-9999","-9999"
"2869","509.101304","509.101372005","509.100889568","8878049","-9999","323835.5","70.19","-1","0.947625303","0.424821176","0.85247738","0.595883658","8","0.9375","1.375","N4 O15","de-protonated","0","-9999","C16 H22 O15 N4","16","22","15","4","-9999","-9999","-9999","-9999","-9999"
"2870","509.125495","509.125562996","509.125060593","2618352.3","-9999","351834.4","19.6","-1","0.986795606","0.419020404","0.748902347","0.550973181","19","0.096774194","0.838709677","S2 O3","de-protonated","0","-9999","C31 H26 O3 S2","31","26","3","-9999","-9999","2","-9999","-9999","-9999"
"2870","509.125495","509.125562996","509.125193535","2618352.3","-9999","351834.4","19.6","-1","0.725677393","0.454435426","0.822155738","0.601523551","6","0.55","1.55","S1 P1 O11","de-protonated","0","-9999","C20 H31 O11 P1 S1","20","31","11","-9999","1","1","-9999","-9999","-9999"
"2870","509.125495","509.125562996","509.126041688","2618352.3","-9999","351834.4","19.6","-1","-0.940224007","0.425899591","0.837042051","0.590356575","7","0.833333333","1.444444444","N2 O15","de-protonated","0","-9999","C18 H26 O15 N2","18","26","15","2","-9999","-9999","-9999","-9999","-9999"
"2870","509.125495","509.125562996","509.125528624","2618352.3","-9999","351834.4","19.6","-1","0.067511293","0.49958667","0.748902347","0.599312941","25","0.129032258","0.580645161","N4 O4","de-protonated","0","-9999","C31 H18 O4 N4","31","18","4","4","-9999","-9999","-9999","-9999","-9999"
"2871","509.129802","509.129869994","509.13006444","2483699","-9999","289173.8","18.52","-1","-0.381918503","0.929934709","0.802361988","0.878905621","11","0.565217391","1.130434783","O13","de-protonated","0","-9999","C23 H26 O13","23","26","13","-9999","-9999","-9999","-9999","-9999","-9999"
"2871","509.129802","509.129869994","509.129551376","2483699","-9999","289173.8","18.52","-1","0.625809398","0.962473075","0.883402616","0.930844892","29","0.055555556","0.5","N2 O2","de-protonated","0","-9999","C36 H18 O2 N2","36","18","2","2","-9999","-9999","-9999","-9999","-9999"
"2871","509.129802","509.129869994","509.129902249","2483699","-9999","289173.8","18.52","-1","-0.063352912","0.999272004","0","0.599563203","6","0.388888889","1.722222222","N4 S2 P1 O7","de-protonated","0","-9999","C18 H31 O7 N4 P1 S2","18","31","7","4","1","2","-9999","-9999","-9999"
"2872","509.132254","509.132321993","509.13227123","2078196.5","-9999","372969.1","15.24","-1","0.099703894","0.499098934","0.787157861","0.614322505","15","0.16","1.04","N4 S2 O4","de-protonated","0","-9999","C25 H26 O4 N4 S2","25","26","4","4","-9999","2","-9999","-9999","-9999"
"2872","509.132254","509.132321993","509.132404172","2078196.5","-9999","372969.1","15.24","-1","-0.16141039","0.995283817","0","0.59717029","2","0.857142857","2.214285714","N4 S1 P1 O12","de-protonated","0","-9999","C14 H31 O12 N4 P1 S1","14","31","12","4","1","1","-9999","-9999","-9999"
"2873","509.13438","509.134447992","509.134576449","1240565.8","-9999","484237.2","8.47","-1","-0.252305221","0.988515806","0","0.593109483","19","0.096774194","0.870967742","S1 P1 O3","de-protonated","0","-9999","C31 H27 O3 P1 S1","31","27","3","-9999","1","1","-9999","-9999","-9999"
"2873","509.13438","509.134447992","509.134773154","1240565.8","-9999","484237.2","8.47","-1","-0.638655655","0.92866289","0","0.55719773399999994","11","0.428571429","1.238095238","N4 S1 O9","de-protonated","0","-9999","C21 H26 O9 N4 S1","21","26","9","4","-9999","1","-9999","-9999","-9999"
"2874","509.137755","509.137822991","509.137947753","8237048","-9999","323208.2","65.01","-1","-0.245045448","0.655610172","0.920927911","0.761737267","14","0.107142857","1.107142857","S2 P1 O3","de-protonated","0","-9999","C28 H31 O3 P1 S2","28","31","3","-9999","1","2","-9999","-9999","-9999"
"2874","509.137755","509.137822991","509.138144457","8237048","-9999","323208.2","65.01","-1","-0.631393326","0.612007398","0.93031813","0.739331691","6","0.5","1.666666667","N4 S2 O9","de-protonated","0","-9999","C18 H30 O9 N4 S2","18","30","9","4","-9999","2","-9999","-9999","-9999"
"2875","509.166419","509.16648698","509.166449949","1412105.5","-9999","335101.1","9.86","-1","0.072727302","0.999040731","0","0.599424439","10","0.5","1.25","O12","de-protonated","0","-9999","C24 H30 O12","24","30","12","-9999","-9999","-9999","-9999","-9999","-9999"
"2875","509.166419","509.16648698","509.166939207","1412105.5","-9999","335101.1","9.86","-1","-0.888170486","0.866636876","0","0.519982126","14","0.148148148","1.148148148","N2 S1 P1 O4","de-protonated","0","-9999","C27 H31 O4 N2 P1 S1","27","31","4","2","1","1","-9999","-9999","-9999"
"2875","509.166419","509.16648698","509.166287758","1412105.5","-9999","335101.1","9.86","-1","0.391270273","0.972603853","0","0.583562312","5","0.315789474","1.842105263","N4 S2 P1 O6","de-protonated","0","-9999","C19 H35 O6 N4 P1 S2","19","35","6","4","1","2","-9999","-9999","-9999"
"2876","509.168871","509.168938979","509.169308188","1266699.1","-9999","368224.3","8.68","-1","-0.725121703","0.909003814","0","0.545402289","23","0.029411765","0.764705882","N2 S1 O1","de-protonated","0","-9999","C34 H26 O1 N2 S1","34","26","1","2","-9999","1","-9999","-9999","-9999"
"2876","509.168871","509.168938979","509.16944113","1266699.1","-9999","368224.3","8.68","-1","-0.986216778","0.838214485","0","0.502928691","10","0.391304348","1.347826087","N2 P1 O9","de-protonated","0","-9999","C23 H31 O9 N2 P1","23","31","9","2","1","-9999","-9999","-9999","-9999"
"2876","509.168871","509.168938979","509.16865674","1266699.1","-9999","368224.3","8.68","-1","0.554313312","0.945773174","0","0.567463904","14","0.115384615","1.153846154","N4 S2 O3","de-protonated","0","-9999","C26 H30 O3 N4 S2","26","30","3","4","-9999","2","-9999","-9999","-9999"
"2876","509.168871","509.168938979","509.168789682","1266699.1","-9999","368224.3","8.68","-1","0.293217568","0.984520724","0","0.590712435","1","0.733333333","2.333333333","N4 S1 P1 O11","de-protonated","0","-9999","C15 H35 O11 N4 P1 S1","15","35","11","4","1","1","-9999","-9999","-9999"
"2877","509.174135","509.174202977","509.174333262","6265870.5","-9999","323004.4","49.08","-1","-0.255875723","0.66257897","0.915176283","0.763617895","13","0.068965517","1.206896552","S2 P1 O2","de-protonated","0","-9999","C29 H35 O2 P1 S2","29","35","2","-9999","1","2","-9999","-9999","-9999"
"2877","509.174135","509.174202977","509.174529967","6265870.5","-9999","323004.4","49.08","-1","-0.642195989","0.631353939","0.930900115","0.751172409","5","0.421052632","1.789473684","N4 S2 O8","de-protonated","0","-9999","C19 H34 O8 N4 S2","19","34","8","4","-9999","2","-9999","-9999","-9999"
"2878","509.210569","509.210636963","509.210718771","2972708.8","-9999","336953.5","22.47","-1","-0.160658019","0.497663789","0.755017935","0.600605447","12","0.033333333","1.3","S2 P1 O1","de-protonated","0","-9999","C30 H39 O1 P1 S2","30","39","1","-9999","1","2","-9999","-9999","-9999"
"2878","509.210569","509.210636963","509.210915476","2972708.8","-9999","336953.5","22.47","-1","-0.546950717","0.473582817","0.822155738","0.613011985","4","0.35","1.9","N4 S2 O7","de-protonated","0","-9999","C20 H38 O7 N4 S2","20","38","7","4","-9999","2","-9999","-9999","-9999"
"2879","509.246998","509.247065949","509.247572311","1142587.4","-9999","359802.9","7.68","-1","-0.994335361","0.835772505","0","0.501463503","17","0.032258065","1.129032258","N4 P1 O1","de-protonated","0","-9999","C31 H35 O1 N4 P1","31","35","1","4","1","-9999","-9999","-9999","-9999"
"2879","509.246998","509.247065949","509.247300985","1142587.4","-9999","359802.9","7.68","-1","-0.461537465","0.962085818","0","0.577251491","3","0.285714286","2","N4 S2 O6","de-protonated","0","-9999","C21 H42 O6 N4 S2","21","42","6","4","-9999","2","-9999","-9999","-9999"
"2881","510.068472","510.068539631","510.068531569","1901624.5","-9999","361100.9","13.81","-1","0.015805505","0.666636448","0.932271555","0.772890491","16","0.192307692","0.884615385","13C1 S2 P1 O5","de-protonated","1","2865","C25 H23 O5 P1 S2 13C1","25","23","5","-9999","1","2","1","-9999","-9999"
"2881","510.068472","510.068539631","510.068939241","1901624.5","-9999","361100.9","13.81","-1","-0.783442901","0.447303806","0.725399619","0.558542131","30","0.057142857","0.4","N1 P1 O2","de-protonated","0","-9999","C35 H14 O2 N1 P1","35","14","2","1","1","-9999","-9999","-9999","-9999"
"2881","510.068472","510.068539631","510.068667915","1901624.5","-9999","361100.9","13.81","-1","-0.251502861","0.494294157","0.787157861","0.611439639","16","0.28","0.84","N1 S2 O7","de-protonated","0","-9999","C25 H21 O7 N1 S2","25","21","7","1","-9999","2","-9999","-9999","-9999"
"2881","510.068472","510.068539631","510.068287792","1901624.5","-9999","361100.9","13.81","-1","0.49373544","0.4783657","0.773979033","0.596611033","21","0.148148148","0.666666667","N3 S1 P1 O4","de-protonated","0","-9999","C27 H18 O4 N3 P1 S1","27","18","4","3","1","1","-9999","-9999","-9999"
"2881","510.068472","510.068539631","510.068728274","1901624.5","-9999","361100.9","13.81","-1","-0.36983761","0.650324615","0.929124245","0.761844467","8","0.6875","1.375","13C1 N4 S2 O11","de-protonated","1","2865","C15 H22 O11 N4 S2 13C1","15","22","11","4","-9999","2","1","-9999","-9999"
"2882","510.096829","510.09689662","510.096811216","1082698.1","-9999","371418.2","7.19","-1","0.16742792","0.994926525","0","0.596955915","15","0.153846154","1","N1 S2 P1 O4","de-protonated","0","-9999","C26 H26 O4 N1 P1 S2","26","26","4","1","1","2","-9999","-9999","-9999"
"2883","510.10475","510.104817617","510.104917078","2071631","-9999","356099.2","15.18","-1","-0.194982406","0.662083598","0.913042392","0.762467116","15","0.148148148","1","13C1 S2 P1 O4","de-protonated","1","2869","C26 H27 O4 P1 S2 13C1","26","27","4","-9999","1","2","1","-9999","-9999"
"2883","510.10475","510.104817617","510.10532475","2071631","-9999","356099.2","15.18","-1","-0.994173633","0.417910638","0.719752637","0.538647438","29","0.027777778","0.5","N1 P1 O1","de-protonated","0","-9999","C36 H18 O1 N1 P1","36","18","1","1","1","-9999","-9999","-9999","-9999"
"2883","510.10475","510.104817617","510.105053424","2071631","-9999","356099.2","15.18","-1","-0.462271648","0.480983712","0.780512821","0.600795356","15","0.230769231","0.961538462","N1 S2 O6","de-protonated","0","-9999","C26 H25 O6 N1 S2","26","25","6","1","-9999","2","-9999","-9999","-9999"
"2883","510.10475","510.104817617","510.105186366","2071631","-9999","356099.2","15.18","-1","-0.722887835","0.909537488","0","0.545722493","2","0.933333333","2","N1 S1 P1 O14","de-protonated","0","-9999","C15 H30 O14 N1 P1 S1","15","30","14","1","1","1","-9999","-9999","-9999"
"2883","510.10475","510.104817617","510.104673302","2071631","-9999","356099.2","15.18","-1","0.282913338","0.492790904","0.767553728","0.602696033","20","0.107142857","0.785714286","N3 S1 P1 O3","de-protonated","0","-9999","C28 H22 O3 N3 P1 S1","28","22","3","3","1","1","-9999","-9999","-9999"
"2883","510.10475","510.104817617","510.105113783","2071631","-9999","356099.2","15.18","-1","-0.580597931","0.627111851","0.929726258","0.748157614","7","0.588235294","1.529411765","13C1 N4 S2 O10","de-protonated","1","2869","C16 H26 O10 N4 S2 13C1","16","26","10","4","-9999","2","1","-9999","-9999"
"2884","510.132935","510.133002606","510.133419275","1634144.6","-9999","287627.5","11.65","-1","-0.816784481","0.885988674","0.802361988","0.852538","11","0.565217391","1.130434783","13C1 O13","de-protonated","1","2871","C22 H26 O13 13C1","22","26","13","-9999","-9999","-9999","1","-9999","-9999"
"2884","510.132935","510.133002606","510.133196725","1634144.6","-9999","287627.5","11.65","-1","-0.380525834","0.974068399","0","0.584441039","14","0.111111111","1.111111111","N1 S2 P1 O3","de-protonated","0","-9999","C27 H30 O3 N1 P1 S2","27","30","3","1","1","2","-9999","-9999","-9999"
"2884","510.132935","510.133002606","510.132906211","1634144.6","-9999","287627.5","11.65","-1","0.188960933","0.993542093","0.883402616","0.949486302","29","0.055555556","0.5","13C1 N2 O2","de-protonated","1","2871","C35 H18 O2 N2 13C1","35","18","2","2","-9999","-9999","1","-9999","-9999"
"2885","510.141055","510.141122603","510.141302588","2094181.8","-9999","341539.3","15.36","-1","-0.352813756","0.651777916","0.920927911","0.759437914","14","0.107142857","1.107142857","13C1 S2 P1 O3","de-protonated","1","2874","C27 H31 O3 P1 S2 13C1","27","31","3","-9999","1","2","1","-9999","-9999"
"2885","510.141055","510.141122603","510.141438933","2094181.8","-9999","341539.3","15.36","-1","-0.620083892","0.466305196","0.773979033","0.589374731","14","0.185185185","1.074074074","N1 S2 O5","de-protonated","0","-9999","C27 H29 O5 N1 S2","27","29","5","1","-9999","2","-9999","-9999","-9999"
"2885","510.141055","510.141122603","510.141571875","2094181.8","-9999","341539.3","15.36","-1","-0.880681449","0.868722474","0","0.521233484","1","0.8125","2.125","N1 S1 P1 O13","de-protonated","0","-9999","C16 H34 O13 N1 P1 S1","16","34","13","1","1","1","-9999","-9999","-9999"
"2885","510.141055","510.141122603","510.141058811","2094181.8","-9999","341539.3","15.36","-1","0.125047827","0.498583358","0.761234226","0.603643705","19","0.068965517","0.896551724","N3 S1 P1 O2","de-protonated","0","-9999","C29 H26 O2 N3 P1 S1","29","26","2","3","1","1","-9999","-9999","-9999"
"2885","510.141055","510.141122603","510.141499292","2094181.8","-9999","341539.3","15.36","-1","-0.738401717","0.603869199","0.93031813","0.734448771","6","0.5","1.666666667","13C1 N4 S2 O9","de-protonated","1","2874","C17 H30 O9 N4 S2 13C1","17","30","9","4","-9999","2","1","-9999","-9999"
"2886","510.177595","510.177662589","510.177688097","1590908.4","-9999","390785.4","11.3","-1","-0.049998942","0.666364334","0.915176283","0.765889113","13","0.068965517","1.206896552","13C1 S2 P1 O2","de-protonated","1","2877","C28 H35 O2 P1 S2 13C1","28","35","2","-9999","1","2","1","-9999","-9999"
"2886","510.177595","510.177662589","510.177824443","1590908.4","-9999","390785.4","11.3","-1","-0.317250098","0.981903367","0","0.58914202","13","0.142857143","1.178571429","N1 S2 O4","de-protonated","0","-9999","C28 H33 O4 N1 S2","28","33","4","1","-9999","2","-9999","-9999","-9999"
"2886","510.177595","510.177662589","510.177957385","1590908.4","-9999","390785.4","11.3","-1","-0.577829149","0.941215389","0","0.564729234","0","0.705882353","2.235294118","N1 S1 P1 O12","de-protonated","0","-9999","C17 H38 O12 N1 P1 S1","17","38","12","1","1","1","-9999","-9999","-9999"
"2886","510.177595","510.177662589","510.17744432","1590908.4","-9999","390785.4","11.3","-1","0.427828705","0.483666782","0.755017935","0.592207243","18","0.033333333","1","N3 S1 P1 O1","de-protonated","0","-9999","C30 H30 O1 N3 P1 S1","30","30","1","3","1","1","-9999","-9999","-9999"
"2886","510.177595","510.177662589","510.177884802","1590908.4","-9999","390785.4","11.3","-1","-0.43555952","0.644108481","0.930900115","0.758825134","5","0.421052632","1.789473684","13C1 N4 S2 O8","de-protonated","1","2877","C18 H34 O8 N4 S2 13C1","18","34","8","4","-9999","2","1","-9999","-9999"
"2887","510.189418","510.189485584","510.189709281","2844803.8","-9999","340256.3","21.43","-1","-0.438457502","0.482859393","0.725399619","0.579875483","22","0.028571429","0.828571429","N1 S1 O1","de-protonated","0","-9999","C35 H29 O1 N1 S1","35","29","1","1","-9999","1","-9999","-9999","-9999"
"2887","510.189418","510.189485584","510.189842222","2844803.8","-9999","340256.3","21.43","-1","-0.699030451","0.457576628","0.793917021","0.592112785","9","0.375","1.416666667","N1 P1 O9","de-protonated","0","-9999","C24 H34 O9 N1 P1","24","34","9","1","1","-9999","-9999","-9999","-9999"
"2887","510.189418","510.189485584","510.189057832","2844803.8","-9999","340256.3","21.43","-1","0.838418951","0.440125278","0.773979033","0.57366678","13","0.111111111","1.222222222","N3 S2 O3","de-protonated","0","-9999","C27 H33 O3 N3 S2","27","33","3","3","-9999","2","-9999","-9999","-9999"
"2887","510.189418","510.189485584","510.189190774","2844803.8","-9999","340256.3","21.43","-1","0.577845336","0.470606097","0.85247738","0.623354611","0","0.6875","2.375","N3 S1 P1 O11","de-protonated","0","-9999","C16 H38 O11 N3 P1 S1","16","38","11","3","1","1","-9999","-9999","-9999"
"2889","511.039119","511.039186256","511.039416216","1221781","-9999","439061.8","8.31","-1","-0.449984446","0.963925934","0","0.578355561","26","0.166666667","0.4","N2 S1 O5","de-protonated","0","-9999","C30 H12 O5 N2 S1","30","12","5","2","-9999","1","-9999","-9999","-9999"
"2889","511.039119","511.039186256","511.039549157","1221781","-9999","439061.8","8.31","-1","-0.710124136","0.91256107","0","0.547536642","13","0.684210526","0.894736842","N2 P1 O13","de-protonated","0","-9999","C19 H17 O13 N2 P1","19","17","13","2","1","-9999","-9999","-9999","-9999"
"2889","511.039119","511.039186256","511.038764767","1221781","-9999","439061.8","8.31","-1","0.824768923","0.883884095","0","0.530330457","17","0.318181818","0.727272727","N4 S2 O7","de-protonated","0","-9999","C22 H16 O7 N4 S2","22","16","7","4","-9999","2","-9999","-9999","-9999"
"2890","511.044389","511.044456254","511.044441289","3619992.3","-9999","349041.7","27.69","-1","0.029282334","0.499922214","0.787157861","0.614816473","16","0.24","0.84","S2 P1 O6","de-protonated","0","-9999","C25 H21 O6 P1 S2","25","21","6","-9999","1","2","-9999","-9999","-9999"
"2890","511.044389","511.044456254","511.04490932","3619992.3","-9999","349041.7","27.69","-1","-0.886548457","0.433544831","0.787157861","0.574990043","22","0.28","0.52","N4 P1 O7","de-protonated","0","-9999","C25 H13 O7 N4 P1","25","13","7","4","1","-9999","-9999","-9999","-9999"
"2890","511.044389","511.044456254","511.044637994","3619992.3","-9999","349041.7","27.69","-1","-0.355624347","0.488656859","0.860410506","0.637358318","8","0.8","1.333333333","N4 S2 O12","de-protonated","0","-9999","C15 H20 O12 N4 S2","15","20","12","4","-9999","2","-9999","-9999","-9999"
"2891","511.050974","511.051041251","511.051162669","1119132.4","-9999","388694.1","7.48","-1","-0.23758465","0.989810135","0","0.593886081","8","0.9375","1.25","N2 S1 O15","de-protonated","0","-9999","C16 H20 O15 N2 S1","16","20","15","2","-9999","1","-9999","-9999","-9999"
"2891","511.050974","511.051041251","511.050649605","1119132.4","-9999","388694.1","7.48","-1","0.766355231","0.898916729","0","0.539350037","26","0.137931034","0.413793103","N4 S1 O4","de-protonated","0","-9999","C29 H12 O4 N4 S1","29","12","4","4","-9999","1","-9999","-9999","-9999"
"2891","511.050974","511.051041251","511.050782547","1119132.4","-9999","388694.1","7.48","-1","0.506220942","0.954566493","0","0.572739896","13","0.666666667","0.944444444","N4 P1 O12","de-protonated","0","-9999","C18 H17 O12 N4 P1","18","17","12","4","1","-9999","-9999","-9999","-9999"
"2892","511.059557","511.059624248","511.05969743000003","1878689.8","-9999","419707.5","13.62","-1","-0.143197712","0.498143101","0.761234226","0.603379551","20","0.103448276","0.724137931","S2 P1 O3","de-protonated","0","-9999","C29 H21 O3 P1 S2","29","21","3","-9999","1","2","-9999","-9999","-9999"
"2892","511.059557","511.059624248","511.059894135","1878689.8","-9999","419707.5","13.62","-1","-0.528092837","0.950656215","0","0.570393729","12","0.473684211","1.052631579","N4 S2 O9","de-protonated","0","-9999","C19 H20 O9 N4 S2","19","20","9","4","-9999","2","-9999","-9999","-9999"
"2893","511.068596","511.068663244","511.06840767","1208359.4","-9999","312059.6","8.2","-1","0.500079407","0.955637539","0","0.573382523","26","0.206896552","0.413793103","N4 O6","de-protonated","0","-9999","C29 H12 O6 N4","29","12","6","4","-9999","-9999","-9999","-9999","-9999"
"2894","511.070661","511.070728244","511.070441562","1343144.8","-9999","433045.3","9.29","-1","0.560942611","0.944505254","0","0.566703153","16","0.4","0.8","S1 O10","de-protonated","0","-9999","C25 H20 O10 S1","25","20","10","-9999","-9999","1","-9999","-9999","-9999"
"2894","511.070661","511.070728244","511.07093082","1343144.8","-9999","433045.3","9.29","-1","-0.396375826","0.97189443","0","0.583136658","20","0.071428571","0.75","N2 S2 P1 O2","de-protonated","0","-9999","C28 H21 O2 N2 P1 S2","28","21","2","2","1","2","-9999","-9999","-9999"
"2895","511.075528","511.075595242","511.075801725","2625707.8","-9999","357568.7","19.65","-1","-0.404016807","0.485408258","0.748902347","0.590805893","25","0.129032258","0.516129032","N2 S1 O4","de-protonated","0","-9999","C31 H16 O4 N2 S1","31","16","4","2","-9999","1","-9999","-9999","-9999"
"2895","511.075528","511.075595242","511.075934667","2625707.8","-9999","357568.7","19.65","-1","-0.664137989","0.461542825","0.822155738","0.60578799","12","0.6","1.05","N2 P1 O12","de-protonated","0","-9999","C20 H21 O12 N2 P1","20","21","12","2","1","-9999","-9999","-9999","-9999"
"2895","511.075528","511.075595242","511.075421602","2625707.8","-9999","357568.7","19.65","-1","0.339752802","0.489636422","0.736963647","0.588567312","30","0.03030303","0.393939394","N4 P1 O1","de-protonated","0","-9999","C33 H13 O1 N4 P1","33","13","1","4","1","-9999","-9999","-9999","-9999"
"2895","511.075528","511.075595242","511.075150276","2625707.8","-9999","357568.7","19.65","-1","0.870645865","0.435748656","0.800793265","0.581766499","16","0.260869565","0.869565217","N4 S2 O6","de-protonated","0","-9999","C23 H20 O6 N4 S2","23","20","6","4","-9999","2","-9999","-9999","-9999"
"2896","511.08069","511.08075724","511.080826798","9063599","-9999","354253.3","71.68","-1","-0.136101387","0.665490746","0.924939867","0.769270394","15","0.192307692","0.961538462","S2 P1 O5","de-protonated","0","-9999","C26 H25 O5 P1 S2","26","25","5","-9999","1","2","-9999","-9999","-9999"
"2896","511.08069","511.08075724","511.081023503","9063599","-9999","354253.3","71.68","-1","-0.520980602","0.640395182","0.929124245","0.755886807","7","0.6875","1.5","N4 S2 O11","de-protonated","0","-9999","C16 H24 O11 N4 S2","16","24","11","4","-9999","2","-9999","-9999","-9999"
"2897","511.096186","511.096253234","511.09608294","1679288.6","-9999","303087.8","12.01","-1","0.333193534","0.490028739","0.755017935","0.596024417","19","0.066666667","0.833333333","S2 P1 O2","de-protonated","0","-9999","C30 H25 O2 P1 S2","30","25","2","-9999","1","2","-9999","-9999","-9999"
"2897","511.096186","511.096253234","511.09655097","1679288.6","-9999","303087.8","12.01","-1","-0.582544999","0.470140653","0.755017935","0.584091566","25","0.1","0.566666667","N4 P1 O3","de-protonated","0","-9999","C30 H17 O3 N4 P1","30","17","3","4","1","-9999","-9999","-9999","-9999"
"2897","511.096186","511.096253234","511.096279644","1679288.6","-9999","303087.8","12.01","-1","-0.051674373","0.999515606","0","0.599709363","11","0.4","1.2","N4 S2 O8","de-protonated","0","-9999","C20 H24 O8 N4 S2","20","24","8","4","-9999","2","-9999","-9999","-9999"
"2898","511.104947","511.10501423","511.105306243","2099902","-9999","422494.2","15.4","-1","-0.571336011","0.942490577","0","0.565494346","7","0.941176471","1.411764706","N2 O16","de-protonated","0","-9999","C17 H24 O16 N2","17","24","16","2","-9999","-9999","-9999","-9999","-9999"
"2898","511.104947","511.10501423","511.104793179","2099902","-9999","422494.2","15.4","-1","0.432497183","0.483314427","0.755017935","0.59199583","25","0.166666667","0.533333333","N4 O5","de-protonated","0","-9999","C30 H16 O5 N4","30","16","5","4","-9999","-9999","-9999","-9999","-9999"
"2899","511.109393","511.109460229","511.109328995","1081792.8","-9999","419946.1","7.18","-1","0.256761924","0.988108954","0","0.592865372","11","0.636363636","1.090909091","O14","de-protonated","0","-9999","C22 H24 O14","22","24","14","-9999","-9999","-9999","-9999","-9999","-9999"
"2899","511.109393","511.109460229","511.109818253","1081792.8","-9999","419946.1","7.18","-1","-0.700483385","0.914815666","0","0.5488894","15","0.24","1","N2 S1 P1 O6","de-protonated","0","-9999","C25 H25 O6 N2 P1 S1","25","25","6","2","1","1","-9999","-9999","-9999"
"2899","511.109393","511.109460229","511.109166804","1081792.8","-9999","419946.1","7.18","-1","0.574094076","0.94195047","0","0.565170282","6","0.470588235","1.705882353","N4 S2 P1 O8","de-protonated","0","-9999","C17 H29 O8 N4 P1 S2","17","29","8","4","1","2","-9999","-9999","-9999"
"2900","511.111898","511.111965228","511.112187234","2353858.5","-9999","335602","17.46","-1","-0.434359871","0.483172845","0.742885034","0.587057721","24","0.09375","0.625","N2 S1 O3","de-protonated","0","-9999","C32 H20 O3 N2 S1","32","20","3","2","-9999","1","-9999","-9999","-9999"
"2900","511.111898","511.111965228","511.112320176","2353858.5","-9999","335602","17.46","-1","-0.694462528","0.458105429","0.81490939","0.600827014","11","0.523809524","1.19047619","N2 P1 O11","de-protonated","0","-9999","C21 H25 O11 N2 P1","21","25","11","2","1","-9999","-9999","-9999","-9999"
"2900","511.111898","511.111965228","511.111535786","2353858.5","-9999","335602","17.46","-1","0.840212021","0.439884972","0.793917021","0.581497792","15","0.208333333","1","N4 S2 O5","de-protonated","0","-9999","C24 H24 O5 N4 S2","24","24","5","4","-9999","2","-9999","-9999","-9999"
"2901","511.11445200000003","511.114519227","511.114689158","1227460","-9999","452826.2","8.35","-1","-0.332471488","0.980142954","0","0.588085773","20","0.285714286","0.714285714","N2 O8","de-protonated","0","-9999","C28 H20 O8 N2","28","20","8","2","-9999","-9999","-9999","-9999","-9999"
"2901","511.11445200000003","511.114519227","511.114037709","1227460","-9999","452826.2","8.35","-1","0.942094295","0.851255238","0","0.510753143","11","0.5","1.2","N4 S1 O10","de-protonated","0","-9999","C20 H24 O10 N4 S1","20","24","10","4","-9999","1","-9999","-9999","-9999"
"2902","511.117113","511.117180226","511.117212308","8336581.5","-9999","345427.8","65.81","-1","-0.062768851","0.664553076","0.93522794","0.772823022","14","0.148148148","1.074074074","S2 P1 O4","de-protonated","0","-9999","C27 H29 O4 P1 S2","27","29","4","-9999","1","2","-9999","-9999","-9999"
"2902","511.117113","511.117180226","511.117680338","8336581.5","-9999","345427.8","65.81","-1","-0.978469165","0.420266393","0.773979033","0.561751449","20","0.185185185","0.777777778","N4 P1 O5","de-protonated","0","-9999","C27 H21 O5 N4 P1","27","21","5","4","1","-9999","-9999","-9999","-9999"
"2902","511.117113","511.117180226","511.117409012","8336581.5","-9999","345427.8","65.81","-1","-0.447620695","0.636300063","0.916366311","0.748326562","6","0.588235294","1.647058824","N4 S2 O10","de-protonated","0","-9999","C17 H28 O10 N4 S2","17","28","10","4","-9999","2","-9999","-9999","-9999"
"2903","511.123665","511.123732223","511.123933688","2205897.8","-9999","329944.6","16.26","-1","-0.394160202","0.972203359","0","0.583322016","6","0.722222222","1.555555556","N2 S1 O13","de-protonated","0","-9999","C18 H28 O13 N2 S1","18","28","13","2","-9999","1","-9999","-9999","-9999"
"2903","511.123665","511.123732223","511.123420624","2205897.8","-9999","329944.6","16.26","-1","0.609636586","0.467393477","0.748902347","0.579997025","24","0.064516129","0.64516129","N4 S1 O2","de-protonated","0","-9999","C31 H20 O2 N4 S1","31","20","2","4","-9999","1","-9999","-9999","-9999"
"2903","511.123665","511.123732223","511.123553565","2205897.8","-9999","329944.6","16.26","-1","0.349539374","0.97807493","0","0.586844958","11","0.5","1.25","N4 P1 O10","de-protonated","0","-9999","C20 H25 O10 N4 P1","20","25","10","4","1","-9999","-9999","-9999","-9999"
"2904","511.132337","511.13240422","511.132468449","1311439.3","-9999","439447.6","9.03","-1","-0.125660997","0.997138902","0","0.598283341","18","0.032258065","0.935483871","S2 P1 O1","de-protonated","0","-9999","C31 H29 O1 P1 S2","31","29","1","-9999","1","2","-9999","-9999","-9999"
"2904","511.132337","511.13240422","511.132665154","1311439.3","-9999","439447.6","9.03","-1","-0.51050133","0.953813009","0","0.572287806","10","0.333333333","1.333333333","N4 S2 O7","de-protonated","0","-9999","C21 H28 O7 N4 S2","21","28","7","4","-9999","2","-9999","-9999","-9999"
"2905","511.140534","511.140601217","511.140710658","2196180.3","-9999","343733.6","16.18","-1","-0.214111441","0.49585811","0.748902347","0.597075805","18","0.096774194","0.903225806","S2 O3","de-protonated","0","-9999","C31 H28 O3 S2","31","28","3","-9999","-9999","2","-9999","-9999","-9999"
"2905","511.140534","511.140601217","511.140843599","2196180.3","-9999","343733.6","16.18","-1","-0.47419964","0.960019662","0","0.576011797","5","0.55","1.65","S1 P1 O11","de-protonated","0","-9999","C20 H33 O11 P1 S1","20","33","11","-9999","1","1","-9999","-9999","-9999"
"2906","511.145397","511.145464215","511.145714505","6341847.5","-9999","351431.9","49.69","-1","-0.489664389","0.960974213","0.937985809","0.951778852","10","0.565217391","1.217391304","O13","de-protonated","0","-9999","C23 H28 O13","23","28","13","-9999","-9999","-9999","-9999","-9999","-9999"
"2906","511.145397","511.145464215","511.14520144","6341847.5","-9999","351431.9","49.69","-1","0.514089529","0.949352222","0.980973563","0.962000758","28","0.055555556","0.555555556","N2 O2","de-protonated","0","-9999","C36 H20 O2 N2","36","20","2","2","-9999","-9999","-9999","-9999","-9999"
"2906","511.145397","511.145464215","511.145552313","6341847.5","-9999","351431.9","49.69","-1","-0.172355063","0.663862062","0.890381809","0.754469961","5","0.388888889","1.833333333","N4 S2 P1 O7","de-protonated","0","-9999","C18 H33 O7 N4 P1 S2","18","33","7","4","1","2","-9999","-9999","-9999"
"2907","511.148213","511.148280214","511.148572744","2315481","-9999","399225.6","17.15","-1","-0.572299383","0.471151091","0.736963647","0.577476113","23","0.060606061","0.727272727","N2 S1 O2","de-protonated","0","-9999","C33 H24 O2 N2 S1","33","24","2","2","-9999","1","-9999","-9999","-9999"
"2907","511.148213","511.148280214","511.148705685","2315481","-9999","399225.6","17.15","-1","-0.832383488","0.44093133","0.807789663","0.587674663","10","0.454545455","1.318181818","N2 P1 O10","de-protonated","0","-9999","C22 H29 O10 N2 P1","22","29","10","2","1","-9999","-9999","-9999","-9999"
"2907","511.148213","511.148280214","511.147921295","2315481","-9999","399225.6","17.15","-1","0.702181604","0.457210176","0.787157861","0.58918925","14","0.16","1.12","N4 S2 O4","de-protonated","0","-9999","C25 H28 O4 N4 S2","25","28","4","4","-9999","2","-9999","-9999","-9999"
"2907","511.148213","511.148280214","511.148054237","2315481","-9999","399225.6","17.15","-1","0.442096836","0.965157407","0","0.579094444","1","0.857142857","2.357142857","N4 S1 P1 O12","de-protonated","0","-9999","C14 H33 O12 N4 P1 S1","14","33","12","4","1","1","-9999","-9999","-9999"
"2908","511.15347","511.153537212","511.153597817","7195868.5","-9999","339818.2","56.59","-1","-0.118566406","0.64824224","0.935731097","0.763237783","13","0.107142857","1.178571429","S2 P1 O3","de-protonated","0","-9999","C28 H33 O3 P1 S2","28","33","3","-9999","1","2","-9999","-9999","-9999"
"2908","511.15347","511.153537212","511.153794522","7195868.5","-9999","339818.2","56.59","-1","-0.503390834","0.603231122","0.926801983","0.732659466","5","0.5","1.777777778","N4 S2 O9","de-protonated","0","-9999","C18 H32 O9 N4 S2","18","32","9","4","-9999","2","-9999","-9999","-9999"
"2909","511.168904","511.168971206","511.169321989","1157606","-9999","434334.9","7.79","-1","-0.686237488","0.918100738","0","0.550860443","23","0.03125","0.78125","N4 P1 O1","de-protonated","0","-9999","C32 H25 O1 N4 P1","32","25","1","4","1","-9999","-9999","-9999","-9999"
"2909","511.168904","511.168971206","511.169050663","1157606","-9999","434334.9","7.79","-1","-0.155442493","0.995625367","0","0.59737522","9","0.272727273","1.454545455","N4 S2 O6","de-protonated","0","-9999","C22 H32 O6 N4 S2","22","32","6","4","-9999","2","-9999","-9999","-9999"
"2910","511.181822","511.181889201","511.182100014","1901806.1","-9999","351356.8","13.8","-1","-0.412403497","0.484805566","0.793917021","0.608450148","9","0.5","1.333333333","O12","de-protonated","0","-9999","C24 H32 O12","24","32","12","-9999","-9999","-9999","-9999","-9999","-9999"
"2910","511.181822","511.181889201","511.18158695","1901806.1","-9999","351356.8","13.8","-1","0.591279053","0.469266884","0.714192896","0.567237289","27","0.027027027","0.648648649","N2 O1","de-protonated","0","-9999","C37 H24 O1 N2","37","24","1","2","-9999","-9999","-9999","-9999","-9999"
"2910","511.181822","511.181889201","511.181448565","1901806.1","-9999","351356.8","13.8","-1","0.861994103","0.873870999","0","0.524322599","0","0.875","2.25","N2 S1 O14","de-protonated","0","-9999","C16 H36 O14 N2 S1","16","36","14","2","-9999","1","-9999","-9999","-9999"
"2910","511.181822","511.181889201","511.181937823","1901806.1","-9999","351356.8","13.8","-1","-0.095116732","0.998359745","0","0.599015847","4","0.315789474","1.947368421","N4 S2 P1 O6","de-protonated","0","-9999","C19 H37 O6 N4 P1 S2","19","37","6","4","1","2","-9999","-9999","-9999"
"2911","511.187492","511.187559198","511.187460176","1161457.6","-9999","431291.9","7.82","-1","0.193709765","0.993214541","0","0.595928725","18","0.2","0.933333333","N2 O6","de-protonated","0","-9999","C30 H28 O6 N2","30","28","6","2","-9999","-9999","-9999","-9999","-9999"
"2912","511.189869","511.189936197","511.189983327","4013299","-9999","348880.8","30.87","-1","-0.092194816","0.998208876","0.984661447","0.992789904","12","0.068965517","1.275862069","S2 P1 O2","de-protonated","0","-9999","C29 H37 O2 P1 S2","29","37","2","-9999","1","2","-9999","-9999","-9999"
"2912","511.189869","511.189936197","511.190180031","4013299","-9999","348880.8","30.87","-1","-0.476991863","0.958449751","0.947040664","0.953886116","4","0.421052632","1.894736842","N4 S2 O8","de-protonated","0","-9999","C19 H36 O8 N4 S2","19","36","8","4","-9999","2","-9999","-9999","-9999"
"2913","511.226366","511.226433183","511.226368836","1394954","-9999","457825.8","9.71","-1","0.125868848","0.997129442","0","0.598277665","11","0.033333333","1.366666667","S2 P1 O1","de-protonated","0","-9999","C30 H41 O1 P1 S2","30","41","1","-9999","1","2","-9999","-9999","-9999"
"2913","511.226366","511.226433183","511.226836867","1394954","-9999","457825.8","9.71","-1","-0.789636119","0.893027567","0","0.53581654","17","0.066666667","1.1","N4 P1 O2","de-protonated","0","-9999","C30 H33 O2 N4 P1","30","33","2","4","1","-9999","-9999","-9999","-9999"
"2913","511.226366","511.226433183","511.22656554","1394954","-9999","457825.8","9.71","-1","-0.258900896","0.987911217","0","0.59274673","3","0.35","2","N4 S2 O7","de-protonated","0","-9999","C20 H40 O7 N4 S2","20","40","7","4","-9999","2","-9999","-9999","-9999"
"2914","511.296276","511.296343156","511.296616704","1351477.5","-9999","370912.6","9.36","-1","-0.535008629","0.949388842","0","0.569633305","15","0.090909091","1.212121212","N2 O3","de-protonated","0","-9999","C33 H40 O3 N2","33","40","3","2","-9999","-9999","-9999","-9999","-9999"
"2914","511.296276","511.296343156","511.295965256","1351477.5","-9999","370912.6","9.36","-1","0.739103384","0.905633423","0","0.543380054","6","0.2","1.76","N4 S1 O5","de-protonated","0","-9999","C25 H44 O5 N4 S1","25","44","5","4","-9999","1","-9999","-9999","-9999"
"2915","512.084099","512.084165852","512.084181634","2200867","-9999","349776.7","16.22","-1","-0.030818729","0.666551784","0.924939867","0.769907017","15","0.192307692","0.961538462","13C1 S2 P1 O5","de-protonated","1","2896","C25 H25 O5 P1 S2 13C1","25","25","5","-9999","1","2","1","-9999","-9999"
"2915","512.084099","512.084165852","512.084589305","2200867","-9999","349776.7","16.22","-1","-0.826921123","0.441657083","0.725399619","0.555154097","29","0.057142857","0.457142857","N1 P1 O2","de-protonated","0","-9999","C35 H16 O2 N1 P1","35","16","2","1","1","-9999","-9999","-9999","-9999"
"2915","512.084099","512.084165852","512.084317979","2200867","-9999","349776.7","16.22","-1","-0.297074912","0.492057026","0.787157861","0.61009736","15","0.28","0.92","N1 S2 O7","de-protonated","0","-9999","C25 H23 O7 N1 S2","25","23","7","1","-9999","2","-9999","-9999","-9999"
"2915","512.084099","512.084165852","512.083937857","2200867","-9999","349776.7","16.22","-1","0.44522997","0.482335329","0.773979033","0.59899281","20","0.148148148","0.740740741","N3 S1 P1 O4","de-protonated","0","-9999","C27 H20 O4 N3 P1 S1","27","20","4","3","1","1","-9999","-9999","-9999"
"2915","512.084099","512.084165852","512.084378338","2200867","-9999","349776.7","16.22","-1","-0.41494387","0.646160951","0.929124245","0.759346269","7","0.6875","1.5","13C1 N4 S2 O11","de-protonated","1","2896","C15 H24 O11 N4 S2 13C1","15","24","11","4","-9999","2","1","-9999","-9999"
"2916","512.12041","512.120476838","512.120567143","2462521.8","-9999","407172.4","18.33","-1","-0.176335763","0.662915911","0.93522794","0.771840723","14","0.148148148","1.074074074","13C1 S2 P1 O4","de-protonated","1","2902","C26 H29 O4 P1 S2 13C1","26","29","4","-9999","1","2","1","-9999","-9999"
"2916","512.12041","512.120476838","512.120974815","2462521.8","-9999","407172.4","18.33","-1","-0.972381479","0.421173008","0.719752637","0.54060486","28","0.027777778","0.555555556","N1 P1 O1","de-protonated","0","-9999","C36 H20 O1 N1 P1","36","20","1","1","1","-9999","-9999","-9999","-9999"
"2916","512.12041","512.120476838","512.120703489","2462521.8","-9999","407172.4","18.33","-1","-0.44257299","0.48254182","0.780512821","0.60173022","14","0.230769231","1.038461538","N1 S2 O6","de-protonated","0","-9999","C26 H27 O6 N1 S2","26","27","6","1","-9999","2","-9999","-9999","-9999"
"2916","512.12041","512.120476838","512.12083643","2462521.8","-9999","407172.4","18.33","-1","-0.702163426","0.914424588","0","0.548654753","1","0.933333333","2.133333333","N1 S1 P1 O14","de-protonated","0","-9999","C15 H32 O14 N1 P1 S1","15","32","14","1","1","1","-9999","-9999","-9999"
"2916","512.12041","512.120476838","512.120323366","2462521.8","-9999","407172.4","18.33","-1","0.299679044","0.491918297","0.767553728","0.60217247","19","0.107142857","0.857142857","N3 S1 P1 O3","de-protonated","0","-9999","C28 H24 O3 N3 P1 S1","28","24","3","3","1","1","-9999","-9999","-9999"
"2916","512.12041","512.120476838","512.120763847","2462521.8","-9999","407172.4","18.33","-1","-0.560433556","0.629735393","0.916366311","0.74438776","6","0.588235294","1.647058824","13C1 N4 S2 O10","de-protonated","1","2902","C16 H28 O10 N4 S2 13C1","16","28","10","4","-9999","2","1","-9999","-9999"
"2917","512.148774","512.148840827","512.14906934","2242379.8","-9999","432116.7","16.55","-1","-0.446184187","0.964521781","0.937985809","0.953907392","10","0.565217391","1.217391304","13C1 O13","de-protonated","1","2906","C22 H28 O13 13C1","22","28","13","-9999","-9999","-9999","1","-9999","-9999"
"2917","512.148774","512.148840827","512.148846789","2242379.8","-9999","432116.7","16.55","-1","-0.01164235","0.499987703","0.773979033","0.609584235","13","0.111111111","1.185185185","N1 S2 P1 O3","de-protonated","0","-9999","C27 H32 O3 N1 P1 S2","27","32","3","1","1","2","-9999","-9999","-9999"
"2917","512.148774","512.148840827","512.148556275","2242379.8","-9999","432116.7","16.55","-1","0.555603312","0.945527497","0.980973563","0.959705923","28","0.055555556","0.555555556","13C1 N2 O2","de-protonated","1","2906","C35 H20 O2 N2 13C1","35","20","2","2","-9999","-9999","1","-9999","-9999"
"2917","512.148774","512.148840827","512.148907148","2242379.8","-9999","432116.7","16.55","-1","-0.129496491","0.664641233","0.890381809","0.754937463","5","0.388888889","1.833333333","13C1 N4 S2 P1 O7","de-protonated","1","2906","C17 H33 O7 N4 P1 S2 13C1","17","33","7","4","1","2","1","-9999","-9999"
"2918","512.156606","512.156672824","512.156952652","2086736.6","-9999","395400.1","15.29","-1","-0.546372577","0.631516182","0.935731097","0.753202148","13","0.107142857","1.178571429","13C1 S2 P1 O3","de-protonated","1","2908","C27 H33 O3 P1 S2 13C1","27","33","3","-9999","1","2","1","-9999","-9999"
"2918","512.156606","512.156672824","512.157088998","2086736.6","-9999","395400.1","15.29","-1","-0.81259079","0.443543927","0.773979033","0.575717969","13","0.185185185","1.148148148","N1 S2 O5","de-protonated","0","-9999","C27 H31 O5 N1 S2","27","31","5","1","-9999","2","-9999","-9999","-9999"
"2918","512.156606","512.156672824","512.156219618","2086736.6","-9999","395400.1","15.29","-1","0.884897457","0.433774964","0.780512821","0.572470106","14","0.384615385","1.038461538","N1 O10","de-protonated","0","-9999","C26 H27 O10 N1","26","27","10","1","-9999","-9999","-9999","-9999","-9999"
"2918","512.156606","512.156672824","512.156708875","2086736.6","-9999","395400.1","15.29","-1","-0.070391763","0.499550663","0.761234226","0.604224088","18","0.068965517","0.965517241","N3 S1 P1 O2","de-protonated","0","-9999","C29 H28 O2 N3 P1 S1","29","28","2","3","1","1","-9999","-9999","-9999"
"2918","512.156606","512.156672824","512.157149357","2086736.6","-9999","395400.1","15.29","-1","-0.93044294","0.569754563","0.926801983","0.712573531","5","0.5","1.777777778","13C1 N4 S2 O9","de-protonated","1","2908","C17 H32 O9 N4 S2 13C1","17","32","9","4","-9999","2","1","-9999","-9999"
"2919","512.193217","512.19328381","512.193338162","1154663.5","-9999","338461","7.76","-1","-0.106116213","0.997958856","0.984661447","0.992639892","12","0.068965517","1.275862069","13C1 S2 P1 O2","de-protonated","1","2912","C28 H37 O2 P1 S2 13C1","28","37","2","-9999","1","2","1","-9999","-9999"
"2919","512.193217","512.19328381","512.193474507","1154663.5","-9999","338461","7.76","-1","-0.372315632","0.975161459","0","0.585096875","12","0.142857143","1.25","N1 S2 O4","de-protonated","0","-9999","C28 H35 O4 N1 S2","28","35","4","1","-9999","2","-9999","-9999","-9999"
"2919","512.193217","512.19328381","512.193094385","1154663.5","-9999","338461","7.76","-1","0.369830997","0.975487788","0","0.585292673","17","0.033333333","1.066666667","N3 S1 P1 O1","de-protonated","0","-9999","C30 H32 O1 N3 P1 S1","30","32","1","3","1","1","-9999","-9999","-9999"
"2919","512.193217","512.19328381","512.193534866","1154663.5","-9999","338461","7.76","-1","-0.490159461","0.957342378","0.947040664","0.953221693","4","0.421052632","1.894736842","13C1 N4 S2 O8","de-protonated","1","2912","C18 H36 O8 N4 S2 13C1","18","36","8","4","-9999","2","1","-9999","-9999"
"2920","512.280311","512.280377776","512.280632287","3663774.3","-9999","336759.9","28.04","-1","-0.496820318","0.478100538","0.736963647","0.58164578199999994","15","0.121212121","1.181818182","N1 O4","de-protonated","0","-9999","C33 H39 O4 N1","33","39","4","1","-9999","-9999","-9999","-9999","-9999"
"2920","512.280311","512.280377776","512.279980839","3663774.3","-9999","336759.9","28.04","-1","0.774844359","0.448392628","0.787157861","0.583898721","6","0.24","1.72","N3 S1 O6","de-protonated","0","-9999","C25 H43 O6 N3 S1","25","43","6","3","-9999","1","-9999","-9999","-9999"
"2923","513.039242","513.039308483","513.038961986","1347195.9","-9999","314046.6","9.31","-1","0.675381436","0.920566517","0","0.55233991","20","0.142857143","0.678571429","S2 P1 O4","de-protonated","0","-9999","C28 H19 O4 P1 S2","28","19","4","-9999","1","2","-9999","-9999","-9999"
"2923","513.039242","513.039308483","513.039810139","1347195.9","-9999","314046.6","9.31","-1","-0.977811408","0.840729058","0","0.504437435","21","0.307692308","0.538461538","N2 S1 O8","de-protonated","0","-9999","C26 H14 O8 N2 S1","26","14","8","2","-9999","1","-9999","-9999","-9999"
"2923","513.039242","513.039308483","513.039430016","1347195.9","-9999","314046.6","9.31","-1","-0.23688951","0.989869373","0","0.593921624","26","0.178571429","0.392857143","N4 P1 O5","de-protonated","0","-9999","C28 H11 O5 N4 P1","28","11","5","4","1","-9999","-9999","-9999","-9999"
"2923","513.039242","513.039308483","513.03915869","1347195.9","-9999","314046.6","9.31","-1","0.291970892","0.984651058","0","0.590790635","12","0.555555556","1","N4 S2 O10","de-protonated","0","-9999","C18 H18 O10 N4 S2","18","18","10","4","-9999","2","-9999","-9999","-9999"
"2924","513.048035","513.048101479","513.048541605","1772417.5","-9999","435218.7","12.75","-1","-0.857863112","0.437499134","0.761234226","0.566993171","25","0.068965517","0.482758621","N4 S2 O2","de-protonated","0","-9999","C29 H14 O2 N4 S2","29","14","2","4","-9999","2","-9999","-9999","-9999"
"2924","513.048035","513.048101479","513.047672225","1772417.5","-9999","435218.7","12.75","-1","0.836675566","0.440358558","0.767553728","0.571236626","26","0.25","0.357142857","N4 O7","de-protonated","0","-9999","C28 H10 O7 N4","28","10","7","4","-9999","-9999","-9999","-9999","-9999"
"2925","513.054832","513.054898477","513.05506628","1533317.6","-9999","436344.5","10.82","-1","-0.327067223","0.490388529","0.755017935","0.596240291","25","0.166666667","0.466666667","N2 S1 O5","de-protonated","0","-9999","C30 H14 O5 N2 S1","30","14","5","2","-9999","1","-9999","-9999","-9999"
"2925","513.054832","513.054898477","513.055199222","1533317.6","-9999","436344.5","10.82","-1","-0.58618493","0.939555784","0","0.56373347","12","0.684210526","1","N2 P1 O13","de-protonated","0","-9999","C19 H19 O13 N2 P1","19","19","13","2","1","-9999","-9999","-9999","-9999"
"2925","513.054832","513.054898477","513.054686157","1533317.6","-9999","436344.5","10.82","-1","0.413833125","0.484701669","0.742885034","0.587975015","30","0.0625","0.34375","N4 P1 O2","de-protonated","0","-9999","C32 H11 O2 N4 P1","32","11","2","4","1","-9999","-9999","-9999","-9999"
"2925","513.054832","513.054898477","513.054414831","1533317.6","-9999","436344.5","10.82","-1","0.942678145","0.851085284","0","0.510651171","16","0.318181818","0.818181818","N4 S2 O7","de-protonated","0","-9999","C22 H18 O7 N4 S2","22","18","7","4","-9999","2","-9999","-9999","-9999"
"2926","513.060026","513.060092475","513.060091354","5272969","-9999","355794.3","41.04","-1","0.002184727","0.999650375","0.966785658","0.986504488","15","0.24","0.92","S2 P1 O6","de-protonated","0","-9999","C25 H23 O6 P1 S2","25","23","6","-9999","1","2","-9999","-9999","-9999"
"2926","513.060026","513.060092475","513.060559384","5272969","-9999","355794.3","41.04","-1","-0.910048035","0.869018845","0.966785658","0.90812557","21","0.28","0.6","N4 P1 O7","de-protonated","0","-9999","C25 H15 O7 N4 P1","25","15","7","4","1","-9999","-9999","-9999","-9999"
"2926","513.060026","513.060092475","513.060288058","5272969","-9999","355794.3","41.04","-1","-0.381209769","0.977749786","0.959961697","0.97063455","7","0.8","1.466666667","N4 S2 O12","de-protonated","0","-9999","C15 H22 O12 N4 S2","15","22","12","4","-9999","2","-9999","-9999","-9999"
"2927","513.066365","513.066431472","513.06596458","1355661","-9999","253135.7","9.38","-1","0.910003212","0.860485325","0","0.516291195","6","0.611111111","1.5","S2 P1 O11","de-protonated","0","-9999","C18 H27 O11 P1 S2","18","27","11","-9999","1","2","-9999","-9999","-9999"
"2927","513.066365","513.066431472","513.066812734","1355661","-9999","253135.7","9.38","-1","-0.743103013","0.904659777","0","0.542795866","7","0.9375","1.375","N2 S1 O15","de-protonated","0","-9999","C16 H22 O15 N2 S1","16","22","15","2","-9999","1","-9999","-9999","-9999"
"2927","513.066365","513.066431472","513.066299669","1355661","-9999","253135.7","9.38","-1","0.256892249","0.988096951","0","0.592858171","25","0.137931034","0.482758621","N4 S1 O4","de-protonated","0","-9999","C29 H14 O4 N4 S1","29","14","4","4","-9999","1","-9999","-9999","-9999"
"2927","513.066365","513.066431472","513.066432611","1355661","-9999","253135.7","9.38","-1","-0.002219936","0.999999106","0","0.599999463","12","0.666666667","1.055555556","N4 P1 O12","de-protonated","0","-9999","C18 H19 O12 N4 P1","18","19","12","4","1","-9999","-9999","-9999","-9999"
"2928","513.07524","513.075306469","513.075347495","3188114.8","-9999","349512.4","24.19","-1","-0.079961502","0.499420259","0.761234226","0.604145846","19","0.103448276","0.793103448","S2 P1 O3","de-protonated","0","-9999","C29 H23 O3 P1 S2","29","23","3","-9999","1","2","-9999","-9999","-9999"
"2928","513.07524","513.075306469","513.075815526","3188114.8","-9999","349512.4","24.19","-1","-0.992167064","0.418212983","0.761234226","0.55542148","25","0.137931034","0.517241379","N4 P1 O4","de-protonated","0","-9999","C29 H15 O4 N4 P1","29","15","4","4","1","-9999","-9999","-9999","-9999"
"2928","513.07524","513.075306469","513.075544199","3188114.8","-9999","349512.4","24.19","-1","-0.463344566","0.480897048","0.829532115","0.620351074","11","0.473684211","1.157894737","N4 S2 O9","de-protonated","0","-9999","C19 H22 O9 N4 S2","19","22","9","4","-9999","2","-9999","-9999","-9999"
"2929","513.08444","513.084506465","513.084927114","2035096.5","-9999","300000.3","14.87","-1","-0.819842525","0.442592224","0.755017935","0.567562508","24","0.033333333","0.6","N4 S2 O1","de-protonated","0","-9999","C30 H18 O1 N4 S2","30","18","1","4","-9999","2","-9999","-9999","-9999"
"2929","513.08444","513.084506465","513.084057734","2035096.5","-9999","300000.3","14.87","-1","0.874576049","0.435206676","0.761234226","0.565617696","25","0.206896552","0.482758621","N4 O6","de-protonated","0","-9999","C29 H14 O6 N4","29","14","6","4","-9999","-9999","-9999","-9999","-9999"
"2930","513.090988","513.091054463","513.091451789","2086812.5","-9999","312537.8","15.29","-1","-0.774378178","0.448451392","0.748902347","0.568631774","24","0.129032258","0.580645161","N2 S1 O4","de-protonated","0","-9999","C31 H18 O4 N2 S1","31","18","4","2","-9999","1","-9999","-9999","-9999"
"2930","513.090988","513.091054463","513.091071667","2086812.5","-9999","312537.8","15.29","-1","-0.033530701","0.499898008","0.736963647","0.594724264","29","0.03030303","0.454545455","N4 P1 O1","de-protonated","0","-9999","C33 H15 O1 N4 P1","33","15","1","4","1","-9999","-9999","-9999","-9999"
"2930","513.090988","513.091054463","513.090800341","2086812.5","-9999","312537.8","15.29","-1","0.49527658","0.478233419","0.800793265","0.607257357","15","0.260869565","0.956521739","N4 S2 O6","de-protonated","0","-9999","C23 H22 O6 N4 S2","23","22","6","4","-9999","2","-9999","-9999","-9999"
"2931","513.096408","513.09647446","513.096476863","7047584","-9999","324869.8","55.38","-1","-0.004682392","0.666194521","0.934716843","0.77360345","14","0.192307692","1.038461538","S2 P1 O5","de-protonated","0","-9999","C26 H27 O5 P1 S2","26","27","5","-9999","1","2","-9999","-9999","-9999"
"2931","513.096408","513.09647446","513.096944894","7047584","-9999","324869.8","55.38","-1","-0.916850457","0.871558222","0.987374243","0.91788463","20","0.230769231","0.730769231","N4 P1 O6","de-protonated","0","-9999","C26 H19 O6 N4 P1","26","19","6","4","1","-9999","-9999","-9999","-9999"
"2931","513.096408","513.09647446","513.096673567","7047584","-9999","324869.8","55.38","-1","-0.388049697","0.652482602","0.929124245","0.76313926","6","0.6875","1.625","N4 S2 O11","de-protonated","0","-9999","C16 H26 O11 N4 S2","16","26","11","4","-9999","2","-9999","-9999","-9999"
"2932","513.103017","513.103083458","513.103336627","1678756.1","-9999","348567.6","11.99","-1","-0.493408297","0.478393731","0.70871839","0.570523594","33","0.026315789","0.368421053","N2 O1","de-protonated","0","-9999","C38 H14 O1 N2","38","14","1","2","-9999","-9999","-9999","-9999","-9999"
"2932","513.103017","513.103083458","513.103198243","1678756.1","-9999","348567.6","11.99","-1","-0.223707461","0.9909605","0","0.5945763","6","0.823529412","1.529411765","N2 S1 O14","de-protonated","0","-9999","C17 H26 O14 N2 S1","17","26","14","2","-9999","1","-9999","-9999","-9999"
"2932","513.103017","513.103083458","513.102685179","1678756.1","-9999","348567.6","11.99","-1","0.776217408","0.44821939","0.755017935","0.570938808","24","0.1","0.6","N4 S1 O3","de-protonated","0","-9999","C30 H18 O3 N4 S1","30","18","3","4","-9999","1","-9999","-9999","-9999"
"2932","513.103017","513.103083458","513.10281812","1678756.1","-9999","348567.6","11.99","-1","0.517123463","0.952635996","0","0.571581597","11","0.578947368","1.210526316","N4 P1 O11","de-protonated","0","-9999","C19 H23 O11 N4 P1","19","23","11","4","1","-9999","-9999","-9999","-9999"
"2933","513.111651","513.111717455","513.111733004","2460585.5","-9999","368448.7","18.31","-1","-0.030304708","0.499916688","0.755017935","0.601957187","18","0.066666667","0.9","S2 P1 O2","de-protonated","0","-9999","C30 H27 O2 P1 S2","30","27","2","-9999","1","2","-9999","-9999","-9999"
"2933","513.111651","513.111717455","513.112201035","2460585.5","-9999","368448.7","18.31","-1","-0.94244563","0.425576488","0.755017935","0.557353067","24","0.1","0.633333333","N4 P1 O3","de-protonated","0","-9999","C30 H19 O3 N4 P1","30","19","3","4","1","-9999","-9999","-9999","-9999"
"2933","513.111651","513.111717455","513.111929709","2460585.5","-9999","368448.7","18.31","-1","-0.413660605","0.484714224","0.822155738","0.61969083","10","0.4","1.3","N4 S2 O8","de-protonated","0","-9999","C20 H26 O8 N4 S2","20","26","8","4","-9999","2","-9999","-9999","-9999"
"2934","513.120928","513.120994451","513.120956308","1248175.5","-9999","240642.4","8.51","-1","0.074335928","0.998997848","0","0.599398709","6","0.941176471","1.529411765","N2 O16","de-protonated","0","-9999","C17 H26 O16 N2","17","26","16","2","-9999","-9999","-9999","-9999","-9999"
"2934","513.120928","513.120994451","513.121445565","1248175.5","-9999","240642.4","8.51","-1","-0.879156448","0.869145613","0","0.521487368","10","0.4","1.35","N4 S1 P1 O8","de-protonated","0","-9999","C20 H27 O8 N4 P1 S1","20","27","8","4","1","1","-9999","-9999","-9999"
"2935","513.124927","513.124993449","513.12497906","1612210","-9999","407073.4","11.45","-1","0.028043414","0.999857313","0","0.599914388","10","0.636363636","1.181818182","O14","de-protonated","0","-9999","C22 H26 O14","22","26","14","-9999","-9999","-9999","-9999","-9999","-9999"
"2935","513.124927","513.124993449","513.125468317","1612210","-9999","407073.4","11.45","-1","-0.925441443","0.856072465","0","0.513643479","14","0.24","1.08","N2 S1 P1 O6","de-protonated","0","-9999","C25 H27 O6 N2 P1 S1","25","27","6","2","1","1","-9999","-9999","-9999"
"2935","513.124927","513.124993449","513.124816868","1612210","-9999","407073.4","11.45","-1","0.344128953","0.97874121","0","0.587244726","5","0.470588235","1.823529412","N4 S2 P1 O8","de-protonated","0","-9999","C17 H31 O8 N4 P1 S2","17","31","8","4","1","2","-9999","-9999","-9999"
"2936","513.127747","513.127813448","513.127837299","1728435.8","-9999","360424","12.39","-1","-0.046480394","0.499804035","0.742885034","0.597036435","23","0.09375","0.6875","N2 S1 O3","de-protonated","0","-9999","C32 H22 O3 N2 S1","32","22","3","2","-9999","1","-9999","-9999","-9999"
"2936","513.127747","513.127813448","513.12797024","1728435.8","-9999","360424","12.39","-1","-0.305561425","0.983201238","0","0.589920743","10","0.523809524","1.285714286","N2 P1 O11","de-protonated","0","-9999","C21 H27 O11 N2 P1","21","27","11","2","1","-9999","-9999","-9999","-9999"
"2937","513.13131","513.131376447","513.131860051","1665462","-9999","629525.2","11.88","-1","-0.942455145","0.425575103","0.714192896","0.54102222","27","0.027027027","0.594594595","S1 O1","de-protonated","0","-9999","C37 H22 O1 S1","37","22","1","-9999","-9999","1","-9999","-9999","-9999"
"2937","513.13131","513.131376447","513.131721666","1665462","-9999","629525.2","11.88","-1","-0.672769421","0.921154902","0","0.552692941","0","0.875","2.125","S2 O14","de-protonated","0","-9999","C16 H34 O14 S2","16","34","14","-9999","-9999","2","-9999","-9999","-9999"
"2937","513.13131","513.131376447","513.131208602","1665462","-9999","629525.2","11.88","-1","0.327099416","0.490386655","0.761234226","0.598725684","18","0.103448276","0.896551724","N2 S2 O3","de-protonated","0","-9999","C29 H26 O3 N2 S2","29","26","3","2","-9999","2","-9999","-9999","-9999"
"2937","513.13131","513.131376447","513.131341544","1665462","-9999","629525.2","11.88","-1","0.06801999","0.99916084","0","0.599496504","5","0.611111111","1.722222222","N2 S1 P1 O11","de-protonated","0","-9999","C18 H31 O11 N2 P1 S1","18","31","11","2","1","1","-9999","-9999","-9999"
"2938","513.132857","513.132923446","513.132862372","6377911","-9999","360703.2","49.97","-1","0.119021885","0.661675938","0.93522794","0.771096739","13","0.148148148","1.148148148","S2 P1 O4","de-protonated","0","-9999","C27 H31 O4 P1 S2","27","31","4","-9999","1","2","-9999","-9999","-9999"
"2938","513.132857","513.132923446","513.133330403","6377911","-9999","360703.2","49.97","-1","-0.793081613","0.90938774","0.985867358","0.939979587","19","0.185185185","0.851851852","N4 P1 O5","de-protonated","0","-9999","C27 H23 O5 N4 P1","27","23","5","4","1","-9999","-9999","-9999","-9999"
"2938","513.132857","513.132923446","513.133059077","6377911","-9999","360703.2","49.97","-1","-0.264318283","0.661593506","0.929726258","0.768846607","5","0.588235294","1.764705882","N4 S2 O10","de-protonated","0","-9999","C17 H30 O10 N4 S2","17","30","10","4","-9999","2","-9999","-9999","-9999"
"2939","513.142444","513.142510443","513.142955056","2034109","-9999","338541.7","14.86","-1","-0.866450413","0.872650525","0","0.523590315","0","0.866666667","2.266666667","N2 S2 O13","de-protonated","0","-9999","C15 H34 O13 N2 S2","15","34","13","2","-9999","2","-9999","-9999","-9999"
"2939","513.142444","513.142510443","513.142441991","2034109","-9999","338541.7","14.86","-1","0.133396341","0.498388202","0.767553728","0.606054412","18","0.071428571","0.928571429","N4 S2 O2","de-protonated","0","-9999","C28 H26 O2 N4 S2","28","26","2","4","-9999","2","-9999","-9999","-9999"
"2939","513.142444","513.142510443","513.142574933","2034109","-9999","338541.7","14.86","-1","-0.125677363","0.997138157","0","0.598282894","5","0.588235294","1.823529412","N4 S1 P1 O10","de-protonated","0","-9999","C17 H31 O10 N4 P1 S1","17","31","10","4","1","1","-9999","-9999","-9999"
"2940","513.147908","513.147974441","513.148118514","2253248.5","-9999","344306.3","16.63","-1","-0.280763122","0.49289929","0.748902347","0.595300513","17","0.032258065","1","S2 P1 O1","de-protonated","0","-9999","C31 H31 O1 P1 S2","31","31","1","-9999","1","2","-9999","-9999","-9999"
"2940","513.147908","513.147974441","513.148315218","2253248.5","-9999","344306.3","16.63","-1","-0.664091741","0.461547969","0.81490939","0.602892538","9","0.333333333","1.428571429","N4 S2 O7","de-protonated","0","-9999","C21 H30 O7 N4 S2","21","30","7","4","-9999","2","-9999","-9999","-9999"
"2941","513.155882","513.155948437","513.156360722","2239941.5","-9999","365414.1","16.53","-1","-0.803428881","0.444737109","0.748902347","0.566403204","17","0.096774194","0.967741935","S2 O3","de-protonated","0","-9999","C31 H30 O3 S2","31","30","3","-9999","-9999","2","-9999","-9999","-9999"
"2941","513.155882","513.155948437","513.155491342","2239941.5","-9999","365414.1","16.53","-1","0.89075385","0.432957259","0.755017935","0.561781529","18","0.266666667","0.866666667","O8","de-protonated","0","-9999","C30 H26 O8","30","26","8","-9999","-9999","-9999","-9999","-9999","-9999"
"2942","513.161091","513.161157435","513.16136456900006","7215561","-9999","350762.7","56.74","-1","-0.403642146","0.976360443","0.963420927","0.971184637","9","0.565217391","1.304347826","O13","de-protonated","0","-9999","C23 H30 O13","23","30","13","-9999","-9999","-9999","-9999","-9999","-9999"
"2942","513.161091","513.161157435","513.160851505","7215561","-9999","350762.7","56.74","-1","0.596169203","0.619011109","0.919283091","0.739119902","27","0.055555556","0.611111111","N2 O2","de-protonated","0","-9999","C36 H22 O2 N2","36","22","2","2","-9999","-9999","-9999","-9999","-9999"
"2942","513.161091","513.161157435","513.161202378","7215561","-9999","350762.7","56.74","-1","-0.087579155","0.666202768","0.915816927","0.766048432","4","0.388888889","1.944444444","N4 S2 P1 O7","de-protonated","0","-9999","C18 H35 O7 N4 P1 S2","18","35","7","4","1","2","-9999","-9999","-9999"
"2943","513.162914","513.162980435","513.162505275","1591754","-9999","314742.7","11.29","-1","0.925943938","0.427963984","0.73113591","0.549232755","22","0.088235294","0.794117647","P1 O3","de-protonated","0","-9999","C34 H27 O3 P1","34","27","3","-9999","1","-9999","-9999","-9999","-9999"
"2943","513.162914","513.162980435","513.16270198","1591754","-9999","314742.7","11.29","-1","0.542625604","0.947975887","0","0.568785532","14","0.375","1.083333333","N4 O9","de-protonated","0","-9999","C24 H26 O9 N4","24","26","9","4","-9999","-9999","-9999","-9999","-9999"
"2944","513.169187","513.169253432","513.169247882","3608014","-9999","375808.8","27.58","-1","0.010816404","0.499989386","0.767553728","0.607015123","12","0.107142857","1.25","S2 P1 O3","de-protonated","0","-9999","C28 H35 O3 P1 S2","28","35","3","-9999","1","2","-9999","-9999","-9999"
"2944","513.169187","513.169253432","513.169715912","3608014","-9999","375808.8","27.58","-1","-0.901222324","0.431486046","0.767553728","0.565913119","18","0.142857143","0.964285714","N4 P1 O4","de-protonated","0","-9999","C28 H27 O4 N4 P1","28","27","4","4","1","-9999","-9999","-9999","-9999"
"2944","513.169187","513.169253432","513.169444586","3608014","-9999","375808.8","27.58","-1","-0.372496543","0.487568809","0.837042051","0.627358106","4","0.5","1.888888889","N4 S2 O9","de-protonated","0","-9999","C18 H34 O9 N4 S2","18","34","9","4","-9999","2","-9999","-9999","-9999"
"2945","513.170582","513.170648432","513.170747484","1231822.9","-9999","414518.7","8.38","-1","-0.193019076","0.99326268","0","0.595957608","22","0.147058824","0.764705882","O5","de-protonated","0","-9999","C34 H26 O5","34","26","5","-9999","-9999","-9999","-9999","-9999","-9999"
"2946","513.184426","513.184492426","513.184972054","2001367.5","-9999","405996.3","14.6","-1","-0.934608789","0.426713929","0.742885034","0.553182371","22","0.03125","0.84375","N4 P1 O1","de-protonated","0","-9999","C32 H27 O1 N4 P1","32","27","1","4","1","-9999","-9999","-9999","-9999"
"2946","513.184426","513.184492426","513.184700727","2001367.5","-9999","405996.3","14.6","-1","-0.405898743","0.970548058","0","0.582328835","8","0.272727273","1.545454545","N4 S2 O6","de-protonated","0","-9999","C22 H34 O6 N4 S2","22","34","6","4","-9999","2","-9999","-9999","-9999"
"2947","513.196819","513.196885422","513.197237014","1107423.3","-9999","388185.6","7.37","-1","-0.685102025","0.91836017","0","0.551016102","26","0.027027027","0.702702703","N2 O1","de-protonated","0","-9999","C37 H26 O1 N2","37","26","1","2","-9999","-9999","-9999","-9999","-9999"
"2947","513.196819","513.196885422","513.196585565","1107423.3","-9999","388185.6","7.37","-1","0.584291132","0.939933756","0","0.563960254","17","0.103448276","1.034482759","N4 S1 O3","de-protonated","0","-9999","C29 H30 O3 N4 S1","29","30","3","4","-9999","1","-9999","-9999","-9999"
"2947","513.196819","513.196885422","513.196718507","1107423.3","-9999","388185.6","7.37","-1","0.325244644","0.980988657","0","0.588593194","4","0.611111111","1.944444444","N4 P1 O11","de-protonated","0","-9999","C18 H35 O11 N4 P1","18","35","11","4","1","-9999","-9999","-9999","-9999"
"2948","513.20037","513.20043642","513.200608317","1071073.6","-9999","429119.1","7.08","-1","-0.334951199","0.979848661","0","0.587909197","21","0.029411765","0.882352941","N2 S1 O1","de-protonated","0","-9999","C34 H30 O1 N2 S1","34","30","1","2","-9999","1","-9999","-9999","-9999"
"2948","513.20037","513.20043642","513.200741259","1071073.6","-9999","429119.1","7.08","-1","-0.593995418","0.937985638","0","0.562791383","8","0.391304348","1.52173913","N2 P1 O9","de-protonated","0","-9999","C23 H35 O9 N2 P1","23","35","9","2","1","-9999","-9999","-9999","-9999"
"2948","513.20037","513.20043642","513.199956869","1071073.6","-9999","429119.1","7.08","-1","0.934434063","0.853478431","0","0.512087058","12","0.115384615","1.307692308","N4 S2 O3","de-protonated","0","-9999","C26 H34 O3 N4 S2","26","34","3","4","-9999","2","-9999","-9999","-9999"
"2949","513.202927","513.202993419","513.203110241","1093091.1","-9999","373717.3","7.26","-1","-0.227632287","0.990642033","0","0.59438522","17","0.2","1","N2 O6","de-protonated","0","-9999","C30 H30 O6 N2","30","30","6","2","-9999","-9999","-9999","-9999","-9999"
"2950","513.205598","513.205664418","513.205633391","1774052.9","-9999","353677.7","12.76","-1","0.060457676","0.499668501","0.761234226","0.604294791","11","0.068965517","1.344827586","S2 P1 O2","de-protonated","0","-9999","C29 H39 O2 P1 S2","29","39","2","-9999","1","2","-9999","-9999","-9999"
"2950","513.205598","513.205664418","513.206101422","1774052.9","-9999","353677.7","12.76","-1","-0.851516435","0.438361206","0.761234226","0.567510414","17","0.103448276","1.068965517","N4 P1 O3","de-protonated","0","-9999","C29 H31 O3 N4 P1","29","31","3","4","1","-9999","-9999","-9999","-9999"
"2950","513.205598","513.205664418","513.205830095","1774052.9","-9999","353677.7","12.76","-1","-0.322828114","0.981267459","0","0.588760475","3","0.421052632","2","N4 S2 O8","de-protonated","0","-9999","C19 H38 O8 N4 S2","19","38","8","4","-9999","2","-9999","-9999","-9999"
"2951","513.239027","513.239093405","513.238647597","2003961.9","-9999","356671.4","14.62","-1","0.868617881","0.436027626","0.736963647","0.556402035","15","0.03030303","1.181818182","S1 P1 O1","de-protonated","0","-9999","C33 H39 O1 P1 S1","33","39","1","-9999","1","1","-9999","-9999","-9999"
"2951","513.239027","513.239093405","513.23949575","2003961.9","-9999","356671.4","14.62","-1","-0.783932076","0.447241581","0.748902347","0.567905887","16","0.161290323","1.096774194","N2 O5","de-protonated","0","-9999","C31 H34 O5 N2","31","34","5","2","-9999","-9999","-9999","-9999","-9999"
"2951","513.239027","513.239093405","513.238844302","2003961.9","-9999","356671.4","14.62","-1","0.485356437","0.479078311","0.800793265","0.607764293","7","0.304347826","1.652173913","N4 S1 O7","de-protonated","0","-9999","C23 H38 O7 N4 S1","23","38","7","4","-9999","1","-9999","-9999","-9999"
"2953","514.063412","514.063478087","514.063446189","1154563.5","-9999","419649.5","7.75","-1","0.062050571","0.999301617","0.966785658","0.986295233","15","0.24","0.92","13C1 S2 P1 O6","de-protonated","1","2926","C24 H23 O6 P1 S2 13C1","24","23","6","-9999","1","2","1","-9999","-9999"
"2953","514.063412","514.063478087","514.06385386","1154563.5","-9999","419649.5","7.75","-1","-0.730986718","0.907596322","0","0.544557793","29","0.088235294","0.411764706","N1 P1 O3","de-protonated","0","-9999","C34 H14 O3 N1 P1","34","14","3","1","1","-9999","-9999","-9999","-9999"
"2953","514.063412","514.063478087","514.063582534","1154563.5","-9999","419649.5","7.75","-1","-0.203180488","0.992537364","0","0.595522418","15","0.333333333","0.875","N1 S2 O8","de-protonated","0","-9999","C24 H21 O8 N1 S2","24","21","8","1","-9999","2","-9999","-9999","-9999"
"2953","514.063412","514.063478087","514.063202412","1154563.5","-9999","419649.5","7.75","-1","0.536266415","0.949156754","0","0.569494053","20","0.192307692","0.692307692","N3 S1 P1 O5","de-protonated","0","-9999","C26 H18 O5 N3 P1 S1","26","18","5","3","1","1","-9999","-9999","-9999"
"2953","514.063412","514.063478087","514.063914219","1154563.5","-9999","419649.5","7.75","-1","-0.84840174","0.877565102","0.966785658","0.913253324","21","0.28","0.6","13C1 N4 P1 O7","de-protonated","1","2926","C24 H15 O7 N4 P1 13C1","24","15","7","4","1","-9999","1","-9999","-9999"
"2953","514.063412","514.063478087","514.063642893","1154563.5","-9999","419649.5","7.75","-1","-0.320595634","0.981523248","0.959961697","0.972898628","7","0.8","1.466666667","13C1 N4 S2 O12","de-protonated","1","2926","C14 H22 O12 N4 S2 13C1","14","22","12","4","-9999","2","1","-9999","-9999"
"2954","514.099811","514.099877073","514.099831698","1838106.6","-9999","352420.2","13.27","-1","0.088260113","0.665725027","0.934716843","0.773321754","14","0.192307692","1.038461538","13C1 S2 P1 O5","de-protonated","1","2931","C25 H27 O5 P1 S2 13C1","25","27","5","-9999","1","2","1","-9999","-9999"
"2954","514.099811","514.099877073","514.10023937","1838106.6","-9999","352420.2","13.27","-1","-0.70472107","0.456913874","0.725399619","0.564308172","28","0.057142857","0.514285714","N1 P1 O2","de-protonated","0","-9999","C35 H18 O2 N1 P1","35","18","2","1","1","-9999","-9999","-9999","-9999"
"2954","514.099811","514.099877073","514.099968044","1838106.6","-9999","352420.2","13.27","-1","-0.176952181","0.497167287","0.787157861","0.613163517","14","0.28","1","N1 S2 O7","de-protonated","0","-9999","C25 H25 O7 N1 S2","25","25","7","1","-9999","2","-9999","-9999","-9999"
"2954","514.099811","514.099877073","514.099587921","1838106.6","-9999","352420.2","13.27","-1","0.562442406","0.472108275","0.773979033","0.592856578","19","0.148148148","0.814814815","N3 S1 P1 O4","de-protonated","0","-9999","C27 H22 O4 N3 P1 S1","27","22","4","3","1","1","-9999","-9999","-9999"
"2954","514.099811","514.099877073","514.100299729","1838106.6","-9999","352420.2","13.27","-1","-0.82212778500000006","0.88458197","0.987374243","0.925698879","20","0.230769231","0.730769231","13C1 N4 P1 O6","de-protonated","1","2931","C25 H19 O6 N4 P1 13C1","25","19","6","4","1","-9999","1","-9999","-9999"
"2954","514.099811","514.099877073","514.100028403","1838106.6","-9999","352420.2","13.27","-1","-0.29435902","0.65626728","0.929124245","0.76541006599999994","6","0.6875","1.625","13C1 N4 S2 O11","de-protonated","1","2931","C15 H26 O11 N4 S2 13C1","15","26","11","4","-9999","2","1","-9999","-9999"
"2955","514.136286","514.13635205800006","514.136217207","1714737.8","-9999","374910.5","12.28","-1","0.262286635","0.658396636","0.93522794","0.769129157","13","0.148148148","1.148148148","13C1 S2 P1 O4","de-protonated","1","2938","C26 H31 O4 P1 S2 13C1","26","31","4","-9999","1","2","1","-9999","-9999"
"2955","514.136286","514.13635205800006","514.136624879","1714737.8","-9999","374910.5","12.28","-1","-0.530638566","0.922307321","0.730610279","0.845628505","27","0.027777778","0.611111111","N1 P1 O1","de-protonated","0","-9999","C36 H22 O1 N1 P1","36","22","1","1","1","-9999","-9999","-9999","-9999"
"2955","514.136286","514.13635205800006","514.136353553","1714737.8","-9999","374910.5","12.28","-1","-0.002906936","0.999998467","0","0.59999908","13","0.230769231","1.115384615","N1 S2 O6","de-protonated","0","-9999","C26 H29 O6 N1 S2","26","29","6","1","-9999","2","-9999","-9999","-9999"
"2955","514.136286","514.13635205800006","514.136486495","1714737.8","-9999","374910.5","12.28","-1","-0.261479773","0.987670687","0","0.592602412","0","0.933333333","2.266666667","N1 S1 P1 O14","de-protonated","0","-9999","C15 H34 O14 N1 P1 S1","15","34","14","1","1","1","-9999","-9999","-9999"
"2955","514.136286","514.13635205800006","514.13597343","1714737.8","-9999","374910.5","12.28","-1","0.736435453","0.453140273","0.767553728","0.578905655","18","0.107142857","0.928571429","N3 S1 P1 O3","de-protonated","0","-9999","C28 H26 O3 N3 P1 S1","28","26","3","3","1","1","-9999","-9999","-9999"
"2955","514.136286","514.13635205800006","514.136685238","1714737.8","-9999","374910.5","12.28","-1","-0.648036993","0.926631113","0.985867358","0.950325611","19","0.185185185","0.851851852","13C1 N4 P1 O5","de-protonated","1","2938","C26 H23 O5 N4 P1 13C1","26","23","5","4","1","-9999","1","-9999","-9999"
"2955","514.136286","514.13635205800006","514.136413912","1714737.8","-9999","374910.5","12.28","-1","-0.120305487","0.664918176","0.929726258","0.770841409","5","0.588235294","1.764705882","13C1 N4 S2 O10","de-protonated","1","2938","C16 H30 O10 N4 S2 13C1","16","30","10","4","-9999","2","1","-9999","-9999"
"2956","514.16449","514.164556048","514.164719404","2226243.5","-9999","410131","16.41","-1","-0.317712435","0.981851066","0.963420927","0.97447901","9","0.565217391","1.304347826","13C1 O13","de-protonated","1","2942","C22 H30 O13 13C1","22","30","13","-9999","-9999","-9999","1","-9999","-9999"
"2956","514.16449","514.164556048","514.164496854","2226243.5","-9999","410131","16.41","-1","0.115125948","0.498798986","0.773979033","0.608871005","12","0.111111111","1.259259259","N1 S2 P1 O3","de-protonated","0","-9999","C27 H34 O3 N1 P1 S2","27","34","3","1","1","2","-9999","-9999","-9999"
"2956","514.16449","514.164556048","514.16420634","2226243.5","-9999","410131","16.41","-1","0.680147939","0.61299194","0.919283091","0.735508401","27","0.055555556","0.611111111","13C1 N2 O2","de-protonated","1","2942","C35 H22 O2 N2 13C1","35","22","2","2","-9999","-9999","1","-9999","-9999"
"2956","514.16449","514.164556048","514.164557213","2226243.5","-9999","410131","16.41","-1","-0.00226619","0.666666045","0.915816927","0.766326398","4","0.388888889","1.944444444","13C1 N4 S2 P1 O7","de-protonated","1","2942","C17 H35 O7 N4 P1 S2 13C1","17","35","7","4","1","2","1","-9999","-9999"
"2957","514.186773","514.186839039","514.187125824","1311313.8","-9999","466407.1","9.02","-1","-0.557744126","0.945118666","0","0.5670712","17","0.233333333","0.966666667","N1 O7","de-protonated","0","-9999","C30 H29 O7 N1","30","29","7","1","-9999","-9999","-9999","-9999","-9999"
"2957","514.186773","514.186839039","514.186474375","1311313.8","-9999","466407.1","9.02","-1","0.709205413","0.912777011","0","0.547666206","8","0.409090909","1.5","N3 S1 O9","de-protonated","0","-9999","C22 H33 O9 N3 S1","22","33","9","3","-9999","1","-9999","-9999","-9999"
"2958","514.223413","514.223479025","514.223511333","1441641","-9999","344666.2","10.07","-1","-0.062829417","0.999283981","0","0.599570389","16","0.193548387","1.064516129","N1 O6","de-protonated","0","-9999","C31 H33 O6 N1","31","33","6","1","-9999","-9999","-9999","-9999","-9999"
"2960","514.937301","514.937366749","514.937410018","1795118.6","-9999","386425.5","12.92","-1","-0.084028044","0.998719663","0","0.599231798","14","0.733333333","0.6","N4 S2 P1 O11","de-protonated","0","-9999","C15 H9 O11 N4 P1 S2","15","9","11","4","1","2","-9999","-9999","-9999"
"2961","515.018687","515.018752717","515.019074694","1232482.6","-9999","444816.5","8.37","-1","-0.625173963","0.93153841","0","0.558923046","21","0.36","0.48","N2 S1 O9","de-protonated","0","-9999","C25 H12 O9 N2 S1","25","12","9","2","-9999","1","-9999","-9999","-9999"
"2961","515.018687","515.018752717","515.018694571","1232482.6","-9999","444816.5","8.37","-1","0.112900764","0.997689822","0","0.598613893","26","0.222222222","0.333333333","N4 P1 O6","de-protonated","0","-9999","C27 H9 O6 N4 P1","27","9","6","4","1","-9999","-9999","-9999","-9999"
"2961","515.018687","515.018752717","515.018423245","1232482.6","-9999","444816.5","8.37","-1","0.63972889","0.928431729","0","0.557059038","12","0.647058824","0.941176471","N4 S2 O11","de-protonated","0","-9999","C17 H16 O11 N4 S2","17","16","11","4","-9999","2","-9999","-9999","-9999"
"2962","515.022709","515.022774716","515.023097446","1466981.1","-9999","389653.4","10.27","-1","-0.626632228","0.931229909","0","0.558737946","25","0.233333333","0.4","S1 O7","de-protonated","0","-9999","C30 H12 O7 S1","30","12","7","-9999","-9999","1","-9999","-9999","-9999"
"2962","515.022709","515.022774716","515.023230388","1466981.1","-9999","389653.4","10.27","-1","-0.884759704","0.867588302","0","0.520552981","12","0.789473684","0.894736842","P1 O15","de-protonated","0","-9999","C19 H17 O15 P1","19","17","15","-9999","1","-9999","-9999","-9999","-9999"
"2962","515.022709","515.022774716","515.022445997","1466981.1","-9999","389653.4","10.27","-1","0.638260743","0.928747866","0","0.557248719","16","0.409090909","0.727272727","N2 S2 O9","de-protonated","0","-9999","C22 H16 O9 N2 S2","22","16","9","2","-9999","2","-9999","-9999","-9999"
"2963","515.025665","515.025730715","515.025599369","1180263","-9999","653623.7","7.95","-1","0.255026811","0.988268179","0","0.592960907","21","0.461538462","0.461538462","O12","de-protonated","0","-9999","C26 H12 O12","26","12","12","-9999","-9999","-9999","-9999","-9999","-9999"
"2963","515.025665","515.025730715","515.026088627","1180263","-9999","653623.7","7.95","-1","-0.69493958","0.916100675","0","0.549660405","25","0.137931034","0.448275862","N2 S1 P1 O4","de-protonated","0","-9999","C29 H13 O4 N2 P1 S1","29","13","4","2","1","1","-9999","-9999","-9999"
"2963","515.025665","515.025730715","515.025437178","1180263","-9999","653623.7","7.95","-1","0.569945959","0.942761919","0","0.565657151","16","0.285714286","0.80952381","N4 S2 P1 O6","de-protonated","0","-9999","C21 H17 O6 N4 P1 S2","21","17","6","4","1","2","-9999","-9999","-9999"
"2964","515.028123","515.028188714","515.02859055","4663912.5","-9999","335075.1","36.11","-1","-0.780221567","0.447712816","0.787157861","0.583490834","21","0.36","0.52","N2 P1 O9","de-protonated","0","-9999","C25 H13 O9 N2 P1","25","13","9","2","1","-9999","-9999","-9999","-9999"
"2964","515.028123","515.028188714","515.028319224","4663912.5","-9999","335075.1","36.11","-1","-0.253404034","0.494208071","0.860410506","0.640689045","7","0.933333333","1.333333333","N2 S2 O14","de-protonated","0","-9999","C15 H20 O14 N2 S2","15","20","14","2","-9999","2","-9999","-9999","-9999"
"2964","515.028123","515.028188714","515.02780616","4663912.5","-9999","335075.1","36.11","-1","0.742783189","0.452368894","0.767553728","0.578442827","25","0.107142857","0.428571429","N4 S2 O3","de-protonated","0","-9999","C28 H12 O3 N4 S2","28","12","3","4","-9999","2","-9999","-9999","-9999"
"2964","515.028123","515.028188714","515.027939101","4663912.5","-9999","335075.1","36.11","-1","0.484657719","0.479137232","0.844689208","0.625358022","12","0.647058824","1","N4 S1 P1 O11","de-protonated","0","-9999","C17 H17 O11 N4 P1 S1","17","17","11","4","1","1","-9999","-9999","-9999"
"2965","515.039542","515.039607709","515.039355909","1090671.8","-9999","288520.3","7.23","-1","0.48889571","0.957557329","0","0.574534397","15","0.291666667","0.875","S2 P1 O7","de-protonated","0","-9999","C24 H21 O7 P1 S2","24","21","7","-9999","1","2","-9999","-9999","-9999"
"2965","515.039542","515.039607709","515.039823939","1090671.8","-9999","288520.3","7.23","-1","-0.419831842","0.96852409","0","0.581114454","21","0.333333333","0.541666667","N4 P1 O8","de-protonated","0","-9999","C24 H13 O8 N4 P1","24","13","8","4","1","-9999","-9999","-9999","-9999"
"2965","515.039542","515.039607709","515.039552613","1090671.8","-9999","288520.3","7.23","-1","0.10697439","0.997925743","0","0.598755446","7","0.928571429","1.428571429","N4 S2 O13","de-protonated","0","-9999","C14 H20 O13 N4 S2","14","20","13","4","-9999","2","-9999","-9999","-9999"
"2966","515.045796","515.045861707","515.045564224","1262451.9","-9999","257466.1","8.62","-1","0.577584673","0.941263632","0","0.564758179","25","0.178571429","0.428571429","N4 S1 O5","de-protonated","0","-9999","C28 H12 O5 N4 S1","28","12","5","4","-9999","1","-9999","-9999","-9999"
"2966","515.045796","515.045861707","515.045697166","1262451.9","-9999","257466.1","8.62","-1","0.319468146","0.981651782","0","0.588991069","12","0.764705882","1","N4 P1 O13","de-protonated","0","-9999","C17 H17 O13 N4 P1","17","17","13","4","1","-9999","-9999","-9999","-9999"
"2967","515.049498","515.049563705","515.049586976","1240694.3","-9999","507824.6","8.44","-1","-0.045182071","0.999629656","0","0.599777793","29","0.090909091","0.363636364","N2 S1 O3","de-protonated","0","-9999","C33 H12 O3 N2 S1","33","12","3","2","-9999","1","-9999","-9999","-9999"
"2967","515.049498","515.049563705","515.049719918","1240694.3","-9999","507824.6","8.44","-1","-0.303296422","0.983447295","0","0.590068377","16","0.5","0.772727273","N2 P1 O11","de-protonated","0","-9999","C22 H17 O11 N2 P1","22","17","11","2","1","-9999","-9999","-9999","-9999"
"2967","515.049498","515.049563705","515.049068469","1240694.3","-9999","507824.6","8.44","-1","0.961531577","0.845559189","0","0.507335514","7","0.928571429","1.5","N4 S1 P1 O13","de-protonated","0","-9999","C14 H21 O13 N4 P1 S1","14","21","13","4","1","1","-9999","-9999","-9999"
"2968","515.054669","515.054734703","515.05461205","3157625.5","-9999","347403.3","23.93","-1","0.238136677","0.494881486","0.767553728","0.603950383","19","0.142857143","0.75","S2 P1 O4","de-protonated","0","-9999","C28 H21 O4 P1 S2","28","21","4","-9999","1","2","-9999","-9999","-9999"
"2968","515.054669","515.054734703","515.055080081","3157625.5","-9999","347403.3","23.93","-1","-0.670563731","0.460825137","0.767553728","0.583516574","25","0.178571429","0.464285714","N4 P1 O5","de-protonated","0","-9999","C28 H13 O5 N4 P1","28","13","5","4","1","-9999","-9999","-9999","-9999"
"2968","515.054669","515.054734703","515.054808754","3157625.5","-9999","347403.3","23.93","-1","-0.143773235","0.498128173","0.837042051","0.633693724","11","0.555555556","1.111111111","N4 S2 O10","de-protonated","0","-9999","C18 H20 O10 N4 S2","18","20","10","4","-9999","2","-9999","-9999","-9999"
"2969","515.063595","515.0636607","515.063322289","2586239.3","-9999","365743.2","19.32","-1","0.65702757","0.462330212","0.767553728","0.584419619","25","0.25","0.428571429","N4 O7","de-protonated","0","-9999","C28 H12 O7 N4","28","12","7","4","-9999","-9999","-9999","-9999","-9999"
"2970","515.070322","515.070387697","515.070716344","1509507.4","-9999","312291","10.61","-1","-0.638062128","0.464395293","0.755017935","0.58064435","24","0.166666667","0.533333333","N2 S1 O5","de-protonated","0","-9999","C30 H16 O5 N2 S1","30","16","5","2","-9999","1","-9999","-9999","-9999"
"2970","515.070322","515.070387697","515.070849286","1509507.4","-9999","312291","10.61","-1","-0.896165737","0.864396413","0","0.518637848","11","0.684210526","1.105263158","N2 P1 O13","de-protonated","0","-9999","C19 H21 O13 N2 P1","19","21","13","2","1","-9999","-9999","-9999","-9999"
"2970","515.070322","515.070387697","515.070336222","1509507.4","-9999","312291","10.61","-1","0.099938589","0.499094691","0.742885034","0.596610828","29","0.0625","0.40625","N4 P1 O2","de-protonated","0","-9999","C32 H13 O2 N4 P1","32","13","2","4","1","-9999","-9999","-9999","-9999"
"2970","515.070322","515.070387697","515.070064896","1509507.4","-9999","312291","10.61","-1","0.626713887","0.931212616","0","0.558727569","15","0.318181818","0.909090909","N4 S2 O7","de-protonated","0","-9999","C22 H20 O7 N4 S2","22","20","7","4","-9999","2","-9999","-9999","-9999"
"2971","515.0758","515.075865695","515.075741418","4583047","-9999","338267.7","35.45","-1","0.241279398","0.494746212","0.787157861","0.611710872","14","0.24","1","S2 P1 O6","de-protonated","0","-9999","C25 H25 O6 P1 S2","25","25","6","-9999","1","2","-9999","-9999","-9999"
"2971","515.0758","515.075865695","515.076209449","4583047","-9999","338267.7","35.45","-1","-0.667383736","0.461181033","0.787157861","0.591571764","20","0.28","0.68","N4 P1 O7","de-protonated","0","-9999","C25 H17 O7 N4 P1","25","17","7","4","1","-9999","-9999","-9999","-9999"
"2971","515.0758","515.075865695","515.075938123","4583047","-9999","338267.7","35.45","-1","-0.140614849","0.498209364","0.860410506","0.643089821","6","0.8","1.6","N4 S2 O12","de-protonated","0","-9999","C15 H24 O12 N4 S2","15","24","12","4","-9999","2","-9999","-9999","-9999"
"2972","515.082414","515.082479693","515.082601182","2088587.1","-9999","307317.8","15.29","-1","-0.23586462","0.494978201","0.714192896","0.582664079","33","0.054054054","0.324324324","N2 O2","de-protonated","0","-9999","C37 H12 O2 N2","37","12","2","2","-9999","-9999","-9999","-9999","-9999"
"2972","515.082414","515.082479693","515.082462798","2088587.1","-9999","307317.8","15.29","-1","0.032799929","0.99980481","0","0.599882886","6","0.9375","1.5","N2 S1 O15","de-protonated","0","-9999","C16 H24 O15 N2 S1","16","24","15","2","-9999","1","-9999","-9999","-9999"
"2972","515.082414","515.082479693","515.082952055","2088587.1","-9999","307317.8","15.29","-1","-0.917061378","0.858474218","0","0.515084531","10","0.368421053","1.315789474","N4 S2 P1 O7","de-protonated","0","-9999","C19 H25 O7 N4 P1 S2","19","25","7","4","1","2","-9999","-9999","-9999"
"2972","515.082414","515.082479693","515.082082675","2088587.1","-9999","307317.8","15.29","-1","0.770784311","0.897806962","0","0.538684177","11","0.666666667","1.166666667","N4 P1 O12","de-protonated","0","-9999","C18 H21 O12 N4 P1","18","21","12","4","1","-9999","-9999","-9999","-9999"
"2973","515.085805","515.085870691","515.085972486","1218701.4","-9999","484565","8.26","-1","-0.197626024","0.992938383","0","0.59576303","28","0.058823529","0.470588235","N2 S1 O2","de-protonated","0","-9999","C34 H16 O2 N2 S1","34","16","2","2","-9999","1","-9999","-9999","-9999"
"2973","515.085805","515.085870691","515.086105427","1218701.4","-9999","484565","8.26","-1","-0.455722102","0.963017455","0","0.577810473","15","0.434782609","0.913043478","N2 P1 O10","de-protonated","0","-9999","C23 H21 O10 N2 P1","23","21","10","2","1","-9999","-9999","-9999","-9999"
"2973","515.085805","515.085870691","515.085453979","1218701.4","-9999","484565","8.26","-1","0.809016356","0.888021327","0","0.532812796","6","0.8","1.666666667","N4 S1 P1 O12","de-protonated","0","-9999","C15 H25 O12 N4 P1 S1","15","25","12","4","1","1","-9999","-9999","-9999"
"2974","515.09096","515.091025689","515.090997559","4570768.5","-9999","351225.4","35.35","-1","0.054611737","0.975521328","0.974156764","0.974975503","18","0.103448276","0.862068966","S2 P1 O3","de-protonated","0","-9999","C29 H25 O3 P1 S2","29","25","3","-9999","1","2","-9999","-9999","-9999"
"2974","515.09096","515.091025689","515.09146559","4570768.5","-9999","351225.4","35.35","-1","-0.854024314","0.92482811","0.974156764","0.944559572","24","0.137931034","0.586206897","N4 P1 O4","de-protonated","0","-9999","C29 H17 O4 N4 P1","29","17","4","4","1","-9999","-9999","-9999","-9999"
"2974","515.09096","515.091025689","515.091194264","4570768.5","-9999","351225.4","35.35","-1","-0.327271127","0.988554758","0.957545347","0.976150994","10","0.473684211","1.263157895","N4 S2 O9","de-protonated","0","-9999","C19 H24 O9 N4 S2","19","24","9","4","-9999","2","-9999","-9999","-9999"
"2975","515.099905","515.099970686","515.099707798","2113174.3","-9999","398440.2","15.49","-1","0.510362193","0.476918796","0.761234226","0.590644968","24","0.206896552","0.551724138","N4 O6","de-protonated","0","-9999","C29 H16 O6 N4","29","16","6","4","-9999","-9999","-9999","-9999","-9999"
"2976","515.104239","515.104304684","515.104243615","1102233.1","-9999","295216.5","7.32","-1","0.118557538","0.997452827","0","0.598471696","10","0.714285714","1.142857143","O15","de-protonated","0","-9999","C21 H24 O15","21","24","15","-9999","-9999","-9999","-9999","-9999","-9999"
"2976","515.104239","515.104304684","515.104732872","1102233.1","-9999","295216.5","7.32","-1","-0.831263686","0.882160807","0","0.529296484","14","0.291666667","1.041666667","N2 S1 P1 O7","de-protonated","0","-9999","C24 H25 O7 N2 P1 S1","24","25","7","2","1","1","-9999","-9999","-9999"
"2976","515.104239","515.104304684","515.104081423","1102233.1","-9999","295216.5","7.32","-1","0.433428561","0.966487409","0","0.579892445","5","0.5625","1.8125","N4 S2 P1 O9","de-protonated","0","-9999","C16 H29 O9 N4 P1 S2","16","29","9","4","1","2","-9999","-9999","-9999"
"2977","515.106474","515.106539683","515.106721731","1090714.5","-9999","301982.6","7.23","-1","-0.353417875","0.97759119","0","0.586554714","28","0.03030303","0.515151515","N4 P1 O1","de-protonated","0","-9999","C33 H17 O1 N4 P1","33","17","1","4","1","-9999","-9999","-9999","-9999"
"2977","515.106474","515.106539683","515.106450405","1090714.5","-9999","301982.6","7.23","-1","0.173319974","0.994564143","0","0.596738486","14","0.260869565","1.043478261","N4 S2 O6","de-protonated","0","-9999","C23 H24 O6 N4 S2","23","24","6","4","-9999","2","-9999","-9999","-9999"
"2978","515.112198","515.112263681","515.112126927","4272798","-9999","328583.9","32.94","-1","0.265483449","0.988803736","0.999067764","0.992909347","13","0.192307692","1.115384615","S2 P1 O5","de-protonated","0","-9999","C26 H29 O5 P1 S2","26","29","5","-9999","1","2","-9999","-9999","-9999"
"2978","515.112198","515.112263681","515.112594958","4272798","-9999","328583.9","32.94","-1","-0.643115523","0.924149775","0.999067764","0.95411697","19","0.230769231","0.807692308","N4 P1 O6","de-protonated","0","-9999","C26 H21 O6 N4 P1","26","21","6","4","1","-9999","-9999","-9999","-9999"
"2978","515.112198","515.112263681","515.112323632","4272798","-9999","328583.9","32.94","-1","-0.116383832","0.99674827","0.927103204","0.968890244","5","0.6875","1.75","N4 S2 O11","de-protonated","0","-9999","C16 H28 O11 N4 S2","16","28","11","4","-9999","2","-9999","-9999","-9999"
"2979","515.127379","515.127444675","515.127383069","3844775.8","-9999","317988.8","29.49","-1","0.119594856","0.983260946","0.982565217","0.982982655","17","0.066666667","0.966666667","S2 P1 O2","de-protonated","0","-9999","C30 H29 O2 P1 S2","30","29","2","-9999","1","2","-9999","-9999","-9999"
"2979","515.127379","515.127444675","515.127851099","3844775.8","-9999","317988.8","29.49","-1","-0.788977074","0.446598082","0.755017935","0.569966023","23","0.1","0.7","N4 P1 O3","de-protonated","0","-9999","C30 H21 O3 N4 P1","30","21","3","4","1","-9999","-9999","-9999","-9999"
"2979","515.127379","515.127444675","515.127579773","3844775.8","-9999","317988.8","29.49","-1","-0.262261059","0.939375741","0.950296979","0.943744236","9","0.4","1.4","N4 S2 O8","de-protonated","0","-9999","C20 H28 O8 N4 S2","20","28","8","4","-9999","2","-9999","-9999","-9999"
"2980","515.140318","515.14038367","515.140629124","2092720","-9999","305759","15.33","-1","-0.476479223","0.479821116","0.807789663","0.611008534","9","0.636363636","1.272727273","O14","de-protonated","0","-9999","C22 H28 O14","22","28","14","-9999","-9999","-9999","-9999","-9999","-9999"
"2980","515.140318","515.14038367","515.139979714","2092720","-9999","305759","15.33","-1","0.784167564","0.894423231","0.730610279","0.828898051","27","0.027777778","0.611111111","13C1 N1 P1 O1","de-protonated","1","2955","C35 H22 O1 N1 P1 13C1","35","22","1","1","1","-9999","1","-9999","-9999"
"2980","515.140318","515.14038367","515.14011606","2092720","-9999","305759","15.33","-1","0.519490591","0.47610597","0.725399619","0.575823429","27","0.085714286","0.571428571","N2 O3","de-protonated","0","-9999","C35 H20 O3 N2","35","20","3","2","-9999","-9999","-9999","-9999","-9999"
"2980","515.140318","515.14038367","515.140466933","2092720","-9999","305759","15.33","-1","-0.161630627","0.995270968","0","0.597162581","4","0.470588235","1.941176471","N4 S2 P1 O8","de-protonated","0","-9999","C17 H33 O8 N4 P1 S2","17","33","8","4","1","2","-9999","-9999","-9999"
"2981","515.142928","515.142993669","515.143487363","1154737.8","-9999","528572.3","7.75","-1","-0.958361889","0.846493371","0","0.507896022","22","0.09375","0.75","N2 S1 O3","de-protonated","0","-9999","C32 H24 O3 N2 S1","32","24","3","2","-9999","1","-9999","-9999","-9999"
"2981","515.142928","515.142993669","515.142835914","1154737.8","-9999","528572.3","7.75","-1","0.306235054","0.983127717","0","0.58987663","13","0.208333333","1.166666667","N4 S2 O5","de-protonated","0","-9999","C24 H28 O5 N4 S2","24","28","5","4","-9999","2","-9999","-9999","-9999"
"2982","515.148526","515.148591667","515.148512437","2914485.3","-9999","321246.6","21.97","-1","0.153800988","0.497858538","0.773979033","0.608306736","12","0.148148148","1.222222222","S2 P1 O4","de-protonated","0","-9999","C27 H33 O4 P1 S2","27","33","4","-9999","1","2","-9999","-9999","-9999"
"2982","515.148526","515.148591667","515.148980467","2914485.3","-9999","321246.6","21.97","-1","-0.754733708","0.450902333","0.773979033","0.580133013","18","0.185185185","0.925925926","N4 P1 O5","de-protonated","0","-9999","C27 H25 O5 N4 P1","27","25","5","4","1","-9999","-9999","-9999","-9999"
"2982","515.148526","515.148591667","515.148709141","2914485.3","-9999","321246.6","21.97","-1","-0.228039279","0.495304349","0.844689208","0.635058292","4","0.588235294","1.882352941","N4 S2 O10","de-protonated","0","-9999","C17 H32 O10 N4 S2","17","32","10","4","-9999","2","-9999","-9999","-9999"
"2983","515.157787","515.157852664","515.158092056","1385659.1","-9999","285808","9.61","-1","-0.464696651","0.961575139","0","0.576945083","17","0.071428571","1","N4 S2 O2","de-protonated","0","-9999","C28 H28 O2 N4 S2","28","28","2","4","-9999","2","-9999","-9999","-9999"
"2983","515.157787","515.157852664","515.158224998","1385659.1","-9999","285808","9.61","-1","-0.722756528","0.909568816","0","0.54574129","4","0.588235294","1.941176471","N4 S1 P1 O10","de-protonated","0","-9999","C17 H33 O10 N4 P1 S1","17","33","10","4","1","1","-9999","-9999","-9999"
"2984","515.163696","515.163761661","515.163768578","3428031","-9999","317846.3","26.12","-1","-0.013426419","0.999935748","0.986448989","0.994541045","16","0.032258065","1.064516129","S2 P1 O1","de-protonated","0","-9999","C31 H33 O1 P1 S2","31","33","1","-9999","1","2","-9999","-9999","-9999"
"2984","515.163696","515.163761661","515.164236609","3428031","-9999","317846.3","26.12","-1","-0.921934057","0.862472522","0.986448989","0.912063109","22","0.064516129","0.806451613","N4 P1 O2","de-protonated","0","-9999","C31 H25 O2 N4 P1","31","25","2","4","1","-9999","-9999","-9999","-9999"
"2984","515.163696","515.163761661","515.163965283","3428031","-9999","317846.3","26.12","-1","-0.395255313","0.974525069","0.920441945","0.952891819","8","0.333333333","1.523809524","N4 S2 O7","de-protonated","0","-9999","C21 H32 O7 N4 S2","21","32","7","4","-9999","2","-9999","-9999","-9999"
"2985","515.176921","515.176986656","515.177014633","2145223.3","-9999","296846.5","15.75","-1","-0.054306202","0.499732511","0.800793265","0.620156813","8","0.565217391","1.391304348","O13","de-protonated","0","-9999","C23 H32 O13","23","32","13","-9999","-9999","-9999","-9999","-9999","-9999"
"2985","515.176921","515.176986656","515.176501569","2145223.3","-9999","296846.5","15.75","-1","0.94159369","0.425700451","0.719752637","0.543321326","26","0.055555556","0.666666667","N2 O2","de-protonated","0","-9999","C36 H24 O2 N2","36","24","2","2","-9999","-9999","-9999","-9999","-9999"
"2985","515.176921","515.176986656","515.176852442","2145223.3","-9999","296846.5","15.75","-1","0.26052029","0.987760449","0","0.592656269","3","0.388888889","2.055555556","N4 S2 P1 O7","de-protonated","0","-9999","C18 H37 O7 N4 P1 S2","18","37","7","4","1","2","-9999","-9999","-9999"
"2986","515.184984","515.185049653","515.184897946","1464524.6","-9999","386400.8","10.25","-1","0.294470794","0.984389164","0","0.590633498","11","0.107142857","1.321428571","S2 P1 O3","de-protonated","0","-9999","C28 H37 O3 P1 S2","28","37","3","-9999","1","2","-9999","-9999","-9999"
"2986","515.184984","515.185049653","515.185365977","1464524.6","-9999","386400.8","10.25","-1","-0.613999863","0.933881803","0","0.560329082","17","0.142857143","1.035714286","N4 P1 O4","de-protonated","0","-9999","C28 H29 O4 N4 P1","28","29","4","4","1","-9999","-9999","-9999","-9999"
"2986","515.184984","515.185049653","515.185094651","1464524.6","-9999","386400.8","10.25","-1","-0.087342558","0.998616736","0","0.599170042","3","0.5","2","N4 S2 O9","de-protonated","0","-9999","C18 H36 O9 N4 S2","18","36","9","4","-9999","2","-9999","-9999","-9999"
"2987","515.200119","515.200184647","515.200622118","2379990.3","-9999","350054.4","17.65","-1","-0.849127246","0.438684509","0.742885034","0.560364719","21","0.03125","0.90625","N4 P1 O1","de-protonated","0","-9999","C32 H29 O1 N4 P1","32","29","1","4","1","-9999","-9999","-9999","-9999"
"2987","515.200119","515.200184647","515.200350792","2379990.3","-9999","350054.4","17.65","-1","-0.32248566","0.490653403","0.807789663","0.617507907","7","0.272727273","1.636363636","N4 S2 O6","de-protonated","0","-9999","C22 H36 O6 N4 S2","22","36","6","4","-9999","2","-9999","-9999","-9999"
"2988","515.234088","515.234153634","515.234529511","1526507.9","-9999","300346.7","10.75","-1","-0.729525673","0.907947801","0","0.544768681","2","0.666666667","1.904761905","O14","de-protonated","0","-9999","C21 H40 O14","21","40","14","-9999","-9999","-9999","-9999","-9999","-9999"
"2988","515.234088","515.234153634","515.234016447","1526507.9","-9999","300346.7","10.75","-1","0.266262375","0.493609232","0.73113591","0.588619903","20","0.088235294","0.941176471","N2 O3","de-protonated","0","-9999","C34 H32 O3 N2","34","32","3","2","-9999","-9999","-9999","-9999","-9999"
"2990","516.027598","516.027663327","516.027862274","1233638.9","-9999","463502.2","8.38","-1","-0.385535379","0.973390361","0","0.584034216","25","0.24137931","0.413793103","N1 P1 O7","de-protonated","0","-9999","C29 H12 O7 N1 P1","29","12","7","1","1","-9999","-9999","-9999","-9999"
"2990","516.027598","516.027663327","516.027590948","1233638.9","-9999","463502.2","8.38","-1","0.140262195","0.996436636","0","0.597861982","11","0.631578947","1","N1 S2 O12","de-protonated","0","-9999","C19 H19 O12 N1 S2","19","19","12","1","-9999","2","-9999","-9999","-9999"
"2990","516.027598","516.027663327","516.027210826","1233638.9","-9999","463502.2","8.38","-1","0.876895003","0.86977212","0","0.521863272","16","0.428571429","0.761904762","N3 S1 P1 O9","de-protonated","0","-9999","C21 H16 O9 N3 P1 S1","21","16","9","3","1","1","-9999","-9999","-9999"
"2991","516.094557","516.094622301","516.094352394","1236497.9","-9999","355394.6","8.4","-1","0.522979889","0.95158367","0.974156764","0.960612908","18","0.103448276","0.862068966","13C1 S2 P1 O3","de-protonated","1","2974","C28 H25 O3 P1 S2 13C1","28","25","3","-9999","1","2","1","-9999","-9999"
"2991","516.094557","516.094622301","516.09448874","1236497.9","-9999","355394.6","8.4","-1","0.258792431","0.987921283","0","0.59275277","18","0.178571429","0.821428571","N1 S2 O5","de-protonated","0","-9999","C28 H23 O5 N1 S2","28","23","5","1","-9999","2","-9999","-9999","-9999"
"2991","516.094557","516.094622301","516.094621682","1236497.9","-9999","355394.6","8.4","-1","0.001200588","0.999999738","0","0.599999843","5","0.764705882","1.647058824","N1 S1 P1 O13","de-protonated","0","-9999","C17 H28 O13 N1 P1 S1","17","28","13","1","1","1","-9999","-9999","-9999"
"2991","516.094557","516.094622301","516.094108618","1236497.9","-9999","355394.6","8.4","-1","0.995329841","0.835472492","0","0.501283495","23","0.066666667","0.666666667","N3 S1 P1 O2","de-protonated","0","-9999","C30 H20 O2 N3 P1 S1","30","20","2","3","1","1","-9999","-9999","-9999"
"2991","516.094557","516.094622301","516.094820425","1236497.9","-9999","355394.6","8.4","-1","-0.383890082","0.973613976","0.974156764","0.973831091","24","0.137931034","0.586206897","13C1 N4 P1 O4","de-protonated","1","2974","C28 H17 O4 N4 P1 13C1","28","17","4","4","1","-9999","1","-9999","-9999"
"2991","516.094557","516.094622301","516.094549099","1236497.9","-9999","355394.6","8.4","-1","0.141839276","0.996356201","0.957545347","0.98083186","10","0.473684211","1.263157895","13C1 N4 S2 O9","de-protonated","1","2974","C18 H24 O9 N4 S2 13C1","18","24","9","4","-9999","2","1","-9999","-9999"
"2992","516.115536","516.115601293","516.115481762","1208095.3","-9999","434382.5","8.17","-1","0.231596999","0.990314812","0.999067764","0.993815993","13","0.192307692","1.115384615","13C1 S2 P1 O5","de-protonated","1","2978","C25 H29 O5 P1 S2 13C1","25","29","5","-9999","1","2","1","-9999","-9999"
"2992","516.115536","516.115601293","516.115889434","1208095.3","-9999","434382.5","8.17","-1","-0.558287371","0.945014701","0","0.56700882","27","0.057142857","0.571428571","N1 P1 O2","de-protonated","0","-9999","C35 H20 O2 N1 P1","35","20","2","1","1","-9999","-9999","-9999","-9999"
"2992","516.115536","516.115601293","516.115618108","1208095.3","-9999","434382.5","8.17","-1","-0.032579566","0.999807424","0","0.599884454","13","0.28","1.08","N1 S2 O7","de-protonated","0","-9999","C25 H27 O7 N1 S2","25","27","7","1","-9999","2","-9999","-9999","-9999"
"2992","516.115536","516.115601293","516.115237986","1208095.3","-9999","434382.5","8.17","-1","0.703927476","0.914013128","0","0.548407877","18","0.148148148","0.888888889","N3 S1 P1 O4","de-protonated","0","-9999","C27 H24 O4 N3 P1 S1","27","24","4","3","1","1","-9999","-9999","-9999"
"2992","516.115536","516.115601293","516.115949793","1208095.3","-9999","434382.5","8.17","-1","-0.675235581","0.920599423","0.999067764","0.951986759","19","0.230769231","0.807692308","13C1 N4 P1 O6","de-protonated","1","2978","C25 H21 O6 N4 P1 13C1","25","21","6","4","1","-9999","1","-9999","-9999"
"2992","516.115536","516.115601293","516.115678467","1208095.3","-9999","434382.5","8.17","-1","-0.149527899","0.995951281","0.927103204","0.96841205","5","0.6875","1.75","13C1 N4 S2 O11","de-protonated","1","2978","C15 H28 O11 N4 S2 13C1","15","28","11","4","-9999","2","1","-9999","-9999"
"2993","516.130458","516.130523288","516.13073790399994","1132584.9","-9999","395997.6","7.56","-1","-0.415817633","0.969113775","0.982565217","0.974494352","17","0.066666667","0.966666667","13C1 S2 P1 O2","de-protonated","1","2979","C29 H29 O2 P1 S2 13C1","29","29","2","-9999","1","2","1","-9999","-9999"
"2993","516.130458","516.130523288","516.130874249","1132584.9","-9999","395997.6","7.56","-1","-0.679986219","0.919524609","0","0.551714765","17","0.137931034","0.931034483","N1 S2 O4","de-protonated","0","-9999","C29 H27 O4 N1 S2","29","27","4","1","-9999","2","-9999","-9999","-9999"
"2993","516.130458","516.130523288","516.131007191","1132584.9","-9999","395997.6","7.56","-1","-0.93755966","0.852572796","0","0.511543678","4","0.666666667","1.777777778","N1 S1 P1 O12","de-protonated","0","-9999","C18 H32 O12 N1 P1 S1","18","32","12","1","1","1","-9999","-9999","-9999"
"2993","516.130458","516.130523288","516.130494127","1132584.9","-9999","395997.6","7.56","-1","0.056498577","0.999420967","0","0.59965258","22","0.032258065","0.774193548","N3 S1 P1 O1","de-protonated","0","-9999","C31 H24 O1 N3 P1 S1","31","24","1","3","1","1","-9999","-9999","-9999"
"2993","516.130458","516.130523288","516.130934608","1132584.9","-9999","395997.6","7.56","-1","-0.796931019","0.891154124","0.950296979","0.914811266","9","0.4","1.4","13C1 N4 S2 O8","de-protonated","1","2979","C19 H28 O8 N4 S2 13C1","19","28","8","4","-9999","2","1","-9999","-9999"
"2994","516.16707","516.167135273","516.167123413","1233728.4","-9999","453654.2","8.38","-1","0.022977509","0.999904206","0.986448989","0.994522119","16","0.032258065","1.064516129","13C1 S2 P1 O1","de-protonated","1","2984","C30 H33 O1 P1 S2 13C1","30","33","1","-9999","1","2","1","-9999","-9999"
"2994","516.16707","516.167135273","516.167259759","1233728.4","-9999","453654.2","8.38","-1","-0.241172572","0.989501677","0","0.593701006","16","0.1","1.033333333","N1 S2 O3","de-protonated","0","-9999","C30 H31 O3 N1 S2","30","31","3","1","-9999","2","-9999","-9999","-9999"
"2994","516.16707","516.167135273","516.1673927","1233728.4","-9999","453654.2","8.38","-1","-0.498727969","0.955871626","0","0.573522976","3","0.578947368","1.894736842","N1 S1 P1 O11","de-protonated","0","-9999","C19 H36 O11 N1 P1 S1","19","36","11","1","1","1","-9999","-9999","-9999"
"2994","516.16707","516.167135273","516.167591444","1233728.4","-9999","453654.2","8.38","-1","-0.883764155","0.867865513","0.986448989","0.915298903","22","0.064516129","0.806451613","13C1 N4 P1 O2","de-protonated","1","2984","C30 H25 O2 N4 P1 13C1","30","25","2","4","1","-9999","1","-9999","-9999"
"2994","516.16707","516.167135273","516.167320118","1233728.4","-9999","453654.2","8.38","-1","-0.35810918","0.976999268","0.920441945","0.954376339","8","0.333333333","1.523809524","13C1 N4 S2 O7","de-protonated","1","2984","C20 H32 O7 N4 S2 13C1","20","32","7","4","-9999","2","1","-9999","-9999"
"2995","516.239022","516.239087246","516.239161398","2668398.5","-9999","336455","19.97","-1","-0.143638911","0.498131662","0.748902347","0.598439936","15","0.193548387","1.129032258","N1 O6","de-protonated","0","-9999","C31 H35 O6 N1","31","35","6","1","-9999","-9999","-9999","-9999","-9999"
"2998","517.025439","517.025503942","517.025993292","1343591.6","-9999","250904.9","9.26","-1","-0.946472568","0.849979025","0","0.509987415","16","0.681818182","0.636363636","O15","de-protonated","0","-9999","C22 H14 O15","22","14","15","-9999","-9999","-9999","-9999","-9999","-9999"
"2998","517.025439","517.025503942","517.025831101","1343591.6","-9999","250904.9","9.26","-1","-0.632772232","0.929924219","0","0.557954532","11","0.529411765","1.117647059","N4 S2 P1 O9","de-protonated","0","-9999","C17 H19 O9 N4 P1 S2","17","19","9","4","1","2","-9999","-9999","-9999"
"2999","517.033832","517.033896938","517.033876605","1753964.9","-9999","381834.7","12.58","-1","0.039326564","0.499859707","0.773979033","0.609507438","19","0.185185185","0.703703704","S2 P1 O5","de-protonated","0","-9999","C27 H19 O5 P1 S2","27","19","5","-9999","1","2","-9999","-9999","-9999"
"2999","517.033832","517.033896938","517.034344636","1753964.9","-9999","381834.7","12.58","-1","-0.865895059","0.436401436","0.773979033","0.571432475","25","0.222222222","0.407407407","N4 P1 O6","de-protonated","0","-9999","C27 H11 O6 N4 P1","27","11","6","4","1","-9999","-9999","-9999","-9999"
"2999","517.033832","517.033896938","517.03407331","1753964.9","-9999","381834.7","12.58","-1","-0.34112127800000003","0.979107296","0","0.587464377","11","0.647058824","1.058823529","N4 S2 O11","de-protonated","0","-9999","C17 H18 O11 N4 S2","17","18","11","4","-9999","2","-9999","-9999","-9999"
"3000","517.042941","517.043005935","517.043456224","1478770.8","-9999","286484.4","10.35","-1","-0.870892688","0.87142934","0","0.522857604","24","0.107142857","0.5","N4 S2 O3","de-protonated","0","-9999","C28 H14 O3 N4 S2","28","14","3","4","-9999","2","-9999","-9999","-9999"
"3000","517.042941","517.043005935","517.042586844","1478770.8","-9999","286484.4","10.35","-1","0.810553164","0.887620369","0","0.532572222","25","0.296296296","0.37037037","N4 O8","de-protonated","0","-9999","C27 H10 O8 N4","27","10","8","4","-9999","-9999","-9999","-9999","-9999"
"3001","517.061857","517.061921927","517.062378802","2503039","-9999","335985.2","18.63","-1","-0.88359619","0.43395613","0.800793265","0.580690984","15","0.608695652","0.782608696","O14","de-protonated","0","-9999","C23 H18 O14","23","18","14","-9999","-9999","-9999","-9999","-9999","-9999"
"3001","517.061857","517.061921927","517.06221661","2503039","-9999","335985.2","18.63","-1","-0.56991791","0.471383694","0.837042051","0.617647037","10","0.444444444","1.277777778","N4 S2 P1 O8","de-protonated","0","-9999","C18 H23 O8 N4 P1 S2","18","23","8","4","1","2","-9999","-9999","-9999"
"3002","517.065102","517.065166926","517.065237041","1446529","-9999","344740.5","10.09","-1","-0.135601211","0.498334569","0.736963647","0.5937862","28","0.090909091","0.424242424","N2 S1 O3","de-protonated","0","-9999","C33 H14 O3 N2 S1","33","14","3","2","-9999","1","-9999","-9999","-9999"
"3002","517.065102","517.065166926","517.065369983","1446529","-9999","344740.5","10.09","-1","-0.392709344","0.972404771","0","0.583442862","15","0.5","0.863636364","N2 P1 O11","de-protonated","0","-9999","C22 H19 O11 N2 P1","22","19","11","2","1","-9999","-9999","-9999","-9999"
"3002","517.065102","517.065166926","517.064718534","1446529","-9999","344740.5","10.09","-1","0.867187919","0.872448098","0","0.523468859","6","0.928571429","1.642857143","N4 S1 P1 O13","de-protonated","0","-9999","C14 H23 O13 N4 P1 S1","14","23","13","4","1","1","-9999","-9999","-9999"
"3003","517.070275","517.070339924","517.070262114","5796740.5","-9999","354552.4","45.25","-1","0.150481924","0.33196652","0.718223892","0.486469469","18","0.142857143","0.821428571","S2 P1 O4","de-protonated","0","-9999","C28 H23 O4 P1 S2","28","23","4","-9999","1","2","-9999","-9999","-9999"
"3003","517.070275","517.070339924","517.070730145","5796740.5","-9999","354552.4","45.25","-1","-0.754676101","0.450909447","0.767553728","0.577567159","24","0.178571429","0.535714286","N4 P1 O5","de-protonated","0","-9999","C28 H15 O5 N4 P1","28","15","5","4","1","-9999","-9999","-9999","-9999"
"3003","517.070275","517.070339924","517.070458819","5796740.5","-9999","354552.4","45.25","-1","-0.22993919","0.33015077","0.778715395","0.50957662","10","0.555555556","1.222222222","N4 S2 O10","de-protonated","0","-9999","C18 H22 O10 N4 S2","18","22","10","4","-9999","2","-9999","-9999","-9999"
"3004","517.079367","517.079431921","517.079841733","2348426.3","-9999","368672.4","17.38","-1","-0.79255226","0.446140126","0.761234226","0.572177766","23","0.068965517","0.620689655","N4 S2 O2","de-protonated","0","-9999","C29 H18 O2 N4 S2","29","18","2","4","-9999","2","-9999","-9999","-9999"
"3004","517.079367","517.079431921","517.078972354","2348426.3","-9999","368672.4","17.38","-1","0.888775405","0.433233932","0.767553728","0.56696185","24","0.25","0.5","N4 O7","de-protonated","0","-9999","C28 H14 O7 N4","28","14","7","4","-9999","-9999","-9999","-9999","-9999"
"3005","517.091523","517.091587916","517.091391483","2651026","-9999","325497","19.83","-1","0.3798815","0.487077499","0.787157861","0.607109644","13","0.24","1.08","S2 P1 O6","de-protonated","0","-9999","C25 H27 O6 P1 S2","25","27","6","-9999","1","2","-9999","-9999","-9999"
"3005","517.091523","517.091587916","517.091859513","2651026","-9999","325497","19.83","-1","-0.525239745","0.475587374","0.787157861","0.600215569","19","0.28","0.76","N4 P1 O7","de-protonated","0","-9999","C25 H19 O7 N4 P1","25","19","7","4","1","-9999","-9999","-9999","-9999"
"3005","517.091523","517.091587916","517.091588187","2651026","-9999","325497","19.83","-1","-5.24156e-4","0.99999995","0","0.59999997","5","0.8","1.733333333","N4 S2 O12","de-protonated","0","-9999","C15 H26 O12 N4 S2","15","26","12","4","-9999","2","-9999","-9999","-9999"
"3006","517.098149","517.098213913","517.098251247","2187670.3","-9999","321603.8","16.08","-1","-0.072198036","0.967201715","0.945458311","0.958504353","32","0.054054054","0.378378378","N2 O2","de-protonated","0","-9999","C37 H14 O2 N2","37","14","2","2","-9999","-9999","-9999","-9999","-9999"
"3006","517.098149","517.098213913","517.098112862","2187670.3","-9999","321603.8","16.08","-1","0.195419301","0.993094662","0","0.595856797","5","0.9375","1.625","N2 S1 O15","de-protonated","0","-9999","C16 H26 O15 N2 S1","16","26","15","2","-9999","1","-9999","-9999","-9999"
"3006","517.098149","517.098213913","517.09860212","2187670.3","-9999","321603.8","16.08","-1","-0.750739601","0.902789121","0","0.541673472","9","0.368421053","1.421052632","N4 S2 P1 O7","de-protonated","0","-9999","C19 H27 O7 N4 P1 S2","19","27","7","4","1","2","-9999","-9999","-9999"
"3006","517.098149","517.098213913","517.09773274","2187670.3","-9999","321603.8","16.08","-1","0.930527135","0.854607547","0","0.512764528","10","0.666666667","1.277777778","N4 P1 O12","de-protonated","0","-9999","C18 H23 O12 N4 P1","18","23","12","4","1","-9999","-9999","-9999","-9999"
"3007","517.101427","517.101491912","517.10162255","1379992.5","-9999","301180.9","9.56","-1","-0.252635187","0.494242961","0.73113591","0.589000141","27","0.058823529","0.529411765","N2 S1 O2","de-protonated","0","-9999","C34 H18 O2 N2 S1","34","18","2","2","-9999","1","-9999","-9999","-9999"
"3007","517.101427","517.101491912","517.101755492","1379992.5","-9999","301180.9","9.56","-1","-0.509725199","0.953950059","0","0.572370036","14","0.434782609","1","N2 P1 O10","de-protonated","0","-9999","C23 H23 O10 N2 P1","23","23","10","2","1","-9999","-9999","-9999","-9999"
"3007","517.101427","517.101491912","517.101104043","1379992.5","-9999","301180.9","9.56","-1","0.750083265","0.902950495","0","0.541770297","5","0.8","1.8","N4 S1 P1 O12","de-protonated","0","-9999","C15 H27 O12 N4 P1 S1","15","27","12","4","1","1","-9999","-9999","-9999"
"3008","517.104136","517.104200911","517.104124474","1079194.3","-9999","423878.5","7.13","-1","0.147818271","0.996043151","0","0.597625891","23","0.233333333","0.6","N2 O7","de-protonated","0","-9999","C30 H18 O7 N2","30","18","7","2","-9999","-9999","-9999","-9999","-9999"
"3009","517.106655","517.10671991","517.106647624","5548956","-9999","323804.6","43.25","-1","0.139789952","0.665333829","0.921195328","0.767678429","17","0.103448276","0.931034483","S2 P1 O3","de-protonated","0","-9999","C29 H27 O3 P1 S2","29","27","3","-9999","1","2","-9999","-9999","-9999"
"3009","517.106655","517.10671991","517.107115654","5548956","-9999","323804.6","43.25","-1","-0.765304372","0.887744779","0.969741902","0.920543628","23","0.137931034","0.655172414","N4 P1 O4","de-protonated","0","-9999","C29 H19 O4 N4 P1","29","19","4","4","1","-9999","-9999","-9999","-9999"
"3009","517.106655","517.10671991","517.106844328","5548956","-9999","323804.6","43.25","-1","-0.240604389","0.65668697","0.930900115","0.766372228","9","0.473684211","1.368421053","N4 S2 O9","de-protonated","0","-9999","C19 H26 O9 N4 S2","19","26","9","4","-9999","2","-9999","-9999","-9999"
"3010","517.115657","517.115721907","517.116227243","1389473.6","-9999","392739.8","9.63","-1","-0.977219723","0.840905539","0","0.504543324","22","0.033333333","0.733333333","N4 S2 O1","de-protonated","0","-9999","C30 H22 O1 N4 S2","30","22","1","4","-9999","2","-9999","-9999","-9999"
"3010","517.115657","517.115721907","517.115357863","1389473.6","-9999","392739.8","9.63","-1","0.703989329","0.913998685","0","0.548399211","23","0.206896552","0.620689655","N4 O6","de-protonated","0","-9999","C29 H18 O6 N4","29","18","6","4","-9999","-9999","-9999","-9999","-9999"
"3011","517.119746","517.119810905","517.119893679","1133732.3","-9999","242710.4","7.57","-1","-0.160067594","0.995361778","0","0.597217067","9","0.714285714","1.238095238","O15","de-protonated","0","-9999","C21 H26 O15","21","26","15","-9999","-9999","-9999","-9999","-9999","-9999"
"3011","517.119746","517.119810905","517.119380615","1133732.3","-9999","242710.4","7.57","-1","0.832090478","0.881940703","0","0.529164422","27","0.117647059","0.529411765","N2 O4","de-protonated","0","-9999","C34 H18 O4 N2","34","18","4","2","-9999","-9999","-9999","-9999","-9999"
"3011","517.119746","517.119810905","517.119731488","1133732.3","-9999","242710.4","7.57","-1","0.153576025","0.995729569","0","0.597437741","4","0.5625","1.9375","N4 S2 P1 O9","de-protonated","0","-9999","C16 H31 O9 N4 P1 S2","16","31","9","4","1","2","-9999","-9999","-9999"
"3012","517.127863","517.127927902","517.127776992","2199977.5","-9999","340267.5","16.18","-1","0.291823533","0.492333214","0.780512821","0.607605057","12","0.192307692","1.192307692","S2 P1 O5","de-protonated","0","-9999","C26 H31 O5 P1 S2","26","31","5","-9999","1","2","-9999","-9999","-9999"
"3012","517.127863","517.127927902","517.128245023","2199977.5","-9999","340267.5","16.18","-1","-0.613233948","0.467020547","0.780512821","0.592417456","18","0.230769231","0.884615385","N4 P1 O6","de-protonated","0","-9999","C26 H23 O6 N4 P1","26","23","6","4","1","-9999","-9999","-9999","-9999"
"3012","517.127863","517.127927902","517.127973696","2199977.5","-9999","340267.5","16.18","-1","-0.088555323","0.998578083","0","0.59914685","4","0.6875","1.875","N4 S2 O11","de-protonated","0","-9999","C16 H30 O11 N4 S2","16","30","11","4","-9999","2","-9999","-9999","-9999"
"3013","517.137939","517.138003898","517.13800806","1227183.9","-9999","473772.9","8.32","-1","-0.008047234","0.99998825","0","0.59999295","26","0.028571429","0.628571429","N2 S1 O1","de-protonated","0","-9999","C35 H22 O1 N2 S1","35","22","1","2","-9999","1","-9999","-9999","-9999"
"3013","517.137939","517.138003898","517.138141001","1227183.9","-9999","473772.9","8.32","-1","-0.26511922","0.987327282","0","0.592396369","13","0.375","1.125","N2 P1 O9","de-protonated","0","-9999","C24 H27 O9 N2 P1","24","27","9","2","1","-9999","-9999","-9999","-9999"
"3013","517.137939","517.138003898","517.137489553","1227183.9","-9999","473772.9","8.32","-1","0.994600914","0.835692412","0","0.501415447","4","0.6875","1.9375","N4 S1 P1 O11","de-protonated","0","-9999","C16 H31 O11 N4 P1 S1","16","31","11","4","1","1","-9999","-9999","-9999"
"3014","517.143066","517.143130896","517.143033133","5551027.5","-9999","379136.1","43.26","-1","0.189044194","0.663393043","0.907746551","0.761134446","16","0.066666667","1.033333333","S2 P1 O2","de-protonated","0","-9999","C30 H31 O2 P1 S2","30","31","2","-9999","1","2","-9999","-9999","-9999"
"3014","517.143066","517.143130896","517.143501164","5551027.5","-9999","379136.1","43.26","-1","-0.715986494","0.904949236","0.955528376","0.925180892","22","0.1","0.766666667","N4 P1 O3","de-protonated","0","-9999","C30 H23 O3 N4 P1","30","23","3","4","1","-9999","-9999","-9999","-9999"
"3014","517.143066","517.143130896","517.143229838","5551027.5","-9999","379136.1","43.26","-1","-0.191323403","0.660893336","0.931472459","0.769124985","8","0.4","1.5","N4 S2 O8","de-protonated","0","-9999","C20 H30 O8 N4 S2","20","30","8","4","-9999","2","-9999","-9999","-9999"
"3015","517.156064","517.156128891","517.156279189","2170299.8","-9999","279114","15.94","-1","-0.290623035","0.492395682","0.807789663","0.618553274","8","0.636363636","1.363636364","O14","de-protonated","0","-9999","C22 H30 O14","22","30","14","-9999","-9999","-9999","-9999","-9999","-9999"
"3015","517.156064","517.156128891","517.155766124","2170299.8","-9999","279114","15.94","-1","0.701465103","0.457293618","0.725399619","0.564536018","26","0.085714286","0.628571429","N2 O3","de-protonated","0","-9999","C35 H22 O3 N2","35","22","3","2","-9999","-9999","-9999","-9999","-9999"
"3015","517.156064","517.156128891","517.156116997","2170299.8","-9999","279114","15.94","-1","0.022998476","0.999904031","0","0.599942419","3","0.470588235","2.058823529","N4 S2 P1 O8","de-protonated","0","-9999","C17 H35 O8 N4 P1 S2","17","35","8","4","1","2","-9999","-9999","-9999"
"3016","517.164529","517.164593888","517.164162501","1067457.1","-9999","280538.7","7.03","-1","0.834138484","0.881394789","0","0.528836873","11","0.148148148","1.296296296","S2 P1 O4","de-protonated","0","-9999","C27 H35 O4 P1 S2","27","35","4","-9999","1","2","-9999","-9999","-9999"
"3016","517.164529","517.164593888","517.165010654","1067457.1","-9999","280538.7","7.03","-1","-0.80586782","0.888840975","0","0.533304585","12","0.32","1.2","N2 S1 O8","de-protonated","0","-9999","C25 H30 O8 N2 S1","25","30","8","2","-9999","1","-9999","-9999","-9999"
"3016","517.164529","517.164593888","517.164630532","1067457.1","-9999","280538.7","7.03","-1","-0.070855812","0.999089443","0","0.599453666","17","0.185185185","1","N4 P1 O5","de-protonated","0","-9999","C27 H27 O5 N4 P1","27","27","5","4","1","-9999","-9999","-9999","-9999"
"3016","517.164529","517.164593888","517.164359206","1067457.1","-9999","280538.7","7.03","-1","0.453786182","0.963325172","0","0.577995103","3","0.588235294","2","N4 S2 O10","de-protonated","0","-9999","C17 H34 O10 N4 S2","17","34","10","4","-9999","2","-9999","-9999","-9999"
"3017","517.179419","517.179483882","517.179418643","5286858.5","-9999","351271.1","41.13","-1","0.12614478","0.980696833","0.973746491","0.977916696","15","0.032258065","1.129032258","S2 P1 O1","de-protonated","0","-9999","C31 H35 O1 P1 S2","31","35","1","-9999","1","2","-9999","-9999","-9999"
"3017","517.179419","517.179483882","517.179886673","5286858.5","-9999","351271.1","41.13","-1","-0.778822178","0.929419305","0.973746491","0.94715018","21","0.064516129","0.870967742","N4 P1 O2","de-protonated","0","-9999","C31 H27 O2 N4 P1","31","27","2","4","1","-9999","-9999","-9999","-9999"
"3017","517.179419","517.179483882","517.179615347","5286858.5","-9999","351271.1","41.13","-1","-0.254196032","0.993750889","0.960246465","0.98034912","7","0.333333333","1.619047619","N4 S2 O7","de-protonated","0","-9999","C21 H34 O7 N4 S2","21","34","7","4","-9999","2","-9999","-9999","-9999"
"3018","517.192735","517.192799877","517.192664698","1230035.3","-9999","380474.3","8.34","-1","0.261370579","0.987680918","0","0.592608551","7","0.565217391","1.47826087","O13","de-protonated","0","-9999","C23 H34 O13","23","34","13","-9999","-9999","-9999","-9999","-9999","-9999"
"3018","517.192735","517.192799877","517.193153955","1230035.3","-9999","380474.3","8.34","-1","-0.684615411","0.918471243","0","0.551082746","11","0.192307692","1.346153846","N2 S1 P1 O5","de-protonated","0","-9999","C26 H35 O5 N2 P1 S1","26","35","5","2","1","1","-9999","-9999","-9999"
"3018","517.192735","517.192799877","517.192502507","1230035.3","-9999","380474.3","8.34","-1","0.574970199","0.941778421","0","0.565067053","2","0.388888889","2.166666667","N4 S2 P1 O7","de-protonated","0","-9999","C18 H39 O7 N4 P1 S2","18","39","7","4","1","2","-9999","-9999","-9999"
"3019","517.210804","517.21086887","517.211292143","1120478.9","-9999","377238.3","7.46","-1","-0.818374725","0.885570744","0","0.531342446","6","0.416666667","1.583333333","S1 O10","de-protonated","0","-9999","C24 H38 O10 S1","24","38","10","-9999","-9999","1","-9999","-9999","-9999"
"3019","517.210804","517.21086887","517.21091202","1120478.9","-9999","377238.3","7.46","-1","-0.083428497","0.998737857","0","0.599242714","11","0.269230769","1.346153846","N2 P1 O7","de-protonated","0","-9999","C26 H35 O7 N2 P1","26","35","7","2","1","-9999","-9999","-9999","-9999"
"3020","517.216282","517.216346868","517.216652305","2855394.5","-9999","278573.8","21.48","-1","-0.590540319","0.469341229","0.755017935","0.583611911","15","0.133333333","1.133333333","N2 S1 O4","de-protonated","0","-9999","C30 H34 O4 N2 S1","30","34","4","2","-9999","1","-9999","-9999","-9999"
"3020","517.216282","517.216346868","517.216785247","2855394.5","-9999","278573.8","21.48","-1","-0.847573066","0.438894459","0.829532115","0.595149521","2","0.631578947","2.052631579","N2 P1 O12","de-protonated","0","-9999","C19 H39 O12 N2 P1","19","39","12","2","1","-9999","-9999","-9999","-9999"
"3020","517.216282","517.216346868","517.216272183","2855394.5","-9999","278573.8","21.48","-1","0.14439846","0.498111888","0.742885034","0.596021147","20","0.03125","0.96875","N4 P1 O1","de-protonated","0","-9999","C32 H31 O1 N4 P1","32","31","1","4","1","-9999","-9999","-9999","-9999"
"3020","517.216282","517.216346868","517.216000856","2855394.5","-9999","278573.8","21.48","-1","0.668988184","0.461001645","0.807789663","0.599716852","6","0.272727273","1.727272727","N4 S2 O6","de-protonated","0","-9999","C22 H38 O6 N4 S2","22","38","6","4","-9999","2","-9999","-9999","-9999"
"3021","517.217648","517.217712867","517.217303754","3030499.3","-9999","318009.6","22.89","-1","0.790989595","0.446340489","0.70871839","0.551291649","24","0.052631579","0.789473684","O2","de-protonated","0","-9999","C38 H30 O2","38","30","2","-9999","-9999","-9999","-9999","-9999","-9999"
"3021","517.217648","517.217712867","517.217654627","3030499.3","-9999","318009.6","22.89","-1","0.11260363","0.498850976","0.822155738","0.628172881","1","0.35","2.15","N2 S2 P1 O7","de-protonated","0","-9999","C20 H43 O7 N2 P1 S2","20","43","7","2","1","2","-9999","-9999","-9999"
"3022","517.223076","517.223140865","517.22317698","9063399","-9999","322371.4","71.65","-1","-0.069825493","0.665649635","0.912980588","0.764582016","15","0.225806452","1.096774194","O7","de-protonated","0","-9999","C31 H34 O7","31","34","7","-9999","-9999","-9999","-9999","-9999","-9999"
"3022","517.223076","517.223140865","517.223014789","9063399","-9999","322371.4","71.65","-1","0.243755524","0.652477996","0.922950638","0.760667053","10","0.038461538","1.5","N4 S2 P1 O1","de-protonated","0","-9999","C26 H39 O1 N4 P1 S2","26","39","1","4","1","2","-9999","-9999","-9999"
"3023","517.31139","517.311454831","517.31120414","1289247.8","-9999","335369.1","8.82","-1","0.484602892","0.479141852","0.714192896","0.57316227","17","0.054054054","1.135135135","O2","de-protonated","0","-9999","C37 H42 O2","37","42","2","-9999","-9999","-9999","-9999","-9999","-9999"
"3024","517.316984","517.317048829","517.317077367","4451363.5","-9999","348802.5","34.38","-1","-0.055166218","0.993170981","0.966277807","0.982413712","8","0.233333333","1.533333333","O7","de-protonated","0","-9999","C30 H46 O7","30","46","7","-9999","-9999","-9999","-9999","-9999","-9999"
"3024","517.316984","517.317048829","517.316915176","4451363.5","-9999","348802.5","34.38","-1","0.258357883","0.993810916","0.934137881","0.969941702","3","0.04","2.04","N4 S2 P1 O1","de-protonated","0","-9999","C25 H51 O1 N4 P1 S2","25","51","1","4","1","2","-9999","-9999","-9999"
"3027","518.101856","518.101920525","518.101896596","1128734.3","-9999","386486.2","7.52","-1","0.046186633","0.999613008","0","0.599767805","17","0.107142857","0.928571429","N1 S2 P1 O3","de-protonated","0","-9999","C28 H26 O3 N1 P1 S2","28","26","3","1","1","2","-9999","-9999","-9999"
"3027","518.101856","518.101920525","518.101606082","1128734.3","-9999","386486.2","7.52","-1","0.606914606","0.935348794","0.945458311","0.939392601","32","0.054054054","0.378378378","13C1 N2 O2","de-protonated","1","3006","C36 H14 O2 N2 13C1","36","14","2","2","-9999","-9999","1","-9999","-9999"
"3028","518.109964","518.110028522","518.110002459","1461795.5","-9999","340145.4","10.21","-1","0.050304718","0.666360625","0.921195328","0.768294506","17","0.103448276","0.931034483","13C1 S2 P1 O3","de-protonated","1","3009","C28 H27 O3 P1 S2 13C1","28","27","3","-9999","1","2","1","-9999","-9999"
"3028","518.109964","518.110028522","518.110138805","1461795.5","-9999","340145.4","10.21","-1","-0.212854824","0.991812772","0","0.595087663","17","0.178571429","0.892857143","N1 S2 O5","de-protonated","0","-9999","C28 H25 O5 N1 S2","28","25","5","1","-9999","2","-9999","-9999","-9999"
"3028","518.109964","518.110028522","518.110271746","1461795.5","-9999","340145.4","10.21","-1","-0.469444413","0.960801633","0","0.57648098","4","0.764705882","1.764705882","N1 S1 P1 O13","de-protonated","0","-9999","C17 H30 O13 N1 P1 S1","17","30","13","1","1","1","-9999","-9999","-9999"
"3028","518.109964","518.110028522","518.109758682","1461795.5","-9999","340145.4","10.21","-1","0.520816822","0.951973591","0","0.571184154","22","0.066666667","0.733333333","N3 S1 P1 O2","de-protonated","0","-9999","C30 H22 O2 N3 P1 S1","30","22","2","3","1","1","-9999","-9999","-9999"
"3028","518.109964","518.110028522","518.11047049","1461795.5","-9999","340145.4","10.21","-1","-0.853036751","0.876310259","0.969741902","0.913682916","23","0.137931034","0.655172414","13C1 N4 P1 O4","de-protonated","1","3009","C28 H19 O4 N4 P1 13C1","28","19","4","4","1","-9999","1","-9999","-9999"
"3028","518.109964","518.110028522","518.110199163","1461795.5","-9999","340145.4","10.21","-1","-0.32935293","0.65367339","0.930900115","0.76456408","9","0.473684211","1.368421053","13C1 N4 S2 O9","de-protonated","1","3009","C18 H26 O9 N4 S2 13C1","18","26","9","4","-9999","2","1","-9999","-9999"
"3029","518.146394","518.146458508","518.146387968","1392187","-9999","379345.9","9.65","-1","0.136139026","0.664428472","0.907746551","0.761755704","16","0.066666667","1.033333333","13C1 S2 P1 O2","de-protonated","1","3014","C29 H31 O2 P1 S2 13C1","29","31","2","-9999","1","2","1","-9999","-9999"
"3029","518.146394","518.146458508","518.146524314","1392187","-9999","379345.9","9.65","-1","-0.127002059","0.997077598","0","0.598246559","16","0.137931034","1","N1 S2 O4","de-protonated","0","-9999","C29 H29 O4 N1 S2","29","29","4","1","-9999","2","-9999","-9999","-9999"
"3029","518.146394","518.146458508","518.146657256","1392187","-9999","379345.9","9.65","-1","-0.383573652","0.973656879","0","0.584194127","3","0.666666667","1.888888889","N1 S1 P1 O12","de-protonated","0","-9999","C18 H34 O12 N1 P1 S1","18","34","12","1","1","1","-9999","-9999","-9999"
"3029","518.146394","518.146458508","518.146144191","1392187","-9999","379345.9","9.65","-1","0.606618129","0.935409858","0","0.561245915","21","0.032258065","0.838709677","N3 S1 P1 O1","de-protonated","0","-9999","C31 H26 O1 N3 P1 S1","31","26","1","3","1","1","-9999","-9999","-9999"
"3029","518.146394","518.146458508","518.146855999","1392187","-9999","379345.9","9.65","-1","-0.767139086","0.898720689","0.955528376","0.921443764","22","0.1","0.766666667","13C1 N4 P1 O3","de-protonated","1","3014","C29 H23 O3 N4 P1 13C1","29","23","3","4","1","-9999","1","-9999","-9999"
"3029","518.146394","518.146458508","518.146584673","1392187","-9999","379345.9","9.65","-1","-0.243491995","0.659533243","0.931472459","0.768308929","8","0.4","1.5","13C1 N4 S2 O8","de-protonated","1","3014","C19 H30 O8 N4 S2 13C1","19","30","8","4","-9999","2","1","-9999","-9999"
"3030","518.182941","518.183005494","518.182773478","1533522.8","-9999","349750.6","10.79","-1","0.447750249","0.964276804","0.973746491","0.968064679","15","0.032258065","1.129032258","13C1 S2 P1 O1","de-protonated","1","3017","C30 H35 O1 P1 S2 13C1","30","35","1","-9999","1","2","1","-9999","-9999"
"3030","518.182941","518.183005494","518.182909823","1533522.8","-9999","349750.6","10.79","-1","0.184627559","0.496916993","0.755017935","0.60015737","15","0.1","1.1","N1 S2 O3","de-protonated","0","-9999","C30 H33 O3 N1 S2","30","33","3","1","-9999","2","-9999","-9999","-9999"
"3030","518.182941","518.183005494","518.183042765","1533522.8","-9999","349750.6","10.79","-1","-0.071926097","0.99906174","0","0.599437044","2","0.578947368","2","N1 S1 P1 O11","de-protonated","0","-9999","C19 H38 O11 N1 P1 S1","19","38","11","1","1","1","-9999","-9999","-9999"
"3030","518.182941","518.183005494","518.183241508","1533522.8","-9999","349750.6","10.79","-1","-0.455464718","0.963058437","0.973746491","0.967333659","21","0.064516129","0.870967742","13C1 N4 P1 O2","de-protonated","1","3017","C30 H27 O2 N4 P1 13C1","30","27","2","4","1","-9999","1","-9999","-9999"
"3030","518.182941","518.183005494","518.182970182","1533522.8","-9999","349750.6","10.79","-1","0.068145767","0.999157735","0.960246465","0.983593227","7","0.333333333","1.619047619","13C1 N4 S2 O7","de-protonated","1","3017","C20 H34 O7 N4 S2 13C1","20","34","7","4","-9999","2","1","-9999","-9999"
"3031","518.226524","518.226588477","518.226531816","2173039","-9999","361821.8","15.96","-1","0.109337604","0.665222123","0.912980588","0.764325509","15","0.225806452","1.096774194","13C1 O7","de-protonated","1","3022","C30 H34 O7 13C1","30","34","7","-9999","-9999","-9999","1","-9999","-9999"
"3031","518.226524","518.226588477","518.226369624","2173039","-9999","361821.8","15.96","-1","0.422311542","0.645438115","0.922950638","0.756443125","10","0.038461538","1.5","13C1 N4 S2 P1 O1","de-protonated","1","3022","C25 H39 O1 N4 P1 S2 13C1","25","39","1","4","1","2","1","-9999","-9999"
"3032","518.320228","518.320292441","518.320432202","1719979.6","-9999","377933.1","12.3","-1","-0.269642732","0.986894015","0.966277807","0.978647532","8","0.233333333","1.533333333","13C1 O7","de-protonated","1","3024","C29 H46 O7 13C1","29","46","7","-9999","-9999","-9999","1","-9999","-9999"
"3032","518.320228","518.320292441","518.320270011","1719979.6","-9999","377933.1","12.3","-1","0.043274388","0.999660264","0.934137881","0.973451311","3","0.04","2.04","13C1 N4 S2 P1 O1","de-protonated","1","3024","C24 H51 O1 N4 P1 S2 13C1","24","51","1","4","1","2","1","-9999","-9999"
"3035","519.041189","519.041253162","519.041643357","1584511.5","-9999","276253.2","11.2","-1","-0.751759799","0.90253806","0","0.541522836","15","0.681818182","0.727272727","O15","de-protonated","0","-9999","C22 H16 O15","22","16","15","-9999","-9999","-9999","-9999","-9999","-9999"
"3035","519.041189","519.041253162","519.041481166","1584511.5","-9999","276253.2","11.2","-1","-0.439277629","0.965592655","0","0.579355593","10","0.529411765","1.235294118","N4 S2 P1 O9","de-protonated","0","-9999","C17 H21 O9 N4 P1 S2","17","21","9","4","1","2","-9999","-9999","-9999"
"3036","519.044194","519.044258161","519.044501596","1400961.6","-9999","393142.9","9.72","-1","-0.469005783","0.480436699","0.742885034","0.585416033","28","0.125","0.375","N2 S1 O4","de-protonated","0","-9999","C32 H12 O4 N2 S1","32","12","4","2","-9999","1","-9999","-9999","-9999"
"3036","519.044194","519.044258161","519.044634538","1400961.6","-9999","393142.9","9.72","-1","-0.725133405","0.909001015","0","0.545400609","15","0.571428571","0.80952381","N2 P1 O12","de-protonated","0","-9999","C21 H17 O12 N2 P1","21","17","12","2","1","-9999","-9999","-9999","-9999"
"3036","519.044194","519.044258161","519.043850147","1400961.6","-9999","393142.9","9.72","-1","0.786087355","0.893934126","0","0.536360476","19","0.25","0.666666667","N4 S2 O6","de-protonated","0","-9999","C24 H16 O6 N4 S2","24","16","6","4","-9999","2","-9999","-9999","-9999"
"3037","519.047017","519.04708116","519.047003519","1327747.4","-9999","432036.5","9.12","-1","0.149582957","0.995948305","0","0.597568983","24","0.321428571","0.428571429","N2 O9","de-protonated","0","-9999","C28 H12 O9 N2","28","12","9","2","-9999","-9999","-9999","-9999","-9999"
"3037","519.047017","519.04708116","519.047492777","1327747.4","-9999","432036.5","9.12","-1","-0.793023317","0.892159336","0","0.535295601","28","0.032258065","0.419354839","N4 S1 P1 O1","de-protonated","0","-9999","C31 H13 O1 N4 P1 S1","31","13","1","4","1","1","-9999","-9999","-9999"
"3038","519.049655","519.049719159","519.04952667","5367941","-9999","348677","41.77","-1","0.370849805","0.487677115","0.773979033","0.602197882","18","0.185185185","0.777777778","S2 P1 O5","de-protonated","0","-9999","C27 H21 O5 P1 S2","27","21","5","-9999","1","2","-9999","-9999","-9999"
"3038","519.049655","519.049719159","519.0499947","5367941","-9999","348677","41.77","-1","-0.530856829","0.475075734","0.773979033","0.594637053","24","0.222222222","0.481481481","N4 P1 O6","de-protonated","0","-9999","C27 H13 O6 N4 P1","27","13","6","4","1","-9999","-9999","-9999","-9999"
"3038","519.049655","519.049719159","519.049723374","5367941","-9999","348677","41.77","-1","-0.008120752","0.499994017","0.844689208","0.637872093","10","0.647058824","1.176470588","N4 S2 O11","de-protonated","0","-9999","C17 H20 O11 N4 S2","17","20","11","4","-9999","2","-9999","-9999","-9999"
"3039","519.058701","519.058765155","519.059106289","1522315","-9999","395105.1","10.7","-1","-0.657214346","0.924619241","0","0.554771545","23","0.107142857","0.571428571","N4 S2 O3","de-protonated","0","-9999","C28 H16 O3 N4 S2","28","16","3","4","-9999","2","-9999","-9999","-9999"
"3039","519.058701","519.058765155","519.05923923","1522315","-9999","395105.1","10.7","-1","-0.913334713","0.859537419","0","0.515722451","10","0.647058824","1.235294118","N4 S1 P1 O11","de-protonated","0","-9999","C17 H21 O11 N4 P1 S1","17","21","11","4","1","1","-9999","-9999","-9999"
"3040","519.077536","519.077600148","519.078028866","2083991.3","-9999","303001.1","15.24","-1","-0.825922152","0.932182741","0.843713044","0.896794862","14","0.608695652","0.869565217","O14","de-protonated","0","-9999","C23 H20 O14","23","20","14","-9999","-9999","-9999","-9999","-9999","-9999"
"3040","519.077536","519.077600148","519.077515802","2083991.3","-9999","303001.1","15.24","-1","0.162492508","0.49761026","0.719752637","0.586467211","32","0.083333333","0.333333333","N2 O3","de-protonated","0","-9999","C36 H12 O3 N2","36","12","3","2","-9999","-9999","-9999","-9999","-9999"
"3040","519.077536","519.077600148","519.077866675","2083991.3","-9999","303001.1","15.24","-1","-0.513461909","0.953288493","0","0.571973096","9","0.444444444","1.388888889","N4 S2 P1 O8","de-protonated","0","-9999","C18 H25 O8 N4 P1 S2","18","25","8","4","1","2","-9999","-9999","-9999"
"3041","519.08051","519.080574147","519.080887105","1807513.1","-9999","319509","13","-1","-0.602908468","0.468085865","0.736963647","0.575636978","27","0.090909091","0.484848485","N2 S1 O3","de-protonated","0","-9999","C33 H16 O3 N2 S1","33","16","3","2","-9999","1","-9999","-9999","-9999"
"3041","519.08051","519.080574147","519.081020047","1807513.1","-9999","319509","13","-1","-0.859018101","0.874683493","0","0.524810096","14","0.5","0.954545455","N2 P1 O11","de-protonated","0","-9999","C22 H21 O11 N2 P1","22","21","11","2","1","-9999","-9999","-9999","-9999"
"3041","519.08051","519.080574147","519.080235657","1807513.1","-9999","319509","13","-1","0.652096525","0.462872064","0.787157861","0.592586383","18","0.2","0.8","N4 S2 O5","de-protonated","0","-9999","C25 H20 O5 N4 S2","25","20","5","4","-9999","2","-9999","-9999","-9999"
"3041","519.08051","519.080574147","519.080368598","1807513.1","-9999","319509","13","-1","0.395986249","0.971948868","0","0.583169321","5","0.928571429","1.785714286","N4 S1 P1 O13","de-protonated","0","-9999","C14 H25 O13 N4 P1 S1","14","25","13","4","1","1","-9999","-9999","-9999"
"3042","519.086042","519.086106145","519.085912179","7524508.5","-9999","346589.6","59.2","-1","0.373668394","0.644453917","0.91117312","0.751141598","17","0.142857143","0.892857143","S2 P1 O4","de-protonated","0","-9999","C28 H25 O4 P1 S2","28","25","4","-9999","1","2","-9999","-9999","-9999"
"3042","519.086042","519.086106145","519.08638021","7524508.5","-9999","346589.6","59.2","-1","-0.527975037","0.959892189","0.960502956","0.960136496","23","0.178571429","0.607142857","N4 P1 O5","de-protonated","0","-9999","C28 H17 O5 N4 P1","28","17","5","4","1","-9999","-9999","-9999","-9999"
"3042","519.086042","519.086106145","519.086108883","7524508.5","-9999","346589.6","59.2","-1","-0.0052756","0.665988326","0.93031813","0.771720247","9","0.555555556","1.333333333","N4 S2 O10","de-protonated","0","-9999","C18 H24 O10 N4 S2","18","24","10","4","-9999","2","-9999","-9999","-9999"
"3043","519.09509","519.095154141","519.095491798","1594530.6","-9999","354916.4","11.28","-1","-0.650470894","0.463049941","0.761234226","0.582323655","22","0.068965517","0.689655172","N4 S2 O2","de-protonated","0","-9999","C29 H20 O2 N4 S2","29","20","2","4","-9999","2","-9999","-9999","-9999"
"3043","519.09509","519.095154141","519.09562474","1594530.6","-9999","354916.4","11.28","-1","-0.90657331","0.861458695","0","0.516875217","9","0.555555556","1.388888889","N4 S1 P1 O10","de-protonated","0","-9999","C18 H25 O10 N4 P1 S1","18","25","10","4","1","1","-9999","-9999","-9999"
"3044","519.107518","519.107582137","519.1078897","1135530.6","-9999","291422.5","7.57","-1","-0.592484798","0.938290734","0","0.562974441","13","0.434782609","1.043478261","N2 S1 O10","de-protonated","0","-9999","C23 H24 O10 N2 S1","23","24","10","2","-9999","1","-9999","-9999","-9999"
"3044","519.107518","519.107582137","519.107509578","1135530.6","-9999","291422.5","7.57","-1","0.139776415","0.996461232","0","0.597876739","18","0.28","0.84","N4 P1 O7","de-protonated","0","-9999","C25 H21 O7 N4 P1","25","21","7","4","1","-9999","-9999","-9999","-9999"
"3044","519.107518","519.107582137","519.107238251","1135530.6","-9999","291422.5","7.57","-1","0.662454925","0.923459693","0","0.554075816","4","0.8","1.866666667","N4 S2 O12","de-protonated","0","-9999","C15 H28 O12 N4 S2","15","28","12","4","-9999","2","-9999","-9999","-9999"
"3045","519.113902","519.113966134","519.114414376","1510574.9","-9999","351960.3","10.6","-1","-0.863473328","0.873466384","0","0.52407983","13","0.541666667","1","O13","de-protonated","0","-9999","C24 H24 O13","24","24","13","-9999","-9999","-9999","-9999","-9999","-9999"
"3045","519.113902","519.113966134","519.113901311","1510574.9","-9999","351960.3","10.6","-1","0.124872015","0.498587333","0.714192896","0.584829558","31","0.054054054","0.432432432","N2 O2","de-protonated","0","-9999","C37 H16 O2 N2","37","16","2","2","-9999","-9999","-9999","-9999","-9999"
"3045","519.113902","519.113966134","519.113762927","1510574.9","-9999","351960.3","10.6","-1","0.391450282","0.972578988","0","0.583547393","4","0.9375","1.75","N2 S1 O15","de-protonated","0","-9999","C16 H28 O15 N2 S1","16","28","15","2","-9999","1","-9999","-9999","-9999"
"3045","519.113902","519.113966134","519.114252184","1510574.9","-9999","351960.3","10.6","-1","-0.551034998","0.946395235","0","0.567837141","8","0.368421053","1.526315789","N4 S2 P1 O7","de-protonated","0","-9999","C19 H29 O7 N4 P1 S2","19","29","7","4","1","2","-9999","-9999","-9999"
"3046","519.116879","519.116943133","519.117272615","1565104.8","-9999","302354.3","11.04","-1","-0.63469603","0.464756439","0.73113591","0.571308228","26","0.058823529","0.588235294","N2 S1 O2","de-protonated","0","-9999","C34 H20 O2 N2 S1","34","20","2","2","-9999","1","-9999","-9999","-9999"
"3046","519.116879","519.116943133","519.117405556","1565104.8","-9999","302354.3","11.04","-1","-0.890787704","0.865905041","0","0.519543025","13","0.434782609","1.086956522","N2 P1 O10","de-protonated","0","-9999","C23 H25 O10 N2 P1","23","25","10","2","1","-9999","-9999","-9999","-9999"
"3046","519.116879","519.116943133","519.116621166","1565104.8","-9999","302354.3","11.04","-1","0.620220958","0.932581624","0","0.559548975","17","0.153846154","0.923076923","N4 S2 O4","de-protonated","0","-9999","C26 H24 O4 N4 S2","26","24","4","4","-9999","2","-9999","-9999","-9999"
"3046","519.116879","519.116943133","519.116754108","1565104.8","-9999","302354.3","11.04","-1","0.364128641","0.976228871","0","0.585737323","4","0.8","1.933333333","N4 S1 P1 O12","de-protonated","0","-9999","C15 H29 O12 N4 P1 S1","15","29","12","4","1","1","-9999","-9999","-9999"
"3047","519.119683","519.119747132","519.119774538","1331122.6","-9999","350123.8","9.15","-1","-0.052793608","0.9994944","0","0.59969664","22","0.233333333","0.666666667","N2 O7","de-protonated","0","-9999","C30 H20 O7 N2","30","20","7","2","-9999","-9999","-9999","-9999","-9999"
"3048","519.122421","519.122485131","519.122297688","8143028.5","-9999","337697.4","64.2","-1","0.361075967","0.654629691","0.921268167","0.761285081","16","0.103448276","1","S2 P1 O3","de-protonated","0","-9999","C29 H29 O3 P1 S2","29","29","3","-9999","1","2","-9999","-9999","-9999"
"3048","519.122421","519.122485131","519.122765719","8143028.5","-9999","337697.4","64.2","-1","-0.540504256","0.93900601400000006","0.96981474","0.951329504","22","0.137931034","0.724137931","N4 P1 O4","de-protonated","0","-9999","C29 H21 O4 N4 P1","29","21","4","4","1","-9999","-9999","-9999","-9999"
"3048","519.122421","519.122485131","519.122494393","8143028.5","-9999","337697.4","64.2","-1","-0.017841463","0.665883571","0.930900115","0.771890189","8","0.473684211","1.473684211","N4 S2 O9","de-protonated","0","-9999","C19 H28 O9 N4 S2","19","28","9","4","-9999","2","-9999","-9999","-9999"
"3049","519.135404","519.135468126","519.135543744","1112636.9","-9999","271822.3","7.38","-1","-0.145661041","0.996157579","0","0.597694547","8","0.714285714","1.333333333","O15","de-protonated","0","-9999","C21 H28 O15","21","28","15","-9999","-9999","-9999","-9999","-9999","-9999"
"3049","519.135404","519.135468126","519.135030679","1112636.9","-9999","271822.3","7.38","-1","0.842644785","0.87911665","0","0.52746999","26","0.117647059","0.588235294","N2 O4","de-protonated","0","-9999","C34 H20 O4 N2","34","20","4","2","-9999","-9999","-9999","-9999","-9999"
"3049","519.135404","519.135468126","519.135381552","1112636.9","-9999","271822.3","7.38","-1","0.166764797","0.994966532","0","0.596979919","3","0.5625","2.0625","N4 S2 P1 O9","de-protonated","0","-9999","C16 H33 O9 N4 P1 S2","16","33","9","4","1","2","-9999","-9999","-9999"
"3050","519.153475","519.153539119","519.153658124","1162952.6","-9999","346460.2","7.79","-1","-0.229229184","0.990510902","0","0.594306541","25","0.028571429","0.685714286","N2 S1 O1","de-protonated","0","-9999","C35 H24 O1 N2 S1","35","24","1","2","-9999","1","-9999","-9999","-9999"
"3050","519.153475","519.153539119","519.153791066","1162952.6","-9999","346460.2","7.79","-1","-0.485303014","0.958165638","0","0.574899383","12","0.375","1.208333333","N2 P1 O9","de-protonated","0","-9999","C24 H29 O9 N2 P1","24","29","9","2","1","-9999","-9999","-9999","-9999"
"3050","519.153475","519.153539119","519.153139617","1162952.6","-9999","346460.2","7.79","-1","0.769525887","0.898122788","0","0.538873673","3","0.6875","2.0625","N4 S1 P1 O11","de-protonated","0","-9999","C16 H33 O11 N4 P1 S1","16","33","11","4","1","1","-9999","-9999","-9999"
"3051","519.156286","519.156350118","519.156673112","1544906.4","-9999","444187.9","10.88","-1","-0.622151217","0.932175916","0","0.55930555","3","0.944444444","1.777777778","O17","de-protonated","0","-9999","C18 H32 O17","18","32","17","-9999","-9999","-9999","-9999","-9999","-9999"
"3051","519.156286","519.156350118","519.156160047","1544906.4","-9999","444187.9","10.88","-1","0.366113914","0.487986053","0.748902347","0.592352571","21","0.193548387","0.774193548","N2 O6","de-protonated","0","-9999","C31 H24 O6 N2","31","24","6","2","-9999","-9999","-9999","-9999","-9999"
"3052","519.158819","519.158883117","519.158683198","6506700","-9999","329960.2","50.98","-1","0.385082964","0.648758377","0.936714318","0.763940753","15","0.066666667","1.1","S2 P1 O2","de-protonated","0","-9999","C30 H33 O2 P1 S2","30","33","2","-9999","1","2","-9999","-9999","-9999"
"3052","519.158819","519.158883117","519.159151228","6506700","-9999","329960.2","50.98","-1","-0.516434093","0.953321609","0.990974116","0.968382612","21","0.1","0.833333333","N4 P1 O3","de-protonated","0","-9999","C30 H25 O3 N4 P1","30","25","3","4","1","-9999","-9999","-9999","-9999"
"3052","519.158819","519.158883117","519.158879902","6506700","-9999","329960.2","50.98","-1","0.006192083","0.666656323","0.92970085","0.771874134","7","0.4","1.6","N4 S2 O8","de-protonated","0","-9999","C20 H32 O8 N4 S2","20","32","8","4","-9999","2","-9999","-9999","-9999"
"3053","519.171935","519.171999112","519.171929253","1262292.6","-9999","228929.3","8.59","-1","0.134557938","0.99672011","0","0.598032066","7","0.636363636","1.454545455","O14","de-protonated","0","-9999","C22 H32 O14","22","32","14","-9999","-9999","-9999","-9999","-9999","-9999"
"3053","519.171935","519.171999112","519.17241851000006","1262292.6","-9999","228929.3","8.59","-1","-0.807821508","0.888332665","0","0.532999599","11","0.24","1.32","N2 S1 P1 O6","de-protonated","0","-9999","C25 H33 O6 N2 P1 S1","25","33","6","2","1","1","-9999","-9999","-9999"
"3053","519.171935","519.171999112","519.171767062","1262292.6","-9999","228929.3","8.59","-1","0.446961967","0.964400214","0","0.578640128","2","0.470588235","2.176470588","N4 S2 P1 O8","de-protonated","0","-9999","C17 H37 O8 N4 P1 S2","17","37","8","4","1","2","-9999","-9999","-9999"
"3054","519.190124","519.190188105","519.190556698","1096160.4","-9999","371184.4","7.25","-1","-0.709937677","0.912604914","0","0.547562949","6","0.47826087","1.565217391","S1 O11","de-protonated","0","-9999","C23 H36 O11 S1","23","36","11","-9999","-9999","1","-9999","-9999","-9999"
"3054","519.190124","519.190188105","519.190176575","1096160.4","-9999","371184.4","7.25","-1","0.022206858","0.999910524","0","0.599946314","11","0.32","1.32","N2 P1 O8","de-protonated","0","-9999","C25 H33 O8 N2 P1","25","33","8","2","1","-9999","-9999","-9999","-9999"
"3055","519.195157","519.195221103","519.195068707","5642468","-9999","353765.1","43.99","-1","0.29352314","0.655381182","0.926716845","0.763915447","14","0.032258065","1.193548387","S2 P1 O1","de-protonated","0","-9999","C31 H37 O1 P1 S2","31","37","1","-9999","1","2","-9999","-9999","-9999"
"3055","519.195157","519.195221103","519.195536738","5642468","-9999","353765.1","43.99","-1","-0.607930656","0.937935654","0.973751857","0.952262135","20","0.064516129","0.935483871","N4 P1 O2","de-protonated","0","-9999","C31 H29 O2 N4 P1","31","29","2","4","1","-9999","-9999","-9999","-9999"
"3055","519.195157","519.195221103","519.195265411","5642468","-9999","353765.1","43.99","-1","-0.085341154","0.666018168","0.9320354","0.772425061","6","0.333333333","1.714285714","N4 S2 O7","de-protonated","0","-9999","C21 H36 O7 N4 S2","21","36","7","4","-9999","2","-9999","-9999","-9999"
"3056","519.229217","519.22928109","519.22944413","2497786","-9999","356793.1","18.58","-1","-0.314005402","0.491134179","0.822155738","0.623542803","1","0.75","2","O15","de-protonated","0","-9999","C20 H40 O15","20","40","15","-9999","-9999","-9999","-9999","-9999","-9999"
"3056","519.229217","519.22928109","519.228931066","2497786","-9999","356793.1","18.58","-1","0.674121527","0.460425282","0.736963647","0.571040628","19","0.121212121","0.96969697","N2 O4","de-protonated","0","-9999","C33 H32 O4 N2","33","32","4","2","-9999","-9999","-9999","-9999","-9999"
"3057","519.231532","519.231596089","519.23192224700006","2282747.5","-9999","300998.9","16.84","-1","-0.628155322","0.465453518","0.742885034","0.576426124","19","0.03125","1.03125","N4 P1 O1","de-protonated","0","-9999","C32 H33 O1 N4 P1","32","33","1","4","1","-9999","-9999","-9999","-9999"
"3057","519.231532","519.231596089","519.231650921","2282747.5","-9999","300998.9","16.84","-1","-0.105602452","0.498989276","0.807789663","0.622509431","5","0.272727273","1.818181818","N4 S2 O6","de-protonated","0","-9999","C22 H40 O6 N4 S2","22","40","6","4","-9999","2","-9999","-9999","-9999"
"3058","519.249938","519.250002082","519.250060434","1692423.4","-9999","324421.9","12.07","-1","-0.112378746","0.498855556","0.755017935","0.601320507","14","0.2","1.2","N2 O6","de-protonated","0","-9999","C30 H36 O6 N2","30","36","6","2","-9999","-9999","-9999","-9999","-9999"
"3059","519.314125","519.314189057","519.314589244","1807665.3","-9999","369263.6","13","-1","-0.770607456","0.448925686","0.742885034","0.566509425","12","0.0625","1.40625","N2 P1 O2","de-protonated","0","-9999","C32 H45 O2 N2 P1","32","45","2","2","1","-9999","-9999","-9999","-9999"
"3059","519.314125","519.314189057","519.313937796","1807665.3","-9999","369263.6","13","-1","0.483832547","0.958413432","0","0.575048059","3","0.166666667","2.041666667","N4 S1 P1 O4","de-protonated","0","-9999","C24 H49 O4 N4 P1 S1","24","49","4","4","1","1","-9999","-9999","-9999"
"3060","520.08149","520.08155376","520.081383701","1149477.9","-9999","401262.1","7.68","-1","0.326984925","0.980786638","0.843713044","0.9259572","14","0.608695652","0.869565217","13C1 O14","de-protonated","1","3040","C22 H20 O14 13C1","22","20","14","-9999","-9999","-9999","1","-9999","-9999"
"3060","520.08149","520.08155376","520.081161151","1149477.9","-9999","401262.1","7.68","-1","0.754899431","0.901763729","0","0.541058237","17","0.148148148","0.888888889","N1 S2 P1 O4","de-protonated","0","-9999","C27 H24 O4 N1 P1 S2","27","24","4","1","1","2","-9999","-9999","-9999"
"3060","520.08149","520.08155376","520.082009304","1149477.9","-9999","401262.1","7.68","-1","-0.875908394","0.870045085","0","0.522027051","18","0.32","0.76","N3 S1 O8","de-protonated","0","-9999","C25 H19 O8 N3 S1","25","19","8","3","-9999","1","-9999","-9999","-9999"
"3061","520.089455","520.089518757","520.089267014","1798955.1","-9999","384732.8","12.93","-1","0.484038105","0.638919223","0.91117312","0.747820781","17","0.142857143","0.892857143","13C1 S2 P1 O4","de-protonated","1","3042","C27 H25 O4 P1 S2 13C1","27","25","4","-9999","1","2","1","-9999","-9999"
"3061","520.089455","520.089518757","520.089674686","1798955.1","-9999","384732.8","12.93","-1","-0.299811291","0.965161907","0.812703523","0.904178554","31","0.027027027","0.432432432","N1 P1 O1","de-protonated","0","-9999","C37 H16 O1 N1 P1","37","16","1","1","1","-9999","-9999","-9999","-9999"
"3061","520.089455","520.089518757","520.08940336","1798955.1","-9999","384732.8","12.93","-1","0.221879935","0.495553466","0.773979033","0.606923693","17","0.222222222","0.851851852","N1 S2 O6","de-protonated","0","-9999","C27 H23 O6 N1 S2","27","23","6","1","-9999","2","-9999","-9999","-9999"
"3061","520.089455","520.089518757","520.089536301","1798955.1","-9999","384732.8","12.93","-1","-0.033733282","0.999793545","0","0.599876127","4","0.875","1.75","N1 S1 P1 O14","de-protonated","0","-9999","C16 H28 O14 N1 P1 S1","16","28","14","1","1","1","-9999","-9999","-9999"
"3061","520.089455","520.089518757","520.089023237","1798955.1","-9999","384732.8","12.93","-1","0.952759818","0.424069698","0.761234226","0.558935509","22","0.103448276","0.689655172","N3 S1 P1 O3","de-protonated","0","-9999","C29 H20 O3 N3 P1 S1","29","20","3","3","1","1","-9999","-9999","-9999"
"3061","520.089455","520.089518757","520.089735045","1798955.1","-9999","384732.8","12.93","-1","-0.415865979","0.969106705","0.960502956","0.965665205","23","0.178571429","0.607142857","13C1 N4 P1 O5","de-protonated","1","3042","C27 H17 O5 N4 P1 13C1","27","17","5","4","1","-9999","1","-9999","-9999"
"3061","520.089455","520.089518757","520.089463718","1798955.1","-9999","384732.8","12.93","-1","0.105825126","0.665313351","0.93031813","0.771315263","9","0.555555556","1.333333333","13C1 N4 S2 O10","de-protonated","1","3042","C17 H24 O10 N4 S2 13C1","17","24","10","4","-9999","2","1","-9999","-9999"
"3062","520.125727","520.125790743","520.125652523","2146114.8","-9999","331889.9","15.73","-1","0.265742807","0.658178652","0.921268167","0.763414458","16","0.103448276","1","13C1 S2 P1 O3","de-protonated","1","3048","C28 H29 O3 P1 S2 13C1","28","29","3","-9999","1","2","1","-9999","-9999"
"3062","520.125727","520.125790743","520.125788869","2146114.8","-9999","331889.9","15.73","-1","0.003603034","0.499998822","0.767553728","0.607020785","16","0.178571429","0.964285714","N1 S2 O5","de-protonated","0","-9999","C28 H27 O5 N1 S2","28","27","5","1","-9999","2","-9999","-9999","-9999"
"3062","520.125727","520.125790743","520.125921811","2146114.8","-9999","331889.9","15.73","-1","-0.251992246","0.988544116","0","0.59312647","3","0.764705882","1.882352941","N1 S1 P1 O13","de-protonated","0","-9999","C17 H32 O13 N1 P1 S1","17","32","13","1","1","1","-9999","-9999","-9999"
"3062","520.125727","520.125790743","520.125408746","2146114.8","-9999","331889.9","15.73","-1","0.734431628","0.453382674","0.755017935","0.574036779","21","0.066666667","0.8","N3 S1 P1 O2","de-protonated","0","-9999","C30 H24 O2 N3 P1 S1","30","24","2","3","1","1","-9999","-9999","-9999"
"3062","520.125727","520.125790743","520.126120554","2146114.8","-9999","331889.9","15.73","-1","-0.634098128","0.929640835","0.96981474","0.945710397","22","0.137931034","0.724137931","13C1 N4 P1 O4","de-protonated","1","3048","C28 H21 O4 N4 P1 13C1","28","21","4","4","1","-9999","1","-9999","-9999"
"3062","520.125727","520.125790743","520.125849228","2146114.8","-9999","331889.9","15.73","-1","-0.112443631","0.66513898","0.930900115","0.771443434","8","0.473684211","1.473684211","13C1 N4 S2 O9","de-protonated","1","3048","C18 H28 O9 N4 S2 13C1","18","28","9","4","-9999","2","1","-9999","-9999"
"3063","520.148699","520.148762734","520.148907096","2533201.8","-9999","387608","18.86","-1","-0.277539965","0.493060256","0.73113591","0.588290518","25","0.029411765","0.676470588","N3 S1 O1","de-protonated","0","-9999","C34 H23 O1 N3 S1","34","23","1","3","-9999","1","-9999","-9999","-9999"
"3063","520.148699","520.148762734","520.149040038","2533201.8","-9999","387608","18.86","-1","-0.533123813","0.474867858","0.800793265","0.605238021","12","0.391304348","1.217391304","N3 P1 O9","de-protonated","0","-9999","C23 H28 O9 N3 P1","23","28","9","3","1","-9999","-9999","-9999","-9999"
"3064","520.151442","520.151505733","520.15140902","1555795.6","-9999","457580.2","10.96","-1","0.18593313","0.496873374","0.755017935","0.600131198","21","0.2","0.766666667","N3 O6","de-protonated","0","-9999","C30 H23 O6 N3","30","23","6","3","-9999","-9999","-9999","-9999","-9999"
"3065","520.154086","520.154149732","520.15393217","10113877","-9999","342565.9","80.12","-1","0.418265045","0.651644341","0.924357884","0.760729758","15","0.068965517","1.103448276","N1 S2 P1 O2","de-protonated","0","-9999","C29 H32 O2 N1 P1 S2","29","32","2","1","1","2","-9999","-9999","-9999"
"3066","520.162177","520.162240729","520.162038033","2009434.6","-9999","415339.3","14.63","-1","0.389678975","0.648548794","0.936714318","0.763815003","15","0.066666667","1.1","13C1 S2 P1 O2","de-protonated","1","3052","C29 H33 O2 P1 S2 13C1","29","33","2","-9999","1","2","1","-9999","-9999"
"3066","520.162177","520.162240729","520.162174378","2009434.6","-9999","415339.3","14.63","-1","0.127557506","0.498526009","0.761234226","0.603609296","15","0.137931034","1.068965517","N1 S2 O4","de-protonated","0","-9999","C29 H31 O4 N1 S2","29","31","4","1","-9999","2","-9999","-9999","-9999"
"3066","520.162177","520.162240729","520.16230732","2009434.6","-9999","415339.3","14.63","-1","-0.128019926","0.997030636","0","0.598218382","2","0.666666667","2","N1 S1 P1 O12","de-protonated","0","-9999","C18 H36 O12 N1 P1 S1","18","36","12","1","1","1","-9999","-9999","-9999"
"3066","520.162177","520.162240729","520.161794256","2009434.6","-9999","415339.3","14.63","-1","0.85833507","0.43743484","0.748902347","0.562021843","20","0.032258065","0.903225806","N3 S1 P1 O1","de-protonated","0","-9999","C31 H28 O1 N3 P1 S1","31","28","1","3","1","1","-9999","-9999","-9999"
"3066","520.162177","520.162240729","520.162506063","2009434.6","-9999","415339.3","14.63","-1","-0.510099127","0.953884054","0.990974116","0.968720079","21","0.1","0.833333333","13C1 N4 P1 O3","de-protonated","1","3052","C29 H25 O3 N4 P1 13C1","29","25","3","4","1","-9999","1","-9999","-9999"
"3066","520.162177","520.162240729","520.162234737","2009434.6","-9999","415339.3","14.63","-1","0.011518944","0.666650616","0.92970085","0.77187071","7","0.4","1.6","13C1 N4 S2 O8","de-protonated","1","3052","C19 H32 O8 N4 S2 13C1","19","32","8","4","-9999","2","1","-9999","-9999"
"3067","520.198526","520.198589715","520.198423542","1636722.4","-9999","399785.3","11.61","-1","0.319441198","0.654436566","0.926716845","0.763348678","14","0.032258065","1.193548387","13C1 S2 P1 O1","de-protonated","1","3055","C30 H37 O1 P1 S2 13C1","30","37","1","-9999","1","2","1","-9999","-9999"
"3067","520.198526","520.198589715","520.198559888","1636722.4","-9999","399785.3","11.61","-1","0.057338082","0.499701819","0.755017935","0.601828265","14","0.1","1.166666667","N1 S2 O3","de-protonated","0","-9999","C30 H35 O3 N1 S2","30","35","3","1","-9999","2","-9999","-9999","-9999"
"3067","520.198526","520.198589715","520.198692829","1636722.4","-9999","399785.3","11.61","-1","-0.198221456","0.992895919","0","0.595737551","1","0.578947368","2.105263158","N1 S1 P1 O11","de-protonated","0","-9999","C19 H40 O11 N1 P1 S1","19","40","11","1","1","1","-9999","-9999","-9999"
"3067","520.198526","520.198589715","520.198891573","1636722.4","-9999","399785.3","11.61","-1","-0.580273905","0.940731981","0.973751857","0.953939932","20","0.064516129","0.935483871","13C1 N4 P1 O2","de-protonated","1","3055","C30 H29 O2 N4 P1 13C1","30","29","2","4","1","-9999","1","-9999","-9999"
"3067","520.198526","520.198589715","520.198620247","1636722.4","-9999","399785.3","11.61","-1","-0.058692355","0.666250095","0.9320354","0.772564217","6","0.333333333","1.714285714","13C1 N4 S2 O7","de-protonated","1","3055","C20 H36 O7 N4 S2 13C1","20","36","7","4","-9999","2","1","-9999","-9999"
"3069","521.028995","521.029058394","521.028791225","1932178.8","-9999","367643.7","14","-1","0.512772277","0.476705459","0.780512821","0.598228404","18","0.230769231","0.730769231","S2 P1 O6","de-protonated","0","-9999","C26 H19 O6 P1 S2","26","19","6","-9999","1","2","-9999","-9999","-9999"
"3069","521.028995","521.029058394","521.029259255","1932178.8","-9999","367643.7","14","-1","-0.385509118","0.486696968","0.780512821","0.604223309","24","0.269230769","0.423076923","N4 P1 O7","de-protonated","0","-9999","C26 H11 O7 N4 P1","26","11","7","4","1","-9999","-9999","-9999","-9999"
"3069","521.028995","521.029058394","521.028987929","1932178.8","-9999","367643.7","14","-1","0.135241285","0.996686767","0","0.59801206","10","0.75","1.125","N4 S2 O12","de-protonated","0","-9999","C16 H18 O12 N4 S2","16","18","12","4","-9999","2","-9999","-9999","-9999"
"3070","521.056344","521.056407383","521.056128908","1248804.8","-9999","184952.6","8.48","-1","0.534442993","0.949493055","0","0.569695833","23","0.222222222","0.518518519","N4 S1 O6","de-protonated","0","-9999","C27 H14 O6 N4 S1","27","14","6","4","-9999","1","-9999","-9999","-9999"
"3070","521.056344","521.056407383","521.05626185","1248804.8","-9999","184952.6","8.48","-1","0.27930394","0.985944773","0","0.591566864","10","0.875","1.1875","N4 P1 O14","de-protonated","0","-9999","C16 H19 O14 N4 P1","16","19","14","4","1","-9999","-9999","-9999","-9999"
"3071","521.059941","521.060004382","521.06015166","2202023","-9999","366841.9","16.18","-1","-0.282651808","0.49280413","0.742885034","0.592836491","27","0.125","0.4375","N2 S1 O4","de-protonated","0","-9999","C32 H14 O4 N2 S1","32","14","4","2","-9999","1","-9999","-9999","-9999"
"3071","521.059941","521.060004382","521.060284602","2202023","-9999","366841.9","16.18","-1","-0.537788682","0.474437606","0.81490939","0.61062632","14","0.571428571","0.904761905","N2 P1 O12","de-protonated","0","-9999","C21 H19 O12 N2 P1","21","19","12","2","1","-9999","-9999","-9999","-9999"
"3071","521.059941","521.060004382","521.059771538","2202023","-9999","366841.9","16.18","-1","0.446866058","0.482207607","0.73113591","0.581778928","32","0.029411765","0.323529412","N4 P1 O1","de-protonated","0","-9999","C34 H11 O1 N4 P1","34","11","1","4","1","-9999","-9999","-9999","-9999"
"3071","521.059941","521.060004382","521.059500212","2202023","-9999","366841.9","16.18","-1","0.967586401","0.421884502","0.793917021","0.57069751","18","0.25","0.75","N4 S2 O6","de-protonated","0","-9999","C24 H18 O6 N4 S2","24","18","6","4","-9999","2","-9999","-9999","-9999"
"3072","521.062618","521.062681381","521.062653584","1509800.9","-9999","370590.6","10.58","-1","0.053346601","0.999483756","0","0.599690253","23","0.321428571","0.5","N2 O9","de-protonated","0","-9999","C28 H14 O9 N2","28","14","9","2","-9999","-9999","-9999","-9999","-9999"
"3072","521.062618","521.062681381","521.063142841","1509800.9","-9999","370590.6","10.58","-1","-0.88561326","0.433675226","0.748902347","0.559766074","27","0.032258065","0.483870968","N4 S1 P1 O1","de-protonated","0","-9999","C31 H15 O1 N4 P1 S1","31","15","1","4","1","1","-9999","-9999","-9999"
"3073","521.065383","521.06544638","521.065176734","7806378.5","-9999","351173.3","61.47","-1","0.517489394","0.631543795","0.888768017","0.734433484","17","0.185185185","0.851851852","S2 P1 O5","de-protonated","0","-9999","C27 H23 O5 P1 S2","27","23","5","-9999","1","2","-9999","-9999","-9999"
"3073","521.065383","521.06544638","521.065644765","7806378.5","-9999","351173.3","61.47","-1","-0.38072928","0.977646604","0.938900233","0.962148056","23","0.222222222","0.555555556","N4 P1 O6","de-protonated","0","-9999","C27 H15 O6 N4 P1","27","15","6","4","1","-9999","-9999","-9999","-9999"
"3073","521.065383","521.06544638","521.065373439","7806378.5","-9999","351173.3","61.47","-1","0.139984762","0.663150386","0.929726258","0.769780735","9","0.647058824","1.294117647","N4 S2 O11","de-protonated","0","-9999","C17 H22 O11 N4 S2","17","22","11","4","-9999","2","-9999","-9999","-9999"
"3074","521.074595","521.074658376","521.074756353","1218224.8","-9999","392706","8.23","-1","-0.188028431","0.99360547","0","0.596163282","22","0.107142857","0.642857143","N4 S2 O3","de-protonated","0","-9999","C28 H18 O3 N4 S2","28","18","3","4","-9999","2","-9999","-9999","-9999"
"3074","521.074595","521.074658376","521.074889295","1218224.8","-9999","392706","8.23","-1","-0.443158178","0.964992879","0","0.578995727","9","0.647058824","1.352941176","N4 S1 P1 O11","de-protonated","0","-9999","C17 H23 O11 N4 P1 S1","17","23","11","4","1","1","-9999","-9999","-9999"
"3075","521.080458","521.080521374","521.080432875","1255348.6","-9999","337992.1","8.53","-1","0.169836707","0.994779875","0","0.596867925","21","0.064516129","0.741935484","S2 P1 O2","de-protonated","0","-9999","C31 H23 O2 P1 S2","31","23","2","-9999","1","2","-9999","-9999","-9999"
"3075","521.080458","521.080521374","521.080900906","1255348.6","-9999","337992.1","8.53","-1","-0.728355357","0.908228932","0","0.544937359","27","0.096774194","0.483870968","N4 P1 O3","de-protonated","0","-9999","C31 H15 O3 N4 P1","31","15","3","4","1","-9999","-9999","-9999","-9999"
"3075","521.080458","521.080521374","521.08062958","1255348.6","-9999","337992.1","8.53","-1","-0.207656741","0.992206223","0","0.595323734","13","0.380952381","1.047619048","N4 S2 O8","de-protonated","0","-9999","C21 H22 O8 N4 S2","21","22","8","4","-9999","2","-9999","-9999","-9999"
"3076","521.093253","521.093316369","521.093678931","1615293","-9999","304064.6","11.44","-1","-0.695770773","0.915908547","0","0.549545128","13","0.608695652","0.956521739","O14","de-protonated","0","-9999","C23 H22 O14","23","22","14","-9999","-9999","-9999","-9999","-9999","-9999"
"3076","521.093253","521.093316369","521.093029521","1615293","-9999","304064.6","11.44","-1","0.550473912","0.946501373","0.812703523","0.892982233","31","0.027027027","0.432432432","13C1 N1 P1 O1","de-protonated","1","3061","C36 H16 O1 N1 P1 13C1","36","16","1","1","1","-9999","1","-9999","-9999"
"3076","521.093253","521.093316369","521.093165866","1615293","-9999","304064.6","11.44","-1","0.28882071","0.492488998","0.719752637","0.583394453","31","0.083333333","0.388888889","N2 O3","de-protonated","0","-9999","C36 H14 O3 N2","36","14","3","2","-9999","-9999","-9999","-9999","-9999"
"3076","521.093253","521.093316369","521.093516739","1615293","-9999","304064.6","11.44","-1","-0.384519122","0.97352858900000006","0","0.584117153","8","0.444444444","1.5","N4 S2 P1 O8","de-protonated","0","-9999","C18 H27 O8 N4 P1 S2","18","27","8","4","1","2","-9999","-9999","-9999"
"3077","521.096338","521.096401368","521.09653717","1921983","-9999","394737.3","13.92","-1","-0.260608169","0.49387612","0.736963647","0.591111131","26","0.090909091","0.545454545","N2 S1 O3","de-protonated","0","-9999","C33 H18 O3 N2 S1","33","18","3","2","-9999","1","-9999","-9999","-9999"
"3077","521.096338","521.096401368","521.096670112","1921983","-9999","394737.3","13.92","-1","-0.515727234","0.952885301","0","0.571731181","13","0.5","1.045454545","N2 P1 O11","de-protonated","0","-9999","C22 H23 O11 N2 P1","22","23","11","2","1","-9999","-9999","-9999","-9999"
"3077","521.096338","521.096401368","521.095885721","1921983","-9999","394737.3","13.92","-1","0.989542769","0.418607812","0.787157861","0.566027832","17","0.2","0.88","N4 S2 O5","de-protonated","0","-9999","C25 H22 O5 N4 S2","25","22","5","4","-9999","2","-9999","-9999","-9999"
"3077","521.096338","521.096401368","521.096018663","1921983","-9999","394737.3","13.92","-1","0.734423066","0.906767418","0","0.544060451","4","0.928571429","1.928571429","N4 S1 P1 O13","de-protonated","0","-9999","C14 H27 O13 N4 P1 S1","14","27","13","4","1","1","-9999","-9999","-9999"
"3078","521.101747","521.101810366","521.101562243","8369602.5","-9999","338856.8","66.02","-1","0.476149589","0.644309359","0.932922201","0.759754496","16","0.142857143","0.964285714","S2 P1 O4","de-protonated","0","-9999","C28 H27 O4 P1 S2","28","27","4","-9999","1","2","-9999","-9999","-9999"
"3078","521.101747","521.101810366","521.102030274","8369602.5","-9999","338856.8","66.02","-1","-0.42200633","0.961076079","0.982252037","0.969546462","22","0.178571429","0.678571429","N4 P1 O5","de-protonated","0","-9999","C28 H19 O5 N4 P1","28","19","5","4","1","-9999","-9999","-9999","-9999"
"3078","521.101747","521.101810366","521.101758948","8369602.5","-9999","338856.8","66.02","-1","0.098671332","0.666072335","0.93031813","0.771770653","8","0.555555556","1.444444444","N4 S2 O10","de-protonated","0","-9999","C18 H26 O10 N4 S2","18","26","10","4","-9999","2","-9999","-9999","-9999"
"3079","521.132694","521.132757354","521.132922679","2367446.8","-9999","355205.3","17.52","-1","-0.317242323","0.490952123","0.73113591","0.587025638","25","0.058823529","0.647058824","N2 S1 O2","de-protonated","0","-9999","C34 H22 O2 N2 S1","34","22","2","2","-9999","1","-9999","-9999","-9999"
"3079","521.132694","521.132757354","521.133055621","2367446.8","-9999","355205.3","17.52","-1","-0.572343561","0.471146768","0.800793265","0.603005367","12","0.434782609","1.173913043","N2 P1 O10","de-protonated","0","-9999","C23 H27 O10 N2 P1","23","27","10","2","1","-9999","-9999","-9999","-9999"
"3079","521.132694","521.132757354","521.13227123","2367446.8","-9999","355205.3","17.52","-1","0.932821258","0.426972465","0.780512821","0.568388607","16","0.153846154","1","N4 S2 O4","de-protonated","0","-9999","C26 H26 O4 N4 S2","26","26","4","4","-9999","2","-9999","-9999","-9999"
"3079","521.132694","521.132757354","521.132404172","2367446.8","-9999","355205.3","17.52","-1","0.677719382","0.920038255","0","0.552022953","3","0.8","2.066666667","N4 S1 P1 O12","de-protonated","0","-9999","C15 H31 O12 N4 P1 S1","15","31","12","4","1","1","-9999","-9999","-9999"
"3080","521.135538","521.135601353","521.135424603","1865176.8","-9999","450304.7","13.46","-1","0.33916334","0.489671978","0.755017935","0.595810361","21","0.233333333","0.733333333","N2 O7","de-protonated","0","-9999","C30 H22 O7 N2","30","22","7","2","-9999","-9999","-9999","-9999","-9999"
"3081","521.138112","521.138175352","521.137947753","8642010","-9999","349828.4","68.22","-1","0.436734434","0.63995209","0.929847667","0.75591032","15","0.103448276","1.068965517","S2 P1 O3","de-protonated","0","-9999","C29 H31 O3 P1 S2","29","31","3","-9999","1","2","-9999","-9999","-9999"
"3081","521.138112","521.138175352","521.138415783","8642010","-9999","349828.4","68.22","-1","-0.461358741","0.967706726","0.97839424","0.971981731","21","0.137931034","0.793103448","N4 P1 O4","de-protonated","0","-9999","C29 H23 O4 N4 P1","29","23","4","4","1","-9999","-9999","-9999","-9999"
"3081","521.138112","521.138175352","521.138144457","8642010","-9999","349828.4","68.22","-1","0.059282547","0.665379034","0.930900115","0.771587466","7","0.473684211","1.578947368","N4 S2 O9","de-protonated","0","-9999","C19 H30 O9 N4 S2","19","30","9","4","-9999","2","-9999","-9999","-9999"
"3082","521.157368","521.157431344","521.157287005","2715623.3","-9999","314520.2","20.33","-1","0.276959156","0.657452094","0.924357884","0.76421441","15","0.068965517","1.103448276","13C1 N1 S2 P1 O2","de-protonated","1","3065","C28 H32 O2 N1 P1 S2 13C1","28","32","2","1","1","2","1","-9999","-9999"
"3082","521.157368","521.157431344","521.157423351","2715623.3","-9999","314520.2","20.33","-1","0.015338288","0.499978656","0.767553728","0.607008685","15","0.142857143","1.071428571","N2 S2 O4","de-protonated","0","-9999","C28 H30 O4 N2 S2","28","30","4","2","-9999","2","-9999","-9999","-9999"
"3082","521.157368","521.157431344","521.157556292","2715623.3","-9999","314520.2","20.33","-1","-0.239751043","0.494812214","0.844689208","0.634763012","2","0.705882353","2.058823529","N2 S1 P1 O12","de-protonated","0","-9999","C17 H35 O12 N2 P1 S1","17","35","12","2","1","1","-9999","-9999","-9999"
"3082","521.157368","521.157431344","521.157043228","2715623.3","-9999","314520.2","20.33","-1","0.74472021","0.452132451","0.755017935","0.573286645","20","0.033333333","0.9","N4 S1 P1 O1","de-protonated","0","-9999","C30 H27 O1 N4 P1 S1","30","27","1","4","1","1","-9999","-9999","-9999"
"3083","521.169184","521.16924734","521.169308188","1980910.9","-9999","316016.1","14.39","-1","-0.116754526","0.498764809","0.725399619","0.589418733","24","0.028571429","0.742857143","N2 S1 O1","de-protonated","0","-9999","C35 H26 O1 N2 S1","35","26","1","2","-9999","1","-9999","-9999","-9999"
"3083","521.169184","521.16924734","521.16944113","1980910.9","-9999","316016.1","14.39","-1","-0.371838006","0.487612175","0.793917021","0.610134114","11","0.375","1.291666667","N2 P1 O9","de-protonated","0","-9999","C24 H31 O9 N2 P1","24","31","9","2","1","-9999","-9999","-9999","-9999"
"3083","521.169184","521.16924734","521.168789682","1980910.9","-9999","316016.1","14.39","-1","0.878137915","0.86942793","0","0.521656758","2","0.6875","2.1875","N4 S1 P1 O11","de-protonated","0","-9999","C16 H35 O11 N4 P1 S1","16","35","11","4","1","1","-9999","-9999","-9999"
"3084","521.17448","521.174543338","521.174333262","7087602.5","-9999","344851","55.66","-1","0.403081011","0.643206176","0.920937552","0.754298727","14","0.066666667","1.166666667","S2 P1 O2","de-protonated","0","-9999","C30 H35 O2 P1 S2","30","35","2","-9999","1","2","-9999","-9999","-9999"
"3084","521.17448","521.174543338","521.174801293","7087602.5","-9999","344851","55.66","-1","-0.494949434","0.962951553","0.968719377","0.965258683","20","0.1","0.9","N4 P1 O3","de-protonated","0","-9999","C30 H27 O3 N4 P1","30","27","3","4","1","-9999","-9999","-9999","-9999"
"3084","521.17448","521.174543338","521.174529967","7087602.5","-9999","344851","55.66","-1","0.025655488","0.665952927","0.931472459","0.77216074","6","0.4","1.7","N4 S2 O8","de-protonated","0","-9999","C20 H34 O8 N4 S2","20","34","8","4","-9999","2","-9999","-9999","-9999"
"3085","521.194446","521.19450933","521.194460309","1666559.5","-9999","427025.9","11.85","-1","0.094055678","0.499198054","0.714192896","0.585195991","23","0.027027027","0.810810811","S1 O1","de-protonated","0","-9999","C37 H30 O1 S1","37","30","1","-9999","-9999","1","-9999","-9999","-9999"
"3085","521.194446","521.19450933","521.19459325","1666559.5","-9999","427025.9","11.85","-1","-0.161015545","0.995306808","0","0.597184085","10","0.346153846","1.346153846","P1 O9","de-protonated","0","-9999","C26 H35 O9 P1","26","35","9","-9999","1","-9999","-9999","-9999","-9999"
"3085","521.194446","521.19450933","521.194789955","1666559.5","-9999","427025.9","11.85","-1","-0.538426183","0.948757093","0","0.569254256","2","0.9375","2.125","N4 O15","de-protonated","0","-9999","C16 H34 O15 N4","16","34","15","4","-9999","-9999","-9999","-9999","-9999"
"3086","521.205141","521.205204326","521.205042249","1081350.5","-9999","357272.8","7.12","-1","0.310965054","0.982607079","0","0.589564248","14","0.071428571","1.214285714","N4 S2 O2","de-protonated","0","-9999","C28 H34 O2 N4 S2","28","34","2","4","-9999","2","-9999","-9999","-9999"
"3086","521.205141","521.205204326","521.205175191","1081350.5","-9999","357272.8","7.12","-1","0.055898954","0.999433189","0","0.599659914","1","0.588235294","2.294117647","N4 S1 P1 O10","de-protonated","0","-9999","C17 H39 O10 N4 P1 S1","17","39","10","4","1","1","-9999","-9999","-9999"
"3087","521.210909","521.210972323","521.210718771","4014602.3","-9999","366916.6","30.83","-1","0.48646744","0.929603504","0.975117382","0.947809055","13","0.032258065","1.258064516","S2 P1 O1","de-protonated","0","-9999","C31 H39 O1 P1 S2","31","39","1","-9999","1","2","-9999","-9999","-9999"
"3087","521.210909","521.210972323","521.211186802","4014602.3","-9999","366916.6","30.83","-1","-0.411500389","0.983115727","0.975117382","0.979916389","19","0.064516129","1","N4 P1 O2","de-protonated","0","-9999","C31 H31 O2 N4 P1","31","31","2","4","1","-9999","-9999","-9999","-9999"
"3087","521.210909","521.210972323","521.210915476","4014602.3","-9999","366916.6","30.83","-1","0.109068234","0.985967896","0.958875574","0.975130967","5","0.333333333","1.80952381","N4 S2 O7","de-protonated","0","-9999","C21 H38 O7 N4 S2","21","38","7","4","-9999","2","-9999","-9999","-9999"
"3088","521.24728","521.247343309","521.247572311","1541154.1","-9999","364891","10.84","-1","-0.439334452","0.482791954","0.742885034","0.586829186","18","0.03125","1.09375","N4 P1 O1","de-protonated","0","-9999","C32 H35 O1 N4 P1","32","35","1","4","1","-9999","-9999","-9999","-9999"
"3088","521.24728","521.247343309","521.247300985","1541154.1","-9999","364891","10.84","-1","0.081197818","0.998804409","0","0.599282645","4","0.272727273","1.909090909","N4 S2 O6","de-protonated","0","-9999","C22 H42 O6 N4 S2","22","42","6","4","-9999","2","-9999","-9999","-9999"
"3089","522.068768","522.068830992","522.068531569","1541695.6","-9999","292345.9","10.84","-1","0.573531479","0.628040552","0.888768017","0.732331538","17","0.185185185","0.851851852","13C1 S2 P1 O5","de-protonated","1","3073","C26 H23 O5 P1 S2 13C1","26","23","5","-9999","1","2","1","-9999","-9999"
"3089","522.068768","522.068830992","522.068939241","1541695.6","-9999","292345.9","10.84","-1","-0.207346261","0.49611471","0.719752637","0.585569881","31","0.055555556","0.388888889","N1 P1 O2","de-protonated","0","-9999","C36 H14 O2 N1 P1","36","14","2","1","1","-9999","-9999","-9999","-9999"
"3089","522.068768","522.068830992","522.068667915","1541695.6","-9999","292345.9","10.84","-1","0.312367179","0.982451266","0","0.589470759","17","0.269230769","0.807692308","N1 S2 O7","de-protonated","0","-9999","C26 H21 O7 N1 S2","26","21","7","1","-9999","2","-9999","-9999","-9999"
"3089","522.068768","522.068830992","522.0689996","1541695.6","-9999","292345.9","10.84","-1","-0.322960974","0.981252182","0.938900233","0.964311403","23","0.222222222","0.555555556","13C1 N4 P1 O6","de-protonated","1","3073","C26 H15 O6 N4 P1 13C1","26","15","6","4","1","-9999","1","-9999","-9999"
"3089","522.068768","522.068830992","522.068728274","1541695.6","-9999","292345.9","10.84","-1","0.196752346","0.662000309","0.929726258","0.769090689","9","0.647058824","1.294117647","13C1 N4 S2 O11","de-protonated","1","3073","C16 H22 O11 N4 S2 13C1","16","22","11","4","-9999","2","1","-9999","-9999"
"3090","522.105056","522.105118978","522.104917078","2288215.5","-9999","340354.1","16.87","-1","0.386702657","0.648820777","0.932922201","0.762461346","16","0.142857143","0.964285714","13C1 S2 P1 O4","de-protonated","1","3078","C27 H27 O4 P1 S2 13C1","27","27","4","-9999","1","2","1","-9999","-9999"
"3090","522.105056","522.105118978","522.10532475","2288215.5","-9999","340354.1","16.87","-1","-0.394120518","0.486104439","0.714192896","0.577339822","30","0.027027027","0.486486486","N1 P1 O1","de-protonated","0","-9999","C37 H18 O1 N1 P1","37","18","1","1","1","-9999","-9999","-9999","-9999"
"3090","522.105056","522.105118978","522.105053424","2288215.5","-9999","340354.1","16.87","-1","0.125556607","0.498571823","0.773979033","0.608734707","16","0.222222222","0.925925926","N1 S2 O6","de-protonated","0","-9999","C27 H25 O6 N1 S2","27","25","6","1","-9999","2","-9999","-9999","-9999"
"3090","522.105056","522.105118978","522.105186366","2288215.5","-9999","340354.1","16.87","-1","-0.12906976","0.99698181","0","0.598189086","3","0.875","1.875","N1 S1 P1 O14","de-protonated","0","-9999","C16 H30 O14 N1 P1 S1","16","30","14","1","1","1","-9999","-9999","-9999"
"3090","522.105056","522.105118978","522.104673302","2288215.5","-9999","340354.1","16.87","-1","0.853614766","0.438076709","0.761234226","0.567339716","21","0.103448276","0.75862069","N3 S1 P1 O3","de-protonated","0","-9999","C29 H22 O3 N3 P1 S1","29","22","3","3","1","1","-9999","-9999","-9999"
"3090","522.105056","522.105118978","522.105385109","2288215.5","-9999","340354.1","16.87","-1","-0.509727152","0.953949715","0.982252037","0.965270644","22","0.178571429","0.678571429","13C1 N4 P1 O5","de-protonated","1","3078","C27 H19 O5 N4 P1 13C1","27","19","5","4","1","-9999","1","-9999","-9999"
"3090","522.105056","522.105118978","522.105113783","2288215.5","-9999","340354.1","16.87","-1","0.009949852","0.666654691","0.93031813","0.772120067","8","0.555555556","1.444444444","13C1 N4 S2 O10","de-protonated","1","3078","C17 H26 O10 N4 S2 13C1","17","26","10","4","-9999","2","1","-9999","-9999"
"3091","522.141506","522.141568964","522.141302588","2397295.8","-9999","388190.5","17.75","-1","0.510160595","0.635915467","0.929847667","0.753488347","15","0.103448276","1.068965517","13C1 S2 P1 O3","de-protonated","1","3081","C28 H31 O3 P1 S2 13C1","28","31","3","-9999","1","2","1","-9999","-9999"
"3091","522.141506","522.141568964","522.141438933","2397295.8","-9999","388190.5","17.75","-1","0.24903271","0.494405061","0.767553728","0.603664528","15","0.178571429","1.035714286","N1 S2 O5","de-protonated","0","-9999","C28 H29 O5 N1 S2","28","29","5","1","-9999","2","-9999","-9999","-9999"
"3091","522.141506","522.141568964","522.141571875","2397295.8","-9999","388190.5","17.75","-1","-0.005575944","0.999994359","0","0.599996615","2","0.764705882","2","N1 S1 P1 O13","de-protonated","0","-9999","C17 H34 O13 N1 P1 S1","17","34","13","1","1","1","-9999","-9999","-9999"
"3091","522.141506","522.141568964","522.141058811","2397295.8","-9999","388190.5","17.75","-1","0.977040225","0.420479532","0.755017935","0.554294893","20","0.066666667","0.866666667","N3 S1 P1 O2","de-protonated","0","-9999","C30 H26 O2 N3 P1 S1","30","26","2","3","1","1","-9999","-9999","-9999"
"3091","522.141506","522.141568964","522.141770618","2397295.8","-9999","388190.5","17.75","-1","-0.386206857","0.973298839","0.97839424","0.975336999","21","0.137931034","0.793103448","13C1 N4 P1 O4","de-protonated","1","3081","C28 H23 O4 N4 P1 13C1","28","23","4","4","1","-9999","1","-9999","-9999"
"3091","522.141506","522.141568964","522.141499292","2397295.8","-9999","388190.5","17.75","-1","0.133433998","0.664516391","0.930900115","0.77106988","7","0.473684211","1.578947368","13C1 N4 S2 O9","de-protonated","1","3081","C18 H30 O9 N4 S2 13C1","18","30","9","4","-9999","2","1","-9999","-9999"
"3092","522.170082","522.170144953","522.170430387","1074050.5","-9999","380535","7.06","-1","-0.54663145","0.94722564","0","0.568335384","15","0.222222222","1.074074074","N3 S1 O6","de-protonated","0","-9999","C27 H29 O6 N3 S1","27","29","6","3","-9999","1","-9999","-9999","-9999"
"3092","522.170082","522.170144953","522.170563329","1074050.5","-9999","380535","7.06","-1","-0.801225765","0.890044966","0","0.53402698","2","0.875","2.125","N3 P1 O14","de-protonated","0","-9999","C16 H34 O14 N3 P1","16","34","14","3","1","-9999","-9999","-9999","-9999"
"3093","522.177877","522.17793995","522.177688097","1926279.6","-9999","347121.3","13.94","-1","0.482311889","0.63911264","0.920937552","0.751842605","14","0.066666667","1.166666667","13C1 S2 P1 O2","de-protonated","1","3084","C29 H35 O2 P1 S2 13C1","29","35","2","-9999","1","2","1","-9999","-9999"
"3093","522.177877","522.17793995","522.177824443","1926279.6","-9999","347121.3","13.94","-1","0.221202207","0.495580468","0.761234226","0.601841971","14","0.137931034","1.137931034","N1 S2 O4","de-protonated","0","-9999","C29 H33 O4 N1 S2","29","33","4","1","-9999","2","-9999","-9999","-9999"
"3093","522.177877","522.17793995","522.177957385","1926279.6","-9999","347121.3","13.94","-1","-0.033388699","0.999797741","0","0.599878644","1","0.666666667","2.111111111","N1 S1 P1 O12","de-protonated","0","-9999","C18 H38 O12 N1 P1 S1","18","38","12","1","1","1","-9999","-9999","-9999"
"3093","522.177877","522.17793995","522.17744432","1926279.6","-9999","347121.3","13.94","-1","0.949158974","0.424596997","0.748902347","0.554319137","19","0.032258065","0.967741935","N3 S1 P1 O1","de-protonated","0","-9999","C31 H30 O1 N3 P1 S1","31","30","1","3","1","1","-9999","-9999","-9999"
"3093","522.177877","522.17793995","522.178156128","1926279.6","-9999","347121.3","13.94","-1","-0.413993079","0.969380046","0.968719377","0.969115778","20","0.1","0.9","13C1 N4 P1 O3","de-protonated","1","3084","C29 H27 O3 N4 P1 13C1","29","27","3","4","1","-9999","1","-9999","-9999"
"3093","522.177877","522.17793995","522.177884802","1926279.6","-9999","347121.3","13.94","-1","0.105611553","0.665318803","0.931472459","0.771780265","6","0.4","1.7","13C1 N4 S2 O8","de-protonated","1","3084","C19 H34 O8 N4 S2 13C1","19","34","8","4","-9999","2","1","-9999","-9999"
"3094","522.214406","522.214468936","522.214073607","1173663.8","-9999","392183.7","7.86","-1","0.757024859","0.901238079","0.975117382","0.9307898","13","0.032258065","1.258064516","13C1 S2 P1 O1","de-protonated","1","3087","C30 H39 O1 P1 S2 13C1","30","39","1","-9999","1","2","1","-9999","-9999"
"3094","522.214406","522.214468936","522.214209952","1173663.8","-9999","392183.7","7.86","-1","0.495933299","0.956353873","0","0.573812324","13","0.1","1.233333333","N1 S2 O3","de-protonated","0","-9999","C30 H37 O3 N1 S2","30","37","3","1","-9999","2","-9999","-9999","-9999"
"3094","522.214406","522.214468936","522.214342894","1173663.8","-9999","392183.7","7.86","-1","0.241360061","0.989485434","0","0.59369126","0","0.578947368","2.210526316","N1 S1 P1 O11","de-protonated","0","-9999","C19 H42 O11 N1 P1 S1","19","42","11","1","1","1","-9999","-9999","-9999"
"3094","522.214406","522.214468936","522.214541637","1173663.8","-9999","392183.7","7.86","-1","-0.139217905","0.996489406","0.975117382","0.987940597","19","0.064516129","1","13C1 N4 P1 O2","de-protonated","1","3087","C30 H31 O2 N4 P1 13C1","30","31","2","4","1","-9999","1","-9999","-9999"
"3094","522.214406","522.214468936","522.214270311","1173663.8","-9999","392183.7","7.86","-1","0.380350666","0.974091955","0.958875574","0.968005403","5","0.333333333","1.80952381","13C1 N4 S2 O7","de-protonated","1","3087","C20 H38 O7 N4 S2 13C1","20","38","7","4","-9999","2","1","-9999","-9999"
"3098","523.039145","523.039207617","523.039416216","1265858","-9999","373276.1","8.6","-1","-0.398820492","0.97155167","0","0.582931002","27","0.161290323","0.387096774","N2 S1 O5","de-protonated","0","-9999","C31 H12 O5 N2 S1","31","12","5","2","-9999","1","-9999","-9999","-9999"
"3098","523.039145","523.039207617","523.039549157","1265858","-9999","373276.1","8.6","-1","-0.652991859","0.925547871","0","0.555328723","14","0.65","0.85","N2 P1 O13","de-protonated","0","-9999","C20 H17 O13 N2 P1","20","17","13","2","1","-9999","-9999","-9999","-9999"
"3098","523.039145","523.039207617","523.038764767","1265858","-9999","373276.1","8.6","-1","0.846686465","0.878028201","0","0.526816921","18","0.304347826","0.695652174","N4 S2 O7","de-protonated","0","-9999","C23 H16 O7 N4 S2","23","16","7","4","-9999","2","-9999","-9999","-9999"
"3099","523.044662","523.044724615","523.044441289","4549317.5","-9999","346786.7","35.14","-1","0.541685194","0.47407565","0.780512821","0.596650518","17","0.230769231","0.807692308","S2 P1 O6","de-protonated","0","-9999","C26 H21 O6 P1 S2","26","21","6","-9999","1","2","-9999","-9999","-9999"
"3099","523.044662","523.044724615","523.04490932","4549317.5","-9999","346786.7","35.14","-1","-0.353134534","0.488813351","0.780512821","0.605493139","23","0.269230769","0.5","N4 P1 O7","de-protonated","0","-9999","C26 H13 O7 N4 P1","26","13","7","4","1","-9999","-9999","-9999","-9999"
"3099","523.044662","523.044724615","523.044637994","4549317.5","-9999","346786.7","35.14","-1","0.165609077","0.497517942","0.85247738","0.639501717","9","0.75","1.25","N4 S2 O12","de-protonated","0","-9999","C16 H20 O12 N4 S2","16","20","12","4","-9999","2","-9999","-9999","-9999"
"3100","523.059997","523.060059609","523.05969743","1548495.9","-9999","292114.9","10.89","-1","0.692422324","0.458340687","0.755017935","0.577011586","21","0.1","0.7","S2 P1 O3","de-protonated","0","-9999","C30 H21 O3 P1 S2","30","21","3","-9999","1","2","-9999","-9999","-9999"
"3100","523.059997","523.060059609","523.060545584","1548495.9","-9999","292114.9","10.89","-1","-0.929098864","0.855019513","0","0.513011708","22","0.25","0.571428571","N2 S1 O7","de-protonated","0","-9999","C28 H16 O7 N2 S1","28","16","7","2","-9999","1","-9999","-9999","-9999"
"3100","523.059997","523.060059609","523.060165461","1548495.9","-9999","292114.9","10.89","-1","-0.202371439","0.496298228","0.755017935","0.599786111","27","0.133333333","0.433333333","N4 P1 O4","de-protonated","0","-9999","C30 H13 O4 N4 P1","30","13","4","4","1","-9999","-9999","-9999","-9999"
"3100","523.059997","523.060059609","523.059894135","1548495.9","-9999","292114.9","10.89","-1","0.316357119","0.982004178","0","0.589202507","13","0.45","1","N4 S2 O9","de-protonated","0","-9999","C20 H20 O9 N4 S2","20","20","9","4","-9999","2","-9999","-9999","-9999"
"3101","523.068944","523.069006605","523.069277049","1398997.8","-9999","396413.1","9.68","-1","-0.517033344","0.952652105","0","0.571591263","26","0.032258065","0.516129032","N4 S2 O1","de-protonated","0","-9999","C31 H16 O1 N4 S2","31","16","1","4","-9999","2","-9999","-9999","-9999"
"3101","523.068944","523.069006605","523.069409991","1398997.8","-9999","396413.1","9.68","-1","-0.77119017","0.897705017","0","0.53862301","13","0.45","1.05","N4 S1 P1 O9","de-protonated","0","-9999","C20 H21 O9 N4 P1 S1","20","21","9","4","1","1","-9999","-9999","-9999"
"3102","523.075644","523.075706603","523.075801725","2483930.3","-9999","367302.1","18.45","-1","-0.181851841","0.497008721","0.742885034","0.595359246","26","0.125","0.5","N2 S1 O4","de-protonated","0","-9999","C32 H16 O4 N2 S1","32","16","4","2","-9999","1","-9999","-9999","-9999"
"3102","523.075644","523.075706603","523.075934667","2483930.3","-9999","367302.1","18.45","-1","-0.436005582","0.483047284","0.81490939","0.615792127","13","0.571428571","1","N2 P1 O12","de-protonated","0","-9999","C21 H21 O12 N2 P1","21","21","12","2","1","-9999","-9999","-9999","-9999"
"3102","523.075644","523.075706603","523.075421602","2483930.3","-9999","367302.1","18.45","-1","0.544854931","0.473779484","0.73113591","0.576722055","31","0.029411765","0.382352941","N4 P1 O1","de-protonated","0","-9999","C34 H13 O1 N4 P1","34","13","1","4","1","-9999","-9999","-9999","-9999"
"3103","523.078459","523.078521602","523.078303648","1908444","-9999","529805.7","13.8","-1","0.416674067","0.484494205","0.767553728","0.597718014","22","0.321428571","0.571428571","N2 O9","de-protonated","0","-9999","C28 H16 O9 N2","28","16","9","2","-9999","-9999","-9999","-9999","-9999"
"3103","523.078459","523.078521602","523.078792906","1908444","-9999","529805.7","13.8","-1","-0.518667913","0.476179758","0.748902347","0.585268793","26","0.032258065","0.548387097","N4 S1 P1 O1","de-protonated","0","-9999","C31 H17 O1 N4 P1 S1","31","17","1","4","1","1","-9999","-9999","-9999"
"3104","523.081034","523.081096601","523.080826798","9423582","-9999","344535.5","74.53","-1","0.515794128","0.627741189","0.915071698","0.742673393","16","0.185185185","0.925925926","S2 P1 O5","de-protonated","0","-9999","C27 H25 O5 P1 S2","27","25","5","-9999","1","2","-9999","-9999","-9999"
"3104","523.081034","523.081096601","523.081294829","9423582","-9999","344535.5","74.53","-1","-0.378963333","0.980937346","0.965203914","0.974643974","22","0.222222222","0.62962963","N4 P1 O6","de-protonated","0","-9999","C27 H17 O6 N4 P1","27","17","6","4","1","-9999","-9999","-9999","-9999"
"3104","523.081034","523.081096601","523.081023503","9423582","-9999","344535.5","74.53","-1","0.13974418","0.661564264","0.929726258","0.768829062","8","0.647058824","1.411764706","N4 S2 O11","de-protonated","0","-9999","C17 H24 O11 N4 S2","17","24","11","4","-9999","2","-9999","-9999","-9999"
"3105","523.09672","523.096782594","523.096931093","1267176.3","-9999","290210.2","8.61","-1","-0.283883342","0.985483491","0","0.591290094","21","0.206896552","0.689655172","N2 S1 O6","de-protonated","0","-9999","C29 H20 O6 N2 S1","29","20","6","2","-9999","1","-9999","-9999","-9999"
"3105","523.09672","523.096782594","523.097064035","1267176.3","-9999","290210.2","8.61","-1","-0.538026792","0.948831108","0","0.569298665","8","0.777777778","1.388888889","N2 P1 O14","de-protonated","0","-9999","C18 H25 O14 N2 P1","18","25","14","2","1","-9999","-9999","-9999","-9999"
"3105","523.09672","523.096782594","523.09655097","1267176.3","-9999","290210.2","8.61","-1","0.442794001","0.965049374","0","0.579029625","26","0.096774194","0.548387097","N4 P1 O3","de-protonated","0","-9999","C31 H17 O3 N4 P1","31","17","3","4","1","-9999","-9999","-9999","-9999"
"3105","523.09672","523.096782594","523.096279644","1267176.3","-9999","290210.2","8.61","-1","0.961486813","0.845572397","0","0.507343438","12","0.380952381","1.142857143","N4 S2 O8","de-protonated","0","-9999","C21 H24 O8 N4 S2","21","24","8","4","-9999","2","-9999","-9999","-9999"
"3106","523.105372","523.105434591","523.105306243","1861357.9","-9999","420845.6","13.41","-1","0.245357729","0.989136156","0","0.593481694","8","0.888888889","1.333333333","N2 O16","de-protonated","0","-9999","C18 H24 O16 N2","18","24","16","2","-9999","-9999","-9999","-9999","-9999"
"3106","523.105372","523.105434591","523.105795501","1861357.9","-9999","420845.6","13.41","-1","-0.689935809","0.917253274","0","0.550351964","12","0.380952381","1.19047619","N4 S1 P1 O8","de-protonated","0","-9999","C21 H25 O8 N4 P1 S1","21","25","8","4","1","1","-9999","-9999","-9999"
"3107","523.112073","523.112135589","523.112187234","2466546.5","-9999","338616.5","18.31","-1","-0.098727829","0.499116475","0.736963647","0.594255344","25","0.090909091","0.606060606","N2 S1 O3","de-protonated","0","-9999","C33 H20 O3 N2 S1","33","20","3","2","-9999","1","-9999","-9999","-9999"
"3107","523.112073","523.112135589","523.112320176","2466546.5","-9999","338616.5","18.31","-1","-0.352863913","0.488830297","0.807789663","0.616414043","12","0.5","1.136363636","N2 P1 O11","de-protonated","0","-9999","C22 H25 O11 N2 P1","22","25","11","2","1","-9999","-9999","-9999","-9999"
"3107","523.112073","523.112135589","523.111668727","2466546.5","-9999","338616.5","18.31","-1","0.892469519","0.865433957","0","0.519260374","3","0.928571429","2.071428571","N4 S1 P1 O13","de-protonated","0","-9999","C14 H29 O13 N4 P1 S1","14","29","13","4","1","1","-9999","-9999","-9999"
"3108","523.117475","523.117537586","523.117212308","9014006","-9999","320194.7","71.22","-1","0.621808217","0.923744046","0.907761918","0.917351195","15","0.142857143","1.035714286","S2 P1 O4","de-protonated","0","-9999","C28 H29 O4 P1 S2","28","29","4","-9999","1","2","-9999","-9999","-9999"
"3108","523.117475","523.117537586","523.118060461","9014006","-9999","320194.7","71.22","-1","-0.999534576","0.417100948","0.780512821","0.562465697","16","0.307692308","0.923076923","N2 S1 O8","de-protonated","0","-9999","C26 H24 O8 N2 S1","26","24","8","2","-9999","1","-9999","-9999","-9999"
"3108","523.117475","523.117537586","523.117680338","9014006","-9999","320194.7","71.22","-1","-0.272887104","0.970126696","0.979669571","0.973943846","21","0.178571429","0.75","N4 P1 O5","de-protonated","0","-9999","C28 H21 O5 N4 P1","28","21","5","4","1","-9999","-9999","-9999","-9999"
"3108","523.117475","523.117537586","523.117409012","9014006","-9999","320194.7","71.22","-1","0.245784386","0.663030377","0.93031813","0.769945478","7","0.555555556","1.555555556","N4 S2 O10","de-protonated","0","-9999","C18 H28 O10 N4 S2","18","28","10","4","-9999","2","-9999","-9999","-9999"
"3109","523.14838","523.148442574","523.148572744","2312970.5","-9999","373143.2","17.06","-1","-0.24881864","0.494414622","0.73113591","0.589103137","24","0.058823529","0.705882353","N2 S1 O2","de-protonated","0","-9999","C34 H24 O2 N2 S1","34","24","2","2","-9999","1","-9999","-9999","-9999"
"3109","523.14838","523.148442574","523.148705685","2312970.5","-9999","373143.2","17.06","-1","-0.502937011","0.477570334","0.800793265","0.606859506","11","0.434782609","1.260869565","N2 P1 O10","de-protonated","0","-9999","C23 H29 O10 N2 P1","23","29","10","2","1","-9999","-9999","-9999","-9999"
"3109","523.14838","523.148442574","523.147921295","2312970.5","-9999","373143.2","17.06","-1","0.996428625","0.417570395","0.780512821","0.562747365","15","0.153846154","1.076923077","N4 S2 O4","de-protonated","0","-9999","C26 H28 O4 N4 S2","26","28","4","4","-9999","2","-9999","-9999","-9999"
"3109","523.14838","523.148442574","523.148054237","2312970.5","-9999","373143.2","17.06","-1","0.742309621","0.90485325","0","0.54291195","2","0.8","2.2","N4 S1 P1 O12","de-protonated","0","-9999","C15 H33 O12 N4 P1 S1","15","33","12","4","1","1","-9999","-9999","-9999"
"3110","523.153813","523.153875572","523.153597817","8530702","-9999","341692.5","67.31","-1","0.530924731","0.636405059","0.867283585","0.72875647","14","0.103448276","1.137931034","S2 P1 O3","de-protonated","0","-9999","C29 H33 O3 P1 S2","29","33","3","-9999","1","2","-9999","-9999","-9999"
"3110","523.153813","523.153875572","523.154065848","8530702","-9999","341692.5","67.31","-1","-0.363708282","0.972900824","0.915830158","0.950072558","20","0.137931034","0.862068966","N4 P1 O4","de-protonated","0","-9999","C29 H25 O4 N4 P1","29","25","4","4","1","-9999","-9999","-9999","-9999"
"3110","523.153813","523.153875572","523.153794522","8530702","-9999","341692.5","67.31","-1","0.154927087","0.66455697","0.926807473","0.769457171","6","0.473684211","1.684210526","N4 S2 O9","de-protonated","0","-9999","C19 H32 O9 N4 S2","19","32","9","4","-9999","2","-9999","-9999","-9999"
"3111","523.182339","523.182401561","523.182100014","1132833.1","-9999","331599.4","7.53","-1","0.576371928","0.941502676","0","0.564901606","10","0.48","1.28","O12","de-protonated","0","-9999","C25 H32 O12","25","32","12","-9999","-9999","-9999","-9999","-9999","-9999"
"3111","523.182339","523.182401561","523.182589271","1132833.1","-9999","331599.4","7.53","-1","-0.358784635","0.97691343","0","0.586148058","14","0.142857143","1.178571429","N2 S1 P1 O4","de-protonated","0","-9999","C28 H33 O4 N2 P1 S1","28","33","4","2","1","1","-9999","-9999","-9999"
"3111","523.182339","523.182401561","523.181937823","1132833.1","-9999","331599.4","7.53","-1","0.886381528","0.867136226","0","0.520281736","5","0.3","1.85","N4 S2 P1 O6","de-protonated","0","-9999","C20 H37 O6 N4 P1 S2","20","37","6","4","1","2","-9999","-9999","-9999"
"3112","523.184619","523.18468156","523.184958253","1398818.6","-9999","331922.9","9.68","-1","-0.52886168","0.475258025","0.725399619","0.575314662","23","0.028571429","0.8","N2 S1 O1","de-protonated","0","-9999","C35 H28 O1 N2 S1","35","28","1","2","-9999","1","-9999","-9999","-9999"
"3112","523.184619","523.18468156","523.185091195","1398818.6","-9999","331922.9","9.68","-1","-0.782962306","0.89472982","0","0.536837892","10","0.375","1.375","N2 P1 O9","de-protonated","0","-9999","C24 H33 O9 N2 P1","24","33","9","2","1","-9999","-9999","-9999","-9999"
"3112","523.184619","523.18468156","523.184306804","1398818.6","-9999","331922.9","9.68","-1","0.716298634","0.911103871","0","0.546662323","14","0.111111111","1.185185185","N4 S2 O3","de-protonated","0","-9999","C27 H32 O3 N4 S2","27","32","3","4","-9999","2","-9999","-9999","-9999"
"3112","523.184619","523.18468156","523.184439746","1398818.6","-9999","331922.9","9.68","-1","0.462197374","0.96197941","0","0.577187646","1","0.6875","2.3125","N4 S1 P1 O11","de-protonated","0","-9999","C16 H37 O11 N4 P1 S1","16","37","11","4","1","1","-9999","-9999","-9999"
"3113","523.190209","523.190271558","523.189983327","5243686.5","-9999","335957.1","40.75","-1","0.550912236","0.948678597","0.9767505","0.959907358","13","0.066666667","1.233333333","S2 P1 O2","de-protonated","0","-9999","C30 H37 O2 P1 S2","30","37","2","-9999","1","2","-9999","-9999","-9999"
"3113","523.190209","523.190271558","523.190451357","5243686.5","-9999","335957.1","40.75","-1","-0.343658579","0.977372125","0.9767505","0.977123475","19","0.1","0.966666667","N4 P1 O3","de-protonated","0","-9999","C30 H29 O3 N4 P1","30","29","3","4","1","-9999","-9999","-9999","-9999"
"3113","523.190209","523.190271558","523.190180031","5243686.5","-9999","335957.1","40.75","-1","0.174940732","0.995158938","0.956111696","0.979540042","5","0.4","1.8","N4 S2 O8","de-protonated","0","-9999","C20 H36 O8 N4 S2","20","36","8","4","-9999","2","-9999","-9999","-9999"
"3114","523.226627","523.226689544","523.226368836","3010366.5","-9999","362168.7","22.7","-1","0.612943754","0.467050701","0.748902347","0.579791359","12","0.032258065","1.322580645","S2 P1 O1","de-protonated","0","-9999","C31 H41 O1 P1 S2","31","41","1","-9999","1","2","-9999","-9999","-9999"
"3114","523.226627","523.226689544","523.226836867","3010366.5","-9999","362168.7","22.7","-1","-0.281564906","0.492858968","0.748902347","0.59527632","18","0.064516129","1.064516129","N4 P1 O2","de-protonated","0","-9999","C31 H33 O2 N4 P1","31","33","2","4","1","-9999","-9999","-9999","-9999"
"3114","523.226627","523.226689544","523.22656554","3010366.5","-9999","362168.7","22.7","-1","0.236998373","0.494930054","0.81490939","0.622921788","4","0.333333333","1.904761905","N4 S2 O7","de-protonated","0","-9999","C21 H40 O7 N4 S2","21","40","7","4","-9999","2","-9999","-9999","-9999"
"3115","523.254851","523.254913533","523.254871033","5055313","-9999","374443.2","39.23","-1","0.08122379","0.976629579","0.998570089","0.985405783","8","0.37037037","1.481481481","O10","de-protonated","0","-9999","C27 H40 O10","27","40","10","-9999","-9999","-9999","-9999","-9999","-9999"
"3115","523.254851","523.254913533","523.25536029","5055313","-9999","374443.2","39.23","-1","-0.853802255","0.438051264","0.755017935","0.564837933","12","0.066666667","1.366666667","N2 S1 P1 O2","de-protonated","0","-9999","C30 H41 O2 N2 P1 S1","30","41","2","2","1","1","-9999","-9999","-9999"
"3115","523.254851","523.254913533","523.254708841","5055313","-9999","374443.2","39.23","-1","0.391190122","0.98278183","0.964759459","0.975572882","3","0.181818182","2.045454545","N4 S2 P1 O4","de-protonated","0","-9999","C22 H45 O4 N4 P1 S2","22","45","4","4","1","2","-9999","-9999","-9999"
"3116","523.260274","523.260336531","523.260231195","19678036","-9999","343025.3","157.4","-1","0.201307343","0.659367457","0.912344022","0.760558083","17","0.121212121","1.090909091","N2 O4","de-protonated","0","-9999","C33 H36 O4 N2","33","36","4","2","-9999","-9999","-9999","-9999","-9999"
"3117","523.263458","523.26352053","523.263602498","1205079","-9999","365665.2","8.11","-1","-0.156648434","0.995557377","0","0.597334426","12","0.133333333","1.333333333","N2 S1 O4","de-protonated","0","-9999","C30 H40 O4 N2 S1","30","40","4","2","-9999","1","-9999","-9999","-9999"
"3117","523.263458","523.26352053","523.263222376","1205079","-9999","365665.2","8.11","-1","0.569797539","0.942790856","0","0.565674514","17","0.03125","1.15625","N4 P1 O1","de-protonated","0","-9999","C32 H37 O1 N4 P1","32","37","1","4","1","-9999","-9999","-9999","-9999"
"3118","524.08445","524.084512213","524.084181634","2228089.5","-9999","357156.5","15.56","-1","0.630774698","0.620233464","0.915071698","0.738168758","16","0.185185185","0.925925926","13C1 S2 P1 O5","de-protonated","1","3104","C26 H25 O5 P1 S2 13C1","26","25","5","-9999","1","2","1","-9999","-9999"
"3118","524.08445","524.084512213","524.084589305","2228089.5","-9999","357156.5","15.56","-1","-0.1470998","0.498040724","0.719752637","0.586725489","30","0.055555556","0.444444444","N1 P1 O2","de-protonated","0","-9999","C36 H16 O2 N1 P1","36","16","2","1","1","-9999","-9999","-9999","-9999"
"3118","524.08445","524.084512213","524.084317979","2228089.5","-9999","357156.5","15.56","-1","0.370614832","0.487692532","0.780512821","0.604820647","16","0.269230769","0.884615385","N1 S2 O7","de-protonated","0","-9999","C26 H23 O7 N1 S2","26","23","7","1","-9999","2","-9999","-9999","-9999"
"3118","524.08445","524.084512213","524.084649664","2228089.5","-9999","357156.5","15.56","-1","-0.262269861","0.98759653","0.965203914","0.978639484","22","0.222222222","0.62962963","13C1 N4 P1 O6","de-protonated","1","3104","C26 H17 O6 N4 P1 13C1","26","17","6","4","1","-9999","1","-9999","-9999"
"3118","524.08445","524.084512213","524.084378338","2228089.5","-9999","357156.5","15.56","-1","0.255444652","0.658819954","0.929726258","0.767182476","8","0.647058824","1.411764706","13C1 N4 S2 O11","de-protonated","1","3104","C16 H24 O11 N4 S2 13C1","16","24","11","4","-9999","2","1","-9999","-9999"
"3119","524.120705","524.120767199","524.120567143","2426769.8","-9999","349229","17.09","-1","0.381697816","0.937631524","0.907761918","0.925683682","15","0.142857143","1.035714286","13C1 S2 P1 O4","de-protonated","1","3108","C27 H29 O4 P1 S2 13C1","27","29","4","-9999","1","2","1","-9999","-9999"
"3119","524.120705","524.120767199","524.120974815","2426769.8","-9999","349229","17.09","-1","-0.396122487","0.485964918","0.714192896","0.577256109","29","0.027027027","0.540540541","N1 P1 O1","de-protonated","0","-9999","C37 H20 O1 N1 P1","37","20","1","1","1","-9999","-9999","-9999","-9999"
"3119","524.120705","524.120767199","524.120703489","2426769.8","-9999","349229","17.09","-1","0.121556076","0.498661263","0.773979033","0.608788371","15","0.222222222","1","N1 S2 O6","de-protonated","0","-9999","C27 H27 O6 N1 S2","27","27","6","1","-9999","2","-9999","-9999","-9999"
"3119","524.120705","524.120767199","524.12083643","2426769.8","-9999","349229","17.09","-1","-0.132091054","0.996839081","0","0.598103449","2","0.875","2","N1 S1 P1 O14","de-protonated","0","-9999","C16 H32 O14 N1 P1 S1","16","32","14","1","1","1","-9999","-9999","-9999"
"3119","524.120705","524.120767199","524.120323366","2426769.8","-9999","349229","17.09","-1","0.846814283","0.438996858","0.761234226","0.567891805","20","0.103448276","0.827586207","N3 S1 P1 O3","de-protonated","0","-9999","C29 H24 O3 N3 P1 S1","29","24","3","3","1","1","-9999","-9999","-9999"
"3119","524.120705","524.120767199","524.121035174","2426769.8","-9999","349229","17.09","-1","-0.511284524","0.95367452","0.979669571","0.96407254","21","0.178571429","0.75","13C1 N4 P1 O5","de-protonated","1","3108","C27 H21 O5 N4 P1 13C1","27","21","5","4","1","-9999","1","-9999","-9999"
"3119","524.120705","524.120767199","524.120763847","2426769.8","-9999","349229","17.09","-1","0.00639392","0.666661721","0.93031813","0.772124285","7","0.555555556","1.555555556","13C1 N4 S2 O10","de-protonated","1","3108","C17 H28 O10 N4 S2 13C1","17","28","10","4","-9999","2","1","-9999","-9999"
"3120","524.157142","524.157204185","524.156952652","1559978.1","-9999","282592.7","10.43","-1","0.479879621","0.639384094","0.867283585","0.73054389","14","0.103448276","1.137931034","13C1 S2 P1 O3","de-protonated","1","3110","C28 H33 O3 P1 S2 13C1","28","33","3","-9999","1","2","1","-9999","-9999"
"3120","524.157142","524.157204185","524.157088998","1559978.1","-9999","282592.7","10.43","-1","0.219755914","0.99127564","0","0.594765384","14","0.178571429","1.107142857","N1 S2 O5","de-protonated","0","-9999","C28 H31 O5 N1 S2","28","31","5","1","-9999","2","-9999","-9999","-9999"
"3120","524.157142","524.157204185","524.15722194","1559978.1","-9999","282592.7","10.43","-1","-0.033873634","0.999791823","0","0.599875094","1","0.764705882","2.117647059","N1 S1 P1 O13","de-protonated","0","-9999","C17 H36 O13 N1 P1 S1","17","36","13","1","1","1","-9999","-9999","-9999"
"3120","524.157142","524.157204185","524.156708875","1559978.1","-9999","282592.7","10.43","-1","0.944963847","0.425209625","0.755017935","0.557132949","19","0.066666667","0.933333333","N3 S1 P1 O2","de-protonated","0","-9999","C30 H28 O2 N3 P1 S1","30","28","2","3","1","1","-9999","-9999","-9999"
"3120","524.157142","524.157204185","524.157420683","1559978.1","-9999","282592.7","10.43","-1","-0.413040818","0.969518581","0.915830158","0.948043212","20","0.137931034","0.862068966","13C1 N4 P1 O4","de-protonated","1","3110","C28 H25 O4 N4 P1 13C1","28","25","4","4","1","-9999","1","-9999","-9999"
"3120","524.157142","524.157204185","524.157149357","1559978.1","-9999","282592.7","10.43","-1","0.10460174","0.66534443","0.926807473","0.769929647","6","0.473684211","1.684210526","13C1 N4 S2 O9","de-protonated","1","3110","C18 H32 O9 N4 S2 13C1","18","32","9","4","-9999","2","1","-9999","-9999"
"3121","524.162886","524.162948182","524.163233551","1223085.9","-9999","394066.4","7.84","-1","-0.544426836","0.947639147","0","0.568583488","19","0.161290323","0.903225806","N1 P1 O5","de-protonated","0","-9999","C31 H28 O5 N1 P1","31","28","5","1","1","-9999","-9999","-9999","-9999"
"3121","524.162886","524.162948182","524.162962225","1223085.9","-9999","394066.4","7.84","-1","-0.026790086","0.999869781","0","0.599921869","5","0.476190476","1.666666667","N1 S2 O10","de-protonated","0","-9999","C21 H35 O10 N1 S2","21","35","10","1","-9999","2","-9999","-9999","-9999"
"3121","524.162886","524.162948182","524.162582102","1223085.9","-9999","394066.4","7.84","-1","0.698409543","0.91529735","0","0.54917841","10","0.304347826","1.391304348","N3 S1 P1 O7","de-protonated","0","-9999","C23 H32 O7 N3 P1 S1","23","32","7","3","1","1","-9999","-9999","-9999"
"3122","524.193552","524.19361417","524.193338162","1493954.4","-9999","400942.4","9.92","-1","0.526540103","0.950938729","0.9767505","0.961263437","13","0.066666667","1.233333333","13C1 S2 P1 O2","de-protonated","1","3113","C29 H37 O2 P1 S2 13C1","29","37","2","-9999","1","2","1","-9999","-9999"
"3122","524.193552","524.19361417","524.193474507","1493954.4","-9999","400942.4","9.92","-1","0.266434439","0.987202045","0","0.592321227","13","0.137931034","1.206896552","N1 S2 O4","de-protonated","0","-9999","C29 H35 O4 N1 S2","29","35","4","1","-9999","2","-9999","-9999","-9999"
"3122","524.193552","524.19361417","524.193607449","1493954.4","-9999","400942.4","9.92","-1","0.012822484","0.999970167","0","0.5999821","0","0.666666667","2.222222222","N1 S1 P1 O12","de-protonated","0","-9999","C18 H40 O12 N1 P1 S1","18","40","12","1","1","1","-9999","-9999","-9999"
"3122","524.193552","524.19361417","524.193094385","1493954.4","-9999","400942.4","9.92","-1","0.991592068","0.41829955","0.748902347","0.550540668","18","0.032258065","1.032258065","N3 S1 P1 O1","de-protonated","0","-9999","C31 H32 O1 N3 P1 S1","31","32","1","3","1","1","-9999","-9999","-9999"
"3122","524.193552","524.19361417","524.193806192","1493954.4","-9999","400942.4","9.92","-1","-0.366318399","0.975945584","0.9767505","0.97626755","19","0.1","0.966666667","13C1 N4 P1 O3","de-protonated","1","3113","C29 H29 O3 N4 P1 13C1","29","29","3","4","1","-9999","1","-9999","-9999"
"3122","524.193552","524.19361417","524.193534866","1493954.4","-9999","400942.4","9.92","-1","0.151288253","0.99585559","0.956111696","0.979958032","5","0.4","1.8","13C1 N4 S2 O8","de-protonated","1","3113","C19 H36 O8 N4 S2 13C1","19","36","8","4","-9999","2","1","-9999","-9999"
"3123","524.250144","524.250206149","524.250120005","1471464.1","-9999","411335","9.75","-1","0.164318087","0.995112788","0","0.597067673","8","0.384615385","1.5","N1 O10","de-protonated","0","-9999","C26 H39 O10 N1","26","39","10","1","-9999","-9999","-9999","-9999","-9999"
"3123","524.250144","524.250206149","524.250609262","1471464.1","-9999","411335","9.75","-1","-0.768932961","0.898271454","0","0.538962872","12","0.068965517","1.379310345","N3 S1 P1 O2","de-protonated","0","-9999","C29 H40 O2 N3 P1 S1","29","40","2","3","1","1","-9999","-9999","-9999"
"3124","524.255581","524.255643146","524.255480167","5815788","-9999","320294.8","43.12","-1","0.31087735","0.960348397","0.925589761","0.946444943","17","0.125","1.09375","N3 O4","de-protonated","0","-9999","C32 H35 O4 N3","32","35","4","3","-9999","-9999","-9999","-9999","-9999"
"3125","524.257898","524.257960146","524.258225868","1488365.4","-9999","379430.5","9.88","-1","-0.506853451","0.954455514","0.998570089","0.972101344","8","0.37037037","1.481481481","13C1 O10","de-protonated","1","3115","C26 H40 O10 13C1","26","40","10","-9999","-9999","-9999","1","-9999","-9999"
"3125","524.257898","524.257960146","524.258063676","1488365.4","-9999","379430.5","9.88","-1","-0.197480532","0.99294874","0.964759459","0.981673028","3","0.181818182","2.045454545","13C1 N4 S2 P1 O4","de-protonated","1","3115","C21 H45 O4 N4 P1 S2 13C1","21","45","4","4","1","2","1","-9999","-9999"
"3126","524.263673","524.263735143","524.263876544","5151217","-9999","331729.4","38.02","-1","-0.269713211","0.493443604","0.793917021","0.613632971","2","0.208333333","2","N1 S2 P1 O5","de-protonated","0","-9999","C24 H48 O5 N1 P1 S2","24","48","5","1","1","2","-9999","-9999","-9999"
"3126","524.263673","524.263735143","524.26358603","5151217","-9999","331729.4","38.02","-1","0.28442402","0.656952365","0.912344022","0.759109028","17","0.121212121","1.090909091","13C1 N2 O4","de-protonated","1","3116","C32 H36 O4 N2 13C1","32","36","4","2","-9999","-9999","1","-9999","-9999"
"3131","525.039264","525.039325843","525.038961986","1334008.3","-9999","291516.4","8.69","-1","0.693011319","0.916545657","0","0.549927394","21","0.137931034","0.655172414","S2 P1 O4","de-protonated","0","-9999","C29 H19 O4 P1 S2","29","19","4","-9999","1","2","-9999","-9999","-9999"
"3131","525.039264","525.039325843","525.039810139","1334008.3","-9999","291516.4","8.69","-1","-0.922397154","0.856946715","0","0.514168029","22","0.296296296","0.518518519","N2 S1 O8","de-protonated","0","-9999","C27 H14 O8 N2 S1","27","14","8","2","-9999","1","-9999","-9999","-9999"
"3131","525.039264","525.039325843","525.039430016","1334008.3","-9999","291516.4","8.69","-1","-0.198409302","0.992882496","0","0.595729497","27","0.172413793","0.379310345","N4 P1 O5","de-protonated","0","-9999","C29 H11 O5 N4 P1","29","11","5","4","1","-9999","-9999","-9999","-9999"
"3131","525.039264","525.039325843","525.03915869","1334008.3","-9999","291516.4","8.69","-1","0.318363784","0.981777257","0","0.589066354","13","0.526315789","0.947368421","N4 S2 O10","de-protonated","0","-9999","C19 H18 O10 N4 S2","19","18","10","4","-9999","2","-9999","-9999","-9999"
"3132","525.048057","525.04811884","525.048541605","1326334.1","-9999","308698","8.63","-1","-0.805191201","0.889016799","0","0.533410079","26","0.066666667","0.466666667","N4 S2 O2","de-protonated","0","-9999","C30 H14 O2 N4 S2","30","14","2","4","-9999","2","-9999","-9999","-9999"
"3132","525.048057","525.04811884","525.047672225","1326334.1","-9999","308698","8.63","-1","0.850618768","0.876965512","0","0.526179307","27","0.24137931","0.344827586","N4 O7","de-protonated","0","-9999","C29 H10 O7 N4","29","10","7","4","-9999","-9999","-9999","-9999","-9999"
"3133","525.054871","525.054932837","525.05506628","1576962.6","-9999","385109.8","10.56","-1","-0.254149629","0.494174137","0.748902347","0.596065421","26","0.161290323","0.451612903","N2 S1 O5","de-protonated","0","-9999","C31 H14 O5 N2 S1","31","14","5","2","-9999","1","-9999","-9999","-9999"
"3133","525.054871","525.054932837","525.055199222","1576962.6","-9999","385109.8","10.56","-1","-0.507345286","0.95436913","0","0.572621478","13","0.65","0.95","N2 P1 O13","de-protonated","0","-9999","C20 H19 O13 N2 P1","20","19","13","2","1","-9999","-9999","-9999","-9999"
"3133","525.054871","525.054932837","525.054686157","1576962.6","-9999","385109.8","10.56","-1","0.469817671","0.480370257","0.736963647","0.583007613","31","0.060606061","0.333333333","N4 P1 O2","de-protonated","0","-9999","C33 H11 O2 N4 P1","33","11","2","4","1","-9999","-9999","-9999","-9999"
"3133","525.054871","525.054932837","525.054414831","1576962.6","-9999","385109.8","10.56","-1","0.986576087","0.838106682","0","0.502864009","17","0.304347826","0.782608696","N4 S2 O7","de-protonated","0","-9999","C23 H18 O7 N4 S2","23","18","7","4","-9999","2","-9999","-9999","-9999"
"3134","525.060383","525.060444835","525.060091354","6471686.5","-9999","308510.8","48.16","-1","0.673221456","0.621094525","0.910657779","0.736919827","16","0.230769231","0.884615385","S2 P1 O6","de-protonated","0","-9999","C26 H23 O6 P1 S2","26","23","6","-9999","1","2","-9999","-9999","-9999"
"3134","525.060383","525.060444835","525.060939507","6471686.5","-9999","308510.8","48.16","-1","-0.942121978","0.425623591","0.793917021","0.572940963","17","0.416666667","0.75","N2 S1 O10","de-protonated","0","-9999","C24 H18 O10 N2 S1","24","18","10","2","-9999","1","-9999","-9999","-9999"
"3134","525.060383","525.060444835","525.060559384","6471686.5","-9999","308510.8","48.16","-1","-0.218163274","0.986665331","0.96161212","0.976644046","22","0.269230769","0.576923077","N4 P1 O7","de-protonated","0","-9999","C26 H15 O7 N4 P1","26","15","7","4","1","-9999","-9999","-9999","-9999"
"3134","525.060383","525.060444835","525.060288058","6471686.5","-9999","308510.8","48.16","-1","0.298589005","0.658937084","0.929124245","0.767011949","8","0.75","1.375","N4 S2 O12","de-protonated","0","-9999","C16 H22 O12 N4 S2","16","22","12","4","-9999","2","-9999","-9999","-9999"
"3135","525.075739","525.075800829","525.075347495","2245136.8","-9999","308382.3","15.69","-1","0.863370362","0.436747282","0.755017935","0.564055543","20","0.1","0.766666667","S2 P1 O3","de-protonated","0","-9999","C30 H23 O3 P1 S2","30","23","3","-9999","1","2","-9999","-9999","-9999"
"3135","525.075739","525.075800829","525.076195648","2245136.8","-9999","308382.3","15.69","-1","-0.751926445","0.451248512","0.767553728","0.577770598","21","0.25","0.642857143","N2 S1 O7","de-protonated","0","-9999","C28 H18 O7 N2 S1","28","18","7","2","-9999","1","-9999","-9999","-9999"
"3135","525.075739","525.075800829","525.075815526","2245136.8","-9999","308382.3","15.69","-1","-0.027988639","0.499928935","0.755017935","0.601964535","26","0.133333333","0.5","N4 P1 O4","de-protonated","0","-9999","C30 H15 O4 N4 P1","30","15","4","4","1","-9999","-9999","-9999","-9999"
"3135","525.075739","525.075800829","525.075544199","2245136.8","-9999","308382.3","15.69","-1","0.488748725","0.478791148","0.822155738","0.616136984","12","0.45","1.1","N4 S2 O9","de-protonated","0","-9999","C20 H22 O9 N4 S2","20","22","9","4","-9999","2","-9999","-9999","-9999"
"3136","525.084628","525.084689826","525.084927114","1964566.6","-9999","408983.8","13.53","-1","-0.451903952","0.481811597","0.748902347","0.588647897","25","0.032258065","0.580645161","N4 S2 O1","de-protonated","0","-9999","C31 H18 O1 N4 S2","31","18","1","4","-9999","2","-9999","-9999","-9999"
"3136","525.084628","525.084689826","525.085060056","1964566.6","-9999","408983.8","13.53","-1","-0.70508516","0.91374264","0","0.548245584","12","0.45","1.15","N4 S1 P1 O9","de-protonated","0","-9999","C20 H23 O9 N4 P1 S1","20","23","9","4","1","1","-9999","-9999","-9999"
"3137","525.091104","525.091165823","525.091451789","2638875","-9999","316639.6","18.71","-1","-0.5446021","0.473803164","0.742885034","0.581435912","25","0.125","0.5625","N2 S1 O4","de-protonated","0","-9999","C32 H18 O4 N2 S1","32","18","4","2","-9999","1","-9999","-9999","-9999"
"3137","525.091104","525.091165823","525.091584731","2638875","-9999","316639.6","18.71","-1","-0.797780139","0.445467597","0.81490939","0.593244314","12","0.571428571","1.095238095","N2 P1 O12","de-protonated","0","-9999","C21 H23 O12 N2 P1","21","23","12","2","1","-9999","-9999","-9999","-9999"
"3137","525.091104","525.091165823","525.091071667","2638875","-9999","316639.6","18.71","-1","0.179314823","0.49709136","0.73113591","0.59070918","30","0.029411765","0.441176471","N4 P1 O1","de-protonated","0","-9999","C34 H15 O1 N4 P1","34","15","1","4","1","-9999","-9999","-9999","-9999"
"3137","525.091104","525.091165823","525.090800341","2638875","-9999","316639.6","18.71","-1","0.696037281","0.457923452","0.793917021","0.59232088","16","0.25","0.916666667","N4 S2 O6","de-protonated","0","-9999","C24 H22 O6 N4 S2","24","22","6","4","-9999","2","-9999","-9999","-9999"
"3138","525.094326","525.094387822","525.094823093","1744925.1","-9999","480232.7","11.85","-1","-0.828936896","0.441389676","0.761234226","0.569327496","20","0.137931034","0.75862069","N2 S2 O4","de-protonated","0","-9999","C29 H22 O4 N2 S2","29","22","4","2","-9999","2","-9999","-9999","-9999"
"3138","525.094326","525.094387822","525.093953713","1744925.1","-9999","480232.7","11.85","-1","0.826727092","0.441682797","0.767553728","0.572031169","21","0.321428571","0.642857143","N2 O9","de-protonated","0","-9999","C28 H18 O9 N2","28","18","9","2","-9999","-9999","-9999","-9999","-9999"
"3138","525.094326","525.094387822","525.09444297","1744925.1","-9999","480232.7","11.85","-1","-0.105024826","0.499000292","0.748902347","0.598961114","25","0.032258065","0.612903226","N4 S1 P1 O1","de-protonated","0","-9999","C31 H19 O1 N4 P1 S1","31","19","1","4","1","1","-9999","-9999","-9999"
"3139","525.096766","525.096827821","525.096476863","8884255","-9999","337857.2","66.69","-1","0.668369184","0.61683406","0.93522794","0.744191612","15","0.185185185","1","S2 P1 O5","de-protonated","0","-9999","C27 H27 O5 P1 S2","27","27","5","-9999","1","2","-9999","-9999","-9999"
"3139","525.096766","525.096827821","525.097325016","8884255","-9999","337857.2","66.69","-1","-0.94686231","0.846148766","0.998983682","0.907282733","16","0.36","0.88","N2 S1 O9","de-protonated","0","-9999","C25 H22 O9 N2 S1","25","22","9","2","-9999","1","-9999","-9999","-9999"
"3139","525.096766","525.096827821","525.096944894","8884255","-9999","337857.2","66.69","-1","-0.222953775","0.989891848","0.987837489","0.989070105","21","0.222222222","0.703703704","N4 P1 O6","de-protonated","0","-9999","C27 H19 O6 N4 P1","27","19","6","4","1","-9999","-9999","-9999","-9999"
"3139","525.096766","525.096827821","525.096673567","8884255","-9999","337857.2","66.69","-1","0.293762695","0.657230351","0.929726258","0.766228714","7","0.647058824","1.529411765","N4 S2 O11","de-protonated","0","-9999","C17 H26 O11 N4 S2","17","26","11","4","-9999","2","-9999","-9999","-9999"
"3140","525.103278","525.103339819","525.103849692","2157091.3","-9999","269613.5","15.01","-1","-0.970994278","0.421379079","0.780512821","0.565032576","16","0.461538462","0.846153846","O12","de-protonated","0","-9999","C26 H22 O12","26","22","12","-9999","-9999","-9999","-9999","-9999","-9999"
"3140","525.103278","525.103339819","525.103336627","2157091.3","-9999","269613.5","15.01","-1","0.006077692","0.499996649","0.703327172","0.581328858","34","0.025641026","0.358974359","N2 O1","de-protonated","0","-9999","C39 H14 O1 N2","39","14","1","2","-9999","-9999","-9999","-9999","-9999"
"3140","525.103278","525.103339819","525.103198243","2157091.3","-9999","269613.5","15.01","-1","0.269615281","0.986896666","0","0.592137999","7","0.777777778","1.444444444","N2 S1 O14","de-protonated","0","-9999","C18 H26 O14 N2 S1","18","26","14","2","-9999","1","-9999","-9999","-9999"
"3140","525.103278","525.103339819","525.1036875","2157091.3","-9999","269613.5","15.01","-1","-0.662119714","0.461767048","0.81490939","0.603023985","11","0.285714286","1.285714286","N4 S2 P1 O6","de-protonated","0","-9999","C21 H27 O6 N4 P1 S2","21","27","6","4","1","2","-9999","-9999","-9999"
"3140","525.103278","525.103339819","525.10281812","2157091.3","-9999","269613.5","15.01","-1","0.9935166","0.836019363","0","0.501611618","12","0.55","1.15","N4 P1 O11","de-protonated","0","-9999","C20 H23 O11 N4 P1","20","23","11","4","1","-9999","-9999","-9999","-9999"
"3141","525.112477","525.112538815","525.113008137","2122793.3","-9999","332169.5","14.75","-1","-0.893754777","0.901352525","0.907761918","0.903916282","15","0.142857143","1.035714286","S1 34S1 P1 O4","de-protonated","1","3108","C28 H29 O4 P1 S1 34S1","28","29","4","-9999","1","1","-9999","-9999","1"
"3141","525.112477","525.112538815","525.112581157","2122793.3","-9999","332169.5","14.75","-1","-0.080634575","0.499410464","0.761234226","0.604139969","20","0.206896552","0.75862069","N2 S1 O6","de-protonated","0","-9999","C29 H22 O6 N2 S1","29","22","6","2","-9999","1","-9999","-9999","-9999"
"3141","525.112477","525.112538815","525.112714099","2122793.3","-9999","332169.5","14.75","-1","-0.333802544","0.979985245","0","0.587991147","7","0.777777778","1.5","N2 P1 O14","de-protonated","0","-9999","C18 H27 O14 N2 P1","18","27","14","2","1","-9999","-9999","-9999","-9999"
"3141","525.112477","525.112538815","525.112201035","2122793.3","-9999","332169.5","14.75","-1","0.643253555","0.46383512","0.748902347","0.57786201","25","0.096774194","0.612903226","N4 P1 O3","de-protonated","0","-9999","C31 H19 O3 N4 P1","31","19","3","4","1","-9999","-9999","-9999","-9999"
"3142","525.115624","525.115685814","525.115952461","4130859.5","-9999","386201.9","30.18","-1","-0.507786452","0.47714579","0.780512821","0.598492602","15","0.230769231","1","N2 S2 O6","de-protonated","0","-9999","C26 H26 O6 N2 S2","26","26","6","2","-9999","2","-9999","-9999","-9999"
"3142","525.115624","525.115685814","525.116085402","4130859.5","-9999","386201.9","30.18","-1","-0.760952687","0.450131796","0.860410506","0.61424328","2","0.933333333","2.066666667","N2 S1 P1 O14","de-protonated","0","-9999","C15 H31 O14 N2 P1 S1","15","31","14","2","1","1","-9999","-9999","-9999"
"3142","525.115624","525.115685814","525.115572338","4130859.5","-9999","386201.9","30.18","-1","0.216096722","0.495781272","0.767553728","0.604490254","20","0.107142857","0.821428571","N4 S1 P1 O3","de-protonated","0","-9999","C28 H23 O3 N4 P1 S1","28","23","3","4","1","1","-9999","-9999","-9999"
"3143","525.118473","525.118534813","525.118454384","2535469.3","-9999","331015.6","17.92","-1","0.153162932","0.497876231","0.807789663","0.621841604","11","0.5","1.181818182","N2 S1 O11","de-protonated","0","-9999","C22 H26 O11 N2 S1","22","26","11","2","-9999","1","-9999","-9999","-9999"
"3143","525.118473","525.118534813","525.118943642","2535469.3","-9999","331015.6","17.92","-1","-0.778544885","0.447925184","0.787157861","0.583618255","15","0.12","1.08","N4 S2 P1 O3","de-protonated","0","-9999","C25 H27 O3 N4 P1 S2","25","27","3","4","1","2","-9999","-9999","-9999"
"3143","525.118473","525.118534813","525.118074262","2535469.3","-9999","331015.6","17.92","-1","0.877043135","0.434865559","0.793917021","0.578486144","16","0.333333333","0.958333333","N4 P1 O8","de-protonated","0","-9999","C24 H23 O8 N4 P1","24","23","8","4","1","-9999","-9999","-9999","-9999"
"3144","525.1211","525.121161812","525.120956308","16345135","-9999","354397.6","124.01","-1","0.39134644","0.649301863","0.973215307","0.778867241","7","0.888888889","1.444444444","N2 O16","de-protonated","0","-9999","C18 H26 O16 N2","18","26","16","2","-9999","-9999","-9999","-9999","-9999"
"3144","525.1211","525.121161812","525.121445565","16345135","-9999","354397.6","124.01","-1","-0.540357161","0.631107748","0.96482228","0.764593561","11","0.380952381","1.285714286","N4 S1 P1 O8","de-protonated","0","-9999","C21 H27 O8 N4 P1 S1","21","27","8","4","1","1","-9999","-9999","-9999"
"3145","525.125464","525.12552581","525.12584844","1546802","-9999","409252.8","10.32","-1","-0.614384802","0.93380168","0","0.560281008","10","0.375","1.25","S2 O9","de-protonated","0","-9999","C24 H30 O9 S2","24","30","9","-9999","-9999","2","-9999","-9999","-9999"
"3145","525.125464","525.12552581","525.125468317","1546802","-9999","409252.8","10.32","-1","0.109484653","0.997827358","0","0.598696415","15","0.230769231","1.038461538","N2 S1 P1 O6","de-protonated","0","-9999","C26 H27 O6 N2 P1 S1","26","27","6","2","1","1","-9999","-9999","-9999"
"3146","525.127634","525.127695809","525.127837299","2674739.5","-9999","370789.8","18.99","-1","-0.269437972","0.493456891","0.736963647","0.590859593","24","0.090909091","0.666666667","N2 S1 O3","de-protonated","0","-9999","C33 H22 O3 N2 S1","33","22","3","2","-9999","1","-9999","-9999","-9999"
"3146","525.127634","525.127695809","525.12797024","2674739.5","-9999","370789.8","18.99","-1","-0.522598538","0.47582626","0.807789663","0.608611621","11","0.5","1.227272727","N2 P1 O11","de-protonated","0","-9999","C22 H27 O11 N2 P1","22","27","11","2","1","-9999","-9999","-9999","-9999"
"3146","525.127634","525.127695809","525.12718585","2674739.5","-9999","370789.8","18.99","-1","0.971115788","0.421361036","0.787157861","0.567679766","15","0.2","1.04","N4 S2 O5","de-protonated","0","-9999","C25 H26 O5 N4 S2","25","26","5","4","-9999","2","-9999","-9999","-9999"
"3146","525.127634","525.127695809","525.127318792","2674739.5","-9999","370789.8","18.99","-1","0.717954594","0.910711313","0","0.546426788","2","0.928571429","2.214285714","N4 S1 P1 O13","de-protonated","0","-9999","C14 H31 O13 N4 P1 S1","14","31","13","4","1","1","-9999","-9999","-9999"
"3147","525.130637","525.130698808","525.131208602","1663541.5","-9999","474900","11.22","-1","-0.970793302","0.421408918","0.755017935","0.554852525","19","0.1","0.866666667","N2 S2 O3","de-protonated","0","-9999","C30 H26 O3 N2 S2","30","26","3","2","-9999","2","-9999","-9999","-9999"
"3147","525.130637","525.130698808","525.130339222","1663541.5","-9999","474900","11.22","-1","0.684755732","0.45921961","0.761234226","0.580025456","20","0.275862069","0.75862069","N2 O8","de-protonated","0","-9999","C29 H22 O8 N2","29","22","8","2","-9999","-9999","-9999","-9999","-9999"
"3148","525.133124","525.133185807","525.132862372","7733303","-9999","324635.9","57.85","-1","0.615910604","0.625742183","0.922119997","0.744293309","14","0.142857143","1.107142857","S2 P1 O4","de-protonated","0","-9999","C28 H31 O4 P1 S2","28","31","4","-9999","1","2","-9999","-9999","-9999"
"3148","525.133124","525.133185807","525.133710525","7733303","-9999","324635.9","57.85","-1","-0.999208889","0.417150217","0.780512821","0.562495259","15","0.307692308","1","N2 S1 O8","de-protonated","0","-9999","C26 H26 O8 N2 S1","26","26","8","2","-9999","1","-9999","-9999","-9999"
"3148","525.133124","525.133185807","525.133330403","7733303","-9999","324635.9","57.85","-1","-0.275350551","0.983696366","0.971449833","0.978797753","20","0.178571429","0.821428571","N4 P1 O5","de-protonated","0","-9999","C28 H23 O5 N4 P1","28","23","5","4","1","-9999","-9999","-9999","-9999"
"3148","525.133124","525.133185807","525.133059077","7733303","-9999","324635.9","57.85","-1","0.24133009","0.660962815","0.93031813","0.768704941","6","0.555555556","1.666666667","N4 S2 O10","de-protonated","0","-9999","C18 H30 O10 N4 S2","18","30","10","4","-9999","2","-9999","-9999","-9999"
"3149","525.148472","525.148533801","525.148118514","1367105.4","-9999","304884.7","8.94","-1","0.790801034","0.892729291","0","0.535637575","18","0.03125","0.96875","S2 P1 O1","de-protonated","0","-9999","C32 H31 O1 P1 S2","32","31","1","-9999","1","2","-9999","-9999","-9999"
"3149","525.148472","525.148533801","525.148966667","1367105.4","-9999","304884.7","8.94","-1","-0.824271821","0.884015574","0","0.530409345","19","0.166666667","0.866666667","N2 S1 O5","de-protonated","0","-9999","C30 H26 O5 N2 S1","30","26","5","2","-9999","1","-9999","-9999","-9999"
"3149","525.148472","525.148533801","525.148586544","1367105.4","-9999","304884.7","8.94","-1","-0.100434384","0.998171389","0","0.598902833","24","0.0625","0.71875","N4 P1 O2","de-protonated","0","-9999","C32 H23 O2 N4 P1","32","23","2","4","1","-9999","-9999","-9999","-9999"
"3149","525.148472","525.148533801","525.148315218","1367105.4","-9999","304884.7","8.94","-1","0.416231336","0.969053248","0","0.581431949","10","0.318181818","1.363636364","N4 S2 O7","de-protonated","0","-9999","C22 H30 O7 N4 S2","22","30","7","4","-9999","2","-9999","-9999","-9999"
"3150","525.161438","525.161499796","525.16136456900006","1785418.1","-9999","273498.6","12.16","-1","0.257496613","0.98804121600000006","0","0.59282473","10","0.541666667","1.25","O13","de-protonated","0","-9999","C24 H30 O13","24","30","13","-9999","-9999","-9999","-9999","-9999","-9999"
"3150","525.161438","525.161499796","525.161853826","1785418.1","-9999","273498.6","12.16","-1","-0.674135174","0.460423745","0.773979033","0.58584586","14","0.185185185","1.148148148","N2 S1 P1 O5","de-protonated","0","-9999","C27 H31 O5 N2 P1 S1","27","31","5","2","1","1","-9999","-9999","-9999"
"3150","525.161438","525.161499796","525.161202378","1785418.1","-9999","273498.6","12.16","-1","0.566337729","0.943463533","0","0.56607812","5","0.368421053","1.842105263","N4 S2 P1 O7","de-protonated","0","-9999","C19 H35 O7 N4 P1 S2","19","35","7","4","1","2","-9999","-9999","-9999"
"3151","525.163978","525.164039795","525.164222808","1850443.9","-9999","396460.2","12.66","-1","-0.348486762","0.489102668","0.73113591","0.585915965","23","0.058823529","0.764705882","N2 S1 O2","de-protonated","0","-9999","C34 H26 O2 N2 S1","34","26","2","2","-9999","1","-9999","-9999","-9999"
"3151","525.163978","525.164039795","525.16435575","1850443.9","-9999","396460.2","12.66","-1","-0.601629768","0.936433403","0","0.561860042","10","0.434782609","1.347826087","N2 P1 O10","de-protonated","0","-9999","C23 H31 O10 N2 P1","23","31","10","2","1","-9999","-9999","-9999","-9999"
"3151","525.163978","525.164039795","525.163571359","1850443.9","-9999","396460.2","12.66","-1","0.891980949","0.432785437","0.780512821","0.57187639","14","0.153846154","1.153846154","N4 S2 O4","de-protonated","0","-9999","C26 H30 O4 N4 S2","26","30","4","4","-9999","2","-9999","-9999","-9999"
"3151","525.163978","525.164039795","525.163704301","1850443.9","-9999","396460.2","12.66","-1","0.638837315","0.928623786","0","0.557174272","1","0.8","2.333333333","N4 S1 P1 O12","de-protonated","0","-9999","C15 H35 O12 N4 P1 S1","15","35","12","4","1","1","-9999","-9999","-9999"
"3152","525.169543","525.169604793","525.169247882","5988431.5","-9999","325890.3","44.45","-1","0.679612279","0.622031636","0.925736996","0.74351378","13","0.103448276","1.206896552","S2 P1 O3","de-protonated","0","-9999","C29 H35 O3 P1 S2","29","35","3","-9999","1","2","-9999","-9999","-9999"
"3152","525.169543","525.169604793","525.170096035","5988431.5","-9999","325890.3","44.45","-1","-0.935395417","0.42660005","0.773979033","0.565551643","14","0.259259259","1.111111111","N2 S1 O7","de-protonated","0","-9999","C27 H30 O7 N2 S1","27","30","7","2","-9999","1","-9999","-9999","-9999"
"3152","525.169543","525.169604793","525.169715912","5988431.5","-9999","325890.3","44.45","-1","-0.211587183","0.985640121","0.974283569","0.9810975","19","0.137931034","0.931034483","N4 P1 O4","de-protonated","0","-9999","C29 H27 O4 N4 P1","29","27","4","4","1","-9999","-9999","-9999","-9999"
"3152","525.169543","525.169604793","525.169444586","5988431.5","-9999","325890.3","44.45","-1","0.305057693","0.659201883","0.930900115","0.767881176","5","0.473684211","1.789473684","N4 S2 O9","de-protonated","0","-9999","C19 H34 O9 N4 S2","19","34","9","4","-9999","2","-9999","-9999","-9999"
"3153","525.18483","525.184891787","525.185352176","1157209.9","-9999","316170.1","7.33","-1","-0.876621746","0.869847744","0","0.521908647","18","0.129032258","0.967741935","N2 S1 O4","de-protonated","0","-9999","C31 H30 O4 N2 S1","31","30","4","2","-9999","1","-9999","-9999","-9999"
"3153","525.18483","525.184891787","525.184972054","1157209.9","-9999","316170.1","7.33","-1","-0.152834496","0.995770621","0","0.597462373","23","0.03030303","0.818181818","N4 P1 O1","de-protonated","0","-9999","C33 H27 O1 N4 P1","33","27","1","4","1","-9999","-9999","-9999","-9999"
"3153","525.18483","525.184891787","525.184700727","1157209.9","-9999","316170.1","7.33","-1","0.363795402","0.97627184","0","0.585763104","9","0.260869565","1.47826087","N4 S2 O6","de-protonated","0","-9999","C23 H34 O6 N4 S2","23","34","6","4","-9999","2","-9999","-9999","-9999"
"3154","525.197967","525.198028782","525.197750078","2717282.5","-9999","315141.3","19.32","-1","0.530664499","0.944101561","0.913859225","0.932004627","9","0.48","1.36","O12","de-protonated","0","-9999","C25 H34 O12","25","34","12","-9999","-9999","-9999","-9999","-9999","-9999"
"3154","525.197967","525.198028782","525.198239336","2717282.5","-9999","315141.3","19.32","-1","-0.400902999","0.975493929","0.933463358","0.958681701","13","0.142857143","1.25","N2 S1 P1 O4","de-protonated","0","-9999","C28 H35 O4 N2 P1 S1","28","35","4","2","1","1","-9999","-9999","-9999"
"3154","525.197967","525.198028782","525.197587887","2717282.5","-9999","315141.3","19.32","-1","0.839484303","0.871348372","0.878861348","0.874353562","4","0.3","1.95","N4 S2 P1 O6","de-protonated","0","-9999","C20 H39 O6 N4 P1 S2","20","39","6","4","1","2","-9999","-9999","-9999"
"3155","525.205992","525.206053779","525.205633391","3095656","-9999","395949.9","22.22","-1","0.800425589","0.445125983","0.755017935","0.569082764","12","0.066666667","1.3","S2 P1 O2","de-protonated","0","-9999","C30 H39 O2 P1 S2","30","39","2","-9999","1","2","-9999","-9999","-9999"
"3155","525.205992","525.206053779","525.206481544","3095656","-9999","395949.9","22.22","-1","-0.814470416","0.443297864","0.767553728","0.57300021","13","0.214285714","1.214285714","N2 S1 O6","de-protonated","0","-9999","C28 H34 O6 N2 S1","28","34","6","2","-9999","1","-9999","-9999","-9999"
"3155","525.205992","525.206053779","525.206101422","3095656","-9999","395949.9","22.22","-1","-0.090712239","0.499254013","0.755017935","0.601559582","18","0.1","1.033333333","N4 P1 O3","de-protonated","0","-9999","C30 H31 O3 N4 P1","30","31","3","4","1","-9999","-9999","-9999","-9999"
"3155","525.205992","525.206053779","525.205830095","3095656","-9999","395949.9","22.22","-1","0.425896907","0.483811541","0.822155738","0.61914922","4","0.4","1.9","N4 S2 O8","de-protonated","0","-9999","C20 H38 O8 N4 S2","20","38","8","4","-9999","2","-9999","-9999","-9999"
"3156","525.239559","525.239620766","525.23949575","2523262.5","-9999","400062.5","17.83","-1","0.238016853","0.494886609","0.742885034","0.594085979","17","0.15625","1.0625","N2 O5","de-protonated","0","-9999","C32 H34 O5 N2","32","34","5","2","-9999","-9999","-9999","-9999","-9999"
"3157","525.256714","525.256775759","525.256405662","2002058","-9999","397274.1","13.82","-1","0.704603782","0.936253544","0.859195247","0.905430225","16","0.088235294","1.147058824","P1 O3","de-protonated","0","-9999","C34 H39 O3 P1","34","39","3","-9999","1","-9999","-9999","-9999","-9999"
"3157","525.256714","525.256775759","525.256602366","2002058","-9999","397274.1","13.82","-1","0.330111339","0.98914101","0.796414136","0.912050261","8","0.375","1.583333333","N4 O9","de-protonated","0","-9999","C24 H38 O9 N4","24","38","9","4","-9999","-9999","-9999","-9999","-9999"
"3158","525.259085","525.259146759","525.259125516","1300107.8","-9999","413853.9","8.43","-1","0.04044117","0.999703287","0","0.599821972","2","0.217391304","2.043478261","N2 S2 P1 O5","de-protonated","0","-9999","C23 H47 O5 N2 P1 S2","23","47","5","2","1","2","-9999","-9999","-9999"
"3158","525.259085","525.259146759","525.258835002","1300107.8","-9999","413853.9","8.43","-1","0.593528605","0.938079992","0.925589761","0.9330839","17","0.125","1.09375","13C1 N3 O4","de-protonated","1","3124","C31 H35 O4 N3 13C1","31","35","4","3","-9999","-9999","1","-9999","-9999"
"3159","526.063686","526.063747447","526.063446189","1431208.8","-9999","336813.6","9.43","-1","0.572666259","0.628153575","0.910657779","0.741155257","16","0.230769231","0.884615385","13C1 S2 P1 O6","de-protonated","1","3134","C25 H23 O6 P1 S2 13C1","25","23","6","-9999","1","2","1","-9999","-9999"
"3159","526.063686","526.063747447","526.06385386","1431208.8","-9999","336813.6","9.43","-1","-0.202281517","0.496301505","0.725399619","0.587940751","30","0.085714286","0.4","N1 P1 O3","de-protonated","0","-9999","C35 H14 O3 N1 P1","35","14","3","1","1","-9999","-9999","-9999","-9999"
"3159","526.063686","526.063747447","526.063582534","1431208.8","-9999","336813.6","9.43","-1","0.313485235","0.982326535","0","0.589395921","16","0.32","0.84","N1 S2 O8","de-protonated","0","-9999","C25 H21 O8 N1 S2","25","21","8","1","-9999","2","-9999","-9999","-9999"
"3159","526.063686","526.063747447","526.063914219","1431208.8","-9999","336813.6","9.43","-1","-0.317018256","0.981929567","0.96161212","0.973802588","22","0.269230769","0.576923077","13C1 N4 P1 O7","de-protonated","1","3134","C25 H15 O7 N4 P1 13C1","25","15","7","4","1","-9999","1","-9999","-9999"
"3159","526.063686","526.063747447","526.063642893","1431208.8","-9999","336813.6","9.43","-1","0.198748378","0.66190549","0.929124245","0.768792992","8","0.75","1.375","13C1 N4 S2 O12","de-protonated","1","3134","C15 H22 O12 N4 S2 13C1","15","22","12","4","-9999","2","1","-9999","-9999"
"3160","526.100107","526.100168433","526.099831698","2416833.3","-9999","370695.3","17","-1","0.640059805","0.618906925","0.93522794","0.745435331","15","0.185185185","1","13C1 S2 P1 O5","de-protonated","1","3139","C26 H27 O5 P1 S2 13C1","26","27","5","-9999","1","2","1","-9999","-9999"
"3160","526.100107","526.100168433","526.10023937","2416833.3","-9999","370695.3","17","-1","-0.134834427","0.49835332","0.719752637","0.586913047","29","0.055555556","0.5","N1 P1 O2","de-protonated","0","-9999","C36 H18 O2 N1 P1","36","18","2","1","1","-9999","-9999","-9999","-9999"
"3160","526.100107","526.100168433","526.099968044","2416833.3","-9999","370695.3","17","-1","0.380896689","0.487009246","0.780512821","0.604410676","15","0.269230769","0.961538462","N1 S2 O7","de-protonated","0","-9999","C26 H25 O7 N1 S2","26","25","7","1","-9999","2","-9999","-9999","-9999"
"3160","526.100107","526.100168433","526.100679851","2416833.3","-9999","370695.3","17","-1","-0.972091149","0.842432306","0.998983682","0.905052857","16","0.36","0.88","13C1 N2 S1 O9","de-protonated","1","3139","C24 H22 O9 N2 S1 13C1","24","22","9","2","-9999","1","1","-9999","-9999"
"3160","526.100107","526.100168433","526.100299729","2416833.3","-9999","370695.3","17","-1","-0.249563238","0.988762663","0.987837489","0.988392594","21","0.222222222","0.703703704","13C1 N4 P1 O6","de-protonated","1","3139","C26 H19 O6 N4 P1 13C1","26","19","6","4","1","-9999","1","-9999","-9999"
"3160","526.100107","526.100168433","526.100028403","2416833.3","-9999","370695.3","17","-1","0.266167759","0.658151658","0.929726258","0.766781498","7","0.647058824","1.529411765","13C1 N4 S2 O11","de-protonated","1","3139","C16 H26 O11 N4 S2 13C1","16","26","11","4","-9999","2","1","-9999","-9999"
"3161","526.124445","526.124506424","526.124740041","3630801.8","-9999","330948.9","26.33","-1","-0.444033886","0.957153948","0.811427335","0.898863303","19","0.133333333","0.866666667","N1 S1 P1 O4","de-protonated","0","-9999","C30 H26 O4 N1 P1 S1","30","26","4","1","1","1","-9999","-9999","-9999"
"3161","526.124445","526.124506424","526.124311143","3630801.8","-9999","330948.9","26.33","-1","0.371169442","0.650208171","0.973215307","0.779411025","7","0.888888889","1.444444444","13C1 N2 O16","de-protonated","1","3144","C17 H26 O16 N2 13C1","17","26","16","2","-9999","-9999","1","-9999","-9999"
"3161","526.124445","526.124506424","526.124088593","3630801.8","-9999","330948.9","26.33","-1","0.794169049","0.903259897","0.758655608","0.845418181","10","0.272727273","1.363636364","N3 S2 P1 O6","de-protonated","0","-9999","C22 H30 O6 N3 P1 S2","22","30","6","3","1","2","-9999","-9999","-9999"
"3161","526.124445","526.124506424","526.1248004","3630801.8","-9999","330948.9","26.33","-1","-0.558757319","0.629949794","0.96482228","0.763898788","11","0.380952381","1.285714286","13C1 N4 S1 P1 O8","de-protonated","1","3144","C20 H27 O8 N4 P1 S1 13C1","20","27","8","4","1","1","1","-9999","-9999"
"3162","526.128552","526.128613422","526.128111345","1187540.5","-9999","348854.4","7.56","-1","0.954288259","0.847690943","0","0.508614566","14","0.148148148","1.111111111","N1 S2 P1 O4","de-protonated","0","-9999","C27 H30 O4 N1 P1 S2","27","30","4","1","1","2","-9999","-9999","-9999"
"3162","526.128552","526.128613422","526.128959498","1187540.5","-9999","348854.4","7.56","-1","-0.657776548","0.924495218","0","0.554697131","15","0.32","1","N3 S1 O8","de-protonated","0","-9999","C25 H25 O8 N3 S1","25","25","8","3","-9999","1","-9999","-9999","-9999"
"3163","526.136453","526.136514419","526.136217207","1980633.9","-9999","372601.7","13.65","-1","0.564895449","0.62916192","0.922119997","0.746345151","14","0.142857143","1.107142857","13C1 S2 P1 O4","de-protonated","1","3148","C27 H31 O4 P1 S2 13C1","27","31","4","-9999","1","2","1","-9999","-9999"
"3163","526.136453","526.136514419","526.136624879","1980633.9","-9999","372601.7","13.65","-1","-0.209945136","0.496017095","0.714192896","0.583287416","28","0.027027027","0.594594595","N1 P1 O1","de-protonated","0","-9999","C37 H22 O1 N1 P1","37","22","1","1","1","-9999","-9999","-9999","-9999"
"3163","526.136453","526.136514419","526.136353553","1980633.9","-9999","372601.7","13.65","-1","0.305750275","0.491590321","0.773979033","0.604545806","14","0.222222222","1.074074074","N1 S2 O6","de-protonated","0","-9999","C27 H29 O6 N1 S2","27","29","6","1","-9999","2","-9999","-9999","-9999"
"3163","526.136453","526.136514419","526.136486495","1980633.9","-9999","372601.7","13.65","-1","0.05307483","0.999489001","0","0.599693401","1","0.875","2.125","N1 S1 P1 O14","de-protonated","0","-9999","C16 H34 O14 N1 P1 S1","16","34","14","1","1","1","-9999","-9999","-9999"
"3163","526.136453","526.136514419","526.136685238","1980633.9","-9999","372601.7","13.65","-1","-0.324666004","0.981055598","0.971449833","0.977213292","20","0.178571429","0.821428571","13C1 N4 P1 O5","de-protonated","1","3148","C27 H23 O5 N4 P1 13C1","27","23","5","4","1","-9999","1","-9999","-9999"
"3163","526.136453","526.136514419","526.136413912","1980633.9","-9999","372601.7","13.65","-1","0.191029288","0.662266943","0.93031813","0.769487417","6","0.555555556","1.666666667","13C1 N4 S2 O10","de-protonated","1","3148","C17 H30 O10 N4 S2 13C1","17","30","10","4","-9999","2","1","-9999","-9999"
"3164","526.151188","526.151249414","526.151609694","1701603.8","-9999","345651","11.51","-1","-0.684746839","0.459220625","0.748902347","0.575093314","18","0.096774194","0.935483871","N1 S2 O3","de-protonated","0","-9999","C31 H29 O3 N1 S2","31","29","3","1","-9999","2","-9999","-9999","-9999"
"3164","526.151188","526.151249414","526.150740314","1701603.8","-9999","345651","11.51","-1","0.967591946","0.421883681","0.755017935","0.555137382","19","0.266666667","0.833333333","N1 O8","de-protonated","0","-9999","C30 H25 O8 N1","30","25","8","1","-9999","-9999","-9999","-9999","-9999"
"3164","526.151188","526.151249414","526.151742636","1701603.8","-9999","345651","11.51","-1","-0.937414707","0.852614841","0","0.511568905","5","0.55","1.7","N1 S1 P1 O11","de-protonated","0","-9999","C20 H34 O11 N1 P1 S1","20","34","11","1","1","1","-9999","-9999","-9999"
"3165","526.156725","526.156786411","526.156613541","4823783.5","-9999","321772","35.49","-1","0.328552951","0.977329765","0.963021807","0.971606582","10","0.565217391","1.260869565","N1 O13","de-protonated","0","-9999","C23 H29 O13 N1","23","29","13","1","-9999","-9999","-9999","-9999","-9999"
"3165","526.156725","526.156786411","526.157102799","4823783.5","-9999","321772","35.49","-1","-0.60131668","0.941781707","0.983302252","0.958389925","14","0.192307692","1.153846154","N3 S1 P1 O5","de-protonated","0","-9999","C26 H30 O5 N3 P1 S1","26","30","5","3","1","1","-9999","-9999","-9999"
"3166","526.172831","526.172892405","526.172602717","1621234.3","-9999","406376.7","10.89","-1","0.550558011","0.630990313","0.925736996","0.748888986","13","0.103448276","1.206896552","13C1 S2 P1 O3","de-protonated","1","3152","C28 H35 O3 P1 S2 13C1","28","35","3","-9999","1","2","1","-9999","-9999"
"3166","526.172831","526.172892405","526.172739062","1621234.3","-9999","406376.7","10.89","-1","0.291430761","0.492353679","0.767553728","0.602433699","13","0.178571429","1.178571429","N1 S2 O5","de-protonated","0","-9999","C28 H33 O5 N1 S2","28","33","5","1","-9999","2","-9999","-9999","-9999"
"3166","526.172831","526.172892405","526.172872004","1621234.3","-9999","406376.7","10.89","-1","0.038772793","0.99972726","0","0.599836356","0","0.764705882","2.235294118","N1 S1 P1 O13","de-protonated","0","-9999","C17 H38 O13 N1 P1 S1","17","38","13","1","1","1","-9999","-9999","-9999"
"3166","526.172831","526.172892405","526.173070747","1621234.3","-9999","406376.7","10.89","-1","-0.338941915","0.979370638","0.974283569","0.977335811","19","0.137931034","0.931034483","13C1 N4 P1 O4","de-protonated","1","3152","C28 H27 O4 N4 P1 13C1","28","27","4","4","1","-9999","1","-9999","-9999"
"3166","526.172831","526.172892405","526.172799421","1621234.3","-9999","406376.7","10.89","-1","0.176717709","0.662899691","0.930900115","0.77009986","5","0.473684211","1.789473684","13C1 N4 S2 O9","de-protonated","1","3152","C18 H34 O9 N4 S2 13C1","18","34","9","4","-9999","2","1","-9999","-9999"
"3167","526.201356","526.201417394","526.201104913","1158917.6","-9999","428856.1","7.34","-1","0.593842984","0.938016456","0.913859225","0.928353564","9","0.48","1.36","13C1 O12","de-protonated","1","3154","C24 H34 O12 13C1","24","34","12","-9999","-9999","-9999","1","-9999","-9999"
"3167","526.201356","526.201417394","526.201594171","1158917.6","-9999","428856.1","7.34","-1","-0.335948271","0.979729737","0.933463358","0.961223186","13","0.142857143","1.25","13C1 N2 S1 P1 O4","de-protonated","1","3154","C27 H35 O4 N2 P1 S1 13C1","27","35","4","2","1","1","1","-9999","-9999"
"3167","526.201356","526.201417394","526.201730516","1158917.6","-9999","428856.1","7.34","-1","-0.595061015","0.937770015","0","0.562662009","13","0.222222222","1.222222222","N3 S1 O6","de-protonated","0","-9999","C27 H33 O6 N3 S1","27","33","6","3","-9999","1","-9999","-9999","-9999"
"3167","526.201356","526.201417394","526.201863458","1158917.6","-9999","428856.1","7.34","-1","-0.847704839","0.877753339","0","0.526652003","0","0.875","2.375","N3 P1 O14","de-protonated","0","-9999","C16 H38 O14 N3 P1","16","38","14","3","1","-9999","-9999","-9999","-9999"
"3167","526.201356","526.201417394","526.200942722","1158917.6","-9999","428856.1","7.34","-1","0.902073953","0.862731651","0.878861348","0.86918353","4","0.3","1.95","13C1 N4 S2 P1 O6","de-protonated","1","3154","C19 H39 O6 N4 P1 S2 13C1","19","39","6","4","1","2","1","-9999","-9999"
"3168","526.223766","526.223827386","526.223511333","1278996.8","-9999","312975.6","8.26","-1","0.600604979","0.936642768","0","0.561985661","17","0.1875","1.03125","N1 O6","de-protonated","0","-9999","C32 H33 O6 N1","32","33","6","1","-9999","-9999","-9999","-9999","-9999"
"3169","526.259953","526.260014372","526.259760497","1389357.1","-9999","372433","9.11","-1","0.482413364","0.958651931","0.859195247","0.918869257","16","0.088235294","1.147058824","13C1 P1 O3","de-protonated","1","3157","C33 H39 O3 P1 13C1","33","39","3","-9999","1","-9999","1","-9999","-9999"
"3169","526.259953","526.260014372","526.259896842","1389357.1","-9999","372433","9.11","-1","0.223329047","0.495495459","0.736963647","0.592082734","16","0.151515152","1.121212121","N1 O5","de-protonated","0","-9999","C33 H37 O5 N1","33","37","5","1","-9999","-9999","-9999","-9999","-9999"
"3169","526.259953","526.260014372","526.259957201","1389357.1","-9999","372433","9.11","-1","0.108635002","0.997860913","0.796414136","0.917282202","8","0.375","1.583333333","13C1 N4 O9","de-protonated","1","3157","C23 H38 O9 N4 13C1","23","38","9","4","-9999","-9999","1","-9999","-9999"
"3173","527.02755","527.027611075","527.02780616","1400628","-9999","368572.2","9.19","-1","-0.370160396","0.975444644","0","0.585266787","26","0.103448276","0.413793103","N4 S2 O3","de-protonated","0","-9999","C29 H12 O3 N4 S2","29","12","3","4","-9999","2","-9999","-9999","-9999"
"3173","527.02755","527.027611075","527.027939101","1400628","-9999","368572.2","9.19","-1","-0.622408277","0.932121805","0","0.559273083","13","0.611111111","0.944444444","N4 S1 P1 O11","de-protonated","0","-9999","C18 H17 O11 N4 P1 S1","18","17","11","4","1","1","-9999","-9999","-9999"
"3174","527.039688","527.03974907","527.039355909","1949500.3","-9999","339485","13.41","-1","0.745981172","0.451978268","0.787157861","0.586050105","16","0.28","0.84","S2 P1 O7","de-protonated","0","-9999","C25 H21 O7 P1 S2","25","21","7","-9999","1","2","-9999","-9999","-9999"
"3174","527.039688","527.03974907","527.040204062","1949500.3","-9999","339485","13.41","-1","-0.863296064","0.436757449","0.800793265","0.582371776","17","0.47826087","0.695652174","N2 S1 O11","de-protonated","0","-9999","C23 H16 O11 N2 S1","23","16","11","2","-9999","1","-9999","-9999","-9999"
"3174","527.039688","527.03974907","527.039823939","1949500.3","-9999","339485","13.41","-1","-0.142056085","0.498172537","0.787157861","0.613766667","22","0.32","0.52","N4 P1 O8","de-protonated","0","-9999","C25 H13 O8 N4 P1","25","13","8","4","1","-9999","-9999","-9999","-9999"
"3174","527.039688","527.03974907","527.039552613","1949500.3","-9999","339485","13.41","-1","0.372755603","0.975103457","0","0.585062074","8","0.866666667","1.333333333","N4 S2 O13","de-protonated","0","-9999","C15 H20 O13 N4 S2","15","20","13","4","-9999","2","-9999","-9999","-9999"
"3175","527.055052","527.055113064","527.05461205","2400582.8","-9999","314527.1","16.87","-1","0.950592586","0.424387223","0.761234226","0.559126024","20","0.137931034","0.724137931","S2 P1 O4","de-protonated","0","-9999","C29 H21 O4 P1 S2","29","21","4","-9999","1","2","-9999","-9999","-9999"
"3175","527.055052","527.055113064","527.055460203","2400582.8","-9999","314527.1","16.87","-1","-0.658638396","0.462152459","0.773979033","0.586883089","21","0.296296296","0.592592593","N2 S1 O8","de-protonated","0","-9999","C27 H16 O8 N2 S1","27","16","8","2","-9999","1","-9999","-9999","-9999"
"3175","527.055052","527.055113064","527.055080081","2400582.8","-9999","314527.1","16.87","-1","0.062580854","0.499644817","0.761234226","0.60428058","26","0.172413793","0.448275862","N4 P1 O5","de-protonated","0","-9999","C29 H13 O5 N4 P1","29","13","5","4","1","-9999","-9999","-9999","-9999"
"3175","527.055052","527.055113064","527.054808754","2400582.8","-9999","314527.1","16.87","-1","0.577377745","0.470652225","0.829532115","0.614204181","12","0.526315789","1.052631579","N4 S2 O10","de-protonated","0","-9999","C19 H20 O10 N4 S2","19","20","10","4","-9999","2","-9999","-9999","-9999"
"3176","527.0639","527.063961061","527.064191669","1709900.6","-9999","327162.4","11.57","-1","-0.437533468","0.482930317","0.755017935","0.591765364","25","0.066666667","0.533333333","N4 S2 O2","de-protonated","0","-9999","C30 H16 O2 N4 S2","30","16","2","4","-9999","2","-9999","-9999","-9999"
"3176","527.0639","527.063961061","527.064324611","1709900.6","-9999","327162.4","11.57","-1","-0.689763918","0.917292746","0","0.550375647","12","0.526315789","1.105263158","N4 S1 P1 O10","de-protonated","0","-9999","C19 H21 O10 N4 P1 S1","19","21","10","4","1","1","-9999","-9999","-9999"
"3177","527.070454","527.070515058","527.070716344","1722193.1","-9999","378576.9","11.66","-1","-0.381896017","0.48694189","0.748902347","0.591726073","25","0.161290323","0.516129032","N2 S1 O5","de-protonated","0","-9999","C31 H16 O5 N2 S1","31","16","5","2","-9999","1","-9999","-9999","-9999"
"3177","527.070454","527.070515058","527.070849286","1722193.1","-9999","378576.9","11.66","-1","-0.634123359","0.929635437","0","0.557781262","12","0.65","1.05","N2 P1 O13","de-protonated","0","-9999","C20 H21 O13 N2 P1","20","21","13","2","1","-9999","-9999","-9999","-9999"
"3177","527.070454","527.070515058","527.070336222","1722193.1","-9999","378576.9","11.66","-1","0.339302557","0.489663586","0.736963647","0.58858361","30","0.060606061","0.393939394","N4 P1 O2","de-protonated","0","-9999","C33 H13 O2 N4 P1","33","13","2","4","1","-9999","-9999","-9999","-9999"
"3177","527.070454","527.070515058","527.070064896","1722193.1","-9999","378576.9","11.66","-1","0.854084689","0.876025851","0","0.525615511","16","0.304347826","0.869565217","N4 S2 O7","de-protonated","0","-9999","C23 H20 O7 N4 S2","23","20","7","4","-9999","2","-9999","-9999","-9999"
"3178","527.076067","527.076128056","527.075741418","7058773","-9999","349391.6","52.66","-1","0.733553059","0.600897617","0.911002287","0.724939485","15","0.230769231","0.961538462","S2 P1 O6","de-protonated","0","-9999","C26 H25 O6 P1 S2","26","25","6","-9999","1","2","-9999","-9999","-9999"
"3178","527.076067","527.076128056","527.076589571","7058773","-9999","349391.6","52.66","-1","-0.875613064","0.876705989","0.975360828","0.916167925","16","0.416666667","0.833333333","N2 S1 O10","de-protonated","0","-9999","C24 H20 O10 N2 S1","24","20","10","2","-9999","1","-9999","-9999","-9999"
"3178","527.076067","527.076128056","527.076209449","7058773","-9999","349391.6","52.66","-1","-0.154422882","0.996799518","0.961956628","0.982862362","21","0.269230769","0.653846154","N4 P1 O7","de-protonated","0","-9999","C26 H17 O7 N4 P1","26","17","7","4","1","-9999","-9999","-9999","-9999"
"3178","527.076067","527.076128056","527.075938123","7058773","-9999","349391.6","52.66","-1","0.36035326","0.649054323","0.929124245","0.761082292","7","0.75","1.5","N4 S2 O12","de-protonated","0","-9999","C16 H24 O12 N4 S2","16","24","12","4","-9999","2","-9999","-9999","-9999"
"3179","527.091344","527.09140505","527.090997559","3159391.3","-9999","350524.3","22.7","-1","0.773093885","0.448613138","0.755017935","0.571175057","19","0.1","0.833333333","S2 P1 O3","de-protonated","0","-9999","C30 H25 O3 P1 S2","30","25","3","-9999","1","2","-9999","-9999","-9999"
"3179","527.091344","527.09140505","527.091845713","3159391.3","-9999","350524.3","22.7","-1","-0.836025726","0.44044542","0.767553728","0.571288743","20","0.25","0.714285714","N2 S1 O7","de-protonated","0","-9999","C28 H20 O7 N2 S1","28","20","7","2","-9999","1","-9999","-9999","-9999"
"3179","527.091344","527.09140505","527.09146559","3159391.3","-9999","350524.3","22.7","-1","-0.11485639","0.498804597","0.755017935","0.601289932","25","0.133333333","0.566666667","N4 P1 O4","de-protonated","0","-9999","C30 H17 O4 N4 P1","30","17","4","4","1","-9999","-9999","-9999","-9999"
"3179","527.091344","527.09140505","527.091194264","3159391.3","-9999","350524.3","22.7","-1","0.399904873","0.485699498","0.822155738","0.620281994","11","0.45","1.2","N4 S2 O9","de-protonated","0","-9999","C20 H24 O9 N4 S2","20","24","9","4","-9999","2","-9999","-9999","-9999"
"3180","527.100346","527.100407047","527.100577178","2982245.3","-9999","360978.1","21.34","-1","-0.322768881","0.490637134","0.748902347","0.593943219","24","0.032258065","0.64516129","N4 S2 O1","de-protonated","0","-9999","C31 H20 O1 N4 S2","31","20","1","4","-9999","2","-9999","-9999","-9999"
"3180","527.100346","527.100407047","527.10071012","2982245.3","-9999","360978.1","21.34","-1","-0.574981948","0.470888056","0.822155738","0.611395129","11","0.45","1.25","N4 S1 P1 O9","de-protonated","0","-9999","C20 H25 O9 N4 P1 S1","20","25","9","4","1","1","-9999","-9999","-9999"
"3181","527.107028","527.107089044","527.107614918","1463913.9","-9999","287765","9.68","-1","-0.997659551","0.834768918","0","0.500861351","6","0.789473684","1.473684211","S1 O15","de-protonated","0","-9999","C19 H28 O15 S1","19","28","15","-9999","-9999","1","-9999","-9999","-9999"
"3181","527.107028","527.107089044","527.107101854","1463913.9","-9999","287765","9.68","-1","-0.024301885","0.499946423","0.742885034","0.597121867","24","0.125","0.625","N2 S1 O4","de-protonated","0","-9999","C32 H20 O4 N2 S1","32","20","4","2","-9999","1","-9999","-9999","-9999"
"3181","527.107028","527.107089044","527.107234796","1463913.9","-9999","287765","9.68","-1","-0.276511907","0.986222436","0","0.591733462","11","0.571428571","1.19047619","N2 P1 O12","de-protonated","0","-9999","C21 H25 O12 N2 P1","21","25","12","2","1","-9999","-9999","-9999","-9999"
"3181","527.107028","527.107089044","527.106721731","1463913.9","-9999","287765","9.68","-1","0.696847163","0.457829731","0.73113591","0.567152202","29","0.029411765","0.5","N4 P1 O1","de-protonated","0","-9999","C34 H17 O1 N4 P1","34","17","1","4","1","-9999","-9999","-9999","-9999"
"3182","527.108292","527.108353044","527.108755624","1239658.8","-9999","307863.7","7.96","-1","-0.763752187","0.89956661","0","0.539739966","19","0.166666667","0.833333333","S1 P1 O5","de-protonated","0","-9999","C30 H25 O5 P1 S1","30","25","5","-9999","1","1","-9999","-9999","-9999"
"3182","527.108292","527.108353044","527.108104175","1239658.8","-9999","307863.7","7.96","-1","0.472138852","0.960359437","0","0.576215662","10","0.318181818","1.318181818","N2 S2 P1 O7","de-protonated","0","-9999","C22 H29 O7 N2 P1 S2","22","29","7","2","1","2","-9999","-9999","-9999"
"3183","527.112611","527.112672042","527.112975081","7339373.5","-9999","244677","54.81","-1","-0.574902609","0.958085436","0.971840506","0.963587464","15","0.36","0.96","N2 S1 O9","de-protonated","0","-9999","C25 H24 O9 N2 S1","25","24","9","2","-9999","1","-9999","-9999","-9999"
"3183","527.112611","527.112672042","527.112594958","7339373.5","-9999","244677","54.81","-1","0.146238007","0.498063569","0.773979033","0.608429755","20","0.222222222","0.777777778","N4 P1 O6","de-protonated","0","-9999","C27 H21 O6 N4 P1","27","21","6","4","1","-9999","-9999","-9999","-9999"
"3183","527.112611","527.112672042","527.112323632","7339373.5","-9999","244677","54.81","-1","0.66097877","0.307929032","0.785329736","0.498889314","6","0.647058824","1.647058824","N4 S2 O11","de-protonated","0","-9999","C17 H28 O11 N4 S2","17","28","11","4","-9999","2","-9999","-9999","-9999"
"3184","527.119144","527.119205039","527.119499756","14564722","-9999","333000.8","110.32","-1","-0.559107755","0.638775234","0.971181244","0.771737638","15","0.461538462","0.923076923","O12","de-protonated","0","-9999","C26 H24 O12","26","24","12","-9999","-9999","-9999","-9999","-9999","-9999"
"3184","527.119144","527.119205039","527.118986692","14564722","-9999","333000.8","110.32","-1","0.414228391","0.966644414","0.929715873","0.951872997","33","0.025641026","0.41025641","N2 O1","de-protonated","0","-9999","C39 H16 O1 N2","39","16","1","2","-9999","-9999","-9999","-9999","-9999"
"3184","527.119144","527.119205039","527.118848307","14564722","-9999","333000.8","110.32","-1","0.676758346","0.60055315","0.934589152","0.73416755","6","0.777777778","1.555555556","N2 S1 O14","de-protonated","0","-9999","C18 H28 O14 N2 S1","18","28","14","2","-9999","1","-9999","-9999","-9999"
"3184","527.119144","527.119205039","527.119337565","14564722","-9999","333000.8","110.32","-1","-0.251414169","0.662350512","0.9320354","0.770224467","10","0.285714286","1.380952381","N4 S2 P1 O6","de-protonated","0","-9999","C21 H29 O6 N4 P1 S2","21","29","6","4","1","2","-9999","-9999","-9999"
"3185","527.127752","527.127813036","527.127383069","2778999.8","-9999","319658.7","19.78","-1","0.815680262","0.443139255","0.748902347","0.565444492","18","0.064516129","0.935483871","S2 P1 O2","de-protonated","0","-9999","C31 H29 O2 P1 S2","31","29","2","-9999","1","2","-9999","-9999","-9999"
"3185","527.127752","527.127813036","527.128094876","2778999.8","-9999","319658.7","19.78","-1","-0.534671081","0.949451044","0.811427335","0.89424156","19","0.133333333","0.866666667","13C1 N1 S1 P1 O4","de-protonated","1","3161","C29 H26 O4 N1 P1 S1 13C1","29","26","4","1","1","1","1","-9999","-9999"
"3185","527.127752","527.127813036","527.128231222","2778999.8","-9999","319658.7","19.78","-1","-0.793328346","0.446040504","0.761234226","0.572117993","19","0.206896552","0.827586207","N2 S1 O6","de-protonated","0","-9999","C29 H24 O6 N2 S1","29","24","6","2","-9999","1","-9999","-9999","-9999"
"3185","527.127752","527.127813036","527.127443428","2778999.8","-9999","319658.7","19.78","-1","0.701174899","0.914654789","0.758655608","0.852255117","10","0.272727273","1.363636364","13C1 N3 S2 P1 O6","de-protonated","1","3161","C21 H30 O6 N3 P1 S2 13C1","21","30","6","3","1","2","1","-9999","-9999"
"3185","527.127752","527.127813036","527.127851099","2778999.8","-9999","319658.7","19.78","-1","-0.072208759","0.499527177","0.748902347","0.599277245","24","0.096774194","0.677419355","N4 P1 O3","de-protonated","0","-9999","C31 H21 O3 N4 P1","31","21","3","4","1","-9999","-9999","-9999","-9999"
"3185","527.127752","527.127813036","527.127579773","2778999.8","-9999","319658.7","19.78","-1","0.442516994","0.482546159","0.81490939","0.615491452","10","0.380952381","1.333333333","N4 S2 O8","de-protonated","0","-9999","C21 H28 O8 N4 S2","21","28","8","4","-9999","2","-9999","-9999","-9999"
"3186","527.136795","527.136856033","527.136606372","1547390","-9999","242925.3","10.32","-1","0.473616351","0.960115971","0","0.576069582","6","0.888888889","1.555555556","N2 O16","de-protonated","0","-9999","C18 H28 O16 N2","18","28","16","2","-9999","-9999","-9999","-9999","-9999"
"3186","527.136795","527.136856033","527.137095629","1547390","-9999","242925.3","10.32","-1","-0.45452470699999997","0.963207926","0","0.577924756","10","0.380952381","1.380952381","N4 S1 P1 O8","de-protonated","0","-9999","C21 H29 O8 N4 P1 S1","21","29","8","4","1","1","-9999","-9999","-9999"
"3187","527.140872","527.140933031","527.140629124","1772416.8","-9999","264588.6","12.05","-1","0.576519667","0.941473579","0","0.564884148","10","0.608695652","1.217391304","O14","de-protonated","0","-9999","C23 H28 O14","23","28","14","-9999","-9999","-9999","-9999","-9999","-9999"
"3187","527.140872","527.140933031","527.141118381","1772416.8","-9999","264588.6","12.05","-1","-0.351614404","0.48890838","0.780512821","0.605550156","14","0.230769231","1.115384615","N2 S1 P1 O6","de-protonated","0","-9999","C26 H29 O6 N2 P1 S1","26","29","6","2","1","1","-9999","-9999","-9999"
"3187","527.140872","527.140933031","527.140466933","1772416.8","-9999","264588.6","12.05","-1","0.884201269","0.867743826","0","0.520646296","5","0.444444444","1.833333333","N4 S2 P1 O8","de-protonated","0","-9999","C18 H33 O8 N4 P1 S2","18","33","8","4","1","2","-9999","-9999","-9999"
"3188","527.143382","527.14344303","527.143487363","1291906.5","-9999","264183.5","8.36","-1","-0.084100632","0.998717452","0","0.599230471","23","0.090909091","0.727272727","N2 S1 O3","de-protonated","0","-9999","C33 H24 O3 N2 S1","33","24","3","2","-9999","1","-9999","-9999","-9999"
"3188","527.143382","527.14344303","527.143620305","1291906.5","-9999","264183.5","8.36","-1","-0.336293229","0.979688514","0","0.587813108","10","0.5","1.318181818","N2 P1 O11","de-protonated","0","-9999","C22 H29 O11 N2 P1","22","29","11","2","1","-9999","-9999","-9999","-9999"
"3188","527.143382","527.14344303","527.142968856","1291906.5","-9999","264183.5","8.36","-1","0.899516597","0.863453188","0","0.518071913","1","0.928571429","2.357142857","N4 S1 P1 O13","de-protonated","0","-9999","C14 H33 O13 N4 P1 S1","14","33","13","4","1","1","-9999","-9999","-9999"
"3189","527.146658","527.146719029","527.146858666","1180036.8","-9999","394275.9","7.5","-1","-0.26489333","0.987348731","0","0.592409239","18","0.1","0.933333333","N2 S2 O3","de-protonated","0","-9999","C30 H28 O3 N2 S2","30","28","3","2","-9999","2","-9999","-9999","-9999"
"3189","527.146658","527.146719029","527.146991608","1180036.8","-9999","394275.9","7.5","-1","-0.517084269","0.952643002","0","0.571585801","5","0.578947368","1.736842105","N2 S1 P1 O11","de-protonated","0","-9999","C19 H33 O11 N2 P1 S1","19","33","11","2","1","1","-9999","-9999","-9999"
"3190","527.148922","527.148983028","527.148512437","5447046.5","-9999","369379.1","40.28","-1","0.892710776","0.611423717","0.935731097","0.741146669","13","0.142857143","1.178571429","S2 P1 O4","de-protonated","0","-9999","C28 H33 O4 P1 S2","28","33","4","-9999","1","2","-9999","-9999","-9999"
"3190","527.148922","527.148983028","527.14936059","5447046.5","-9999","369379.1","40.28","-1","-0.716233463","0.455559653","0.780512821","0.58554092","14","0.307692308","1.076923077","N2 S1 O8","de-protonated","0","-9999","C26 H28 O8 N2 S1","26","28","8","2","-9999","1","-9999","-9999","-9999"
"3190","527.148922","527.148983028","527.148980467","5447046.5","-9999","369379.1","40.28","-1","0.004857275","0.980441393","0.994106662","0.985907501","19","0.178571429","0.892857143","N4 P1 O5","de-protonated","0","-9999","C28 H25 O5 N4 P1","28","25","5","4","1","-9999","-9999","-9999","-9999"
"3190","527.148922","527.148983028","527.148709141","5447046.5","-9999","369379.1","40.28","-1","0.519562437","0.650611618","0.913263125","0.755672221","5","0.555555556","1.777777778","N4 S2 O10","de-protonated","0","-9999","C18 H32 O10 N4 S2","18","32","10","4","-9999","2","-9999","-9999","-9999"
"3191","527.150288","527.150349027","527.150012039","1144199.1","-9999","494654.6","7.22","-1","0.639265431","0.928531593","0","0.557118956","23","0.176470588","0.705882353","O6","de-protonated","0","-9999","C34 H24 O6","34","24","6","-9999","-9999","-9999","-9999","-9999","-9999"
"3191","527.150288","527.150349027","527.150362912","1144199.1","-9999","494654.6","7.22","-1","-0.026338102","0.999874138","0","0.599924483","0","0.6875","2.3125","N2 S2 P1 O11","de-protonated","0","-9999","C16 H37 O11 N2 P1 S2","16","37","11","2","1","2","-9999","-9999","-9999"
"3192","527.160108","527.160169024","527.160397275","1491597.9","-9999","317439.4","9.89","-1","-0.432982329","0.483277606","0.725399619","0.580126411","22","0.028571429","0.828571429","S1 P1 O1","de-protonated","0","-9999","C35 H29 O1 P1 S1","35","29","1","-9999","1","1","-9999","-9999","-9999"
"3192","527.160108","527.160169024","527.159968376","1491597.9","-9999","317439.4","9.89","-1","0.380619462","0.974055803","0.963021807","0.969642205","10","0.565217391","1.260869565","13C1 N1 O13","de-protonated","1","3165","C22 H29 O13 N1 13C1","22","29","13","1","-9999","-9999","1","-9999","-9999"
"3192","527.160108","527.160169024","527.159745826","1491597.9","-9999","317439.4","9.89","-1","0.802788048","0.889640358","0","0.533784215","13","0.111111111","1.222222222","N2 S2 P1 O3","de-protonated","0","-9999","C27 H33 O3 N2 P1 S2","27","33","3","2","1","2","-9999","-9999","-9999"
"3192","527.160108","527.160169024","527.160457634","1491597.9","-9999","317439.4","9.89","-1","-0.547480378","0.947066014","0.983302252","0.961560509","14","0.192307692","1.153846154","13C1 N3 S1 P1 O5","de-protonated","1","3165","C25 H30 O5 N3 P1 S1 13C1","25","30","5","3","1","1","1","-9999","-9999"
"3192","527.160108","527.160169024","527.160593979","1491597.9","-9999","317439.4","9.89","-1","-0.806121761","0.888774958","0","0.533264975","14","0.28","1.12","N4 S1 O7","de-protonated","0","-9999","C25 H28 O7 N4 S1","25","28","7","4","-9999","1","-9999","-9999","-9999"
"3193","527.163993","527.164054022","527.163768578","2238864.5","-9999","367837.9","15.63","-1","0.541471282","0.474095581","0.742885034","0.581611362","17","0.03125","1.03125","S2 P1 O1","de-protonated","0","-9999","C32 H33 O1 P1 S2","32","33","1","-9999","1","2","-9999","-9999","-9999"
"3193","527.163993","527.164054022","527.164236609","2238864.5","-9999","367837.9","15.63","-1","-0.346356213","0.489234066","0.742885034","0.590694453","23","0.0625","0.78125","N4 P1 O2","de-protonated","0","-9999","C32 H25 O2 N4 P1","32","25","2","4","1","-9999","-9999","-9999","-9999"
"3193","527.163993","527.164054022","527.163965283","2238864.5","-9999","367837.9","15.63","-1","0.168333872","0.497435806","0.807789663","0.621577349","9","0.318181818","1.454545455","N4 S2 O7","de-protonated","0","-9999","C22 H32 O7 N4 S2","22","32","7","4","-9999","2","-9999","-9999","-9999"
"3194","527.177233","527.177294017","527.177014633","2210713.5","-9999","253602.6","15.41","-1","0.529961522","0.475157612","0.793917021","0.602661375","9","0.541666667","1.333333333","O13","de-protonated","0","-9999","C24 H32 O13","24","32","13","-9999","-9999","-9999","-9999","-9999","-9999"
"3194","527.177233","527.177294017","527.177503891","2210713.5","-9999","253602.6","15.41","-1","-0.398108446","0.485825854","0.773979033","0.601087126","13","0.185185185","1.222222222","N2 S1 P1 O5","de-protonated","0","-9999","C27 H33 O5 N2 P1 S1","27","33","5","2","1","1","-9999","-9999","-9999"
"3194","527.177233","527.177294017","527.176852442","2210713.5","-9999","253602.6","15.41","-1","0.837621874","0.880463957","0","0.528278374","4","0.368421053","1.947368421","N4 S2 P1 O7","de-protonated","0","-9999","C19 H37 O7 N4 P1 S2","19","37","7","4","1","2","-9999","-9999","-9999"
"3195","527.185176","527.185237014","527.184897946","3267998.8","-9999","304545.8","23.54","-1","0.643166741","0.463844519","0.761234226","0.582800402","12","0.103448276","1.275862069","S2 P1 O3","de-protonated","0","-9999","C29 H37 O3 P1 S2","29","37","3","-9999","1","2","-9999","-9999","-9999"
"3195","527.185176","527.185237014","527.185746099","3267998.8","-9999","304545.8","23.54","-1","-0.965666051","0.422168793","0.773979033","0.562892889","13","0.259259259","1.185185185","N2 S1 O7","de-protonated","0","-9999","C27 H32 O7 N2 S1","27","32","7","2","-9999","1","-9999","-9999","-9999"
"3195","527.185176","527.185237014","527.185365977","3267998.8","-9999","304545.8","23.54","-1","-0.244625261","0.494600286","0.761234226","0.601253862","18","0.137931034","1","N4 P1 O4","de-protonated","0","-9999","C29 H29 O4 N4 P1","29","29","4","4","1","-9999","-9999","-9999","-9999"
"3195","527.185176","527.185237014","527.185094651","3267998.8","-9999","304545.8","23.54","-1","0.270044248","0.493427606","0.829532115","0.62786941","4","0.473684211","1.894736842","N4 S2 O9","de-protonated","0","-9999","C19 H36 O9 N4 S2","19","36","9","4","-9999","2","-9999","-9999","-9999"
"3196","527.200537","527.200598008","527.201002241","1588649.3","-9999","368938.8","10.64","-1","-0.766752347","0.449408716","0.748902347","0.569206168","17","0.129032258","1.032258065","N2 S1 O4","de-protonated","0","-9999","C31 H32 O4 N2 S1","31","32","4","2","-9999","1","-9999","-9999","-9999"
"3196","527.200537","527.200598008","527.200622118","1588649.3","-9999","368938.8","10.64","-1","-0.045732278","0.499810291","0.736963647","0.594671634","22","0.03030303","0.878787879","N4 P1 O1","de-protonated","0","-9999","C33 H29 O1 N4 P1","33","29","1","4","1","-9999","-9999","-9999","-9999"
"3196","527.200537","527.200598008","527.200350792","1588649.3","-9999","368938.8","10.64","-1","0.468922439","0.960887027","0","0.576532216","8","0.260869565","1.565217391","N4 S2 O6","de-protonated","0","-9999","C23 H36 O6 N4 S2","23","36","6","4","-9999","2","-9999","-9999","-9999"
"3197","527.213851","527.213912003","527.214269523","1253810.1","-9999","325841.7","8.06","-1","-0.678130057","0.919945306","0","0.551967184","7","0.269230769","1.538461538","S2 O7","de-protonated","0","-9999","C26 H40 O7 S2","26","40","7","-9999","-9999","2","-9999","-9999","-9999"
"3197","527.213851","527.213912003","527.213400143","1253810.1","-9999","325841.7","8.06","-1","0.970878257","0.842792611","0","0.505675566","8","0.48","1.44","O12","de-protonated","0","-9999","C25 H36 O12","25","36","12","-9999","-9999","-9999","-9999","-9999","-9999"
"3197","527.213851","527.213912003","527.2138894","1253810.1","-9999","325841.7","8.06","-1","0.04287193","0.999666552","0","0.599799931","12","0.142857143","1.321428571","N2 S1 P1 O4","de-protonated","0","-9999","C28 H37 O4 N2 P1 S1","28","37","4","2","1","1","-9999","-9999","-9999"
"3198","527.221796","527.221857","527.222131609","1300919.6","-9999","335792.5","8.43","-1","-0.520859933","0.951965833","0","0.5711795","12","0.214285714","1.285714286","N2 S1 O6","de-protonated","0","-9999","C28 H36 O6 N2 S1","28","36","6","2","-9999","1","-9999","-9999","-9999"
"3198","527.221796","527.221857","527.221751486","1300919.6","-9999","335792.5","8.43","-1","0.200131416","0.992758856","0","0.595655313","17","0.1","1.1","N4 P1 O3","de-protonated","0","-9999","C30 H33 O3 N4 P1","30","33","3","4","1","-9999","-9999","-9999","-9999"
"3198","527.221796","527.221857","527.22148016","1300919.6","-9999","335792.5","8.43","-1","0.714765635","0.911466623","0","0.546879974","3","0.4","2","N4 S2 O8","de-protonated","0","-9999","C20 H40 O8 N4 S2","20","40","8","4","-9999","2","-9999","-9999","-9999"
"3199","527.235041","527.235101995","527.235398891","1230784.6","-9999","306204.7","7.89","-1","-0.563118666","0.94408615","0","0.56645169","2","0.391304348","1.913043478","S2 O9","de-protonated","0","-9999","C23 H44 O9 S2","23","44","9","-9999","-9999","2","-9999","-9999","-9999"
"3199","527.235041","527.235101995","527.235018768","1230784.6","-9999","306204.7","7.89","-1","0.15785451","0.995488859","0","0.597293315","7","0.24","1.64","N2 S1 P1 O6","de-protonated","0","-9999","C25 H41 O6 N2 P1 S1","25","41","6","2","1","1","-9999","-9999","-9999"
"3200","528.079447","528.079507668","528.079096253","1564670.4","-9999","386914.1","10.45","-1","0.77907848","0.597143517","0.911002287","0.722687025","15","0.230769231","0.961538462","13C1 S2 P1 O6","de-protonated","1","3178","C25 H25 O6 P1 S2 13C1","25","25","6","-9999","1","2","1","-9999","-9999"
"3200","528.079447","528.079507668","528.079503925","1564670.4","-9999","386914.1","10.45","-1","0.007088477","0.499995441","0.725399619","0.590157112","29","0.085714286","0.457142857","N1 P1 O3","de-protonated","0","-9999","C35 H16 O3 N1 P1","35","16","3","1","1","-9999","-9999","-9999","-9999"
"3200","528.079447","528.079507668","528.079232599","1564670.4","-9999","386914.1","10.45","-1","0.520886682","0.95196102","0","0.571176612","15","0.32","0.92","N1 S2 O8","de-protonated","0","-9999","C25 H23 O8 N1 S2","25","23","8","1","-9999","2","-9999","-9999","-9999"
"3200","528.079447","528.079507668","528.079944406","1564670.4","-9999","386914.1","10.45","-1","-0.827030292","0.883285227","0.975360828","0.920115468","16","0.416666667","0.833333333","13C1 N2 S1 O10","de-protonated","1","3178","C23 H20 O10 N2 S1 13C1","23","20","10","2","-9999","1","1","-9999","-9999"
"3200","528.079447","528.079507668","528.079564284","1564670.4","-9999","386914.1","10.45","-1","-0.107210342","0.997916592","0.961956628","0.983532606","21","0.269230769","0.653846154","13C1 N4 P1 O7","de-protonated","1","3178","C25 H17 O7 N4 P1 13C1","25","17","7","4","1","-9999","1","-9999","-9999"
"3200","528.079447","528.079507668","528.079292958","1564670.4","-9999","386914.1","10.45","-1","0.40658774600000003","0.646966319","0.929124245","0.75982949","7","0.75","1.5","13C1 N4 S2 O12","de-protonated","1","3178","C15 H24 O12 N4 S2 13C1","15","24","12","4","-9999","2","1","-9999","-9999"
"3201","528.116469","528.116529654","528.116329916","1662487.5","-9999","238862.5","11.2","-1","0.378208769","0.97437917","0.971840506","0.973363704","15","0.36","0.96","13C1 N2 S1 O9","de-protonated","1","3183","C24 H24 O9 N2 S1 13C1","24","24","9","2","-9999","1","1","-9999","-9999"
"3202","528.122583","528.122643652","528.122854591","4167707.8","-9999","332984.2","30.44","-1","-0.399413857","0.647645451","0.971181244","0.777059768","15","0.461538462","0.923076923","13C1 O12","de-protonated","1","3184","C25 H24 O12 13C1","25","24","12","-9999","-9999","-9999","1","-9999","-9999"
"3202","528.122583","528.122643652","528.122632041","4167707.8","-9999","332984.2","30.44","-1","0.021984692","0.944571393","0.975128451","0.956794216","18","0.066666667","0.933333333","N1 S2 P1 O2","de-protonated","0","-9999","C30 H28 O2 N1 P1 S2","30","28","2","1","1","2","-9999","-9999","-9999"
"3202","528.122583","528.122643652","528.122341527","4167707.8","-9999","332984.2","30.44","-1","0.572073249","0.957644635","0.929715873","0.94647313","33","0.025641026","0.41025641","13C1 N2 O1","de-protonated","1","3184","C38 H16 O1 N2 13C1","38","16","1","2","-9999","-9999","1","-9999","-9999"
"3202","528.122583","528.122643652","528.122203142","4167707.8","-9999","332984.2","30.44","-1","0.834104476","0.587602575","0.934589152","0.726397206","6","0.777777778","1.555555556","13C1 N2 S1 O14","de-protonated","1","3184","C17 H28 O14 N2 S1 13C1","17","28","14","2","-9999","1","1","-9999","-9999"
"3202","528.122583","528.122643652","528.1226924","4167707.8","-9999","332984.2","30.44","-1","-0.092304794","0.665636813","0.9320354","0.772196248","10","0.285714286","1.380952381","13C1 N4 S2 P1 O6","de-protonated","1","3184","C20 H29 O6 N4 P1 S2 13C1","20","29","6","4","1","2","1","-9999","-9999"
"3203","528.152027","528.15208764","528.151867272","1704495.8","-9999","383579.2","11.52","-1","0.417244195","0.645936548","0.935731097","0.761854368","13","0.142857143","1.178571429","13C1 S2 P1 O4","de-protonated","1","3190","C27 H33 O4 P1 S2 13C1","27","33","4","-9999","1","2","1","-9999","-9999"
"3203","528.152027","528.15208764","528.152274944","1704495.8","-9999","383579.2","11.52","-1","-0.35463916","0.488718906","0.714192896","0.578908502","27","0.027027027","0.648648649","N1 P1 O1","de-protonated","0","-9999","C37 H24 O1 N1 P1","37","24","1","1","1","-9999","-9999","-9999","-9999"
"3203","528.152027","528.15208764","528.152003617","1704495.8","-9999","383579.2","11.52","-1","0.159088066","0.497709121","0.773979033","0.608217086","13","0.222222222","1.148148148","N1 S2 O6","de-protonated","0","-9999","C27 H31 O6 N1 S2","27","31","6","1","-9999","2","-9999","-9999","-9999"
"3203","528.152027","528.15208764","528.152136559","1704495.8","-9999","383579.2","11.52","-1","-0.092623026","0.998444558","0","0.599066735","0","0.875","2.25","N1 S1 P1 O14","de-protonated","0","-9999","C16 H36 O14 N1 P1 S1","16","36","14","1","1","1","-9999","-9999","-9999"
"3203","528.152027","528.15208764","528.151623495","1704495.8","-9999","383579.2","11.52","-1","0.878810516","0.434620762","0.761234226","0.565266148","18","0.103448276","0.965517241","N3 S1 P1 O3","de-protonated","0","-9999","C29 H28 O3 N3 P1 S1","29","28","3","3","1","1","-9999","-9999","-9999"
"3203","528.152027","528.15208764","528.152335302","1704495.8","-9999","383579.2","11.52","-1","-0.468922189","0.960887068","0.994106662","0.974174906","19","0.178571429","0.892857143","13C1 N4 P1 O5","de-protonated","1","3190","C27 H25 O5 N4 P1 13C1","27","25","5","4","1","-9999","1","-9999","-9999"
"3203","528.152027","528.15208764","528.152063976","1704495.8","-9999","383579.2","11.52","-1","0.04480492","0.666423874","0.913263125","0.765159575","5","0.555555556","1.777777778","13C1 N4 S2 O10","de-protonated","1","3190","C17 H32 O10 N4 S2 13C1","17","32","10","4","-9999","2","1","-9999","-9999"
"3204","528.153914","528.153974639","528.154125418","1575217.1","-9999","342455.1","10.53","-1","-0.285482914","0.98532065","0","0.59119239","14","0.32","1.12","N3 P1 O8","de-protonated","0","-9999","C25 H28 O8 N3 P1","25","28","8","3","1","-9999","-9999","-9999","-9999"
"3204","528.153914","528.153974639","528.153854092","1575217.1","-9999","342455.1","10.53","-1","0.228242548","0.990592027","0","0.594355216","0","0.866666667","2.333333333","N3 S2 O13","de-protonated","0","-9999","C15 H35 O13 N3 S2","15","35","13","3","-9999","2","-9999","-9999","-9999"
"3205","528.285402","528.285462589","528.285280694","2420874.8","-9999","370682.1","17.02","-1","0.344310577","0.489359502","0.780512821","0.60582083","5","0.076923077","1.846153846","N3 S2 P1 O2","de-protonated","0","-9999","C26 H48 O2 N3 P1 S2","26","48","2","3","1","2","-9999","-9999","-9999"
"3206","528.288691","528.288751587","528.288434066","1453196.9","-9999","523995.2","9.59","-1","0.601036835","0.936554577","0","0.561932746","10","0.166666667","1.466666667","N1 P1 O5","de-protonated","0","-9999","C30 H44 O5 N1 P1","30","44","5","1","1","-9999","-9999","-9999","-9999"
"3207","528.291003","528.291063586","528.290803048","9586831","-9999","338831.5","72.07","-1","0.49317193","0.629266871","0.902686757","0.738634825","19","0.054054054","1.054054054","N1 O2","de-protonated","0","-9999","C37 H39 O2 N1","37","39","2","1","-9999","-9999","-9999","-9999","-9999"
"3214","528.953315","528.95337533","528.953060082","18252370","-9999","330831.5","138.64","-1","0.595984743","0.312527609","0.792057403","0.504339526","14","0.6875","0.6875","N4 S2 P1 O11","de-protonated","0","-9999","C16 H11 O11 N4 P1 S2","16","11","11","4","1","2","-9999","-9999","-9999"
"3215","529.03424","529.034300299","529.033876605","2519690","-9999","357410.5","17.78","-1","0.800882492","0.445066894","0.767553728","0.574061628","20","0.178571429","0.678571429","S2 P1 O5","de-protonated","0","-9999","C28 H19 O5 P1 S2","28","19","5","-9999","1","2","-9999","-9999","-9999"
"3215","529.03424","529.034300299","529.034724758","2519690","-9999","357410.5","17.78","-1","-0.802327675","0.444879825","0.780512821","0.579133023","21","0.346153846","0.538461538","N2 S1 O9","de-protonated","0","-9999","C26 H14 O9 N2 S1","26","14","9","2","-9999","1","-9999","-9999","-9999"
"3215","529.03424","529.034300299","529.034344636","2519690","-9999","357410.5","17.78","-1","-0.08380681","0.499363196","0.767553728","0.606639409","26","0.214285714","0.392857143","N4 P1 O6","de-protonated","0","-9999","C28 H11 O6 N4 P1","28","11","6","4","1","-9999","-9999","-9999","-9999"
"3215","529.03424","529.034300299","529.03407331","2519690","-9999","357410.5","17.78","-1","0.429064007","0.483573894","0.837042051","0.624961157","12","0.611111111","1","N4 S2 O11","de-protonated","0","-9999","C18 H18 O11 N4 S2","18","18","11","4","-9999","2","-9999","-9999","-9999"
"3216","529.043642","529.043702295","529.043969288","1328784.5","-9999","353863.6","8.63","-1","-0.504670577","0.954837987","0","0.572902792","7","0.875","1.375","N2 S2 O14","de-protonated","0","-9999","C16 H22 O14 N2 S2","16","22","14","2","-9999","2","-9999","-9999","-9999"
"3216","529.043642","529.043702295","529.043456224","1328784.5","-9999","353863.6","8.63","-1","0.465124975","0.961505653","0","0.576903392","25","0.103448276","0.482758621","N4 S2 O3","de-protonated","0","-9999","C29 H14 O3 N4 S2","29","14","3","4","-9999","2","-9999","-9999","-9999"
"3216","529.043642","529.043702295","529.043589166","1328784.5","-9999","353863.6","8.63","-1","0.213837946","0.991737282","0","0.595042369","12","0.611111111","1.055555556","N4 S1 P1 O11","de-protonated","0","-9999","C18 H19 O11 N4 P1 S1","18","19","11","4","1","1","-9999","-9999","-9999"
"3217","529.055447","529.055507291","529.055005973","3005592.5","-9999","324067.1","21.51","-1","0.947572002","0.424828963","0.787157861","0.569760522","15","0.28","0.92","S2 P1 O7","de-protonated","0","-9999","C25 H23 O7 P1 S2","25","23","7","-9999","1","2","-9999","-9999","-9999"
"3217","529.055447","529.055507291","529.055854126","3005592.5","-9999","324067.1","21.51","-1","-0.655574372","0.462490256","0.800793265","0.59781146","16","0.47826087","0.782608696","N2 S1 O11","de-protonated","0","-9999","C23 H18 O11 N2 S1","23","18","11","2","-9999","1","-9999","-9999","-9999"
"3217","529.055447","529.055507291","529.055474004","3005592.5","-9999","324067.1","21.51","-1","0.062917903","0.499640982","0.787157861","0.614647734","21","0.32","0.6","N4 P1 O8","de-protonated","0","-9999","C25 H15 O8 N4 P1","25","15","8","4","1","-9999","-9999","-9999","-9999"
"3217","529.055447","529.055507291","529.055202678","3005592.5","-9999","324067.1","21.51","-1","0.575768312","0.470810745","0.860410506","0.62665065","7","0.866666667","1.466666667","N4 S2 O13","de-protonated","0","-9999","C15 H22 O13 N4 S2","15","22","13","4","-9999","2","-9999","-9999","-9999"
"3218","529.061968","529.062028288","529.062378802","1329053","-9999","326251.7","8.63","-1","-0.662518153","0.923445656","0","0.554067394","16","0.583333333","0.75","O14","de-protonated","0","-9999","C24 H18 O14","24","18","14","-9999","-9999","-9999","-9999","-9999","-9999"
"3218","529.061968","529.062028288","529.06221661","1329053","-9999","326251.7","8.63","-1","-0.355954544","0.977272053","0","0.586363232","11","0.421052632","1.210526316","N4 S2 P1 O8","de-protonated","0","-9999","C19 H23 O8 N4 P1 S2","19","23","8","4","1","2","-9999","-9999","-9999"
"3219","529.070693","529.070753285","529.070262114","4508323","-9999","353681.6","33.06","-1","0.928365403","0.861420163","0.969387715","0.904607184","19","0.137931034","0.793103448","S2 P1 O4","de-protonated","0","-9999","C29 H23 O4 P1 S2","29","23","4","-9999","1","2","-9999","-9999","-9999"
"3219","529.070693","529.070753285","529.071110268","4508323","-9999","353681.6","33.06","-1","-0.674734712","0.916016645","0.982132522","0.942462995","20","0.296296296","0.666666667","N2 S1 O8","de-protonated","0","-9999","C27 H18 O8 N2 S1","27","18","8","2","-9999","1","-9999","-9999","-9999"
"3219","529.070693","529.070753285","529.070730145","4508323","-9999","353681.6","33.06","-1","0.043736831","0.999826211","0.969387715","0.987650812","25","0.172413793","0.517241379","N4 P1 O5","de-protonated","0","-9999","C29 H15 O5 N4 P1","29","15","5","4","1","-9999","-9999","-9999","-9999"
"3219","529.070693","529.070753285","529.070458819","4508323","-9999","353681.6","33.06","-1","0.556572442","0.949303751","0.962314397","0.954508009","11","0.526315789","1.157894737","N4 S2 O10","de-protonated","0","-9999","C19 H22 O10 N4 S2","19","22","10","4","-9999","2","-9999","-9999","-9999"
"3220","529.079773","529.079833281","529.080354798","2499753.3","-9999","325736.5","17.62","-1","-0.985703284","0.838368504","0","0.503021102","6","0.764705882","1.529411765","N2 S2 O13","de-protonated","0","-9999","C17 H26 O13 N2 S2","17","26","13","2","-9999","2","-9999","-9999","-9999"
"3220","529.079773","529.079833281","529.079841733","2499753.3","-9999","325736.5","17.62","-1","-0.015974892","0.499976848","0.755017935","0.601993283","24","0.066666667","0.6","N4 S2 O2","de-protonated","0","-9999","C30 H18 O2 N4 S2","30","18","2","4","-9999","2","-9999","-9999","-9999"
"3220","529.079773","529.079833281","529.079974675","2499753.3","-9999","325736.5","17.62","-1","-0.267244519","0.493562304","0.829532115","0.627950228","11","0.526315789","1.210526316","N4 S1 P1 O10","de-protonated","0","-9999","C19 H23 O10 N4 P1 S1","19","23","10","4","1","1","-9999","-9999","-9999"
"3221","529.086174","529.086234279","529.086366409","1366189.5","-9999","429990","8.92","-1","-0.249732229","0.988747525","0","0.593248515","24","0.161290323","0.580645161","N2 S1 O5","de-protonated","0","-9999","C31 H18 O5 N2 S1","31","18","5","2","-9999","1","-9999","-9999","-9999"
"3221","529.086174","529.086234279","529.086499351","1366189.5","-9999","429990","8.92","-1","-0.500998699","0.955477976","0","0.573286786","11","0.65","1.15","N2 P1 O13","de-protonated","0","-9999","C20 H23 O13 N2 P1","20","23","13","2","1","-9999","-9999","-9999","-9999"
"3221","529.086174","529.086234279","529.085986286","1366189.5","-9999","429990","8.92","-1","0.468718902","0.480460151","0.736963647","0.583061549","29","0.060606061","0.454545455","N4 P1 O2","de-protonated","0","-9999","C33 H15 O2 N4 P1","33","15","2","4","1","-9999","-9999","-9999","-9999"
"3221","529.086174","529.086234279","529.08571496","1366189.5","-9999","429990","8.92","-1","0.981539943","0.839615346","0","0.503769208","15","0.304347826","0.956521739","N4 S2 O7","de-protonated","0","-9999","C23 H22 O7 N4 S2","23","22","7","4","-9999","2","-9999","-9999","-9999"
"3222","529.091769","529.091829277","529.091391483","5664433.5","-9999","316553.7","41.94","-1","0.827445554","0.58829076","0.926938321","0.723749784","14","0.230769231","1.038461538","S2 P1 O6","de-protonated","0","-9999","C26 H27 O6 P1 S2","26","27","6","-9999","1","2","-9999","-9999","-9999"
"3222","529.091769","529.091829277","529.092239636","5664433.5","-9999","316553.7","41.94","-1","-0.775590379","0.897676632","0.991296862","0.935124724","15","0.416666667","0.916666667","N2 S1 O10","de-protonated","0","-9999","C24 H22 O10 N2 S1","24","22","10","2","-9999","1","-9999","-9999","-9999"
"3222","529.091769","529.091829277","529.091859513","5664433.5","-9999","316553.7","41.94","-1","-0.057147601","0.999477814","0.977892662","0.990843753","20","0.269230769","0.730769231","N4 P1 O7","de-protonated","0","-9999","C26 H19 O7 N4 P1","26","19","7","4","1","-9999","-9999","-9999","-9999"
"3222","529.091769","529.091829277","529.091588187","5664433.5","-9999","316553.7","41.94","-1","0.455667477","0.641682886","0.929124245","0.75665943","6","0.75","1.625","N4 S2 O12","de-protonated","0","-9999","C16 H26 O12 N4 S2","16","26","12","4","-9999","2","-9999","-9999","-9999"
"3223","529.098296","529.098356274","529.098764311","1754293.9","-9999","292801.2","11.9","-1","-0.771192169","0.897704515","0","0.538622709","15","0.52","0.88","O13","de-protonated","0","-9999","C25 H22 O13","25","22","13","-9999","-9999","-9999","-9999","-9999","-9999"
"3223","529.098296","529.098356274","529.098251247","1754293.9","-9999","292801.2","11.9","-1","0.19850269","0.496437909","0.70871839","0.581350101","33","0.052631579","0.368421053","N2 O2","de-protonated","0","-9999","C38 H14 O2 N2","38","14","2","2","-9999","-9999","-9999","-9999","-9999"
"3223","529.098296","529.098356274","529.098112862","1754293.9","-9999","292801.2","11.9","-1","0.460050509","0.962325071","0","0.577395042","6","0.882352941","1.529411765","N2 S1 O15","de-protonated","0","-9999","C17 H26 O15 N2 S1","17","26","15","2","-9999","1","-9999","-9999","-9999"
"3223","529.098296","529.098356274","529.09860212","1754293.9","-9999","292801.2","11.9","-1","-0.464649676","0.961582756","0","0.576949653","10","0.35","1.35","N4 S2 P1 O7","de-protonated","0","-9999","C20 H27 O7 N4 P1 S2","20","27","7","4","1","2","-9999","-9999","-9999"
"3224","529.102013","529.102073273","529.102135614","1201848.5","-9999","325369.6","7.65","-1","-0.11782523","0.997484157","0","0.598490494","10","0.590909091","1.181818182","S1 O13","de-protonated","0","-9999","C22 H26 O13 S1","22","26","13","-9999","-9999","1","-9999","-9999","-9999"
"3224","529.102013","529.102073273","529.10162255","1201848.5","-9999","325369.6","7.65","-1","0.851864084","0.876628213","0","0.525976928","28","0.057142857","0.514285714","N2 S1 O2","de-protonated","0","-9999","C35 H18 O2 N2 S1","35","18","2","2","-9999","1","-9999","-9999","-9999"
"3224","529.102013","529.102073273","529.101755492","1201848.5","-9999","325369.6","7.65","-1","0.600604583","0.936642848","0","0.561985709","15","0.416666667","0.958333333","N2 P1 O10","de-protonated","0","-9999","C24 H23 O10 N2 P1","24","23","10","2","1","-9999","-9999","-9999","-9999"
"3225","529.106999","529.107059271","529.106647624","4086460","-9999","321265.7","29.81","-1","0.778004101","0.893822489","0.971307669","0.924816561","18","0.1","0.9","S2 P1 O3","de-protonated","0","-9999","C30 H27 O3 P1 S2","30","27","3","-9999","1","2","-9999","-9999","-9999"
"3225","529.106999","529.107059271","529.107495777","4086460","-9999","321265.7","29.81","-1","-0.824985531","0.886449134","0.983843462","0.925406866","19","0.25","0.785714286","N2 S1 O7","de-protonated","0","-9999","C28 H22 O7 N2 S1","28","22","7","2","-9999","1","-9999","-9999","-9999"
"3225","529.106999","529.107059271","529.107115654","4086460","-9999","321265.7","29.81","-1","-0.106563504","0.998270039","0.971307669","0.987485091","24","0.133333333","0.633333333","N4 P1 O4","de-protonated","0","-9999","C30 H19 O4 N4 P1","30","19","4","4","1","-9999","-9999","-9999","-9999"
"3225","529.106999","529.107059271","529.106844328","4086460","-9999","321265.7","29.81","-1","0.406236763","0.969209553","0.961554528","0.966147543","10","0.45","1.3","N4 S2 O9","de-protonated","0","-9999","C20 H26 O9 N4 S2","20","26","9","4","-9999","2","-9999","-9999","-9999"
"3226","529.116053","529.116113267","529.116227243","1959106","-9999","305996.1","13.47","-1","-0.215407056","0.495808044","0.748902347","0.597045765","23","0.032258065","0.709677419","N4 S2 O1","de-protonated","0","-9999","C31 H22 O1 N4 S2","31","22","1","4","-9999","2","-9999","-9999","-9999"
"3226","529.116053","529.116113267","529.116360185","1959106","-9999","305996.1","13.47","-1","-0.466659354","0.961256253","0","0.576753752","10","0.45","1.35","N4 S1 P1 O9","de-protonated","0","-9999","C20 H27 O9 N4 P1 S1","20","27","9","4","1","1","-9999","-9999","-9999"
"3227","529.12271","529.122770265","529.123264983","1177798.6","-9999","432498.1","7.47","-1","-0.934976167","0.853321505","0","0.511992903","5","0.789473684","1.578947368","S1 O15","de-protonated","0","-9999","C19 H30 O15 S1","19","30","15","-9999","-9999","1","-9999","-9999","-9999"
"3227","529.12271","529.122770265","529.122751918","1177798.6","-9999","432498.1","7.47","-1","0.034673633","0.999781875","0","0.599869125","23","0.125","0.6875","N2 S1 O4","de-protonated","0","-9999","C32 H22 O4 N2 S1","32","22","4","2","-9999","1","-9999","-9999","-9999"
"3227","529.12271","529.122770265","529.12288486","1177798.6","-9999","432498.1","7.47","-1","-0.21657563","0.991525264","0","0.594915158","10","0.571428571","1.285714286","N2 P1 O12","de-protonated","0","-9999","C21 H27 O12 N2 P1","21","27","12","2","1","-9999","-9999","-9999","-9999"
"3227","529.12271","529.122770265","529.122371796","1177798.6","-9999","432498.1","7.47","-1","0.753075563","0.902213864","0","0.541328318","28","0.029411765","0.558823529","N4 P1 O1","de-protonated","0","-9999","C34 H19 O1 N4 P1","34","19","1","4","1","-9999","-9999","-9999","-9999"
"3228","529.125501","529.125561264","529.125986876","1176264.5","-9999","494738.5","7.46","-1","-0.804368301","0.889230482","0.975128451","0.923589669","18","0.066666667","0.933333333","13C1 N1 S2 P1 O2","de-protonated","1","3202","C29 H28 O2 N1 P1 S2 13C1","29","28","2","1","1","2","1","-9999","-9999"
"3228","529.125501","529.125561264","529.125696362","1176264.5","-9999","494738.5","7.46","-1","-0.255323304","0.97294284","0.929715873","0.955652053","33","0.025641026","0.41025641","13C2 N2 O1","de-protonated","1","3184","C37 H16 O1 N2 13C2","37","16","1","2","-9999","-9999","2","-9999","-9999"
"3228","529.125501","529.125561264","529.125253842","1176264.5","-9999","494738.5","7.46","-1","0.581000579","0.940587949","0","0.564352769","19","0.321428571","0.785714286","N2 O9","de-protonated","0","-9999","C28 H22 O9 N2","28","22","9","2","-9999","-9999","-9999","-9999","-9999"
"3228","529.125501","529.125561264","529.125743099","1176264.5","-9999","494738.5","7.46","-1","-0.343652286","0.978799434","0","0.58727966","23","0.032258065","0.741935484","N4 S1 P1 O1","de-protonated","0","-9999","C31 H23 O1 N4 P1 S1","31","23","1","4","1","1","-9999","-9999","-9999"
"3229","529.128179","529.128239263","529.127776992","4294346.5","-9999","354753.7","31.41","-1","0.873646998","0.435334953","0.773979033","0.570792585","13","0.185185185","1.148148148","S2 P1 O5","de-protonated","0","-9999","C27 H31 O5 P1 S2","27","31","5","-9999","1","2","-9999","-9999","-9999"
"3229","529.128179","529.128239263","529.128625145","4294346.5","-9999","354753.7","31.41","-1","-0.729278776","0.45400357","0.787157861","0.587265287","14","0.36","1.04","N2 S1 O9","de-protonated","0","-9999","C25 H26 O9 N2 S1","25","26","9","2","-9999","1","-9999","-9999","-9999"
"3229","529.128179","529.128239263","529.128245023","4294346.5","-9999","354753.7","31.41","-1","-0.010885369","0.49998925","0.773979033","0.609585163","19","0.222222222","0.851851852","N4 P1 O6","de-protonated","0","-9999","C27 H23 O6 N4 P1","27","23","6","4","1","-9999","-9999","-9999","-9999"
"3229","529.128179","529.128239263","529.127973696","4294346.5","-9999","354753.7","31.41","-1","0.50189447","0.47766112","0.844689208","0.624472355","5","0.647058824","1.764705882","N4 S2 O11","de-protonated","0","-9999","C17 H30 O11 N4 S2","17","30","11","4","-9999","2","-9999","-9999","-9999"
"3230","529.143385","529.143445257","529.143033133","3537620.8","-9999","339721.1","25.6","-1","0.778851274","0.917449628","0.994111389","0.948114332","17","0.064516129","1","S2 P1 O2","de-protonated","0","-9999","C31 H31 O2 P1 S2","31","31","2","-9999","1","2","-9999","-9999","-9999"
"3230","529.143385","529.143445257","529.143881286","3537620.8","-9999","339721.1","25.6","-1","-0.824028133","0.442040003","0.761234226","0.569717692","18","0.206896552","0.896551724","N2 S1 O6","de-protonated","0","-9999","C29 H26 O6 N2 S1","29","26","6","2","-9999","1","-9999","-9999","-9999"
"3230","529.143385","529.143445257","529.143501164","3537620.8","-9999","339721.1","25.6","-1","-0.105655507","0.991181149","0.994111389","0.992353245","23","0.096774194","0.741935484","N4 P1 O3","de-protonated","0","-9999","C31 H23 O3 N4 P1","31","23","3","4","1","-9999","-9999","-9999","-9999"
"3230","529.143385","529.143445257","529.143229838","3537620.8","-9999","339721.1","25.6","-1","0.407109499","0.980922057","0.928104345","0.959794972","9","0.380952381","1.428571429","N4 S2 O8","de-protonated","0","-9999","C21 H30 O8 N4 S2","21","30","8","4","-9999","2","-9999","-9999","-9999"
"3231","529.156515","529.156575252","529.156279189","2423005.8","-9999","292452","17.03","-1","0.559500607","0.472391095","0.800793265","0.603751963","9","0.608695652","1.304347826","O14","de-protonated","0","-9999","C23 H30 O14","23","30","14","-9999","-9999","-9999","-9999","-9999","-9999"
"3231","529.156515","529.156575252","529.156768446","2423005.8","-9999","292452","17.03","-1","-0.365098024","0.488051831","0.780512821","0.605036227","13","0.230769231","1.192307692","N2 S1 P1 O6","de-protonated","0","-9999","C26 H31 O6 N2 P1 S1","26","31","6","2","1","1","-9999","-9999","-9999"
"3231","529.156515","529.156575252","529.156116997","2423005.8","-9999","292452","17.03","-1","0.86601019","0.872771295","0","0.523662777","4","0.444444444","1.944444444","N4 S2 P1 O8","de-protonated","0","-9999","C18 H35 O8 N4 P1 S2","18","35","8","4","1","2","-9999","-9999","-9999"
"3232","529.158484","529.158544251","529.158485979","1152223","-9999","369233.5","7.27","-1","0.110122222","0.997802008","0","0.598681205","13","0.2","1.2","N4 S2 O5","de-protonated","0","-9999","C25 H30 O5 N4 S2","25","30","5","4","-9999","2","-9999","-9999","-9999"
"3232","529.158484","529.158544251","529.158618921","1152223","-9999","369233.5","7.27","-1","-0.141110093","0.996393502","0","0.597836101","0","0.928571429","2.5","N4 S1 P1 O13","de-protonated","0","-9999","C14 H35 O13 N4 P1 S1","14","35","13","4","1","1","-9999","-9999","-9999"
"3233","529.16455","529.164610249","529.164162501","2486499.3","-9999","325622.4","17.52","-1","0.84614098","0.439087664","0.767553728","0.57047409","12","0.142857143","1.25","S2 P1 O4","de-protonated","0","-9999","C28 H35 O4 P1 S2","28","35","4","-9999","1","2","-9999","-9999","-9999"
"3233","529.16455","529.164610249","529.165010654","2486499.3","-9999","325622.4","17.52","-1","-0.756674532","0.4506624","0.780512821","0.582602568","13","0.307692308","1.153846154","N2 S1 O8","de-protonated","0","-9999","C26 H30 O8 N2 S1","26","30","8","2","-9999","1","-9999","-9999","-9999"
"3233","529.16455","529.164610249","529.164630532","2486499.3","-9999","325622.4","17.52","-1","-0.038330541","0.499866723","0.767553728","0.606941525","18","0.178571429","0.964285714","N4 P1 O5","de-protonated","0","-9999","C28 H27 O5 N4 P1","28","27","5","4","1","-9999","-9999","-9999","-9999"
"3233","529.16455","529.164610249","529.164359206","2486499.3","-9999","325622.4","17.52","-1","0.474414024","0.959984238","0","0.575990543","4","0.555555556","1.888888889","N4 S2 O10","de-protonated","0","-9999","C18 H34 O10 N4 S2","18","34","10","4","-9999","2","-9999","-9999","-9999"
"3234","529.179789","529.179849243","529.179418643","3095277.5","-9999","334592.4","22.2","-1","0.813713245","0.443397038","0.742885034","0.563192236","16","0.03125","1.09375","S2 P1 O1","de-protonated","0","-9999","C32 H35 O1 P1 S2","32","35","1","-9999","1","2","-9999","-9999","-9999"
"3234","529.179789","529.179849243","529.180266796","3095277.5","-9999","334592.4","22.2","-1","-0.789056006","0.446587989","0.755017935","0.569959967","17","0.166666667","1","N2 S1 O5","de-protonated","0","-9999","C30 H30 O5 N2 S1","30","30","5","2","-9999","1","-9999","-9999","-9999"
"3234","529.179789","529.179849243","529.179886673","3095277.5","-9999","334592.4","22.2","-1","-0.070732749","0.499546301","0.742885034","0.596881794","22","0.0625","0.84375","N4 P1 O2","de-protonated","0","-9999","C32 H27 O2 N4 P1","32","27","2","4","1","-9999","-9999","-9999","-9999"
"3234","529.179789","529.179849243","529.179615347","3095277.5","-9999","334592.4","22.2","-1","0.441997018","0.482586431","0.807789663","0.612667723","8","0.318181818","1.545454545","N4 S2 O7","de-protonated","0","-9999","C22 H34 O7 N4 S2","22","34","7","4","-9999","2","-9999","-9999","-9999"
"3235","529.192942","529.193002238","529.192664698","1688822.6","-9999","388726.6","11.39","-1","0.637839203","0.92883852200000006","0","0.557303113","8","0.541666667","1.416666667","O13","de-protonated","0","-9999","C24 H34 O13","24","34","13","-9999","-9999","-9999","-9999","-9999","-9999"
"3235","529.192942","529.193002238","529.193153955","1688822.6","-9999","388726.6","11.39","-1","-0.286695929","0.492598285","0.773979033","0.605150584","12","0.185185185","1.296296296","N2 S1 P1 O5","de-protonated","0","-9999","C27 H35 O5 N2 P1 S1","27","35","5","2","1","1","-9999","-9999","-9999"
"3235","529.192942","529.193002238","529.192502507","1688822.6","-9999","388726.6","11.39","-1","0.944327735","0.850604718","0","0.510362831","3","0.368421053","2.052631579","N4 S2 P1 O7","de-protonated","0","-9999","C19 H39 O7 N4 P1 S2","19","39","7","4","1","2","-9999","-9999","-9999"
"3236","529.200842","529.200902235","529.200548011","1322492.1","-9999","374658.6","8.58","-1","0.669357023","0.921920711","0","0.553152427","11","0.103448276","1.344827586","S2 P1 O3","de-protonated","0","-9999","C29 H39 O3 P1 S2","29","39","3","-9999","1","2","-9999","-9999","-9999"
"3236","529.200842","529.200902235","529.201396164","1322492.1","-9999","374658.6","8.58","-1","-0.933348004","0.853792631","0","0.512275578","12","0.259259259","1.259259259","N2 S1 O7","de-protonated","0","-9999","C27 H34 O7 N2 S1","27","34","7","2","-9999","1","-9999","-9999","-9999"
"3236","529.200842","529.200902235","529.201016041","1322492.1","-9999","374658.6","8.58","-1","-0.215053531","0.991643469","0","0.59498608100000006","17","0.137931034","1.068965517","N4 P1 O4","de-protonated","0","-9999","C29 H31 O4 N4 P1","29","31","4","4","1","-9999","-9999","-9999","-9999"
"3236","529.200842","529.200902235","529.200744715","1322492.1","-9999","374658.6","8.58","-1","0.297655691","0.984052376","0","0.590431426","3","0.473684211","2","N4 S2 O9","de-protonated","0","-9999","C19 H38 O9 N4 S2","19","38","9","4","-9999","2","-9999","-9999","-9999"
"3237","529.216186","529.216246229","529.216652305","2175238.5","-9999","347283.4","15.13","-1","-0.767315781","0.449338238","0.748902347","0.569163882","16","0.129032258","1.096774194","N2 S1 O4","de-protonated","0","-9999","C31 H34 O4 N2 S1","31","34","4","2","-9999","1","-9999","-9999","-9999"
"3237","529.216186","529.216246229","529.216272183","2175238.5","-9999","347283.4","15.13","-1","-0.049041895","0.499781846","0.736963647","0.594654566","21","0.03030303","0.939393939","N4 P1 O1","de-protonated","0","-9999","C33 H31 O1 N4 P1","33","31","1","4","1","-9999","-9999","-9999","-9999"
"3237","529.216186","529.216246229","529.216000856","2175238.5","-9999","347283.4","15.13","-1","0.463652631","0.480872129","0.800793265","0.608840584","7","0.260869565","1.652173913","N4 S2 O6","de-protonated","0","-9999","C23 H38 O6 N4 S2","23","38","6","4","-9999","2","-9999","-9999","-9999"
"3238","529.250393","529.250453216","529.250179575","2070302","-9999","403970.1","14.32","-1","0.517033754","0.476326016","0.807789663","0.608911475","2","0.636363636","1.909090909","O14","de-protonated","0","-9999","C22 H42 O14","22","42","14","-9999","-9999","-9999","-9999","-9999","-9999"
"3238","529.250393","529.250453216","529.250668833","2070302","-9999","403970.1","14.32","-1","-0.407400794","0.485166475","0.787157861","0.605963029","6","0.24","1.72","N2 S1 P1 O6","de-protonated","0","-9999","C25 H43 O6 N2 P1 S1","25","43","6","2","1","1","-9999","-9999","-9999"
"3239","529.270972","529.271032208","529.270795879","1453356.1","-9999","399089","9.59","-1","0.446517064","0.482234888","0.742885034","0.586494947","15","0.15625","1.1875","N2 O5","de-protonated","0","-9999","C32 H38 O5 N2","32","38","5","2","-9999","-9999","-9999","-9999","-9999"
"3240","529.29443","529.294490199","529.294448397","2801468.3","-9999","374501.2","19.94","-1","0.078975254","0.499434464","0.767553728","0.60668217","4","0.107142857","1.821428571","S2 P1 O3","de-protonated","0","-9999","C28 H51 O3 P1 S2","28","51","3","-9999","1","2","-9999","-9999","-9999"
"3240","529.29443","529.294490199","529.294157883","2801468.3","-9999","374501.2","19.94","-1","0.627845988","0.620648443","0.902686757","0.733463769","19","0.054054054","1.054054054","13C1 N1 O2","de-protonated","1","3207","C36 H39 O2 N1 13C1","36","39","2","1","-9999","-9999","1","-9999","-9999"
"3240","529.29443","529.294490199","529.294916428","2801468.3","-9999","374501.2","19.94","-1","-0.805277877","0.444497141","0.767553728","0.573719776","10","0.142857143","1.535714286","N4 P1 O4","de-protonated","0","-9999","C28 H43 O4 N4 P1","28","43","4","4","1","-9999","-9999","-9999","-9999"
"3243","529.956807","529.956866942","529.956354559","1309186.6","-9999","312013.1","8.47","-1","0.966841539","0.843989633","0","0.50639378","22","0.28","0.4","N1 S2 P1 O7","de-protonated","0","-9999","C25 H10 O7 N1 P1 S2","25","10","7","1","1","2","-9999","-9999","-9999"
"3244","530.074026","530.074085897","530.07361695","1185107.4","-9999","379444.3","7.52","-1","0.884683876","0.867609424","0.969387715","0.90832074","19","0.137931034","0.793103448","13C1 S2 P1 O4","de-protonated","1","3219","C28 H23 O4 P1 S2 13C1","28","23","4","-9999","1","2","1","-9999","-9999"
"3244","530.074026","530.074085897","530.074024621","1185107.4","-9999","379444.3","7.52","-1","0.115598575","0.938209919","0.677465685","0.833912226","33","0.026315789","0.368421053","N1 P1 O1","de-protonated","0","-9999","C38 H14 O1 N1 P1","38","14","1","1","1","-9999","-9999","-9999","-9999"
"3244","530.074026","530.074085897","530.073753295","1185107.4","-9999","379444.3","7.52","-1","0.627463556","0.931053763","0","0.558632258","19","0.214285714","0.75","N1 S2 O6","de-protonated","0","-9999","C28 H21 O6 N1 S2","28","21","6","1","-9999","2","-9999","-9999","-9999"
"3244","530.074026","530.074085897","530.073886237","1185107.4","-9999","379444.3","7.52","-1","0.376664909","0.974585237","0","0.584751142","6","0.823529412","1.529411765","N1 S1 P1 O14","de-protonated","0","-9999","C17 H26 O14 N1 P1 S1","17","26","14","1","1","1","-9999","-9999","-9999"
"3244","530.074026","530.074085897","530.074465103","1185107.4","-9999","379444.3","7.52","-1","-0.71538173","0.911320913","0.982132522","0.939645556","20","0.296296296","0.666666667","13C1 N2 S1 O8","de-protonated","1","3219","C26 H18 O8 N2 S1 13C1","26","18","8","2","-9999","1","1","-9999","-9999"
"3244","530.074026","530.074085897","530.07408498","1185107.4","-9999","379444.3","7.52","-1","0.001729818","0.999999457","0.969387715","0.98775476","25","0.172413793","0.517241379","13C1 N4 P1 O5","de-protonated","1","3219","C28 H15 O5 N4 P1 13C1","28","15","5","4","1","-9999","1","-9999","-9999"
"3244","530.074026","530.074085897","530.073813654","1185107.4","-9999","379444.3","7.52","-1","0.513594682","0.953264906","0.962314397","0.956884702","11","0.526315789","1.157894737","13C1 N4 S2 O10","de-protonated","1","3219","C18 H22 O10 N4 S2 13C1","18","22","10","4","-9999","2","1","-9999","-9999"
"3245","530.095128","530.095187889","530.094746318","1392993.9","-9999","357036.1","9.12","-1","0.833004604","0.587798106","0.926938321","0.723454192","14","0.230769231","1.038461538","13C1 S2 P1 O6","de-protonated","1","3222","C25 H27 O6 P1 S2 13C1","25","27","6","-9999","1","2","1","-9999","-9999"
"3245","530.095128","530.095187889","530.095153989","1392993.9","-9999","357036.1","9.12","-1","0.063949999","0.499629111","0.725399619","0.589937314","28","0.085714286","0.514285714","N1 P1 O3","de-protonated","0","-9999","C35 H18 O3 N1 P1","35","18","3","1","1","-9999","-9999","-9999","-9999"
"3245","530.095128","530.095187889","530.094882663","1392993.9","-9999","357036.1","9.12","-1","0.57579455","0.941616328","0","0.564969797","14","0.32","1","N1 S2 O8","de-protonated","0","-9999","C25 H25 O8 N1 S2","25","25","8","1","-9999","2","-9999","-9999","-9999"
"3245","530.095128","530.095187889","530.095594471","1392993.9","-9999","357036.1","9.12","-1","-0.766997142","0.898756201","0.991296862","0.935772465","15","0.416666667","0.916666667","13C1 N2 S1 O10","de-protonated","1","3222","C23 H22 O10 N2 S1 13C1","23","22","10","2","-9999","1","1","-9999","-9999"
"3245","530.095128","530.095187889","530.095214348","1392993.9","-9999","357036.1","9.12","-1","-0.049914214","0.999548036","0.977892662","0.990885886","20","0.269230769","0.730769231","13C1 N4 P1 O7","de-protonated","1","3222","C25 H19 O7 N4 P1 13C1","25","19","7","4","1","-9999","1","-9999","-9999"
"3245","530.095128","530.095187889","530.094943022","1392993.9","-9999","357036.1","9.12","-1","0.461930221","0.641348336","0.929124245","0.7564587","6","0.75","1.625","13C1 N4 S2 O12","de-protonated","1","3222","C15 H26 O12 N4 S2 13C1","15","26","12","4","-9999","2","1","-9999","-9999"
"3246","530.110364","530.110423883","530.110002459","1127788.4","-9999","324678.5","7.08","-1","0.794974971","0.891657771","0.971307669","0.92351773","18","0.1","0.9","13C1 S2 P1 O3","de-protonated","1","3225","C29 H27 O3 P1 S2 13C1","29","27","3","-9999","1","2","1","-9999","-9999"
"3246","530.110364","530.110423883","530.110138805","1127788.4","-9999","324678.5","7.08","-1","0.537772329","0.948878239","0","0.569326944","18","0.172413793","0.862068966","N1 S2 O5","de-protonated","0","-9999","C29 H25 O5 N1 S2","29","25","5","1","-9999","2","-9999","-9999","-9999"
"3246","530.110364","530.110423883","530.110271746","1127788.4","-9999","324678.5","7.08","-1","0.286990919","0.985166318","0","0.591099791","5","0.722222222","1.666666667","N1 S1 P1 O13","de-protonated","0","-9999","C18 H30 O13 N1 P1 S1","18","30","13","1","1","1","-9999","-9999","-9999"
"3246","530.110364","530.110423883","530.110850612","1127788.4","-9999","324678.5","7.08","-1","-0.804980667","0.889071484","0.983843462","0.926980275","19","0.25","0.785714286","13C1 N2 S1 O7","de-protonated","1","3225","C27 H22 O7 N2 S1 13C1","27","22","7","2","-9999","1","1","-9999","-9999"
"3246","530.110364","530.110423883","530.11047049","1127788.4","-9999","324678.5","7.08","-1","-0.087918403","0.998598449","0.971307669","0.987682137","24","0.133333333","0.633333333","13C1 N4 P1 O4","de-protonated","1","3225","C29 H19 O4 N4 P1 13C1","29","19","4","4","1","-9999","1","-9999","-9999"
"3246","530.110364","530.110423883","530.110199163","1127788.4","-9999","324678.5","7.08","-1","0.423911282","0.96791939","0.961554528","0.965373445","10","0.45","1.3","13C1 N4 S2 O9","de-protonated","1","3225","C19 H26 O9 N4 S2 13C1","19","26","9","4","-9999","2","1","-9999","-9999"
"3247","530.14664","530.146699869","530.146387968","1223557.4","-9999","345485.9","7.82","-1","0.588329596","0.93912645","0.994111389","0.961120425","17","0.064516129","1","13C1 S2 P1 O2","de-protonated","1","3230","C30 H31 O2 P1 S2 13C1","30","31","2","-9999","1","2","1","-9999","-9999"
"3247","530.14664","530.146699869","530.146524314","1223557.4","-9999","345485.9","7.82","-1","0.33114466","0.980299561","0","0.588179737","17","0.133333333","0.966666667","N1 S2 O4","de-protonated","0","-9999","C30 H29 O4 N1 S2","30","29","4","1","-9999","2","-9999","-9999","-9999"
"3247","530.14664","530.146699869","530.146657256","1223557.4","-9999","345485.9","7.82","-1","0.080380513","0.998828342","0","0.599297005","4","0.631578947","1.789473684","N1 S1 P1 O12","de-protonated","0","-9999","C19 H34 O12 N1 P1 S1","19","34","12","1","1","1","-9999","-9999","-9999"
"3247","530.14664","530.146699869","530.146855999","1223557.4","-9999","345485.9","7.82","-1","-0.294503","0.984385775","0.994111389","0.988276021","23","0.096774194","0.741935484","13C1 N4 P1 O3","de-protonated","1","3230","C30 H23 O3 N4 P1 13C1","30","23","3","4","1","-9999","1","-9999","-9999"
"3247","530.14664","530.146699869","530.146584673","1223557.4","-9999","345485.9","7.82","-1","0.217291451","0.99146939","0.928104345","0.966123372","9","0.380952381","1.428571429","13C1 N4 S2 O8","de-protonated","1","3230","C20 H30 O8 N4 S2 13C1","20","30","8","4","-9999","2","1","-9999","-9999"
"3252","530.950207","530.950266558","530.950082702","3968943.3","-9999","357775","28.9","-1","0.346277622","0.489238898","0.860410506","0.637707541","14","0.933333333","0.6","N4 S1 P1 O14","de-protonated","0","-9999","C15 H9 O14 N4 P1 S1","15","9","14","4","1","1","-9999","-9999","-9999"
"3253","531.041187","531.041246523","531.041643357","1610222.3","-9999","318593.2","10.78","-1","-0.747274125","0.903639913","0","0.542183948","16","0.652173913","0.695652174","O15","de-protonated","0","-9999","C23 H16 O15","23","16","15","-9999","-9999","-9999","-9999","-9999","-9999"
"3253","531.041187","531.041246523","531.041481166","1610222.3","-9999","318593.2","10.78","-1","-0.441853147","0.965195131","0","0.579117079","11","0.5","1.166666667","N4 S2 P1 O9","de-protonated","0","-9999","C18 H21 O9 N4 P1 S2","18","21","9","4","1","2","-9999","-9999","-9999"
"3254","531.044374","531.044433522","531.044501596","1334768.5","-9999","411625.5","8.66","-1","-0.128188846","0.997022807","0","0.598213684","29","0.121212121","0.363636364","N2 S1 O4","de-protonated","0","-9999","C33 H12 O4 N2 S1","33","12","4","2","-9999","1","-9999","-9999","-9999"
"3254","531.044374","531.044433522","531.044634538","1334768.5","-9999","411625.5","8.66","-1","-0.378528844","0.974336347","0","0.584601808","16","0.545454545","0.772727273","N2 P1 O12","de-protonated","0","-9999","C22 H17 O12 N2 P1","22","17","12","2","1","-9999","-9999","-9999","-9999"
"3255","531.0473","531.047359521","531.047872899","1275378.5","-9999","431274.5","8.21","-1","-0.966727218","0.844023485","0","0.506414091","24","0.133333333","0.533333333","N2 S2 O4","de-protonated","0","-9999","C30 H16 O4 N2 S2","30","16","4","2","-9999","2","-9999","-9999","-9999"
"3255","531.0473","531.047359521","531.047003519","1275378.5","-9999","431274.5","8.21","-1","0.670376511","0.921692259","0","0.553015356","25","0.310344828","0.413793103","N2 O9","de-protonated","0","-9999","C29 H12 O9 N2","29","12","9","2","-9999","-9999","-9999","-9999","-9999"
"3255","531.0473","531.047359521","531.047492777","1275378.5","-9999","431274.5","8.21","-1","-0.250930311","0.988639917","0","0.59318395","29","0.03125","0.40625","N4 S1 P1 O1","de-protonated","0","-9999","C32 H13 O1 N4 P1 S1","32","13","1","4","1","1","-9999","-9999","-9999"
"3256","531.050007","531.05006652","531.050374823","4424692.5","-9999","328447.8","32.4","-1","-0.580553077","0.470338333","0.780512821","0.594408128","20","0.346153846","0.615384615","N2 S1 O9","de-protonated","0","-9999","C26 H16 O9 N2 S1","26","16","9","2","-9999","1","-9999","-9999","-9999"
"3256","531.050007","531.05006652","531.0499947","4424692.5","-9999","328447.8","32.4","-1","0.135240734","0.498343397","0.767553728","0.606027529","25","0.214285714","0.464285714","N4 P1 O6","de-protonated","0","-9999","C28 H13 O6 N4 P1","28","13","6","4","1","-9999","-9999","-9999","-9999"
"3256","531.050007","531.05006652","531.049723374","4424692.5","-9999","328447.8","32.4","-1","0.646165012","0.463519275","0.837042051","0.612928385","11","0.611111111","1.111111111","N4 S2 O11","de-protonated","0","-9999","C18 H20 O11 N4 S2","18","20","11","4","-9999","2","-9999","-9999","-9999"
"3257","531.059019","531.059078516","531.059106289","2306554.5","-9999","349478.5","16.13","-1","-0.052295974","0.499751942","0.761234226","0.604344856","24","0.103448276","0.551724138","N4 S2 O3","de-protonated","0","-9999","C29 H16 O3 N4 S2","29","16","3","4","-9999","2","-9999","-9999","-9999"
"3257","531.059019","531.059078516","531.05923923","2306554.5","-9999","349478.5","16.13","-1","-0.302629107","0.98351945","0","0.59011167","11","0.611111111","1.166666667","N4 S1 P1 O11","de-protonated","0","-9999","C18 H21 O11 N4 P1 S1","18","21","11","4","1","1","-9999","-9999","-9999"
"3258","531.071042","531.071101512","531.070656038","2726915","-9999","286029.5","19.36","-1","0.838822563","0.440071219","0.787157861","0.578905876","14","0.28","1","S2 P1 O7","de-protonated","0","-9999","C25 H25 O7 P1 S2","25","25","7","-9999","1","2","-9999","-9999","-9999"
"3258","531.071042","531.071101512","531.071504191","2726915","-9999","286029.5","19.36","-1","-0.75823899","0.450468641","0.800793265","0.590598491","15","0.47826087","0.869565217","N2 S1 O11","de-protonated","0","-9999","C23 H20 O11 N2 S1","23","20","11","2","-9999","1","-9999","-9999","-9999"
"3258","531.071042","531.071101512","531.071124068","2726915","-9999","286029.5","19.36","-1","-0.042473786","0.499836358","0.787157861","0.614764959","20","0.32","0.68","N4 P1 O8","de-protonated","0","-9999","C25 H17 O8 N4 P1","25","17","8","4","1","-9999","-9999","-9999","-9999"
"3258","531.071042","531.071101512","531.070852742","2726915","-9999","286029.5","19.36","-1","0.468430074","0.960967497","0","0.576580498","6","0.866666667","1.6","N4 S2 O13","de-protonated","0","-9999","C15 H24 O13 N4 S2","15","24","13","4","-9999","2","-9999","-9999","-9999"
"3259","531.077768","531.077827509","531.078028866","1883655.6","-9999","291379","12.88","-1","-0.379147998","0.487126707","0.793917021","0.609842833","15","0.583333333","0.833333333","O14","de-protonated","0","-9999","C24 H20 O14","24","20","14","-9999","-9999","-9999","-9999","-9999","-9999"
"3259","531.077768","531.077827509","531.077379456","1883655.6","-9999","291379","12.88","-1","0.84366745","0.878841605","0.677465685","0.798291237","33","0.026315789","0.368421053","13C1 N1 P1 O1","de-protonated","1","3244","C37 H14 O1 N1 P1 13C1","37","14","1","1","1","-9999","1","-9999","-9999"
"3259","531.077768","531.077827509","531.077515802","1883655.6","-9999","291379","12.88","-1","0.5869333","0.469703063","0.714192896","0.567498996","33","0.081081081","0.324324324","N2 O3","de-protonated","0","-9999","C37 H12 O3 N2","37","12","3","2","-9999","-9999","-9999","-9999","-9999"
"3259","531.077768","531.077827509","531.077866675","1883655.6","-9999","291379","12.88","-1","-0.073747832","0.999013634","0","0.59940818","10","0.421052632","1.315789474","N4 S2 P1 O8","de-protonated","0","-9999","C19 H25 O8 N4 P1 S2","19","25","8","4","1","2","-9999","-9999","-9999"
"3260","531.080675","531.080734508","531.080887105","1491977.5","-9999","341976.9","9.87","-1","-0.287333566","0.492565571","0.73113591","0.587993706","28","0.088235294","0.470588235","N2 S1 O3","de-protonated","0","-9999","C34 H16 O3 N2 S1","34","16","3","2","-9999","1","-9999","-9999","-9999"
"3260","531.080675","531.080734508","531.081020047","1491977.5","-9999","341976.9","9.87","-1","-0.537656373","0.94889971","0","0.569339826","15","0.47826087","0.913043478","N2 P1 O11","de-protonated","0","-9999","C23 H21 O11 N2 P1","23","21","11","2","1","-9999","-9999","-9999","-9999"
"3260","531.080675","531.080734508","531.080235657","1491977.5","-9999","341976.9","9.87","-1","0.939314404","0.85206346","0","0.511238076","19","0.192307692","0.769230769","N4 S2 O5","de-protonated","0","-9999","C26 H20 O5 N4 S2","26","20","5","4","-9999","2","-9999","-9999","-9999"
"3260","531.080675","531.080734508","531.080368598","1491977.5","-9999","341976.9","9.87","-1","0.688990983","0.917470138","0","0.550482083","6","0.866666667","1.666666667","N4 S1 P1 O13","de-protonated","0","-9999","C15 H25 O13 N4 P1 S1","15","25","13","4","1","1","-9999","-9999","-9999"
"3261","531.083989","531.084048507","531.084258409","1211403.8","-9999","594548.3","7.72","-1","-0.39523289","0.972053996","0","0.583232398","23","0.096774194","0.64516129","N2 S2 O3","de-protonated","0","-9999","C31 H20 O3 N2 S2","31","20","3","2","-9999","2","-9999","-9999","-9999"
"3261","531.083989","531.084048507","531.08439135","1211403.8","-9999","594548.3","7.72","-1","-0.645554081","0.927171302","0","0.556302781","10","0.55","1.25","N2 S1 P1 O11","de-protonated","0","-9999","C20 H25 O11 N2 P1 S1","20","25","11","2","1","1","-9999","-9999","-9999"
"3262","531.086344","531.086403506","531.085912179","5683213.5","-9999","350840.6","42.07","-1","0.925136277","0.577454081","0.93501606","0.720478873","18","0.137931034","0.862068966","S2 P1 O4","de-protonated","0","-9999","C29 H25 O4 P1 S2","29","25","4","-9999","1","2","-9999","-9999","-9999"
"3262","531.086344","531.086403506","531.086760332","5683213.5","-9999","350840.6","42.07","-1","-0.671879537","0.913316068","0.99630744","0.946512617","19","0.296296296","0.740740741","N2 S1 O8","de-protonated","0","-9999","C27 H20 O8 N2 S1","27","20","8","2","-9999","1","-9999","-9999","-9999"
"3262","531.086344","531.086403506","531.08638021","5683213.5","-9999","350840.6","42.07","-1","0.043865168","0.999763315","0.983562633","0.993283042","24","0.172413793","0.586206897","N4 P1 O5","de-protonated","0","-9999","C29 H17 O5 N4 P1","29","17","5","4","1","-9999","-9999","-9999","-9999"
"3262","531.086344","531.086403506","531.086108883","5683213.5","-9999","350840.6","42.07","-1","0.554754396","0.634705397","0.930900115","0.753183284","10","0.526315789","1.263157895","N4 S2 O10","de-protonated","0","-9999","C19 H24 O10 N4 S2","19","24","10","4","-9999","2","-9999","-9999","-9999"
"3263","531.095411","531.095470502","531.095491798","2604051.8","-9999","348490.2","18.42","-1","-0.040097632","0.499854153","0.755017935","0.601919666","23","0.066666667","0.666666667","N4 S2 O2","de-protonated","0","-9999","C30 H20 O2 N4 S2","30","20","2","4","-9999","2","-9999","-9999","-9999"
"3263","531.095411","531.095470502","531.09562474","2604051.8","-9999","348490.2","18.42","-1","-0.290413618","0.492406554","0.829532115","0.627256778","10","0.526315789","1.315789474","N4 S1 P1 O10","de-protonated","0","-9999","C19 H25 O10 N4 P1 S1","19","25","10","4","1","1","-9999","-9999","-9999"
"3264","531.107575","531.107634498","531.1078897","2924572","-9999","327890.4","20.88","-1","-0.480509891","0.479485405","0.793917021","0.605258051","14","0.416666667","1","N2 S1 O10","de-protonated","0","-9999","C24 H24 O10 N2 S1","24","24","10","2","-9999","1","-9999","-9999","-9999"
"3264","531.107575","531.107634498","531.107509578","2924572","-9999","327890.4","20.88","-1","0.235206476","0.495006047","0.780512821","0.609208756","19","0.269230769","0.807692308","N4 P1 O7","de-protonated","0","-9999","C26 H21 O7 N4 P1","26","21","7","4","1","-9999","-9999","-9999","-9999"
"3264","531.107575","531.107634498","531.107238251","2924572","-9999","327890.4","20.88","-1","0.746075476","0.451966728","0.85247738","0.612170989","5","0.75","1.75","N4 S2 O12","de-protonated","0","-9999","C16 H28 O12 N4 S2","16","28","12","4","-9999","2","-9999","-9999","-9999"
"3265","531.114041","531.114100495","531.114414376","1385504.6","-9999","378556","9.05","-1","-0.590984796","0.938593015","0","0.563155809","14","0.52","0.96","O13","de-protonated","0","-9999","C25 H24 O13","25","24","13","-9999","-9999","-9999","-9999","-9999","-9999"
"3265","531.114041","531.114100495","531.113901311","1385504.6","-9999","378556","9.05","-1","0.375030113","0.487401286","0.70871839","0.575928127","32","0.052631579","0.421052632","N2 O2","de-protonated","0","-9999","C38 H16 O2 N2","38","16","2","2","-9999","-9999","-9999","-9999","-9999"
"3265","531.114041","531.114100495","531.113762927","1385504.6","-9999","378556","9.05","-1","0.635585367","0.929322363","0","0.557593418","5","0.882352941","1.647058824","N2 S1 O15","de-protonated","0","-9999","C17 H28 O15 N2 S1","17","28","15","2","-9999","1","-9999","-9999","-9999"
"3265","531.114041","531.114100495","531.114252184","1385504.6","-9999","378556","9.05","-1","-0.285605617","0.985308122","0","0.591184873","9","0.35","1.45","N4 S2 P1 O7","de-protonated","0","-9999","C20 H29 O7 N4 P1 S2","20","29","7","4","1","2","-9999","-9999","-9999"
"3266","531.119753","531.119812493","531.119774538","1128996.5","-9999","435467.4","7.08","-1","0.071461711","0.999073811","0","0.599444287","23","0.225806452","0.64516129","N2 O7","de-protonated","0","-9999","C31 H20 O7 N2","31","20","7","2","-9999","-9999","-9999","-9999","-9999"
"3267","531.122676","531.122735492","531.122297688","4945958.5","-9999","298213.1","36.41","-1","0.824298753","0.88550388","0.98666892","0.925969896","17","0.1","0.966666667","S2 P1 O3","de-protonated","0","-9999","C30 H29 O3 P1 S2","30","29","3","-9999","1","2","-9999","-9999","-9999"
"3267","531.122676","531.122735492","531.123145841","4945958.5","-9999","298213.1","36.41","-1","-0.772607493","0.89629276","0.999204713","0.937457541","18","0.25","0.857142857","N2 S1 O7","de-protonated","0","-9999","C28 H24 O7 N2 S1","28","24","7","2","-9999","1","-9999","-9999","-9999"
"3267","531.122676","531.122735492","531.122765719","4945958.5","-9999","298213.1","36.41","-1","-0.056911893","0.999303743","0.98666892","0.994249813","23","0.133333333","0.7","N4 P1 O4","de-protonated","0","-9999","C30 H21 O4 N4 P1","30","21","4","4","1","-9999","-9999","-9999","-9999"
"3267","531.122676","531.122735492","531.122494393","4945958.5","-9999","298213.1","36.41","-1","0.453942283","0.964137879","0.946193277","0.956960038","9","0.45","1.4","N4 S2 O9","de-protonated","0","-9999","C20 H28 O9 N4 S2","20","28","9","4","-9999","2","-9999","-9999","-9999"
"3268","531.131513","531.131572488","531.131877307","1431596.8","-9999","333445.4","9.41","-1","-0.573904507","0.941987666","0","0.5651926","22","0.032258065","0.774193548","N4 S2 O1","de-protonated","0","-9999","C31 H24 O1 N4 S2","31","24","1","4","-9999","2","-9999","-9999","-9999"
"3268","531.131513","531.131572488","531.132010249","1431596.8","-9999","333445.4","9.41","-1","-0.824203211","0.884033716","0","0.53042023","9","0.45","1.45","N4 S1 P1 O9","de-protonated","0","-9999","C20 H29 O9 N4 P1 S1","20","29","9","4","1","1","-9999","-9999","-9999"
"3269","531.143965","531.144024483","531.14427521","1472821.3","-9999","306369.1","9.72","-1","-0.472048789","0.960374255","0","0.576224553","13","0.36","1.12","N2 S1 O9","de-protonated","0","-9999","C25 H28 O9 N2 S1","25","28","9","2","-9999","1","-9999","-9999","-9999"
"3269","531.143965","531.144024483","531.143895087","1472821.3","-9999","306369.1","9.72","-1","0.243618554","0.989288798","0","0.593573279","18","0.222222222","0.925925926","N4 P1 O6","de-protonated","0","-9999","C27 H25 O6 N4 P1","27","25","6","4","1","-9999","-9999","-9999","-9999"
"3269","531.143965","531.144024483","531.143623761","1472821.3","-9999","306369.1","9.72","-1","0.754452562","0.901874097","0","0.541124458","4","0.647058824","1.882352941","N4 S2 O11","de-protonated","0","-9999","C17 H32 O11 N4 S2","17","32","11","4","-9999","2","-9999","-9999","-9999"
"3270","531.156417","531.156476479","531.156673112","1177661.9","-9999","543161.8","7.46","-1","-0.370197826","0.975439739","0","0.585263844","4","0.894736842","1.684210526","O17","de-protonated","0","-9999","C19 H32 O17","19","32","17","-9999","-9999","-9999","-9999","-9999","-9999"
"3270","531.156417","531.156476479","531.156160047","1177661.9","-9999","543161.8","7.46","-1","0.595740439","0.937632358","0","0.562579415","22","0.1875","0.75","N2 O6","de-protonated","0","-9999","C32 H24 O6 N2","32","24","6","2","-9999","-9999","-9999","-9999","-9999"
"3271","531.159105","531.159164478","531.158683198","4805695.5","-9999","321029.1","35.33","-1","0.906094601","0.430797172","0.748902347","0.558039242","16","0.064516129","1.064516129","S2 P1 O2","de-protonated","0","-9999","C31 H33 O2 P1 S2","31","33","2","-9999","1","2","-9999","-9999","-9999"
"3271","531.159105","531.159164478","531.159531351","4805695.5","-9999","321029.1","35.33","-1","-0.690702385","0.939050696","0.988899116","0.958990064","17","0.206896552","0.965517241","N2 S1 O6","de-protonated","0","-9999","C29 H28 O6 N2 S1","29","28","6","2","-9999","1","-9999","-9999","-9999"
"3271","531.159105","531.159164478","531.159664293","4805695.5","-9999","321029.1","35.33","-1","-0.940988028","0.881151101","0.913091291","0.893927177","4","0.777777778","1.833333333","N2 P1 O14","de-protonated","0","-9999","C18 H33 O14 N2 P1","18","33","14","2","1","-9999","-9999","-9999","-9999"
"3271","531.159105","531.159164478","531.159151228","4805695.5","-9999","321029.1","35.33","-1","0.024944247","0.994473818","0.998769005","0.996191893","22","0.096774194","0.806451613","N4 P1 O3","de-protonated","0","-9999","C31 H25 O3 N4 P1","31","25","3","4","1","-9999","-9999","-9999","-9999"
"3271","531.159105","531.159164478","531.158879902","4805695.5","-9999","321029.1","35.33","-1","0.535763471","0.92536185","0.935223952","0.929306691","8","0.380952381","1.523809524","N4 S2 O8","de-protonated","0","-9999","C21 H32 O8 N4 S2","21","32","8","4","-9999","2","-9999","-9999","-9999"
"3272","531.171952","531.172011473","531.171929253","2069064.6","-9999","291329.3","14.31","-1","0.154789163","0.49783099200000003","0.800793265","0.619015901","8","0.608695652","1.391304348","O14","de-protonated","0","-9999","C23 H32 O14","23","32","14","-9999","-9999","-9999","-9999","-9999","-9999"
"3272","531.171952","531.172011473","531.17241851000006","2069064.6","-9999","291329.3","14.31","-1","-0.766300503","0.449465205","0.780512821","0.581884251","12","0.230769231","1.269230769","N2 S1 P1 O6","de-protonated","0","-9999","C26 H33 O6 N2 P1 S1","26","33","6","2","1","1","-9999","-9999","-9999"
"3272","531.171952","531.172011473","531.171767062","2069064.6","-9999","291329.3","14.31","-1","0.460135504","0.962311414","0","0.577386848","3","0.444444444","2.055555556","N4 S2 P1 O8","de-protonated","0","-9999","C18 H37 O8 N4 P1 S2","18","37","8","4","1","2","-9999","-9999","-9999"
"3273","531.195507","531.195566464","531.195068707","4011097","-9999","327308.5","29.22","-1","0.937050477","0.426360236","0.742885034","0.552970155","15","0.03125","1.15625","S2 P1 O1","de-protonated","0","-9999","C32 H37 O1 P1 S2","32","37","1","-9999","1","2","-9999","-9999","-9999"
"3273","531.195507","531.195566464","531.19591686","4011097","-9999","327308.5","29.22","-1","-0.659637182","0.96138285","0.983193907","0.970107273","16","0.166666667","1.066666667","N2 S1 O5","de-protonated","0","-9999","C30 H32 O5 N2 S1","30","32","5","2","-9999","1","-9999","-9999","-9999"
"3273","531.195507","531.195566464","531.196049802","4011097","-9999","327308.5","29.22","-1","-0.909905689","0.927806696","0.942291913","0.933600783","3","0.684210526","1.947368421","N2 P1 O13","de-protonated","0","-9999","C19 H37 O13 N2 P1","19","37","13","2","1","-9999","-9999","-9999","-9999"
"3273","531.195507","531.195566464","531.195536738","4011097","-9999","327308.5","29.22","-1","0.055960452","0.944959192","0.971061006","0.955399918","21","0.0625","0.90625","N4 P1 O2","de-protonated","0","-9999","C32 H29 O2 N4 P1","32","29","2","4","1","-9999","-9999","-9999","-9999"
"3273","531.195507","531.195566464","531.195265411","4011097","-9999","327308.5","29.22","-1","0.566744702","0.471692297","0.807789663","0.606131244","7","0.318181818","1.636363636","N4 S2 O7","de-protonated","0","-9999","C22 H36 O7 N4 S2","22","36","7","4","-9999","2","-9999","-9999","-9999"
"3274","531.23188","531.23193945","531.232302369","2215538.3","-9999","326245.1","15.43","-1","-0.683166267","0.459400816","0.748902347","0.575201428","15","0.129032258","1.161290323","N2 S1 O4","de-protonated","0","-9999","C31 H36 O4 N2 S1","31","36","4","2","-9999","1","-9999","-9999","-9999"
"3274","531.23188","531.23193945","531.232435311","2215538.3","-9999","326245.1","15.43","-1","-0.933417627","0.853772496","0","0.512263498","2","0.6","2.05","N2 P1 O12","de-protonated","0","-9999","C20 H41 O12 N2 P1","20","41","12","2","1","-9999","-9999","-9999","-9999"
"3274","531.23188","531.23193945","531.23192224700006","2215538.3","-9999","326245.1","15.43","-1","0.032382337","0.499904874","0.736963647","0.594728383","20","0.03030303","1","N4 P1 O1","de-protonated","0","-9999","C33 H33 O1 N4 P1","33","33","1","4","1","-9999","-9999","-9999","-9999"
"3274","531.23188","531.23193945","531.231650921","2215538.3","-9999","326245.1","15.43","-1","0.54313159","0.473940697","0.800793265","0.604681724","6","0.260869565","1.739130435","N4 S2 O6","de-protonated","0","-9999","C23 H40 O6 N4 S2","23","40","6","4","-9999","2","-9999","-9999","-9999"
"3275","532.089662","532.08972111800006","532.089267014","1624773","-9999","365664.4","10.89","-1","0.853435565","0.584134702","0.93501606","0.724487245","18","0.137931034","0.862068966","13C1 S2 P1 O4","de-protonated","1","3262","C28 H25 O4 P1 S2 13C1","28","25","4","-9999","1","2","1","-9999","-9999"
"3275","532.089662","532.08972111800006","532.089674686","1624773","-9999","365664.4","10.89","-1","0.08726372","0.946718086","0.815449734","0.894210745","32","0.026315789","0.421052632","N1 P1 O1","de-protonated","0","-9999","C38 H16 O1 N1 P1","38","16","1","1","1","-9999","-9999","-9999","-9999"
"3275","532.089662","532.08972111800006","532.08940336","1624773","-9999","365664.4","10.89","-1","0.597189649","0.468669139","0.767553728","0.588222975","18","0.214285714","0.821428571","N1 S2 O6","de-protonated","0","-9999","C28 H23 O6 N1 S2","28","23","6","1","-9999","2","-9999","-9999","-9999"
"3275","532.089662","532.08972111800006","532.089536301","1624773","-9999","365664.4","10.89","-1","0.34734108","0.978346843","0","0.587008106","5","0.823529412","1.647058824","N1 S1 P1 O14","de-protonated","0","-9999","C17 H28 O14 N1 P1 S1","17","28","14","1","1","1","-9999","-9999","-9999"
"3275","532.089662","532.08972111800006","532.090115167","1624773","-9999","365664.4","10.89","-1","-0.740568665","0.905277212","0.99630744","0.941689303","19","0.296296296","0.740740741","13C1 N2 S1 O8","de-protonated","1","3262","C26 H20 O8 N2 S1 13C1","26","20","8","2","-9999","1","1","-9999","-9999"
"3275","532.089662","532.08972111800006","532.089735045","1624773","-9999","365664.4","10.89","-1","-0.026173679","0.999875704","0.983562633","0.993350476","24","0.172413793","0.586206897","13C1 N4 P1 O5","de-protonated","1","3262","C28 H17 O5 N4 P1 13C1","28","17","5","4","1","-9999","1","-9999","-9999"
"3275","532.089662","532.08972111800006","532.089463718","1624773","-9999","365664.4","10.89","-1","0.483752135","0.638951308","0.930900115","0.755730831","10","0.526315789","1.263157895","13C1 N4 S2 O10","de-protonated","1","3262","C18 H24 O10 N4 S2 13C1","18","24","10","4","-9999","2","1","-9999","-9999"
"3276","532.117828","532.117887107","532.11754666","1401048.5","-9999","345867.5","9.17","-1","0.639795732","0.928417321","0","0.557050393","17","0.103448276","0.965517241","N1 S2 P1 O3","de-protonated","0","-9999","C29 H28 O3 N1 P1 S2","29","28","3","1","1","2","-9999","-9999","-9999"
"3276","532.117828","532.117887107","532.118394814","1401048.5","-9999","345867.5","9.17","-1","-0.954123442","0.847739324","0","0.508643594","18","0.259259259","0.851851852","N3 S1 O7","de-protonated","0","-9999","C27 H23 O7 N3 S1","27","23","7","3","-9999","1","-9999","-9999","-9999"
"3277","532.126026","532.126085104","532.125652523","1491166.3","-9999","388305.5","9.86","-1","0.812929229","0.886999307","0.98666892","0.926867152","17","0.1","0.966666667","13C1 S2 P1 O3","de-protonated","1","3267","C29 H29 O3 P1 S2 13C1","29","29","3","-9999","1","2","1","-9999","-9999"
"3277","532.126026","532.126085104","532.125788869","1491166.3","-9999","388305.5","9.86","-1","0.556700845","0.945318075","0","0.567190845","17","0.172413793","0.931034483","N1 S2 O5","de-protonated","0","-9999","C29 H27 O5 N1 S2","29","27","5","1","-9999","2","-9999","-9999","-9999"
"3277","532.126026","532.126085104","532.125921811","1491166.3","-9999","388305.5","9.86","-1","0.30686937","0.983058345","0","0.589835007","4","0.722222222","1.777777778","N1 S1 P1 O13","de-protonated","0","-9999","C18 H32 O13 N1 P1 S1","18","32","13","1","1","1","-9999","-9999","-9999"
"3277","532.126026","532.126085104","532.126500677","1491166.3","-9999","388305.5","9.86","-1","-0.780965942","0.89523684","0.999204713","0.936823989","18","0.25","0.857142857","13C1 N2 S1 O7","de-protonated","1","3267","C27 H24 O7 N2 S1 13C1","27","24","7","2","-9999","1","1","-9999","-9999"
"3277","532.126026","532.126085104","532.126120554","1491166.3","-9999","388305.5","9.86","-1","-0.066619834","0.999195018","0.98666892","0.994184579","23","0.133333333","0.7","13C1 N4 P1 O4","de-protonated","1","3267","C29 H21 O4 N4 P1 13C1","29","21","4","4","1","-9999","1","-9999","-9999"
"3277","532.126026","532.126085104","532.125849228","1491166.3","-9999","388305.5","9.86","-1","0.443271092","0.964975354","0.946193277","0.957462523","9","0.45","1.4","13C1 N4 S2 O9","de-protonated","1","3267","C19 H28 O9 N4 S2 13C1","19","28","9","4","-9999","2","1","-9999","-9999"
"3278","532.162578","532.16263709","532.162174378","1600759.5","-9999","379364","10.7","-1","0.869493207","0.435907274","0.755017935","0.563551538","16","0.133333333","1.033333333","N1 S2 O4","de-protonated","0","-9999","C30 H31 O4 N1 S2","30","31","4","1","-9999","2","-9999","-9999","-9999"
"3278","532.162578","532.16263709","532.16230732","1600759.5","-9999","379364","10.7","-1","0.619678736","0.932695395","0","0.559617237","3","0.631578947","1.894736842","N1 S1 P1 O12","de-protonated","0","-9999","C19 H36 O12 N1 P1 S1","19","36","12","1","1","1","-9999","-9999","-9999"
"3278","532.162578","532.16263709","532.162886186","1600759.5","-9999","379364","10.7","-1","-0.468082538","0.96102425","0.988899116","0.972174196","17","0.206896552","0.965517241","13C1 N2 S1 O6","de-protonated","1","3271","C28 H28 O6 N2 S1 13C1","28","28","6","2","-9999","1","1","-9999","-9999"
"3278","532.162578","532.16263709","532.163019128","1600759.5","-9999","379364","10.7","-1","-0.717896341","0.910725135","0.913091291","0.911671598","4","0.777777778","1.833333333","13C1 N2 P1 O14","de-protonated","1","3271","C17 H33 O14 N2 P1 13C1","17","33","14","2","1","-9999","1","-9999","-9999"
"3278","532.162578","532.16263709","532.163155473","1600759.5","-9999","379364","10.7","-1","-0.974106341","0.841833015","0","0.505099809","4","0.941176471","1.823529412","N3 O16","de-protonated","0","-9999","C17 H31 O16 N3","17","31","16","3","-9999","-9999","-9999","-9999","-9999"
"3278","532.162578","532.16263709","532.162506063","1600759.5","-9999","379364","10.7","-1","0.246214952","0.98906053","0.998769005","0.99294392","22","0.096774194","0.806451613","13C1 N4 P1 O3","de-protonated","1","3271","C30 H25 O3 N4 P1 13C1","30","25","3","4","1","-9999","1","-9999","-9999"
"3278","532.162578","532.16263709","532.162234737","1600759.5","-9999","379364","10.7","-1","0.756071174","0.901474084","0.935223952","0.914974031","8","0.380952381","1.523809524","13C1 N4 S2 O8","de-protonated","1","3271","C20 H32 O8 N4 S2 13C1","20","32","8","4","-9999","2","1","-9999","-9999"
"3279","532.199258","532.19931707600006","532.199271695","1185809.1","-9999","340416","7.51","-1","0.085269406","0.99868158","0.983193907","0.992486511","16","0.166666667","1.066666667","13C1 N2 S1 O5","de-protonated","1","3273","C29 H32 O5 N2 S1 13C1","29","32","5","2","-9999","1","1","-9999","-9999"
"3279","532.199258","532.19931707600006","532.199404637","1185809.1","-9999","340416","7.51","-1","-0.164527456","0.995100357","0.942291913","0.973976979","3","0.684210526","1.947368421","13C1 N2 P1 O13","de-protonated","1","3273","C18 H37 O13 N2 P1 13C1","18","37","13","2","1","-9999","1","-9999","-9999"
"3279","532.199258","532.19931707600006","532.199540983","1185809.1","-9999","340416","7.51","-1","-0.420720082","0.968392891","0","0.581035735","3","0.833333333","1.944444444","N3 O15","de-protonated","0","-9999","C18 H35 O15 N3","18","35","15","3","-9999","-9999","-9999","-9999","-9999"
"3279","532.199258","532.19931707600006","532.198891573","1185809.1","-9999","340416","7.51","-1","0.799518455","0.890486443","0.971061006","0.922716268","21","0.0625","0.90625","13C1 N4 P1 O2","de-protonated","1","3273","C31 H29 O2 N4 P1 13C1","31","29","2","4","1","-9999","1","-9999","-9999"
"3281","533.029404","533.029462755","533.029639378","2049363.5","-9999","360490","14.14","-1","-0.331357273","0.490137253","0.787157861","0.608945496","20","0.4","0.56","N2 S1 O10","de-protonated","0","-9999","C25 H14 O10 N2 S1","25","14","10","2","-9999","1","-9999","-9999","-9999"
"3281","533.029404","533.029462755","533.029259255","2049363.5","-9999","360490","14.14","-1","0.381778803","0.486949799","0.773979033","0.601761493","25","0.259259259","0.407407407","N4 P1 O7","de-protonated","0","-9999","C27 H11 O7 N4 P1","27","11","7","4","1","-9999","-9999","-9999","-9999"
"3281","533.029404","533.029462755","533.028987929","2049363.5","-9999","360490","14.14","-1","0.890806022","0.865899914","0","0.519539948","11","0.705882353","1.058823529","N4 S2 O12","de-protonated","0","-9999","C17 H18 O12 N4 S2","17","18","12","4","-9999","2","-9999","-9999","-9999"
"3282","533.060004","533.060062743","533.06015166","1736040.9","-9999","330921.1","11.74","-1","-0.166806048","0.497482024","0.736963647","0.593274673","28","0.121212121","0.424242424","N2 S1 O4","de-protonated","0","-9999","C33 H14 O4 N2 S1","33","14","4","2","-9999","1","-9999","-9999","-9999"
"3282","533.060004","533.060062743","533.060284602","1736040.9","-9999","330921.1","11.74","-1","-0.416199431","0.969057918","0","0.581434751","15","0.545454545","0.863636364","N2 P1 O12","de-protonated","0","-9999","C22 H19 O12 N2 P1","22","19","12","2","1","-9999","-9999","-9999","-9999"
"3282","533.060004","533.060062743","533.059771538","1736040.9","-9999","330921.1","11.74","-1","0.546289325","0.473644954","0.725399619","0.57434682","33","0.028571429","0.314285714","N4 P1 O1","de-protonated","0","-9999","C35 H11 O1 N4 P1","35","11","1","4","1","-9999","-9999","-9999","-9999"
"3283","533.062863","533.062921742","533.062653584","1568106.9","-9999","416854.4","10.45","-1","0.503051162","0.477560383","0.761234226","0.59102992","24","0.310344828","0.482758621","N2 O9","de-protonated","0","-9999","C29 H14 O9 N2","29","14","9","2","-9999","-9999","-9999","-9999","-9999"
"3283","533.062863","533.062921742","533.063142841","1568106.9","-9999","416854.4","10.45","-1","-0.414771806","0.484633268","0.742885034","0.587933974","28","0.03125","0.46875","N4 S1 P1 O1","de-protonated","0","-9999","C32 H15 O1 N4 P1 S1","32","15","1","4","1","1","-9999","-9999","-9999"
"3284","533.06573","533.065788741","533.066024887","6546797","-9999","303450.5","48.69","-1","-0.442996983","0.935180691","0.976938546","0.951883833","19","0.346153846","0.692307692","N2 S1 O9","de-protonated","0","-9999","C26 H18 O9 N2 S1","26","18","9","2","-9999","1","-9999","-9999","-9999"
"3284","533.06573","533.065788741","533.065644765","6546797","-9999","303450.5","48.69","-1","0.270090336","0.99335144","0.963979453","0.981602645","24","0.214285714","0.535714286","N4 P1 O6","de-protonated","0","-9999","C28 H15 O6 N4 P1","28","15","6","4","1","-9999","-9999","-9999","-9999"
"3284","533.06573","533.065788741","533.065373439","6546797","-9999","303450.5","48.69","-1","0.779082754","0.618285281","0.93031813","0.74309842","10","0.611111111","1.222222222","N4 S2 O11","de-protonated","0","-9999","C18 H22 O11 N4 S2","18","22","11","4","-9999","2","-9999","-9999","-9999"
"3285","533.074738","533.074796737","533.075269417","2095475.1","-9999","351115.6","14.5","-1","-0.886704449","0.867046143","0","0.520227686","5","0.875","1.625","N2 S2 O14","de-protonated","0","-9999","C16 H26 O14 N2 S2","16","26","14","2","-9999","2","-9999","-9999","-9999"
"3285","533.074738","533.074796737","533.074756353","2095475.1","-9999","351115.6","14.5","-1","0.075756799","0.499479596","0.761234226","0.604181448","23","0.103448276","0.620689655","N4 S2 O3","de-protonated","0","-9999","C29 H18 O3 N4 S2","29","18","3","4","-9999","2","-9999","-9999","-9999"
"3285","533.074738","533.074796737","533.074889295","2095475.1","-9999","351115.6","14.5","-1","-0.173629812","0.994544744","0","0.596726846","10","0.611111111","1.277777778","N4 S1 P1 O11","de-protonated","0","-9999","C18 H23 O11 N4 P1 S1","18","23","11","4","1","1","-9999","-9999","-9999"
"3286","533.087367","533.087425732","533.087805704","1149052","-9999","299757.8","7.23","-1","-0.712775159","0.911936681","0","0.547162009","23","0.290322581","0.580645161","O9","de-protonated","0","-9999","C31 H18 O9","31","18","9","-9999","-9999","-9999","-9999","-9999","-9999"
"3286","533.087367","533.087425732","533.087154255","1149052","-9999","299757.8","7.23","-1","0.509254317","0.954033116","0","0.57241987","14","0.47826087","0.956521739","N2 S1 O11","de-protonated","0","-9999","C23 H22 O11 N2 S1","23","22","11","2","-9999","1","-9999","-9999","-9999"
"3286","533.087367","533.087425732","533.087643513","1149052","-9999","299757.8","7.23","-1","-0.408526474","0.970171251","0","0.582102751","18","0.115384615","0.884615385","N4 S2 P1 O3","de-protonated","0","-9999","C26 H23 O3 N4 P1 S2","26","23","3","4","1","2","-9999","-9999","-9999"
"3287","533.093388","533.09344673","533.093678931","1474944.3","-9999","369419.1","9.73","-1","-0.435572306","0.966160769","0","0.579696461","14","0.583333333","0.916666667","O14","de-protonated","0","-9999","C24 H22 O14","24","22","14","-9999","-9999","-9999","-9999","-9999","-9999"
"3287","533.093388","533.09344673","533.093029521","1474944.3","-9999","369419.1","9.73","-1","0.78261955","0.894816942","0.815449734","0.863070059","32","0.026315789","0.421052632","13C1 N1 P1 O1","de-protonated","1","3275","C37 H16 O1 N1 P1 13C1","37","16","1","1","1","-9999","1","-9999","-9999"
"3287","533.093388","533.09344673","533.093165866","1474944.3","-9999","369419.1","9.73","-1","0.526856139","0.475440644","0.714192896","0.570941545","32","0.081081081","0.378378378","N2 O3","de-protonated","0","-9999","C37 H14 O3 N2","37","14","3","2","-9999","-9999","-9999","-9999","-9999"
"3287","533.093388","533.09344673","533.093516739","1474944.3","-9999","369419.1","9.73","-1","-0.131326889","0.996875491","0","0.598125295","9","0.421052632","1.421052632","N4 S2 P1 O8","de-protonated","0","-9999","C19 H27 O8 N4 P1 S2","19","27","8","4","1","2","-9999","-9999","-9999"
"3288","533.095442","533.095500729","533.095885721","1288001.6","-9999","307072.8","8.29","-1","-0.722181576","0.909705937","0","0.545823562","18","0.192307692","0.846153846","N4 S2 O5","de-protonated","0","-9999","C26 H22 O5 N4 S2","26","22","5","4","-9999","2","-9999","-9999","-9999"
"3288","533.095442","533.095500729","533.095016341","1288001.6","-9999","307072.8","8.29","-1","0.908633223","0.860874422","0","0.516524653","19","0.4","0.72","N4 O10","de-protonated","0","-9999","C25 H18 O10 N4","25","18","10","4","-9999","-9999","-9999","-9999","-9999"
"3288","533.095442","533.095500729","533.096018663","1288001.6","-9999","307072.8","8.29","-1","-0.971558104","0.84259069","0","0.505554414","5","0.866666667","1.8","N4 S1 P1 O13","de-protonated","0","-9999","C15 H27 O13 N4 P1 S1","15","27","13","4","1","1","-9999","-9999","-9999"
"3289","533.096436","533.096494729","533.09653717","1781634.4","-9999","309866.9","12.09","-1","-0.079612393","0.499425308","0.73113591","0.592109549","27","0.088235294","0.529411765","N2 S1 O3","de-protonated","0","-9999","C34 H18 O3 N2 S1","34","18","3","2","-9999","1","-9999","-9999","-9999"
"3289","533.096436","533.096494729","533.096670112","1781634.4","-9999","309866.9","12.09","-1","-0.328988776","0.980552739","0","0.588331643","14","0.47826087","1","N2 P1 O11","de-protonated","0","-9999","C23 H23 O11 N2 P1","23","23","11","2","1","-9999","-9999","-9999","-9999"
"3289","533.096436","533.096494729","533.096018663","1781634.4","-9999","309866.9","12.09","-1","0.893020848","0.86527939","0","0.519167634","5","0.866666667","1.8","N4 S1 P1 O13","de-protonated","0","-9999","C15 H27 O13 N4 P1 S1","15","27","13","4","1","1","-9999","-9999","-9999"
"3290","533.099543","533.099601727","533.099908473","1325444.5","-9999","323674.1","8.58","-1","-0.575399859","0.941693962","0","0.565016377","22","0.096774194","0.709677419","N2 S2 O3","de-protonated","0","-9999","C31 H22 O3 N2 S2","31","22","3","2","-9999","2","-9999","-9999","-9999"
"3290","533.099543","533.099601727","533.100041415","1325444.5","-9999","323674.1","8.58","-1","-0.824774542","0.883882608","0","0.530329565","9","0.55","1.35","N2 S1 P1 O11","de-protonated","0","-9999","C20 H27 O11 N2 P1 S1","20","27","11","2","1","1","-9999","-9999","-9999"
"3291","533.102109","533.102167727","533.102410397","7282054.5","-9999","329509.3","54.34","-1","-0.455203446","0.957245993","0.992933292","0.971520913","18","0.296296296","0.814814815","N2 S1 O8","de-protonated","0","-9999","C27 H22 O8 N2 S1","27","22","8","2","-9999","1","-9999","-9999","-9999"
"3291","533.102109","533.102167727","533.102030274","7282054.5","-9999","329509.3","54.34","-1","0.257835194","0.990820224","0.980188485","0.986567529","23","0.172413793","0.655172414","N4 P1 O5","de-protonated","0","-9999","C29 H19 O5 N4 P1","29","19","5","4","1","-9999","-9999","-9999","-9999"
"3291","533.102109","533.102167727","533.101758948","7282054.5","-9999","329509.3","54.34","-1","0.766792866","0.604913802","0.930900115","0.735308327","9","0.526315789","1.368421053","N4 S2 O10","de-protonated","0","-9999","C19 H26 O10 N4 S2","19","26","10","4","-9999","2","-9999","-9999","-9999"
"3292","533.111221","533.111279723","533.111654927","1369996.6","-9999","377086.4","8.92","-1","-0.703799407","0.914043028","0","0.548425817","4","0.764705882","1.764705882","N2 S2 O13","de-protonated","0","-9999","C17 H30 O13 N2 S2","17","30","13","2","-9999","2","-9999","-9999","-9999"
"3292","533.111221","533.111279723","533.111141862","1369996.6","-9999","377086.4","8.92","-1","0.258596327","0.987939471","0","0.592763682","22","0.066666667","0.733333333","N4 S2 O2","de-protonated","0","-9999","C30 H22 O2 N4 S2","30","22","2","4","-9999","2","-9999","-9999","-9999"
"3292","533.111221","533.111279723","533.111274804","1369996.6","-9999","377086.4","8.92","-1","0.009226691","0.999984553","0","0.599990732","9","0.526315789","1.421052632","N4 S1 P1 O10","de-protonated","0","-9999","C19 H27 O10 N4 P1 S1","19","27","10","4","1","1","-9999","-9999","-9999"
"3293","533.123572","533.123630718","533.123539765","1190805.3","-9999","258088.3","7.55","-1","0.170605088","0.994732658","0","0.596839595","13","0.416666667","1.083333333","N2 S1 O10","de-protonated","0","-9999","C24 H26 O10 N2 S1","24","26","10","2","-9999","1","-9999","-9999","-9999"
"3293","533.123572","533.123630718","533.124029022","1190805.3","-9999","258088.3","7.55","-1","-0.747112754","0.903679454","0","0.542207672","17","0.074074074","1","N4 S2 P1 O2","de-protonated","0","-9999","C27 H27 O2 N4 P1 S2","27","27","2","4","1","2","-9999","-9999","-9999"
"3293","533.123572","533.123630718","533.123159642","1190805.3","-9999","258088.3","7.55","-1","0.883615915","0.867906771","0","0.520744063","18","0.269230769","0.884615385","N4 P1 O7","de-protonated","0","-9999","C26 H23 O7 N4 P1","26","23","7","4","1","-9999","-9999","-9999","-9999"
"3294","533.128093","533.128151716","533.128564838","2030488.5","-9999","273482.2","14","-1","-0.774900815","0.896771019","0","0.538062611","3","0.578947368","1.842105263","S2 P1 O11","de-protonated","0","-9999","C19 H35 O11 P1 S2","19","35","11","-9999","1","2","-9999","-9999","-9999"
"3294","533.128093","533.128151716","533.127695458","2030488.5","-9999","273482.2","14","-1","0.855813935","0.875555978","0","0.525333587","4","0.888888889","1.722222222","P1 O16","de-protonated","0","-9999","C18 H31 O16 P1","18","31","16","-9999","1","-9999","-9999","-9999","-9999"
"3295","533.133215","533.133273714","533.133435743","3058588","-9999","256097.8","21.9","-1","-0.303918116","0.491689967","0.807789663","0.618129845","8","0.590909091","1.363636364","S1 O13","de-protonated","0","-9999","C22 H30 O13 S1","22","30","13","-9999","-9999","1","-9999","-9999","-9999"
"3295","533.133215","533.133273714","533.132922679","3058588","-9999","256097.8","21.9","-1","0.658438685","0.462174517","0.725399619","0.567464558","26","0.057142857","0.628571429","N2 S1 O2","de-protonated","0","-9999","C35 H22 O2 N2 S1","35","22","2","2","-9999","1","-9999","-9999","-9999"
"3295","533.133215","533.133273714","533.133055621","3058588","-9999","256097.8","21.9","-1","0.409079137","0.485045855","0.793917021","0.608594322","13","0.416666667","1.125","N2 P1 O10","de-protonated","0","-9999","C24 H27 O10 N2 P1","24","27","10","2","1","-9999","-9999","-9999","-9999"
"3296","533.138529","533.138587712","533.138795906","6296991.5","-9999","314154.7","46.77","-1","-0.390505222","0.93880015000000006","0.933113471","0.936525479","17","0.25","0.928571429","N2 S1 O7","de-protonated","0","-9999","C28 H26 O7 N2 S1","28","26","7","2","-9999","1","-9999","-9999","-9999"
"3296","533.138529","533.138587712","533.138928848","6296991.5","-9999","314154.7","46.77","-1","-0.639861761","0.882583691","0.989751049","0.925450635","4","0.882352941","1.823529412","N2 P1 O15","de-protonated","0","-9999","C17 H31 O15 N2 P1","17","31","15","2","1","-9999","-9999","-9999","-9999"
"3296","533.138529","533.138587712","533.138415783","6296991.5","-9999","314154.7","46.77","-1","0.322484801","0.990569037","0.920577678","0.962572494","22","0.133333333","0.766666667","N4 P1 O4","de-protonated","0","-9999","C30 H23 O4 N4 P1","30","23","4","4","1","-9999","-9999","-9999","-9999"
"3296","533.138529","533.138587712","533.138144457","6296991.5","-9999","314154.7","46.77","-1","0.831407771","0.613867149","0.93137517","0.740870358","8","0.45","1.5","N4 S2 O9","de-protonated","0","-9999","C20 H30 O9 N4 S2","20","30","9","4","-9999","2","-9999","-9999","-9999"
"3297","533.142248","533.142306711","533.142818658","1587106.4","-9999","369178.1","10.59","-1","-0.960243491","0.422969533","0.736963647","0.548567179","21","0.151515152","0.787878788","S1 O5","de-protonated","0","-9999","C33 H26 O5 S1","33","26","5","-9999","-9999","1","-9999","-9999","-9999"
"3297","533.142248","533.142306711","533.142438535","1587106.4","-9999","369178.1","10.59","-1","-0.247259254","0.494484025","0.725399619","0.586850262","26","0.057142857","0.657142857","N2 P1 O2","de-protonated","0","-9999","C35 H23 O2 N2 P1","35","23","2","2","1","-9999","-9999","-9999","-9999"
"3297","533.142248","533.142306711","533.142167209","1587106.4","-9999","369178.1","10.59","-1","0.261659586","0.987653829","0","0.592592297","12","0.28","1.2","N2 S2 O7","de-protonated","0","-9999","C25 H30 O7 N2 S2","25","30","7","2","-9999","2","-9999","-9999","-9999"
"3297","533.142248","533.142306711","533.141787087","1587106.4","-9999","369178.1","10.59","-1","0.974645565","0.841672519","0","0.505003512","17","0.148148148","1","N4 S1 P1 O4","de-protonated","0","-9999","C27 H27 O4 N4 P1 S1","27","27","4","4","1","1","-9999","-9999","-9999"
"3298","533.145554","533.14561271","533.145320581","1517988.6","-9999","454862.4","10.06","-1","0.547933817","0.946980663","0","0.568188398","17","0.344827586","0.896551724","O10","de-protonated","0","-9999","C29 H26 O10","29","26","10","-9999","-9999","-9999","-9999","-9999","-9999"
"3298","533.145554","533.14561271","533.145809839","1517988.6","-9999","454862.4","10.06","-1","-0.36974688","0.4877494","0.742885034","0.589803653","21","0.0625","0.84375","N2 S1 P1 O2","de-protonated","0","-9999","C32 H27 O2 N2 P1 S1","32","27","2","2","1","1","-9999","-9999","-9999"
"3298","533.145554","533.14561271","533.14515839","1517988.6","-9999","454862.4","10.06","-1","0.852150063","0.876550703","0","0.525930422","12","0.166666667","1.291666667","N4 S2 P1 O4","de-protonated","0","-9999","C24 H31 O4 N4 P1 S2","24","31","4","4","1","2","-9999","-9999","-9999"
"3299","533.147957","533.148015709","533.148311762","5799334.5","-9999","330661.3","42.95","-1","-0.555292724","0.959444895","0.964262568","0.961371964","17","0.25","0.964285714","N2 P1 O7","de-protonated","0","-9999","C28 H27 O7 N2 P1","28","27","7","2","1","-9999","-9999","-9999","-9999"
"3299","533.147957","533.148015709","533.148040436","5799334.5","-9999","330661.3","42.95","-1","-0.046379648","0.665640788","0.93031813","0.771511725","3","0.666666667","1.888888889","N2 S2 O12","de-protonated","0","-9999","C18 H34 O12 N2 S2","18","34","12","2","-9999","2","-9999","-9999","-9999"
"3299","533.147957","533.148015709","533.147527372","5799334.5","-9999","330661.3","42.95","-1","0.915951039","0.286263769","0.701867335","0.452505195","21","0.032258065","0.838709677","N4 S2 O1","de-protonated","0","-9999","C31 H26 O1 N4 S2","31","26","1","4","-9999","2","-9999","-9999","-9999"
"3299","533.147957","533.148015709","533.147660313","5799334.5","-9999","330661.3","42.95","-1","0.666598258","0.902061891","0.981135421","0.933691303","8","0.45","1.55","N4 S1 P1 O9","de-protonated","0","-9999","C20 H31 O9 N4 P1 S1","20","31","9","4","1","1","-9999","-9999","-9999"
"3300","533.151632","533.151690707","533.152063188","1319848.9","-9999","351386.2","8.54","-1","-0.698638653","0.915244193","0","0.549146516","7","0.434782609","1.47826087","S2 O10","de-protonated","0","-9999","C23 H34 O10 S2","23","34","10","-9999","-9999","2","-9999","-9999","-9999"
"3300","533.151632","533.151690707","533.151193808","1319848.9","-9999","351386.2","8.54","-1","0.932004348","0.854181008","0","0.512508605","8","0.681818182","1.363636364","O15","de-protonated","0","-9999","C22 H30 O15","22","30","15","-9999","-9999","-9999","-9999","-9999","-9999"
"3300","533.151632","533.151690707","533.151683065","1319848.9","-9999","351386.2","8.54","-1","0.014333408","0.999962723","0","0.599977634","12","0.28","1.24","N2 S1 P1 O7","de-protonated","0","-9999","C25 H31 O7 N2 P1 S1","25","31","7","2","1","1","-9999","-9999","-9999"
"3301","533.17487","533.174928698","533.175181415","6753721","-9999","345949.1","50.28","-1","-0.473984708","0.970608295","0.967182626","0.969238028","16","0.206896552","1.034482759","N2 S1 O6","de-protonated","0","-9999","C29 H30 O6 N2 S1","29","30","6","2","-9999","1","-9999","-9999","-9999"
"3301","533.17487","533.174928698","533.175314357","6753721","-9999","345949.1","50.28","-1","-0.723324209","0.925836344","0.957009549","0.938305626","3","0.777777778","1.944444444","N2 P1 O14","de-protonated","0","-9999","C18 H35 O14 N2 P1","18","35","14","2","1","-9999","-9999","-9999","-9999"
"3301","533.17487","533.174928698","533.174801293","6753721","-9999","345949.1","50.28","-1","0.238956599","0.981383271","0.954850747","0.970770261","21","0.096774194","0.870967742","N4 P1 O3","de-protonated","0","-9999","C31 H27 O3 N4 P1","31","27","3","4","1","-9999","-9999","-9999","-9999"
"3301","533.17487","533.174928698","533.174529967","6753721","-9999","345949.1","50.28","-1","0.747844795","0.589334436","0.9320354","0.726414822","7","0.380952381","1.619047619","N4 S2 O8","de-protonated","0","-9999","C21 H34 O8 N4 S2","21","34","8","4","-9999","2","-9999","-9999","-9999"
"3302","533.211215","533.211273684","533.211566925","3702226.5","-9999","329778.6","26.84","-1","-0.549951091","0.473300092","0.755017935","0.585987229","15","0.166666667","1.133333333","N2 S1 O5","de-protonated","0","-9999","C30 H34 O5 N2 S1","30","34","5","2","-9999","1","-9999","-9999","-9999"
"3302","533.211215","533.211273684","533.211699866","3702226.5","-9999","329778.6","26.84","-1","-0.799273559","0.445274855","0.829532115","0.598977759","2","0.684210526","2.052631579","N2 P1 O13","de-protonated","0","-9999","C19 H39 O13 N2 P1","19","39","13","2","1","-9999","-9999","-9999","-9999"
"3302","533.211215","533.211273684","533.211186802","3702226.5","-9999","329778.6","26.84","-1","0.162941512","0.497597067","0.742885034","0.595712254","20","0.0625","0.96875","N4 P1 O2","de-protonated","0","-9999","C32 H31 O2 N4 P1","32","31","2","4","1","-9999","-9999","-9999","-9999"
"3302","533.211215","533.211273684","533.210915476","3702226.5","-9999","329778.6","26.84","-1","0.671794944","0.460686963","0.807789663","0.599528043","6","0.318181818","1.727272727","N4 S2 O7","de-protonated","0","-9999","C22 H38 O7 N4 S2","22","38","7","4","-9999","2","-9999","-9999","-9999"
"3303","533.247777","533.24783567","533.247952434","1909228.1","-9999","443425.4","13.07","-1","-0.218967119","0.495668943","0.748902347","0.596962305","14","0.129032258","1.225806452","N2 S1 O4","de-protonated","0","-9999","C31 H38 O4 N2 S1","31","38","4","2","-9999","1","-9999","-9999","-9999"
"3303","533.247777","533.24783567","533.248085376","1909228.1","-9999","443425.4","13.07","-1","-0.468272657","0.960993208","0","0.576595925","1","0.6","2.15","N2 P1 O12","de-protonated","0","-9999","C20 H43 O12 N2 P1","20","43","12","2","1","-9999","-9999","-9999","-9999"
"3303","533.247777","533.24783567","533.247572311","1909228.1","-9999","443425.4","13.07","-1","0.493877077","0.478353558","0.736963647","0.581797594","19","0.03030303","1.060606061","N4 P1 O1","de-protonated","0","-9999","C33 H35 O1 N4 P1","33","35","1","4","1","-9999","-9999","-9999","-9999"
"3304","534.068926","534.068984353","534.068939241","1600299.3","-9999","331075.3","10.69","-1","0.084468229","0.499353111","0.714192896","0.585289025","32","0.054054054","0.378378378","N1 P1 O2","de-protonated","0","-9999","C37 H14 O2 N1 P1","37","14","2","1","1","-9999","-9999","-9999","-9999"
"3304","534.068926","534.068984353","534.068667915","1600299.3","-9999","331075.3","10.69","-1","0.592504365","0.938286787","0","0.562972072","18","0.259259259","0.777777778","N1 S2 O7","de-protonated","0","-9999","C27 H21 O7 N1 S2","27","21","7","1","-9999","2","-9999","-9999","-9999"
"3304","534.068926","534.068984353","534.068800856","1600299.3","-9999","331075.3","10.69","-1","0.343581739","0.978808044","0","0.587284826","5","0.9375","1.625","N1 S1 P1 O15","de-protonated","0","-9999","C16 H26 O15 N1 P1 S1","16","26","15","1","1","1","-9999","-9999","-9999"
"3304","534.068926","534.068984353","534.069379722","1600299.3","-9999","331075.3","10.69","-1","-0.740296201","0.905343491","0.976938546","0.933981513","19","0.346153846","0.692307692","13C1 N2 S1 O9","de-protonated","1","3284","C25 H18 O9 N2 S1 13C1","25","18","9","2","-9999","1","1","-9999","-9999"
"3304","534.068926","534.068984353","534.0689996","1600299.3","-9999","331075.3","10.69","-1","-0.02854877","0.999852124","0.963979453","0.985503056","24","0.214285714","0.535714286","13C1 N4 P1 O6","de-protonated","1","3284","C27 H15 O6 N4 P1 13C1","27","15","6","4","1","-9999","1","-9999","-9999"
"3304","534.068926","534.068984353","534.068728274","1600299.3","-9999","331075.3","10.69","-1","0.479487252","0.639427767","0.93031813","0.755783912","10","0.611111111","1.222222222","13C1 N4 S2 O11","de-protonated","1","3284","C17 H22 O11 N4 S2 13C1","17","22","11","4","-9999","2","1","-9999","-9999"
"3305","534.105427","534.105485339","534.10532475","2041412.9","-9999","348323.5","14.08","-1","0.300668031","0.491865304","0.70871839","0.578606539","31","0.026315789","0.473684211","N1 P1 O1","de-protonated","0","-9999","C38 H18 O1 N1 P1","38","18","1","1","1","-9999","-9999","-9999","-9999"
"3305","534.105427","534.105485339","534.105053424","2041412.9","-9999","348323.5","14.08","-1","0.808669668","0.444055849","0.767553728","0.573455001","17","0.214285714","0.892857143","N1 S2 O6","de-protonated","0","-9999","C28 H25 O6 N1 S2","28","25","6","1","-9999","2","-9999","-9999","-9999"
"3305","534.105427","534.105485339","534.105186366","2041412.9","-9999","348323.5","14.08","-1","0.559763945","0.944731663","0","0.566838998","4","0.823529412","1.764705882","N1 S1 P1 O14","de-protonated","0","-9999","C17 H30 O14 N1 P1 S1","17","30","14","1","1","1","-9999","-9999","-9999"
"3305","534.105427","534.105485339","534.105765232","2041412.9","-9999","348323.5","14.08","-1","-0.52404039","0.95139197","0.992933292","0.968008499","18","0.296296296","0.814814815","13C1 N2 S1 O8","de-protonated","1","3291","C26 H22 O8 N2 S1 13C1","26","22","8","2","-9999","1","1","-9999","-9999"
"3305","534.105427","534.105485339","534.105385109","2041412.9","-9999","348323.5","14.08","-1","0.187658708","0.993630513","0.980188485","0.988253702","23","0.172413793","0.655172414","13C1 N4 P1 O5","de-protonated","1","3291","C28 H19 O5 N4 P1 13C1","28","19","5","4","1","-9999","1","-9999","-9999"
"3305","534.105427","534.105485339","534.105113783","2041412.9","-9999","348323.5","14.08","-1","0.69566023","0.61062274","0.930900115","0.73873369","9","0.526315789","1.368421053","13C1 N4 S2 O10","de-protonated","1","3291","C18 H26 O10 N4 S2 13C1","18","26","10","4","-9999","2","1","-9999","-9999"
"3306","534.128208","534.12826633","534.128684716","1245780.9","-9999","418009.6","7.96","-1","-0.783305171","0.894642641","0","0.536785585","8","0.619047619","1.380952381","N1 S1 O13","de-protonated","0","-9999","C21 H29 O13 N1 S1","21","29","13","1","-9999","1","-9999","-9999","-9999"
"3306","534.128208","534.12826633","534.128171651","1245780.9","-9999","418009.6","7.96","-1","0.177257996","0.994315031","0","0.596589019","26","0.058823529","0.617647059","N3 S1 O2","de-protonated","0","-9999","C34 H21 O2 N3 S1","34","21","2","3","-9999","1","-9999","-9999","-9999"
"3306","534.128208","534.12826633","534.128304593","1245780.9","-9999","418009.6","7.96","-1","-0.071636796","0.999069269","0","0.599441562","13","0.434782609","1.130434783","N3 P1 O10","de-protonated","0","-9999","C23 H26 O10 N3 P1","23","26","10","3","1","-9999","-9999","-9999","-9999"
"3307","534.13374","534.133798328","534.134044878","3423320.8","-9999","313196.2","24.69","-1","-0.461589036","0.481038754","0.773979033","0.598214865","17","0.259259259","0.925925926","N3 S1 O7","de-protonated","0","-9999","C27 H25 O7 N3 S1","27","25","7","3","-9999","1","-9999","-9999","-9999"
"3307","534.13374","534.133798328","534.13417782","3423320.8","-9999","313196.2","24.69","-1","-0.710480933","0.456238572","0.85247738","0.614734096","4","0.9375","1.875","N3 P1 O15","de-protonated","0","-9999","C16 H30 O15 N3 P1","16","30","15","3","1","-9999","-9999","-9999","-9999"
"3308","534.141696","534.141754325","534.141438933","1249374.4","-9999","304158.2","7.99","-1","0.590463803","0.938697849","0","0.563218709","16","0.172413793","1","N1 S2 O5","de-protonated","0","-9999","C29 H29 O5 N1 S2","29","29","5","1","-9999","2","-9999","-9999","-9999"
"3308","534.141696","534.141754325","534.141571875","1249374.4","-9999","304158.2","7.99","-1","0.34157509","0.979052256","0","0.587431354","3","0.722222222","1.888888889","N1 S1 P1 O13","de-protonated","0","-9999","C18 H34 O13 N1 P1 S1","18","34","13","1","1","1","-9999","-9999","-9999"
"3308","534.141696","534.141754325","534.142150741","1249374.4","-9999","304158.2","7.99","-1","-0.742155181","0.904890891","0.933113471","0.916179923","17","0.25","0.928571429","13C1 N2 S1 O7","de-protonated","1","3296","C27 H26 O7 N2 S1 13C1","27","26","7","2","-9999","1","1","-9999","-9999"
"3308","534.141696","534.141754325","534.142283683","1249374.4","-9999","304158.2","7.99","-1","-0.991043231","0.836764295","0.989751049","0.897958997","4","0.882352941","1.823529412","13C1 N2 P1 O15","de-protonated","1","3296","C16 H31 O15 N2 P1 13C1","16","31","15","2","1","-9999","1","-9999","-9999"
"3308","534.141696","534.141754325","534.141770618","1249374.4","-9999","304158.2","7.99","-1","-0.030504719","0.999831169","0.920577678","0.968129773","22","0.133333333","0.766666667","13C1 N4 P1 O4","de-protonated","1","3296","C29 H23 O4 N4 P1 13C1","29","23","4","4","1","-9999","1","-9999","-9999"
"3308","534.141696","534.141754325","534.141499292","1249374.4","-9999","304158.2","7.99","-1","0.477462087","0.639652657","0.93137517","0.756341662","8","0.45","1.5","13C1 N4 S2 O9","de-protonated","1","3296","C19 H30 O9 N4 S2 13C1","19","30","9","4","-9999","2","1","-9999","-9999"
"3309","534.151402","534.151460321","534.15095479","1420133.1","-9999","343666","9.3","-1","0.946420068","0.849994352","0","0.509996611","16","0.172413793","1.034482759","N1 S1 P1 O5","de-protonated","0","-9999","C29 H30 O5 N1 P1 S1","29","30","5","1","1","1","-9999","-9999","-9999"
"3309","534.151402","534.151460321","534.151666597","1420133.1","-9999","343666","9.3","-1","-0.38617565","0.973303096","0.964262568","0.969686885","17","0.25","0.964285714","13C1 N2 P1 O7","de-protonated","1","3299","C27 H27 O7 N2 P1 13C1","27","27","7","2","1","-9999","1","-9999","-9999"
"3309","534.151402","534.151460321","534.151395271","1420133.1","-9999","343666","9.3","-1","0.121781565","0.664875065","0.93031813","0.771052291","3","0.666666667","1.888888889","13C1 N2 S2 O12","de-protonated","1","3299","C17 H34 O12 N2 S2 13C1","17","34","12","2","-9999","2","1","-9999","-9999"
"3309","534.151402","534.151460321","534.151802943","1420133.1","-9999","343666","9.3","-1","-0.641431865","0.928064253","0","0.556838552","17","0.333333333","0.925925926","N3 O9","de-protonated","0","-9999","C27 H25 O9 N3","27","25","9","3","-9999","-9999","-9999","-9999","-9999"
"3309","534.151402","534.151460321","534.151015149","1420133.1","-9999","343666","9.3","-1","0.833420325","0.881586335","0.981135421","0.921405969","8","0.45","1.55","13C1 N4 S1 P1 O9","de-protonated","1","3299","C19 H31 O9 N4 P1 S1 13C1","19","31","9","4","1","1","1","-9999","-9999"
"3310","534.178305","534.17836331","534.177957385","1751672.1","-9999","407241.7","11.85","-1","0.759907718","0.900523236","0","0.540313942","2","0.631578947","2","N1 S1 P1 O12","de-protonated","0","-9999","C19 H38 O12 N1 P1 S1","19","38","12","1","1","1","-9999","-9999","-9999"
"3310","534.178305","534.17836331","534.17853625","1751672.1","-9999","407241.7","11.85","-1","-0.323749188","0.981161428","0.967182626","0.975569907","16","0.206896552","1.034482759","13C1 N2 S1 O6","de-protonated","1","3301","C28 H30 O6 N2 S1 13C1","28","30","6","2","-9999","1","1","-9999","-9999"
"3310","534.178305","534.17836331","534.178669192","1751672.1","-9999","407241.7","11.85","-1","-0.572620389","0.942239345","0.957009549","0.948147426","3","0.777777778","1.944444444","13C1 N2 P1 O14","de-protonated","1","3301","C17 H35 O14 N2 P1 13C1","17","35","14","2","1","-9999","1","-9999","-9999"
"3310","534.178305","534.17836331","534.178805538","1751672.1","-9999","407241.7","11.85","-1","-0.827863653","0.883064221","0","0.529838533","3","0.941176471","1.941176471","N3 O16","de-protonated","0","-9999","C17 H33 O16 N3","17","33","16","3","-9999","-9999","-9999","-9999","-9999"
"3310","534.178305","534.17836331","534.178156128","1751672.1","-9999","407241.7","11.85","-1","0.387853098","0.973073821","0.954850747","0.965784591","21","0.096774194","0.870967742","13C1 N4 P1 O3","de-protonated","1","3301","C30 H27 O3 N4 P1 13C1","30","27","3","4","1","-9999","1","-9999","-9999"
"3310","534.178305","534.17836331","534.177884802","1751672.1","-9999","407241.7","11.85","-1","0.895785517","0.576335522","0.9320354","0.718615473","7","0.380952381","1.619047619","13C1 N4 S2 O8","de-protonated","1","3301","C20 H34 O8 N4 S2 13C1","20","34","8","4","-9999","2","1","-9999","-9999"
"3313","535.042548","535.042605976","535.042787519","1419992.4","-9999","462071.4","9.3","-1","-0.339304662","0.979326918","0","0.587596151","23","0.172413793","0.551724138","N2 S2 O5","de-protonated","0","-9999","C29 H16 O5 N2 S2","29","16","5","2","-9999","2","-9999","-9999","-9999"
"3313","535.042548","535.042605976","535.042920461","1419992.4","-9999","462071.4","9.3","-1","-0.587773859","0.939237833","0","0.5635427","10","0.722222222","1.166666667","N2 S1 P1 O13","de-protonated","0","-9999","C18 H21 O13 N2 P1 S1","18","21","13","2","1","1","-9999","-9999","-9999"
"3313","535.042548","535.042605976","535.042407396","1419992.4","-9999","462071.4","9.3","-1","0.371148165","0.975315051","0","0.585189031","28","0.064516129","0.419354839","N4 S1 P1 O2","de-protonated","0","-9999","C31 H13 O2 N4 P1 S1","31","13","2","4","1","1","-9999","-9999","-9999"
"3314","535.045029","535.045086975","535.045289442","4043482","-9999","349735.3","29.45","-1","-0.37841081","0.487176071","0.787157861","0.607168787","19","0.4","0.64","N2 S1 O10","de-protonated","0","-9999","C25 H16 O10 N2 S1","25","16","10","2","-9999","1","-9999","-9999","-9999"
"3314","535.045029","535.045086975","535.04490932","4043482","-9999","349735.3","29.45","-1","0.332038668","0.490097053","0.773979033","0.603649845","24","0.259259259","0.481481481","N4 P1 O7","de-protonated","0","-9999","C27 H13 O7 N4 P1","27","13","7","4","1","-9999","-9999","-9999","-9999"
"3314","535.045029","535.045086975","535.044637994","4043482","-9999","349735.3","29.45","-1","0.839148226","0.440027587","0.844689208","0.601892235","10","0.705882353","1.176470588","N4 S2 O12","de-protonated","0","-9999","C17 H20 O12 N4 S2","17","20","12","4","-9999","2","-9999","-9999","-9999"
"3315","535.069529","535.069586966","535.07006144","1197035.5","-9999","398898.8","7.59","-1","-0.886751038","0.867033144","0","0.520219886","23","0.24137931","0.586206897","N2 P1 O7","de-protonated","0","-9999","C29 H17 O7 N2 P1","29","17","7","2","1","-9999","-9999","-9999","-9999"
"3315","535.069529","535.069586966","535.06979011400006","1197035.5","-9999","398898.8","7.59","-1","-0.379665936","0.97418394","0","0.584510364","9","0.631578947","1.263157895","N2 S2 O12","de-protonated","0","-9999","C19 H24 O12 N2 S2","19","24","12","2","-9999","2","-9999","-9999","-9999"
"3315","535.069529","535.069586966","535.069277049","1197035.5","-9999","398898.8","7.59","-1","0.579208134","0.940942939","0","0.564565764","27","0.03125","0.5","N4 S2 O1","de-protonated","0","-9999","C32 H16 O1 N4 S2","32","16","1","4","-9999","2","-9999","-9999","-9999"
"3315","535.069529","535.069586966","535.069409991","1197035.5","-9999","398898.8","7.59","-1","0.330751009","0.980345908","0","0.588207545","14","0.428571429","1","N4 S1 P1 O9","de-protonated","0","-9999","C21 H21 O9 N4 P1 S1","21","21","9","4","1","1","-9999","-9999","-9999"
"3316","535.073008","535.073065965","535.072943486","1305325.8","-9999","341905.1","8.42","-1","0.228901039","0.990537922","0","0.594322753","14","0.652173913","0.869565217","O15","de-protonated","0","-9999","C23 H20 O15","23","20","15","-9999","-9999","-9999","-9999","-9999","-9999"
"3316","535.073008","535.073065965","535.073432743","1305325.8","-9999","341905.1","8.42","-1","-0.685473386","0.91827536","0","0.550965216","18","0.269230769","0.807692308","N2 S1 P1 O7","de-protonated","0","-9999","C26 H21 O7 N2 P1 S1","26","21","7","2","1","1","-9999","-9999","-9999"
"3316","535.073008","535.073065965","535.072781294","1305325.8","-9999","341905.1","8.42","-1","0.532021236","0.94993812","0","0.569962872","9","0.5","1.388888889","N4 S2 P1 O9","de-protonated","0","-9999","C18 H25 O9 N4 P1 S2","18","25","9","4","1","2","-9999","-9999","-9999"
"3317","535.075602","535.075659964","535.075801725","2227439.8","-9999","324102.2","15.5","-1","-0.264936893","0.493672298","0.736963647","0.590988838","27","0.121212121","0.484848485","N2 S1 O4","de-protonated","0","-9999","C33 H16 O4 N2 S1","33","16","4","2","-9999","1","-9999","-9999","-9999"
"3317","535.075602","535.075659964","535.075934667","2227439.8","-9999","324102.2","15.5","-1","-0.513390778","0.476650564","0.807789663","0.609106203","14","0.545454545","0.954545455","N2 P1 O12","de-protonated","0","-9999","C22 H21 O12 N2 P1","22","21","12","2","1","-9999","-9999","-9999","-9999"
"3317","535.075602","535.075659964","535.075421602","2227439.8","-9999","324102.2","15.5","-1","0.445472153","0.48231645","0.725399619","0.579549718","32","0.028571429","0.371428571","N4 P1 O1","de-protonated","0","-9999","C35 H13 O1 N4 P1","35","13","1","4","1","-9999","-9999","-9999","-9999"
"3317","535.075602","535.075659964","535.075150276","2227439.8","-9999","324102.2","15.5","-1","0.952552851","0.424100042","0.787157861","0.56932317","18","0.24","0.8","N4 S2 O6","de-protonated","0","-9999","C25 H20 O6 N4 S2","25","20","6","4","-9999","2","-9999","-9999","-9999"
"3318","535.078932","535.078989962","535.079173028","1468146","-9999","325563","9.67","-1","-0.342128673","0.978985021","0","0.587391013","22","0.133333333","0.666666667","N2 S2 O4","de-protonated","0","-9999","C30 H20 O4 N2 S2","30","20","4","2","-9999","2","-9999","-9999","-9999"
"3318","535.078932","535.078989962","535.07930597","1468146","-9999","325563","9.67","-1","-0.590580974","0.938674279","0","0.563204567","9","0.631578947","1.315789474","N2 S1 P1 O12","de-protonated","0","-9999","C19 H25 O12 N2 P1 S1","19","25","12","2","1","1","-9999","-9999","-9999"
"3318","535.078932","535.078989962","535.078792906","1468146","-9999","325563","9.67","-1","0.368275841","0.487845492","0.742885034","0.589861309","27","0.03125","0.53125","N4 S1 P1 O1","de-protonated","0","-9999","C32 H17 O1 N4 P1 S1","32","17","1","4","1","1","-9999","-9999","-9999"
"3319","535.081415","535.081472961","535.081674952","8639220","-9999","324843","64.76","-1","-0.377494403","0.982467599","0.963843743","0.975018056","18","0.346153846","0.769230769","N2 S1 O9","de-protonated","0","-9999","C26 H20 O9 N2 S1","26","20","9","2","-9999","1","-9999","-9999","-9999"
"3319","535.081415","535.081472961","535.081294829","8639220","-9999","324843","64.76","-1","0.332906764","0.9696378","0.95088465","0.96213654","23","0.214285714","0.607142857","N4 P1 O6","de-protonated","0","-9999","C28 H17 O6 N4 P1","28","17","6","4","1","-9999","-9999","-9999","-9999"
"3319","535.081415","535.081472961","535.081023503","8639220","-9999","324843","64.76","-1","0.83998184","0.572767847","0.93031813","0.71578796","9","0.611111111","1.333333333","N4 S2 O11","de-protonated","0","-9999","C18 H24 O11 N4 S2","18","24","11","4","-9999","2","-9999","-9999","-9999"
"3320","535.112117","535.112174949","535.112700298","2611977.5","-9999","352490.6","18.45","-1","-0.981754005","0.419775661","0.81490939","0.577829153","8","0.666666667","1.333333333","S1 O14","de-protonated","0","-9999","C21 H28 O14 S1","21","28","14","-9999","-9999","1","-9999","-9999","-9999"
"3320","535.112117","535.112174949","535.112187234","2611977.5","-9999","352490.6","18.45","-1","-0.022957404","0.499952187","0.73113591","0.592425676","26","0.088235294","0.588235294","N2 S1 O3","de-protonated","0","-9999","C34 H20 O3 N2 S1","34","20","3","2","-9999","1","-9999","-9999","-9999"
"3320","535.112117","535.112174949","535.112320176","2611977.5","-9999","352490.6","18.45","-1","-0.271394455","0.493362158","0.800793265","0.616334601","13","0.47826087","1.086956522","N2 P1 O11","de-protonated","0","-9999","C23 H25 O11 N2 P1","23","25","11","2","1","-9999","-9999","-9999","-9999"
"3320","535.112117","535.112174949","535.111668727","2611977.5","-9999","352490.6","18.45","-1","0.946012193","0.850113407","0","0.510068044","4","0.866666667","1.933333333","N4 S1 P1 O13","de-protonated","0","-9999","C15 H29 O13 N4 P1 S1","15","29","13","4","1","1","-9999","-9999","-9999"
"3321","535.117773","535.117830947","535.118060461","10664717","-9999","327926","80.32","-1","-0.428903003","0.971997065","0.978638357","0.974653582","17","0.296296296","0.888888889","N2 S1 O8","de-protonated","0","-9999","C27 H24 O8 N2 S1","27","24","8","2","-9999","1","-9999","-9999","-9999"
"3321","535.117773","535.117830947","535.117680338","10664717","-9999","327926","80.32","-1","0.281449824","0.654602226","0.939332215","0.768494222","22","0.172413793","0.724137931","N4 P1 O5","de-protonated","0","-9999","C29 H21 O5 N4 P1","29","21","5","4","1","-9999","-9999","-9999","-9999"
"3321","535.117773","535.117830947","535.117409012","10664717","-9999","327926","80.32","-1","0.788490395","0.589643724","0.930900115","0.72614628","8","0.526315789","1.473684211","N4 S2 O10","de-protonated","0","-9999","C19 H28 O10 N4 S2","19","28","10","4","-9999","2","-9999","-9999","-9999"
"3322","535.131718","535.131775942","535.131599069","2694935.3","-9999","420764.6","19.09","-1","0.330521719","0.49018644","0.742885034","0.591265878","21","0.1875","0.78125","P1 O6","de-protonated","0","-9999","C32 H25 O6 P1","32","25","6","-9999","1","-9999","-9999","-9999","-9999"
"3322","535.131718","535.131775942","535.131327743","2694935.3","-9999","420764.6","19.09","-1","0.837549126","0.440241713","0.807789663","0.587260893","7","0.5","1.454545455","S2 O11","de-protonated","0","-9999","C22 H32 O11 S2","22","32","11","-9999","-9999","2","-9999","-9999","-9999"
"3322","535.131718","535.131775942","535.131795774","2694935.3","-9999","420764.6","19.09","-1","-0.037059794","0.499875412","0.807789663","0.623041112","13","0.545454545","1.090909091","N4 O12","de-protonated","0","-9999","C22 H24 O12 N4","22","24","12","4","-9999","-9999","-9999","-9999","-9999"
"3323","535.145319","535.145376937","535.145714505","1994016.9","-9999","322371.8","13.71","-1","-0.630796235","0.883593706","0.66258599","0.79519062","12","0.52","1.12","O13","de-protonated","0","-9999","C25 H28 O13","25","28","13","-9999","-9999","-9999","-9999","-9999","-9999"
"3323","535.145319","535.145376937","535.14520144","1994016.9","-9999","322371.8","13.71","-1","0.327941552","0.490337573","0.70871839","0.5776899","30","0.052631579","0.526315789","N2 O2","de-protonated","0","-9999","C38 H20 O2 N2","38","20","2","2","-9999","-9999","-9999","-9999","-9999"
"3323","535.145319","535.145376937","535.145063056","1994016.9","-9999","322371.8","13.71","-1","0.586534007","0.939485996","0","0.563691598","3","0.882352941","1.882352941","N2 S1 O15","de-protonated","0","-9999","C17 H32 O15 N2 S1","17","32","15","2","-9999","1","-9999","-9999","-9999"
"3323","535.145319","535.145376937","535.145552313","1994016.9","-9999","322371.8","13.71","-1","-0.327717517","0.980701285","0","0.588420771","7","0.35","1.65","N4 S2 P1 O7","de-protonated","0","-9999","C20 H33 O7 N4 P1 S2","20","33","7","4","1","2","-9999","-9999","-9999"
"3324","535.1485","535.148557935","535.149085808","2089251.1","-9999","340183.1","14.44","-1","-0.986402604","0.419079368","0.807789663","0.574563486","7","0.590909091","1.454545455","S1 O13","de-protonated","0","-9999","C22 H32 O13 S1","22","32","13","-9999","-9999","1","-9999","-9999","-9999"
"3324","535.1485","535.148557935","535.148572744","2089251.1","-9999","340183.1","14.44","-1","-0.027671197","0.499930538","0.725399619","0.59011817","25","0.057142857","0.685714286","N2 S1 O2","de-protonated","0","-9999","C35 H24 O2 N2 S1","35","24","2","2","-9999","1","-9999","-9999","-9999"
"3324","535.1485","535.148557935","535.148705685","2089251.1","-9999","340183.1","14.44","-1","-0.276091356","0.493132012","0.793917021","0.613446016","12","0.416666667","1.208333333","N2 P1 O10","de-protonated","0","-9999","C24 H29 O10 N2 P1","24","29","10","2","1","-9999","-9999","-9999","-9999"
"3324","535.1485","535.148557935","535.148054237","2089251.1","-9999","340183.1","14.44","-1","0.941232514","0.851505964","0","0.510903579","3","0.75","2.0625","N4 S1 P1 O12","de-protonated","0","-9999","C16 H33 O12 N4 P1 S1","16","33","12","4","1","1","-9999","-9999","-9999"
"3325","535.154163","535.154220933","535.15444597","7392039","-9999","337422.7","55.18","-1","-0.420508813","0.969667622","0.97334381","0.971138097","16","0.25","1","N2 S1 O7","de-protonated","0","-9999","C28 H28 O7 N2 S1","28","28","7","2","-9999","1","-9999","-9999","-9999"
"3325","535.154163","535.154220933","535.154578912","7392039","-9999","337422.7","55.18","-1","-0.668926148","0.923967409","0.94952071","0.934188729","3","0.882352941","1.941176471","N2 P1 O15","de-protonated","0","-9999","C17 H33 O15 N2 P1","17","33","15","2","1","-9999","-9999","-9999","-9999"
"3325","535.154163","535.154220933","535.154065848","7392039","-9999","337422.7","55.18","-1","0.289795722","0.984035811","0.960808017","0.974744693","21","0.133333333","0.833333333","N4 P1 O4","de-protonated","0","-9999","C30 H25 O4 N4 P1","30","25","4","4","1","-9999","-9999","-9999","-9999"
"3325","535.154163","535.154220933","535.153794522","7392039","-9999","337422.7","55.18","-1","0.796801823","0.592837723","0.931472459","0.728291617","7","0.45","1.6","N4 S2 O9","de-protonated","0","-9999","C20 H32 O9 N4 S2","20","32","9","4","-9999","2","-9999","-9999","-9999"
"3326","535.18492","535.184977921","535.185471317","1862972.8","-9999","395564.1","12.7","-1","-0.921915687","0.8570848","0","0.51425088","6","0.52173913","1.565217391","S1 O12","de-protonated","0","-9999","C23 H36 O12 S1","23","36","12","-9999","-9999","1","-9999","-9999","-9999"
"3326","535.18492","535.184977921","535.184958253","1862972.8","-9999","395564.1","12.7","-1","0.036750601","0.499877482","0.719752637","0.587827544","24","0.027777778","0.777777778","N2 S1 O1","de-protonated","0","-9999","C36 H28 O1 N2 S1","36","28","1","2","-9999","1","-9999","-9999","-9999"
"3326","535.18492","535.184977921","535.185091195","1862972.8","-9999","395564.1","12.7","-1","-0.211652684","0.495952307","0.787157861","0.612434529","11","0.36","1.32","N2 P1 O9","de-protonated","0","-9999","C25 H33 O9 N2 P1","25","33","9","2","1","-9999","-9999","-9999","-9999"
"3327","535.190565","535.190622919","535.19083148","7981889","-9999","324838.8","59.71","-1","-0.389693865","0.970023495","0.980685096","0.974288136","15","0.206896552","1.103448276","N2 S1 O6","de-protonated","0","-9999","C29 H32 O6 N2 S1","29","32","6","2","-9999","1","-9999","-9999","-9999"
"3327","535.190565","535.190622919","535.190964421","7981889","-9999","324838.8","59.71","-1","-0.638094318","0.924550963","0.943507079","0.932133409","2","0.777777778","2.055555556","N2 P1 O14","de-protonated","0","-9999","C18 H37 O14 N2 P1","18","37","14","2","1","-9999","-9999","-9999","-9999"
"3327","535.190565","535.190622919","535.190451357","7981889","-9999","324838.8","59.71","-1","0.320562402","0.98368194900000006","0.968353217","0.977550456","20","0.096774194","0.935483871","N4 P1 O3","de-protonated","0","-9999","C31 H29 O3 N4 P1","31","29","3","4","1","-9999","-9999","-9999","-9999"
"3327","535.190565","535.190622919","535.190180031","7981889","-9999","324838.8","59.71","-1","0.827534049","0.592334941","0.9320354","0.728215124","6","0.380952381","1.714285714","N4 S2 O8","de-protonated","0","-9999","C21 H36 O8 N4 S2","21","36","8","4","-9999","2","-9999","-9999","-9999"
"3328","535.227024","535.227081905","535.227216989","3529562.5","-9999","364084.2","25.5","-1","-0.25238632","0.494254232","0.755017935","0.598559713","14","0.166666667","1.2","N2 S1 O5","de-protonated","0","-9999","C30 H36 O5 N2 S1","30","36","5","2","-9999","1","-9999","-9999","-9999"
"3328","535.227024","535.227081905","535.227349931","3529562.5","-9999","364084.2","25.5","-1","-0.500769921","0.477758855","0.829532115","0.618468159","1","0.684210526","2.157894737","N2 P1 O13","de-protonated","0","-9999","C19 H41 O13 N2 P1","19","41","13","2","1","-9999","-9999","-9999","-9999"
"3328","535.227024","535.227081905","535.226836867","3529562.5","-9999","364084.2","25.5","-1","0.457821759","0.481341172","0.742885034","0.585958717","19","0.0625","1.03125","N4 P1 O2","de-protonated","0","-9999","C32 H33 O2 N4 P1","32","33","2","4","1","-9999","-9999","-9999","-9999"
"3328","535.227024","535.227081905","535.22656554","3529562.5","-9999","364084.2","25.5","-1","0.964759011","0.422302942","0.807789663","0.57649763","5","0.318181818","1.818181818","N4 S2 O7","de-protonated","0","-9999","C22 H40 O7 N4 S2","22","40","7","4","-9999","2","-9999","-9999","-9999"
"3329","535.263591","535.263648891","535.263602498","1299316.4","-9999","383258.4","8.37","-1","0.086672222","0.998637873","0","0.59918272400000006","13","0.129032258","1.290322581","N2 S1 O4","de-protonated","0","-9999","C31 H40 O4 N2 S1","31","40","4","2","-9999","1","-9999","-9999","-9999"
"3329","535.263591","535.263648891","535.26373544","1299316.4","-9999","383258.4","8.37","-1","-0.161694579","0.995267234","0","0.597160341","0","0.6","2.25","N2 P1 O12","de-protonated","0","-9999","C20 H45 O12 N2 P1","20","45","12","2","1","-9999","-9999","-9999","-9999"
"3329","535.263591","535.263648891","535.263222376","1299316.4","-9999","383258.4","8.37","-1","0.796832265","0.891179574","0","0.534707744","18","0.03030303","1.121212121","N4 P1 O1","de-protonated","0","-9999","C33 H37 O1 N4 P1","33","37","1","4","1","-9999","-9999","-9999","-9999"
"3330","536.076508","536.076565577","536.076075771","1316787.6","-9999","326920.8","8.5","-1","0.913687376","0.859436935","0","0.515662161","17","0.185185185","0.888888889","N1 S2 P1 O5","de-protonated","0","-9999","C27 H24 O5 N1 P1 S2","27","24","5","1","1","2","-9999","-9999","-9999"
"3330","536.076508","536.076565577","536.076923924","1316787.6","-9999","326920.8","8.5","-1","-0.668462325","0.922120959","0","0.553272575","18","0.36","0.76","N3 S1 O9","de-protonated","0","-9999","C25 H19 O9 N3 S1","25","19","9","3","-9999","1","-9999","-9999","-9999"
"3331","536.084849","536.084906573","536.084589305","1939385.5","-9999","320423.4","13.28","-1","0.591824639","0.469211926","0.714192896","0.567204314","31","0.054054054","0.432432432","N1 P1 O2","de-protonated","0","-9999","C37 H16 O2 N1 P1","37","16","2","1","1","-9999","-9999","-9999","-9999"
"3331","536.084849","536.084906573","536.084450921","1939385.5","-9999","320423.4","13.28","-1","0.849964026","0.877142706","0","0.526285623","4","0.9375","1.75","N1 S1 P1 O15","de-protonated","0","-9999","C16 H28 O15 N1 P1 S1","16","28","15","1","1","1","-9999","-9999","-9999"
"3331","536.084849","536.084906573","536.085029787","1939385.5","-9999","320423.4","13.28","-1","-0.229839139","0.990460578","0.963843743","0.979813844","18","0.346153846","0.769230769","13C1 N2 S1 O9","de-protonated","1","3319","C25 H20 O9 N2 S1 13C1","25","20","9","2","-9999","1","1","-9999","-9999"
"3331","536.084849","536.084906573","536.084649664","1939385.5","-9999","320423.4","13.28","-1","0.479232521","0.959184153","0.95088465","0.955864352","23","0.214285714","0.607142857","13C1 N4 P1 O6","de-protonated","1","3319","C27 H17 O6 N4 P1 13C1","27","17","6","4","1","-9999","1","-9999","-9999"
"3331","536.084849","536.084906573","536.084378338","1939385.5","-9999","320423.4","13.28","-1","0.985358611","0.558981238","0.93031813","0.707515995","9","0.611111111","1.333333333","13C1 N4 S2 O11","de-protonated","1","3319","C17 H24 O11 N4 S2 13C1","17","24","11","4","-9999","2","1","-9999","-9999"
"3332","536.121165","536.121222559","536.120974815","2744275.3","-9999","332871.9","19.47","-1","0.462105926","0.480997082","0.70871839","0.572085605","30","0.026315789","0.526315789","N1 P1 O1","de-protonated","0","-9999","C38 H20 O1 N1 P1","38","20","1","1","1","-9999","-9999","-9999","-9999"
"3332","536.121165","536.121222559","536.120703489","2744275.3","-9999","332871.9","19.47","-1","0.968197713","0.421793924","0.767553728","0.560097846","16","0.214285714","0.964285714","N1 S2 O6","de-protonated","0","-9999","C28 H27 O6 N1 S2","28","27","6","1","-9999","2","-9999","-9999","-9999"
"3332","536.121165","536.121222559","536.12083643","2744275.3","-9999","332871.9","19.47","-1","0.72022776","0.455085621","0.844689208","0.610927056","3","0.823529412","1.882352941","N1 S1 P1 O14","de-protonated","0","-9999","C17 H32 O14 N1 P1 S1","17","32","14","1","1","1","-9999","-9999","-9999"
"3332","536.121165","536.121222559","536.121415296","2744275.3","-9999","332871.9","19.47","-1","-0.359501981","0.9768221","0.978638357","0.977548603","17","0.296296296","0.888888889","13C1 N2 S1 O8","de-protonated","1","3321","C26 H24 O8 N2 S1 13C1","26","24","8","2","-9999","1","1","-9999","-9999"
"3332","536.121165","536.121222559","536.121035174","2744275.3","-9999","332871.9","19.47","-1","0.349521464","0.652051434","0.939332215","0.766963747","22","0.172413793","0.724137931","13C1 N4 P1 O5","de-protonated","1","3321","C28 H21 O5 N4 P1 13C1","28","21","5","4","1","-9999","1","-9999","-9999"
"3332","536.121165","536.121222559","536.120763847","2744275.3","-9999","332871.9","19.47","-1","0.855613138","0.583740383","0.930900115","0.722604276","8","0.526315789","1.473684211","13C1 N4 S2 O10","de-protonated","1","3321","C18 H28 O10 N4 S2 13C1","18","28","10","4","-9999","2","1","-9999","-9999"
"3333","536.149543","536.149600548","536.14906934","2439655.5","-9999","368348.8","17.13","-1","0.990785658","0.836841803","0.66258599","0.767139478","12","0.52","1.12","13C1 O13","de-protonated","1","3323","C24 H28 O13 13C1","24","28","13","-9999","-9999","-9999","1","-9999","-9999"
"3333","536.149543","536.149600548","536.149694943","2439655.5","-9999","368348.8","17.13","-1","-0.17605934","0.497195721","0.773979033","0.607909046","16","0.259259259","1","N3 S1 O7","de-protonated","0","-9999","C27 H27 O7 N3 S1","27","27","7","3","-9999","1","-9999","-9999","-9999"
"3333","536.149543","536.149600548","536.149827884","2439655.5","-9999","368348.8","17.13","-1","-0.424015601","0.967903855","0","0.580742313","3","0.9375","2","N3 P1 O15","de-protonated","0","-9999","C16 H32 O15 N3 P1","16","32","15","3","1","-9999","-9999","-9999","-9999"
"3334","536.157527","536.157584545","536.157088998","1915373.1","-9999","369908.7","13.1","-1","0.924257913","0.428206292","0.761234226","0.561417466","15","0.172413793","1.068965517","N1 S2 O5","de-protonated","0","-9999","C29 H31 O5 N1 S2","29","31","5","1","-9999","2","-9999","-9999","-9999"
"3334","536.157527","536.157584545","536.15722194","1915373.1","-9999","369908.7","13.1","-1","0.676304799","0.920358064","0","0.552214838","2","0.722222222","2","N1 S1 P1 O13","de-protonated","0","-9999","C18 H36 O13 N1 P1 S1","18","36","13","1","1","1","-9999","-9999","-9999"
"3334","536.157527","536.157584545","536.157800805","1915373.1","-9999","369908.7","13.1","-1","-0.403351621","0.970911123","0.97334381","0.971884198","16","0.25","1","13C1 N2 S1 O7","de-protonated","1","3325","C27 H28 O7 N2 S1 13C1","27","28","7","2","-9999","1","1","-9999","-9999"
"3334","536.157527","536.157584545","536.157933747","1915373.1","-9999","369908.7","13.1","-1","-0.651304077","0.925917641","0.94952071","0.935358869","3","0.882352941","1.941176471","13C1 N2 P1 O15","de-protonated","1","3325","C16 H33 O15 N2 P1 13C1","16","33","15","2","1","-9999","1","-9999","-9999"
"3334","536.157527","536.157584545","536.157420683","1915373.1","-9999","369908.7","13.1","-1","0.305623676","0.98319445","0.960808017","0.974239877","21","0.133333333","0.833333333","13C1 N4 P1 O4","de-protonated","1","3325","C29 H25 O4 N4 P1 13C1","29","25","4","4","1","-9999","1","-9999","-9999"
"3334","536.157527","536.157584545","536.157149357","1915373.1","-9999","369908.7","13.1","-1","0.811680983","0.5915505","0.931472459","0.727519283","7","0.45","1.6","13C1 N4 S2 O9","de-protonated","1","3325","C19 H32 O9 N4 S2 13C1","19","32","9","4","-9999","2","1","-9999","-9999"
"3335","536.193899","536.193956531","536.193474507","2244102.8","-9999","355069.3","15.62","-1","0.898974053","0.431803038","0.755017935","0.561088997","14","0.133333333","1.166666667","N1 S2 O4","de-protonated","0","-9999","C30 H35 O4 N1 S2","30","35","4","1","-9999","2","-9999","-9999","-9999"
"3335","536.193899","536.193956531","536.193607449","2244102.8","-9999","355069.3","15.62","-1","0.651037771","0.925975911","0","0.555585547","1","0.631578947","2.105263158","N1 S1 P1 O12","de-protonated","0","-9999","C19 H40 O12 N1 P1 S1","19","40","12","1","1","1","-9999","-9999","-9999"
"3335","536.193899","536.193956531","536.194186315","2244102.8","-9999","355069.3","15.62","-1","-0.428545357","0.967225848","0.980685096","0.972609548","15","0.206896552","1.103448276","13C1 N2 S1 O6","de-protonated","1","3327","C28 H32 O6 N2 S1 13C1","28","32","6","2","-9999","1","1","-9999","-9999"
"3335","536.193899","536.193956531","536.194319257","2244102.8","-9999","355069.3","15.62","-1","-0.676480981","0.920318263","0.943507079","0.92959379","2","0.777777778","2.055555556","13C1 N2 P1 O14","de-protonated","1","3327","C17 H37 O14 N2 P1 13C1","17","37","14","2","1","-9999","1","-9999","-9999"
"3335","536.193899","536.193956531","536.194455602","2244102.8","-9999","355069.3","15.62","-1","-0.930764714","0.854538979","0","0.512723387","2","0.941176471","2.058823529","N3 O16","de-protonated","0","-9999","C17 H35 O16 N3","17","35","16","3","-9999","-9999","-9999","-9999","-9999"
"3335","536.193899","536.193956531","536.193806192","2244102.8","-9999","355069.3","15.62","-1","0.280381812","0.985836855","0.968353217","0.9788434","20","0.096774194","0.935483871","13C1 N4 P1 O3","de-protonated","1","3327","C30 H29 O3 N4 P1 13C1","30","29","3","4","1","-9999","1","-9999","-9999"
"3335","536.193899","536.193956531","536.193534866","2244102.8","-9999","355069.3","15.62","-1","0.786404766","0.595902113","0.9320354","0.730355428","6","0.380952381","1.714285714","13C1 N4 S2 O8","de-protonated","1","3327","C20 H36 O8 N4 S2 13C1","20","36","8","4","-9999","2","1","-9999","-9999"
"3337","536.989668","536.989725224","536.98968931700006","2489916.8","-9999","323888.2","17.51","-1","0.066867201","0.499594516","0.742885034","0.596910723","28","0.15625","0.3125","S2 O5","de-protonated","0","-9999","C32 H10 O5 S2","32","10","5","-9999","-9999","2","-9999","-9999","-9999"
"3337","536.989668","536.989725224","536.989822258","2489916.8","-9999","323888.2","17.51","-1","-0.180701251","0.497046342","0.81490939","0.624191561","15","0.619047619","0.714285714","S1 P1 O13","de-protonated","0","-9999","C21 H15 O13 P1 S1","21","15","13","-9999","1","1","-9999","-9999","-9999"
"3338","537.055161","537.055218198","537.055579344","1572715.3","-9999","286534.5","10.46","-1","-0.67245545","0.9212255","0","0.5527353","9","0.842105263","1.157894737","S1 O16","de-protonated","0","-9999","C19 H22 O16 S1","19","22","16","-9999","-9999","1","-9999","-9999","-9999"
"3338","537.055161","537.055218198","537.05506628","1572715.3","-9999","286534.5","10.46","-1","0.282872853","0.492792952","0.742885034","0.592829785","27","0.15625","0.4375","N2 S1 O5","de-protonated","0","-9999","C32 H14 O5 N2 S1","32","14","5","2","-9999","1","-9999","-9999","-9999"
"3338","537.055161","537.055218198","537.055199222","1572715.3","-9999","286534.5","10.46","-1","0.035334485","0.999773482","0","0.599864089","14","0.619047619","0.904761905","N2 P1 O13","de-protonated","0","-9999","C21 H19 O13 N2 P1","21","19","13","2","1","-9999","-9999","-9999","-9999"
"3338","537.055161","537.055218198","537.054686157","1572715.3","-9999","286534.5","10.46","-1","0.99066414","0.418439182","0.73113591","0.543517873","32","0.058823529","0.323529412","N4 P1 O2","de-protonated","0","-9999","C34 H11 O2 N4 P1","34","11","2","4","1","-9999","-9999","-9999","-9999"
"3339","537.057989","537.058046197","537.058437583","1581165.4","-9999","501148","10.53","-1","-0.728758897","0.454066018","0.761234226","0.576933301","22","0.172413793","0.620689655","N2 S2 O5","de-protonated","0","-9999","C29 H18 O5 N2 S2","29","18","5","2","-9999","2","-9999","-9999","-9999"
"3339","537.057989","537.058046197","537.057568203","1581165.4","-9999","501148","10.53","-1","0.890023312","0.866118942","0","0.519671365","23","0.357142857","0.5","N2 O10","de-protonated","0","-9999","C28 H14 O10 N2","28","14","10","2","-9999","-9999","-9999","-9999","-9999"
"3339","537.057989","537.058046197","537.058570525","1581165.4","-9999","501148","10.53","-1","-0.976295461","0.841181079","0","0.504708647","9","0.722222222","1.277777778","N2 S1 P1 O13","de-protonated","0","-9999","C18 H23 O13 N2 P1 S1","18","23","13","2","1","1","-9999","-9999","-9999"
"3339","537.057989","537.058046197","537.058057461","1581165.4","-9999","501148","10.53","-1","-0.020972769","0.499960096","0.748902347","0.599536996","27","0.064516129","0.483870968","N4 S1 P1 O2","de-protonated","0","-9999","C31 H15 O2 N4 P1 S1","31","15","2","4","1","1","-9999","-9999","-9999"
"3340","537.060758","537.060815196","537.060939507","6821999.5","-9999","339250.3","50.79","-1","-0.231464673","0.976325926","0.998846583","0.985334189","18","0.4","0.72","N2 S1 O10","de-protonated","0","-9999","C25 H18 O10 N2 S1","25","18","10","2","-9999","1","-9999","-9999","-9999"
"3340","537.060758","537.060815196","537.060559384","6821999.5","-9999","339250.3","50.79","-1","0.476318509","0.974355708","0.987974589","0.97980326","23","0.259259259","0.555555556","N4 P1 O7","de-protonated","0","-9999","C27 H15 O7 N4 P1","27","15","7","4","1","-9999","-9999","-9999","-9999"
"3340","537.060758","537.060815196","537.060288058","6821999.5","-9999","339250.3","50.79","-1","0.981524899","0.871793356","0.846034788","0.861489929","9","0.705882353","1.294117647","N4 S2 O12","de-protonated","0","-9999","C17 H22 O12 N4 S2","17","22","12","4","-9999","2","-9999","-9999","-9999"
"3341","537.075925","537.07598219","537.076195648","1212026.1","-9999","345998.8","7.69","-1","-0.397444143","0.971744888","0","0.583046933","22","0.24137931","0.620689655","N2 S1 O7","de-protonated","0","-9999","C29 H18 O7 N2 S1","29","18","7","2","-9999","1","-9999","-9999","-9999"
"3341","537.075925","537.07598219","537.07632859","1212026.1","-9999","345998.8","7.69","-1","-0.644972604","0.927297555","0","0.556378533","9","0.833333333","1.277777778","N2 P1 O15","de-protonated","0","-9999","C18 H23 O15 N2 P1","18","23","15","2","1","-9999","-9999","-9999","-9999"
"3341","537.075925","537.07598219","537.075815526","1212026.1","-9999","345998.8","7.69","-1","0.310318817","0.982678666","0","0.5896072","27","0.129032258","0.483870968","N4 P1 O4","de-protonated","0","-9999","C31 H15 O4 N4 P1","31","15","4","4","1","-9999","-9999","-9999","-9999"
"3341","537.075925","537.07598219","537.075544199","1212026.1","-9999","345998.8","7.69","-1","0.815510772","0.886322971","0","0.531793783","13","0.428571429","1.047619048","N4 S2 O9","de-protonated","0","-9999","C21 H22 O9 N4 S2","21","22","9","4","-9999","2","-9999","-9999","-9999"
"3342","537.085062","537.085119187","537.085440178","1482880.6","-9999","449784.5","9.77","-1","-0.597654277","0.937243863","0","0.562346318","8","0.631578947","1.368421053","N2 S2 O12","de-protonated","0","-9999","C19 H26 O12 N2 S2","19","26","12","2","-9999","2","-9999","-9999","-9999"
"3342","537.085062","537.085119187","537.084927114","1482880.6","-9999","449784.5","9.77","-1","0.357620983","0.488530607","0.742885034","0.590272378","26","0.03125","0.5625","N4 S2 O1","de-protonated","0","-9999","C32 H18 O1 N4 S2","32","18","1","4","-9999","2","-9999","-9999","-9999"
"3342","537.085062","537.085119187","537.085060056","1482880.6","-9999","449784.5","9.77","-1","0.110096359","0.99780304","0","0.598681824","13","0.428571429","1.095238095","N4 S1 P1 O9","de-protonated","0","-9999","C21 H23 O9 N4 P1 S1","21","23","9","4","1","1","-9999","-9999","-9999"
"3343","537.091315","537.091372184","537.091451789","2329733","-9999","301286.7","16.28","-1","-0.148215034","0.498010962","0.736963647","0.593592036","26","0.121212121","0.545454545","N2 S1 O4","de-protonated","0","-9999","C33 H18 O4 N2 S1","33","18","4","2","-9999","1","-9999","-9999","-9999"
"3343","537.091315","537.091372184","537.091584731","2329733","-9999","301286.7","16.28","-1","-0.395736526","0.485991868","0.807789663","0.614710986","13","0.545454545","1.045454545","N2 P1 O12","de-protonated","0","-9999","C22 H23 O12 N2 P1","22","23","12","2","1","-9999","-9999","-9999","-9999"
"3343","537.091315","537.091372184","537.091071667","2329733","-9999","301286.7","16.28","-1","0.559527998","0.472388467","0.725399619","0.573592928","31","0.028571429","0.428571429","N4 P1 O1","de-protonated","0","-9999","C35 H15 O1 N4 P1","35","15","1","4","1","-9999","-9999","-9999","-9999"
"3344","537.094485","537.094542183","537.094823093","1599623.3","-9999","412798.6","10.67","-1","-0.523016721","0.475788509","0.755017935","0.587480279","21","0.133333333","0.733333333","N2 S2 O4","de-protonated","0","-9999","C30 H22 O4 N2 S2","30","22","4","2","-9999","2","-9999","-9999","-9999"
"3344","537.094485","537.094542183","537.094956034","1599623.3","-9999","412798.6","10.67","-1","-0.770536567","0.89786917","0","0.538721502","8","0.631578947","1.421052632","N2 S1 P1 O12","de-protonated","0","-9999","C19 H27 O12 N2 P1 S1","19","27","12","2","1","1","-9999","-9999","-9999"
"3344","537.094485","537.094542183","537.09444297","1599623.3","-9999","412798.6","10.67","-1","0.184721603","0.496913861","0.742885034","0.59530233","26","0.03125","0.59375","N4 S1 P1 O1","de-protonated","0","-9999","C32 H19 O1 N4 P1 S1","32","19","1","4","1","1","-9999","-9999","-9999"
"3345","537.097067","537.097124182","537.097325016","9715849","-9999","337838.9","73.02","-1","-0.373924822","0.984284868","0.95728085","0.973483261","17","0.346153846","0.846153846","N2 S1 O9","de-protonated","0","-9999","C26 H22 O9 N2 S1","26","22","9","2","-9999","1","-9999","-9999","-9999"
"3345","537.097067","537.097124182","537.096944894","9715849","-9999","337838.9","73.02","-1","0.333810312","0.966176891","0.944321757","0.957434838","22","0.214285714","0.678571429","N4 P1 O6","de-protonated","0","-9999","C28 H19 O6 N4 P1","28","19","6","4","1","-9999","-9999","-9999","-9999"
"3345","537.097067","537.097124182","537.096673567","9715849","-9999","337838.9","73.02","-1","0.838982404","0.580998775","0.848397266","0.687958172","8","0.611111111","1.444444444","N4 S2 O11","de-protonated","0","-9999","C18 H26 O11 N4 S2","18","26","11","4","-9999","2","-9999","-9999","-9999"
"3346","537.11233","537.112387176","537.112581157","1193620","-9999","302543.7","7.55","-1","-0.361155592","0.976610904","0","0.585966542","21","0.2","0.733333333","N2 S1 O6","de-protonated","0","-9999","C30 H22 O6 N2 S1","30","22","6","2","-9999","1","-9999","-9999","-9999"
"3346","537.11233","537.112387176","537.112714099","1193620","-9999","302543.7","7.55","-1","-0.608667293","0.934987274","0","0.560992364","8","0.736842105","1.421052632","N2 P1 O14","de-protonated","0","-9999","C19 H27 O14 N2 P1","19","27","14","2","1","-9999","-9999","-9999","-9999"
"3346","537.11233","537.112387176","537.112201035","1193620","-9999","302543.7","7.55","-1","0.346559448","0.97844313","0","0.587065878","26","0.09375","0.59375","N4 P1 O3","de-protonated","0","-9999","C32 H19 O3 N4 P1","32","19","3","4","1","-9999","-9999","-9999","-9999"
"3346","537.11233","537.112387176","537.111929709","1193620","-9999","302543.7","7.55","-1","0.851717199","0.876668017","0","0.52600081","12","0.363636364","1.181818182","N4 S2 O8","de-protonated","0","-9999","C22 H26 O8 N4 S2","22","26","8","4","-9999","2","-9999","-9999","-9999"
"3347","537.127663","537.12772017","537.127837299","2006175","-9999","345405","13.79","-1","-0.218064344","0.495704429","0.73113591","0.589877021","25","0.088235294","0.647058824","N2 S1 O3","de-protonated","0","-9999","C34 H22 O3 N2 S1","34","22","3","2","-9999","1","-9999","-9999","-9999"
"3347","537.127663","537.12772017","537.12797024","2006175","-9999","345405","13.79","-1","-0.465569051","0.480716775","0.800793265","0.608747371","12","0.47826087","1.173913043","N2 P1 O11","de-protonated","0","-9999","C23 H27 O11 N2 P1","23","27","11","2","1","-9999","-9999","-9999","-9999"
"3347","537.127663","537.12772017","537.12718585","2006175","-9999","345405","13.79","-1","0.99477417","0.417820075","0.780512821","0.562897173","16","0.192307692","1","N4 S2 O5","de-protonated","0","-9999","C26 H26 O5 N4 S2","26","26","5","4","-9999","2","-9999","-9999","-9999"
"3347","537.127663","537.12772017","537.127318792","2006175","-9999","345405","13.79","-1","0.747268862","0.903641202","0","0.542184721","3","0.866666667","2.066666667","N4 S1 P1 O13","de-protonated","0","-9999","C15 H31 O13 N4 P1 S1","15","31","13","4","1","1","-9999","-9999","-9999"
"3348","537.130879","537.130936169","537.131208602","1751201.3","-9999","494698.2","11.83","-1","-0.507200081","0.47719732","0.748902347","0.585879331","20","0.096774194","0.838709677","N2 S2 O3","de-protonated","0","-9999","C31 H26 O3 N2 S2","31","26","3","2","-9999","2","-9999","-9999","-9999"
"3348","537.130879","537.130936169","537.131341544","1751201.3","-9999","494698.2","11.83","-1","-0.754703164","0.90181221","0","0.541087326","7","0.55","1.55","N2 S1 P1 O11","de-protonated","0","-9999","C20 H31 O11 N2 P1 S1","20","31","11","2","1","1","-9999","-9999","-9999"
"3349","537.13348800000006","537.133545168","537.133710525","8196259","-9999","337915.5","61.34","-1","-0.307851561","0.969218447","0.981411032","0.974095481","16","0.296296296","0.962962963","N2 S1 O8","de-protonated","0","-9999","C27 H26 O8 N2 S1","27","26","8","2","-9999","1","-9999","-9999","-9999"
"3349","537.13348800000006","537.133545168","537.133330403","8196259","-9999","337915.5","61.34","-1","0.399835677","0.981890794","0.968666225","0.976600966","21","0.172413793","0.793103448","N4 P1 O5","de-protonated","0","-9999","C29 H23 O5 N4 P1","29","23","5","4","1","-9999","-9999","-9999","-9999"
"3349","537.13348800000006","537.133545168","537.133059077","8196259","-9999","337915.5","61.34","-1","0.904973582","0.591531053","0.930900115","0.727278678","7","0.526315789","1.578947368","N4 S2 O10","de-protonated","0","-9999","C19 H30 O10 N4 S2","19","30","10","4","-9999","2","-9999","-9999","-9999"
"3350","537.157773","537.157830159","537.158211197","1168052.5","-9999","402748.6","7.35","-1","-0.709359387","0.912740836","0","0.547644501","6","0.476190476","1.619047619","N2 S2 O10","de-protonated","0","-9999","C21 H34 O10 N2 S2","21","34","10","2","-9999","2","-9999","-9999","-9999"
"3350","537.157773","537.157830159","537.157341817","1168052.5","-9999","402748.6","7.35","-1","0.909122174","0.8607356","0","0.51644136","7","0.75","1.5","N2 O15","de-protonated","0","-9999","C20 H30 O15 N2","20","30","15","2","-9999","-9999","-9999","-9999","-9999"
"3350","537.157773","537.157830159","537.157831074","1168052.5","-9999","402748.6","7.35","-1","-0.001704712","0.999999473","0","0.599999684","11","0.304347826","1.347826087","N4 S1 P1 O7","de-protonated","0","-9999","C23 H31 O7 N4 P1 S1","23","31","7","4","1","1","-9999","-9999","-9999"
"3351","537.161993","537.162050157","537.162505275","1358263.4","-9999","243382.5","8.81","-1","-0.847263177","0.438936287","0.719752637","0.551262827","24","0.083333333","0.75","P1 O3","de-protonated","0","-9999","C36 H27 O3 P1","36","27","3","-9999","1","-9999","-9999","-9999","-9999"
"3351","537.161993","537.162050157","537.162233949","1358263.4","-9999","243382.5","8.81","-1","-0.342153337","0.978982023","0","0.587389214","10","0.307692308","1.307692308","S2 O8","de-protonated","0","-9999","C26 H34 O8 S2","26","34","8","-9999","-9999","2","-9999","-9999","-9999"
"3351","537.161993","537.162050157","537.161853826","1358263.4","-9999","243382.5","8.81","-1","0.365496298","0.976052128","0","0.585631277","15","0.178571429","1.107142857","N2 S1 P1 O5","de-protonated","0","-9999","C28 H31 O5 N2 P1 S1","28","31","5","2","1","1","-9999","-9999","-9999"
"3352","537.164191","537.164248156","537.164735872","1601465","-9999","321660.8","10.68","-1","-0.907945214","0.861069672","0","0.516641803","6","0.590909091","1.545454545","S1 O13","de-protonated","0","-9999","C22 H34 O13 S1","22","34","13","-9999","-9999","1","-9999","-9999","-9999"
"3352","537.164191","537.164248156","537.164222808","1601465","-9999","321660.8","10.68","-1","0.047188733","0.499798018","0.725399619","0.590038658","24","0.057142857","0.742857143","N2 S1 O2","de-protonated","0","-9999","C35 H26 O2 N2 S1","35","26","2","2","-9999","1","-9999","-9999","-9999"
"3352","537.164191","537.164248156","537.16435575","1601465","-9999","321660.8","10.68","-1","-0.200299275","0.992746748","0","0.595648049","11","0.416666667","1.291666667","N2 P1 O10","de-protonated","0","-9999","C24 H31 O10 N2 P1","24","31","10","2","1","-9999","-9999","-9999","-9999"
"3353","537.169859","537.169916154","537.170096035","6531261","-9999","321926.5","48.55","-1","-0.334867602","0.977296978","0.966180594","0.972850424","15","0.25","1.071428571","N2 S1 O7","de-protonated","0","-9999","C28 H30 O7 N2 S1","28","30","7","2","-9999","1","-9999","-9999","-9999"
"3353","537.169859","537.169916154","537.170228977","6531261","-9999","321926.5","48.55","-1","-0.58235281","0.936204644","0.956683926","0.944396357","2","0.882352941","2.058823529","N2 P1 O15","de-protonated","0","-9999","C17 H35 O15 N2 P1","17","35","15","2","1","-9999","-9999","-9999","-9999"
"3353","537.169859","537.169916154","537.169715912","6531261","-9999","321926.5","48.55","-1","0.372771681","0.977721717","0.953644801","0.968090951","20","0.133333333","0.9","N4 P1 O4","de-protonated","0","-9999","C30 H27 O4 N4 P1","30","27","4","4","1","-9999","-9999","-9999","-9999"
"3353","537.169859","537.169916154","537.169444586","6531261","-9999","321926.5","48.55","-1","0.877875357","0.880075158","0.920368683","0.896192568","6","0.45","1.7","N4 S2 O9","de-protonated","0","-9999","C20 H34 O9 N4 S2","20","34","9","4","-9999","2","-9999","-9999","-9999"
"3354","537.206309","537.20636614","537.206481544","4085975","-9999","335304.8","29.77","-1","-0.214822991","0.495830651","0.761234226","0.601992081","14","0.206896552","1.172413793","N2 S1 O6","de-protonated","0","-9999","C29 H34 O6 N2 S1","29","34","6","2","-9999","1","-9999","-9999","-9999"
"3354","537.206309","537.20636614","537.206614486","4085975","-9999","335304.8","29.77","-1","-0.462291465","0.480982113","0.837042051","0.623406088","1","0.777777778","2.166666667","N2 P1 O14","de-protonated","0","-9999","C18 H39 O14 N2 P1","18","39","14","2","1","-9999","-9999","-9999","-9999"
"3354","537.206309","537.20636614","537.206101422","4085975","-9999","335304.8","29.77","-1","0.492768448","0.478448508","0.748902347","0.586630043","19","0.096774194","1","N4 P1 O3","de-protonated","0","-9999","C31 H31 O3 N4 P1","31","31","3","4","1","-9999","-9999","-9999","-9999"
"3354","537.206309","537.20636614","537.205830095","4085975","-9999","335304.8","29.77","-1","0.997837974","0.417357495","0.81490939","0.576378253","5","0.380952381","1.80952381","N4 S2 O8","de-protonated","0","-9999","C21 H38 O8 N4 S2","21","38","8","4","-9999","2","-9999","-9999","-9999"
"3355","537.242679","537.242736126","537.242867054","1782001","-9999","360448.7","12.07","-1","-0.243703027","0.494640704","0.755017935","0.598791597","13","0.166666667","1.266666667","N2 S1 O5","de-protonated","0","-9999","C30 H38 O5 N2 S1","30","38","5","2","-9999","1","-9999","-9999","-9999"
"3355","537.242679","537.242736126","537.242999995","1782001","-9999","360448.7","12.07","-1","-0.491154735","0.957172736","0","0.574303642","0","0.684210526","2.263157895","N2 P1 O13","de-protonated","0","-9999","C19 H43 O13 N2 P1","19","43","13","2","1","-9999","-9999","-9999","-9999"
"3355","537.242679","537.242736126","537.242486931","1782001","-9999","360448.7","12.07","-1","0.463840469","0.480856929","0.742885034","0.585668171","18","0.0625","1.09375","N4 P1 O2","de-protonated","0","-9999","C32 H35 O2 N4 P1","32","35","2","4","1","-9999","-9999","-9999","-9999"
"3355","537.242679","537.242736126","537.242215605","1782001","-9999","360448.7","12.07","-1","0.968875773","0.843386825","0","0.506032095","4","0.318181818","1.909090909","N4 S2 O7","de-protonated","0","-9999","C22 H42 O7 N4 S2","22","42","7","4","-9999","2","-9999","-9999","-9999"
"3356","538.06399","538.064046808","538.06385386","1857340.1","-9999","352803.3","12.64","-1","0.358596564","0.488468673","0.719752637","0.580982259","31","0.083333333","0.388888889","N1 P1 O3","de-protonated","0","-9999","C36 H14 O3 N1 P1","36","14","3","1","1","-9999","-9999","-9999","-9999"
"3356","538.06399","538.064046808","538.063582534","1857340.1","-9999","352803.3","12.64","-1","0.862860866","0.436816986","0.780512821","0.57429532","17","0.307692308","0.807692308","N1 S2 O8","de-protonated","0","-9999","C26 H21 O8 N1 S2","26","21","8","1","-9999","2","-9999","-9999","-9999"
"3356","538.06399","538.064046808","538.064294342","1857340.1","-9999","352803.3","12.64","-1","-0.46004454","0.96232603","0.998846583","0.976934251","18","0.4","0.72","13C1 N2 S1 O10","de-protonated","1","3340","C24 H18 O10 N2 S1 13C1","24","18","10","2","-9999","1","1","-9999","-9999"
"3356","538.06399","538.064046808","538.063914219","1857340.1","-9999","352803.3","12.64","-1","0.246418642","0.989042522","0.987974589","0.988615348","23","0.259259259","0.555555556","13C1 N4 P1 O7","de-protonated","1","3340","C26 H15 O7 N4 P1 13C1","26","15","7","4","1","-9999","1","-9999","-9999"
"3356","538.06399","538.064046808","538.063642893","1857340.1","-9999","352803.3","12.64","-1","0.750682831","0.892854435","0.846034788","0.874126576","9","0.705882353","1.294117647","13C1 N4 S2 O12","de-protonated","1","3340","C16 H22 O12 N4 S2 13C1","16","22","12","4","-9999","2","1","-9999","-9999"
"3357","538.100522","538.100578794","538.10023937","2086230.3","-9999","314450.3","14.4","-1","0.630782801","0.465174236","0.714192896","0.5647817","30","0.054054054","0.486486486","N1 P1 O2","de-protonated","0","-9999","C37 H18 O2 N1 P1","37","18","2","1","1","-9999","-9999","-9999","-9999"
"3357","538.100522","538.100578794","538.100100985","2086230.3","-9999","314450.3","14.4","-1","0.887955243","0.866696995","0","0.520018197","3","0.9375","1.875","N1 S1 P1 O15","de-protonated","0","-9999","C16 H30 O15 N1 P1 S1","16","30","15","1","1","1","-9999","-9999","-9999"
"3357","538.100522","538.100578794","538.100679851","2086230.3","-9999","314450.3","14.4","-1","-0.187803171","0.993620734","0.95728085","0.97908478","17","0.346153846","0.846153846","13C1 N2 S1 O9","de-protonated","1","3345","C25 H22 O9 N2 S1 13C1","25","22","9","2","-9999","1","1","-9999","-9999"
"3357","538.100522","538.100578794","538.100299729","2086230.3","-9999","314450.3","14.4","-1","0.518612434","0.95236946","0.944321757","0.949150379","22","0.214285714","0.678571429","13C1 N4 P1 O6","de-protonated","1","3345","C27 H19 O6 N4 P1 13C1","27","19","6","4","1","-9999","1","-9999","-9999"
"3358","538.128965","538.129021783","538.128959498","1194346.6","-9999","416843.2","7.55","-1","0.11574458","0.997572119","0","0.598543271","16","0.307692308","0.961538462","N3 S1 O8","de-protonated","0","-9999","C26 H25 O8 N3 S1","26","25","8","3","-9999","1","-9999","-9999","-9999"
"3359","538.136739","538.13679578000006","538.136624879","2145136.3","-9999","317240.6","14.85","-1","0.317579249","0.49093307","0.70871839","0.578047198","29","0.026315789","0.578947368","N1 P1 O1","de-protonated","0","-9999","C38 H22 O1 N1 P1","38","22","1","1","1","-9999","-9999","-9999","-9999"
"3359","538.136739","538.13679578000006","538.136353553","2145136.3","-9999","317240.6","14.85","-1","0.821775341","0.442337485","0.767553728","0.572423982","15","0.214285714","1.035714286","N1 S2 O6","de-protonated","0","-9999","C28 H29 O6 N1 S2","28","29","6","1","-9999","2","-9999","-9999","-9999"
"3359","538.136739","538.13679578000006","538.136486495","2145136.3","-9999","317240.6","14.85","-1","0.574734223","0.941824784","0","0.56509487","2","0.823529412","2","N1 S1 P1 O14","de-protonated","0","-9999","C17 H34 O14 N1 P1 S1","17","34","14","1","1","1","-9999","-9999","-9999"
"3359","538.136739","538.13679578000006","538.137065361","2145136.3","-9999","317240.6","14.85","-1","-0.500951118","0.955486241","0.981411032","0.965856158","16","0.296296296","0.962962963","13C1 N2 S1 O8","de-protonated","1","3349","C26 H26 O8 N2 S1 13C1","26","26","8","2","-9999","1","1","-9999","-9999"
"3359","538.136739","538.13679578000006","538.136685238","2145136.3","-9999","317240.6","14.85","-1","0.205416501","0.992372838","0.968666225","0.982890193","21","0.172413793","0.793103448","13C1 N4 P1 O5","de-protonated","1","3349","C28 H23 O5 N4 P1 13C1","28","23","5","4","1","-9999","1","-9999","-9999"
"3359","538.136739","538.13679578000006","538.136413912","2145136.3","-9999","317240.6","14.85","-1","0.70961248","0.60845424","0.930900115","0.73743259","7","0.526315789","1.578947368","13C1 N4 S2 O10","de-protonated","1","3349","C18 H30 O10 N4 S2 13C1","18","30","10","4","-9999","2","1","-9999","-9999"
"3360","538.173192","538.173248766","538.172739062","1618826.3","-9999","350951.7","10.81","-1","0.947100635","0.424897812","0.761234226","0.559432377","14","0.172413793","1.137931034","N1 S2 O5","de-protonated","0","-9999","C29 H33 O5 N1 S2","29","33","5","1","-9999","2","-9999","-9999","-9999"
"3360","538.173192","538.173248766","538.172872004","1618826.3","-9999","350951.7","10.81","-1","0.700076188","0.914910337","0","0.548946202","1","0.722222222","2.111111111","N1 S1 P1 O13","de-protonated","0","-9999","C18 H38 O13 N1 P1 S1","18","38","13","1","1","1","-9999","-9999","-9999"
"3360","538.173192","538.173248766","538.17345087","1618826.3","-9999","350951.7","10.81","-1","-0.375536561","0.974735339","0.966180594","0.971313441","15","0.25","1.071428571","13C1 N2 S1 O7","de-protonated","1","3353","C27 H30 O7 N2 S1 13C1","27","30","7","2","-9999","1","1","-9999","-9999"
"3360","538.173192","538.173248766","538.173583812","1618826.3","-9999","350951.7","10.81","-1","-0.622560354","0.932089783","0.956683926","0.94192744","2","0.882352941","2.058823529","13C1 N2 P1 O15","de-protonated","1","3353","C16 H35 O15 N2 P1 13C1","16","35","15","2","1","-9999","1","-9999","-9999"
"3360","538.173192","538.173248766","538.173070747","1618826.3","-9999","350951.7","10.81","-1","0.33078339","0.980342098","0.953644801","0.969663179","20","0.133333333","0.9","13C1 N4 P1 O4","de-protonated","1","3353","C29 H27 O4 N4 P1 13C1","29","27","4","4","1","-9999","1","-9999","-9999"
"3360","538.173192","538.173248766","538.172799421","1618826.3","-9999","350951.7","10.81","-1","0.834945344","0.883968081","0.920368683","0.898528322","6","0.45","1.7","13C1 N4 S2 O9","de-protonated","1","3353","C19 H34 O9 N4 S2 13C1","19","34","9","4","-9999","2","1","-9999","-9999"
"3362","539.040038","539.04009443100006","539.040204062","2933240.8","-9999","355262.2","20.9","-1","-0.203381691","0.496261316","0.793917021","0.615323598","18","0.458333333","0.666666667","N2 S1 O11","de-protonated","0","-9999","C24 H16 O11 N2 S1","24","16","11","2","-9999","1","-9999","-9999","-9999"
"3362","539.040038","539.04009443100006","539.039823939","2933240.8","-9999","355262.2","20.9","-1","0.50180265","0.477669107","0.780512821","0.598806593","23","0.307692308","0.5","N4 P1 O8","de-protonated","0","-9999","C26 H13 O8 N4 P1","26","13","8","4","1","-9999","-9999","-9999","-9999"
"3363","539.055561","539.055617425","539.056111652","2125828","-9999","324158.9","14.7","-1","-0.916837539","0.429269082","0.719752637","0.545462504","31","0.166666667","0.333333333","O6","de-protonated","0","-9999","C36 H12 O6","36","12","6","-9999","-9999","-9999","-9999","-9999","-9999"
"3363","539.055561","539.055617425","539.055460203","2125828","-9999","324158.9","14.7","-1","0.291661643","0.492341653","0.767553728","0.602426483","22","0.285714286","0.571428571","N2 S1 O8","de-protonated","0","-9999","C28 H16 O8 N2 S1","28","16","8","2","-9999","1","-9999","-9999","-9999"
"3363","539.055561","539.055617425","539.055593145","2125828","-9999","324158.9","14.7","-1","0.045041868","0.99963195","0","0.59977917","9","0.941176471","1.235294118","N2 P1 O16","de-protonated","0","-9999","C17 H21 O16 N2 P1","17","21","16","2","1","-9999","-9999","-9999","-9999"
"3363","539.055561","539.055617425","539.055080081","2125828","-9999","324158.9","14.7","-1","0.996826374","0.417510329","0.755017935","0.552513372","27","0.166666667","0.433333333","N4 P1 O5","de-protonated","0","-9999","C30 H13 O5 N4 P1","30","13","5","4","1","-9999","-9999","-9999","-9999"
"3363","539.055561","539.055617425","539.056083888","2125828","-9999","324158.9","14.7","-1","-0.865332445","0.882905787","0.846034788","0.868157388","9","0.705882353","1.294117647","N4 S1 34S1 O12","de-protonated","1","3340","C17 H22 O12 N4 S1 34S1","17","22","12","4","-9999","1","-9999","-9999","1"
"3364","539.070562","539.070618419","539.070716344","1967118.9","-9999","334712","13.48","-1","-0.181655737","0.49701515","0.742885034","0.595363104","26","0.15625","0.5","N2 S1 O5","de-protonated","0","-9999","C32 H16 O5 N2 S1","32","16","5","2","-9999","1","-9999","-9999","-9999"
"3364","539.070562","539.070618419","539.070849286","1967118.9","-9999","334712","13.48","-1","-0.428268415","0.967267494","0","0.580360496","13","0.619047619","1","N2 P1 O13","de-protonated","0","-9999","C21 H21 O13 N2 P1","21","21","13","2","1","-9999","-9999","-9999","-9999"
"3364","539.070562","539.070618419","539.070336222","1967118.9","-9999","334712","13.48","-1","0.523488704","0.475745869","0.73113591","0.577901886","31","0.058823529","0.382352941","N4 P1 O2","de-protonated","0","-9999","C34 H13 O2 N4 P1","34","13","2","4","1","-9999","-9999","-9999","-9999"
"3365","539.073406","539.073462418","539.073218268","1304081","-9999","394120","8.39","-1","0.452907238","0.963464482","0","0.578078689","22","0.357142857","0.571428571","N2 O10","de-protonated","0","-9999","C28 H16 O10 N2","28","16","10","2","-9999","-9999","-9999","-9999","-9999"
"3365","539.073406","539.073462418","539.073707525","1304081","-9999","394120","8.39","-1","-0.454682141","0.963182909","0","0.577909746","26","0.064516129","0.548387097","N4 S1 P1 O2","de-protonated","0","-9999","C31 H17 O2 N4 P1 S1","31","17","2","4","1","1","-9999","-9999","-9999"
"3366","539.076438","539.076494417","539.076589571","7908883","-9999","321636.5","59.12","-1","-0.176513563","0.980804156","0.991963584","0.985267927","17","0.4","0.8","N2 S1 O10","de-protonated","0","-9999","C25 H20 O10 N2 S1","25","20","10","2","-9999","1","-9999","-9999","-9999"
"3366","539.076438","539.076494417","539.076209449","7908883","-9999","321636.5","59.12","-1","0.528623199","0.968445229","0.978784756","0.97258104","22","0.259259259","0.62962963","N4 P1 O7","de-protonated","0","-9999","C27 H17 O7 N4 P1","27","17","7","4","1","-9999","-9999","-9999","-9999"
"3367","539.091927","539.091983411","539.092497161","1676318.3","-9999","451931.9","11.25","-1","-0.952990981","0.424035801","0.714192896","0.540098639","30","0.135135135","0.432432432","O5","de-protonated","0","-9999","C37 H16 O5","37","16","5","-9999","-9999","-9999","-9999","-9999","-9999"
"3367","539.091927","539.091983411","539.091845713","1676318.3","-9999","451931.9","11.25","-1","0.255426591","0.494115793","0.761234226","0.600963166","21","0.24137931","0.689655172","N2 S1 O7","de-protonated","0","-9999","C29 H20 O7 N2 S1","29","20","7","2","-9999","1","-9999","-9999","-9999"
"3367","539.091927","539.091983411","539.091978654","1676318.3","-9999","451931.9","11.25","-1","0.008823471","0.999985874","0","0.599991524","8","0.833333333","1.388888889","N2 P1 O15","de-protonated","0","-9999","C18 H25 O15 N2 P1","18","25","15","2","1","-9999","-9999","-9999","-9999"
"3367","539.091927","539.091983411","539.09146559","1676318.3","-9999","451931.9","11.25","-1","0.960543703","0.42292528","0.748902347","0.553316106","26","0.129032258","0.548387097","N4 P1 O4","de-protonated","0","-9999","C31 H17 O4 N4 P1","31","17","4","4","1","-9999","-9999","-9999","-9999"
"3367","539.091927","539.091983411","539.092469397","1676318.3","-9999","451931.9","11.25","-1","-0.901489364","0.575264477","0.848397266","0.684517592","8","0.611111111","1.444444444","N4 S1 34S1 O11","de-protonated","1","3345","C18 H26 O11 N4 S1 34S1","18","26","11","4","-9999","1","-9999","-9999","1"
"3368","539.100616","539.100672408","539.101090243","2368036.5","-9999","291154.8","16.56","-1","-0.775058823","0.448365585","0.829532115","0.600832197","7","0.631578947","1.473684211","N2 S2 O12","de-protonated","0","-9999","C19 H28 O12 N2 S2","19","28","12","2","-9999","2","-9999","-9999","-9999"
"3368","539.100616","539.100672408","539.100220863","2368036.5","-9999","291154.8","16.56","-1","0.837589739","0.880472558","0","0.528283535","8","0.944444444","1.333333333","N2 O17","de-protonated","0","-9999","C18 H24 O17 N2","18","24","17","2","-9999","-9999","-9999","-9999","-9999"
"3368","539.100616","539.100672408","539.100577178","2368036.5","-9999","291154.8","16.56","-1","0.176644577","0.497177099","0.742885034","0.595460273","25","0.03125","0.625","N4 S2 O1","de-protonated","0","-9999","C32 H20 O1 N4 S2","32","20","1","4","-9999","2","-9999","-9999","-9999"
"3368","539.100616","539.100672408","539.10071012","2368036.5","-9999","291154.8","16.56","-1","-0.06995453","0.499556225","0.81490939","0.625697491","12","0.428571429","1.19047619","N4 S1 P1 O9","de-protonated","0","-9999","C21 H25 O9 N4 P1 S1","21","25","9","4","1","1","-9999","-9999","-9999"
"3369","539.10697","539.107026405","539.107101854","2252329","-9999","346074.4","15.67","-1","-0.13995125","0.498226195","0.736963647","0.593721176","25","0.121212121","0.606060606","N2 S1 O4","de-protonated","0","-9999","C33 H20 O4 N2 S1","33","20","4","2","-9999","1","-9999","-9999","-9999"
"3369","539.10697","539.107026405","539.107234796","2252329","-9999","346074.4","15.67","-1","-0.386547294","0.48662619","0.807789663","0.615091579","12","0.545454545","1.136363636","N2 P1 O12","de-protonated","0","-9999","C22 H25 O12 N2 P1","22","25","12","2","1","-9999","-9999","-9999","-9999"
"3369","539.10697","539.107026405","539.106721731","2252329","-9999","346074.4","15.67","-1","0.565145628","0.471847235","0.725399619","0.573268188","30","0.028571429","0.485714286","N4 P1 O1","de-protonated","0","-9999","C35 H17 O1 N4 P1","35","17","1","4","1","-9999","-9999","-9999","-9999"
"3370","539.112856","539.112912403","539.112975081","8263213.5","-9999","323838.6","61.85","-1","-0.116260898","0.998203174","0.944056209","0.976544388","16","0.346153846","0.923076923","N2 S1 O9","de-protonated","0","-9999","C26 H24 O9 N2 S1","26","24","9","2","-9999","1","-9999","-9999","-9999"
"3370","539.112856","539.112912403","539.112594958","8263213.5","-9999","323838.6","61.85","-1","0.588828316","0.935369353","0.931097117","0.933660459","21","0.214285714","0.75","N4 P1 O6","de-protonated","0","-9999","C28 H21 O6 N4 P1","28","21","6","4","1","-9999","-9999","-9999","-9999"
"3371","539.128255","539.128311397","539.128231222","1983032.3","-9999","369255.9","13.6","-1","0.148712299","0.49799762","0.755017935","0.600805746","20","0.2","0.8","N2 S1 O6","de-protonated","0","-9999","C30 H24 O6 N2 S1","30","24","6","2","-9999","1","-9999","-9999","-9999"
"3371","539.128255","539.128311397","539.128364164","1983032.3","-9999","369255.9","13.6","-1","-0.097874152","0.998263349","0","0.59895801","7","0.736842105","1.526315789","N2 P1 O14","de-protonated","0","-9999","C19 H29 O14 N2 P1","19","29","14","2","1","-9999","-9999","-9999","-9999"
"3371","539.128255","539.128311397","539.127851099","1983032.3","-9999","369255.9","13.6","-1","0.853781747","0.438054048","0.742885034","0.559986442","25","0.09375","0.65625","N4 P1 O3","de-protonated","0","-9999","C32 H21 O3 N4 P1","32","21","3","4","1","-9999","-9999","-9999","-9999"
"3372","539.143418","539.143474391","539.144000427","1796419.4","-9999","284251.8","12.17","-1","-0.975688133","0.841362042","0","0.504817225","6","0.666666667","1.523809524","S1 O14","de-protonated","0","-9999","C21 H32 O14 S1","21","32","14","-9999","-9999","1","-9999","-9999","-9999"
"3372","539.143418","539.143474391","539.143487363","1796419.4","-9999","284251.8","12.17","-1","-0.02406067","0.499947481","0.73113591","0.592422853","24","0.088235294","0.705882353","N2 S1 O3","de-protonated","0","-9999","C34 H24 O3 N2 S1","34","24","3","2","-9999","1","-9999","-9999","-9999"
"3372","539.143418","539.143474391","539.143620305","1796419.4","-9999","284251.8","12.17","-1","-0.2706401","0.986797525","0","0.592078515","11","0.47826087","1.260869565","N2 P1 O11","de-protonated","0","-9999","C23 H29 O11 N2 P1","23","29","11","2","1","-9999","-9999","-9999","-9999"
"3372","539.143418","539.143474391","539.142968856","1796419.4","-9999","284251.8","12.17","-1","0.937663711","0.852542612","0","0.511525567","2","0.866666667","2.2","N4 S1 P1 O13","de-protonated","0","-9999","C15 H33 O13 N4 P1 S1","15","33","13","4","1","1","-9999","-9999","-9999"
"3373","539.145364","539.14542039","539.145141133","1185348.6","-9999","737962.9","7.47","-1","0.51796222","0.952485938","0","0.571491563","19","0.125","0.90625","S1 P1 O4","de-protonated","0","-9999","C32 H29 O4 P1 S1","32","29","4","-9999","1","1","-9999","-9999","-9999"
"3373","539.145364","539.14542039","539.145337838","1185348.6","-9999","737962.9","7.47","-1","0.153117014","0.995755004","0","0.597453002","11","0.454545455","1.272727273","N4 S1 O10","de-protonated","0","-9999","C22 H28 O10 N4 S1","22","28","10","4","-9999","1","-9999","-9999","-9999"
"3374","539.146829","539.14688539","539.147371731","4765253.5","-9999","352159.4","34.97","-1","-0.902055852","0.431368382","0.837042051","0.593637849","1","0.777777778","2","S2 O14","de-protonated","0","-9999","C18 H36 O14 S2","18","36","14","-9999","-9999","2","-9999","-9999","-9999"
"3374","539.146829","539.14688539","539.146858666","4765253.5","-9999","352159.4","34.97","-1","0.049565731","0.499777162","0.748902347","0.599427236","19","0.096774194","0.903225806","N2 S2 O3","de-protonated","0","-9999","C31 H28 O3 N2 S2","31","28","3","2","-9999","2","-9999","-9999","-9999"
"3374","539.146829","539.14688539","539.146991608","4765253.5","-9999","352159.4","34.97","-1","-0.197012176","0.496491015","0.822155738","0.626756904","6","0.55","1.65","N2 S1 P1 O11","de-protonated","0","-9999","C20 H33 O11 N2 P1 S1","20","33","11","2","1","1","-9999","-9999","-9999"
"3375","539.149323","539.149379389","539.14936059","6245959.5","-9999","321075.2","46.35","-1","0.034867506","0.993432247","0.958484593","0.979453186","15","0.296296296","1.037037037","N2 S1 O8","de-protonated","0","-9999","C27 H28 O8 N2 S1","27","28","8","2","-9999","1","-9999","-9999","-9999"
"3375","539.149323","539.149379389","539.148980467","6245959.5","-9999","321075.2","46.35","-1","0.739909243","0.874039181","0.945739786","0.902719423","20","0.172413793","0.862068966","N4 P1 O5","de-protonated","0","-9999","C29 H25 O5 N4 P1","29","25","5","4","1","-9999","-9999","-9999","-9999"
"3376","539.164751","539.164807383","539.16526818","1368146.8","-9999","305468.3","8.88","-1","-0.854649154","0.437936275","0.703327172","0.544092634","28","0.076923077","0.615384615","O3","de-protonated","0","-9999","C39 H24 O3","39","24","3","-9999","-9999","-9999","-9999","-9999","-9999"
"3376","539.164751","539.164807383","539.165129795","1368146.8","-9999","305468.3","8.88","-1","-0.597985093","0.9371766","0","0.56230596","1","0.888888889","2","S1 O16","de-protonated","0","-9999","C18 H36 O16 S1","18","36","16","-9999","-9999","1","-9999","-9999","-9999"
"3376","539.164751","539.164807383","539.164616731","1368146.8","-9999","305468.3","8.88","-1","0.353605436","0.977567668","0","0.586540601","19","0.161290323","0.903225806","N2 S1 O5","de-protonated","0","-9999","C31 H28 O5 N2 S1","31","28","5","2","-9999","1","-9999","-9999","-9999"
"3376","539.164751","539.164807383","539.164749673","1368146.8","-9999","305468.3","8.88","-1","0.107035576","0.997923372","0","0.598754023","6","0.65","1.65","N2 P1 O13","de-protonated","0","-9999","C20 H33 O13 N2 P1","20","33","13","2","1","-9999","-9999","-9999","-9999"
"3376","539.164751","539.164807383","539.165240416","1368146.8","-9999","305468.3","8.88","-1","-0.803154484","0.886756725","0.920368683","0.900201509","6","0.45","1.7","N4 S1 34S1 O9","de-protonated","1","3353","C20 H34 O9 N4 S1 34S1","20","34","9","4","-9999","1","-9999","-9999","1"
"3377","539.17754","539.177596378","539.177884013","2710107.8","-9999","311187.4","19.19","-1","-0.533470498","0.474835998","0.780512821","0.597106727","9","0.307692308","1.384615385","S2 O8","de-protonated","0","-9999","C26 H36 O8 S2","26","36","8","-9999","-9999","2","-9999","-9999","-9999"
"3377","539.17754","539.177596378","539.177503891","2710107.8","-9999","311187.4","19.19","-1","0.171533539","0.497337662","0.767553728","0.605424089","14","0.178571429","1.178571429","N2 S1 P1 O5","de-protonated","0","-9999","C28 H33 O5 N2 P1 S1","28","33","5","2","1","1","-9999","-9999","-9999"
"3378","539.179839","539.179895377","539.180385937","1551453.6","-9999","362330.5","10.29","-1","-0.909825072","0.860535942","0","0.516321565","5","0.590909091","1.636363636","S1 O13","de-protonated","0","-9999","C22 H36 O13 S1","22","36","13","-9999","-9999","1","-9999","-9999","-9999"
"3378","539.179839","539.179895377","539.179872873","1551453.6","-9999","362330.5","10.29","-1","0.041738236","0.499841976","0.725399619","0.590065033","23","0.057142857","0.8","N2 S1 O2","de-protonated","0","-9999","C35 H28 O2 N2 S1","35","28","2","2","-9999","1","-9999","-9999","-9999"
"3378","539.179839","539.179895377","539.180005814","1551453.6","-9999","362330.5","10.29","-1","-0.204824571","0.992416565","0","0.595449939","10","0.416666667","1.375","N2 P1 O10","de-protonated","0","-9999","C24 H33 O10 N2 P1","24","33","10","2","1","-9999","-9999","-9999","-9999"
"3379","539.185591","539.185647375","539.185746099","4954721.5","-9999","317805.5","36.43","-1","-0.183099382","0.496967664","0.767553728","0.60520209","14","0.25","1.142857143","N2 S1 O7","de-protonated","0","-9999","C28 H32 O7 N2 S1","28","32","7","2","-9999","1","-9999","-9999","-9999"
"3379","539.185591","539.185647375","539.185879041","4954721.5","-9999","317805.5","36.43","-1","-0.42965944700000003","0.483529031","0.844689208","0.627993102","1","0.882352941","2.176470588","N2 P1 O15","de-protonated","0","-9999","C17 H37 O15 N2 P1","17","37","15","2","1","-9999","-9999","-9999","-9999"
"3379","539.185591","539.185647375","539.185365977","4954721.5","-9999","317805.5","36.43","-1","0.521894623","0.475889743","0.755017935","0.58754102","19","0.133333333","0.966666667","N4 P1 O4","de-protonated","0","-9999","C30 H29 O4 N4 P1","30","29","4","4","1","-9999","-9999","-9999","-9999"
"3380","539.20043","539.200486369","539.201002241","1223148.4","-9999","232933.9","7.76","-1","-0.956733391","0.846972528","0","0.508183517","18","0.125","1","N2 S1 O4","de-protonated","0","-9999","C32 H32 O4 N2 S1","32","32","4","2","-9999","1","-9999","-9999","-9999"
"3380","539.20043","539.200486369","539.200622118","1223148.4","-9999","232933.9","7.76","-1","-0.251759879","0.988565112","0","0.593139067","23","0.029411765","0.852941176","N4 P1 O1","de-protonated","0","-9999","C34 H29 O1 N4 P1","34","29","1","4","1","-9999","-9999","-9999","-9999"
"3380","539.20043","539.200486369","539.200350792","1223148.4","-9999","232933.9","7.76","-1","0.251441002","0.988593895","0","0.593156337","9","0.25","1.5","N4 S2 O6","de-protonated","0","-9999","C24 H36 O6 N4 S2","24","36","6","4","-9999","2","-9999","-9999","-9999"
"3381","539.205655","539.205711367","539.206027314","2899568","-9999","327506.4","20.64","-1","-0.585948983","0.469801467","0.773979033","0.591472493","8","0.185185185","1.518518519","S2 P1 O5","de-protonated","0","-9999","C27 H41 O5 P1 S2","27","41","5","-9999","1","2","-9999","-9999","-9999"
"3381","539.205655","539.205711367","539.206224019","2899568","-9999","327506.4","20.64","-1","-0.950752589","0.424363797","0.844689208","0.592493961","0","0.647058824","2.352941176","N4 S2 O11","de-protonated","0","-9999","C17 H40 O11 N4 S2","17","40","11","4","-9999","2","-9999","-9999","-9999"
"3382","539.221923","539.221979361","539.222131609","2590331.8","-9999","344525.3","18.27","-1","-0.28234741","0.492819508","0.761234226","0.600185395","13","0.206896552","1.24137931","N2 S1 O6","de-protonated","0","-9999","C29 H36 O6 N2 S1","29","36","6","2","-9999","1","-9999","-9999","-9999"
"3382","539.221923","539.221979361","539.22226455","2590331.8","-9999","344525.3","18.27","-1","-0.528890814","0.475255367","0.837042051","0.619970041","0","0.777777778","2.277777778","N2 P1 O14","de-protonated","0","-9999","C18 H41 O14 N2 P1","18","41","14","2","1","-9999","-9999","-9999","-9999"
"3382","539.221923","539.221979361","539.221751486","2590331.8","-9999","344525.3","18.27","-1","0.422598953","0.484057257","0.748902347","0.589995293","18","0.096774194","1.064516129","N4 P1 O3","de-protonated","0","-9999","C31 H33 O3 N4 P1","31","33","3","4","1","-9999","-9999","-9999","-9999"
"3382","539.221923","539.221979361","539.22148016","2590331.8","-9999","344525.3","18.27","-1","0.925780456","0.427987493","0.81490939","0.582756252","4","0.380952381","1.904761905","N4 S2 O8","de-protonated","0","-9999","C21 H40 O8 N4 S2","21","40","8","4","-9999","2","-9999","-9999","-9999"
"3383","540.079657","540.079713029","540.079503925","2036967","-9999","377849.3","13.3","-1","0.387172921","0.486583451","0.719752637","0.579851125","30","0.083333333","0.444444444","N1 P1 O3","de-protonated","0","-9999","C36 H16 O3 N1 P1","36","16","3","1","1","-9999","-9999","-9999","-9999"
"3383","540.079657","540.079713029","540.079232599","2036967","-9999","377849.3","13.3","-1","0.889555255","0.433124927","0.780512821","0.572080084","16","0.307692308","0.884615385","N1 S2 O8","de-protonated","0","-9999","C26 H23 O8 N1 S2","26","23","8","1","-9999","2","-9999","-9999","-9999"
"3383","540.079657","540.079713029","540.079944406","2036967","-9999","377849.3","13.3","-1","-0.428412929","0.967245766","0.991963584","0.977132893","17","0.4","0.8","13C1 N2 S1 O10","de-protonated","1","3366","C24 H20 O10 N2 S1 13C1","24","20","10","2","-9999","1","1","-9999","-9999"
"3383","540.079657","540.079713029","540.079564284","2036967","-9999","377849.3","13.3","-1","0.275413659","0.986330912","0.978784756","0.98331245","22","0.259259259","0.62962963","13C1 N4 P1 O7","de-protonated","1","3366","C26 H17 O7 N4 P1 13C1","26","17","7","4","1","-9999","1","-9999","-9999"
"3384","540.116231","540.116287015","540.115889434","1615617.5","-9999","338638.4","10.23","-1","0.736102525","0.453180584","0.714192896","0.557585509","29","0.054054054","0.540540541","N1 P1 O2","de-protonated","0","-9999","C37 H20 O2 N1 P1","37","20","2","1","1","-9999","-9999","-9999","-9999"
"3384","540.116231","540.116287015","540.11575105","1615617.5","-9999","338638.4","10.23","-1","0.992315257","0.836381334","0","0.5018288","2","0.9375","2","N1 S1 P1 O15","de-protonated","0","-9999","C16 H32 O15 N1 P1 S1","16","32","15","1","1","1","-9999","-9999","-9999"
"3384","540.116231","540.116287015","540.116329916","1615617.5","-9999","338638.4","10.23","-1","-0.079428667","0.998855911","0.944056209","0.97693603","16","0.346153846","0.923076923","13C1 N2 S1 O9","de-protonated","1","3370","C25 H24 O9 N2 S1 13C1","25","24","9","2","-9999","1","1","-9999","-9999"
"3384","540.116231","540.116287015","540.115949793","1615617.5","-9999","338638.4","10.23","-1","0.624350753","0.93171229","0.931097117","0.931466221","21","0.214285714","0.75","13C1 N4 P1 O6","de-protonated","1","3370","C27 H21 O6 N4 P1 13C1","27","21","6","4","1","-9999","1","-9999","-9999"
"3385","540.152804","540.152860001","540.152715425","1413147.9","-9999","264748.3","8.75","-1","0.267657252","0.987085066","0.958484593","0.975644877","15","0.296296296","1.037037037","13C1 N2 S1 O8","de-protonated","1","3375","C26 H28 O8 N2 S1 13C1","26","28","8","2","-9999","1","1","-9999","-9999"
"3385","540.152804","540.152860001","540.152335302","1413147.9","-9999","264748.3","8.75","-1","0.971389508","0.842640773","0.945739786","0.883880378","20","0.172413793","0.862068966","13C1 N4 P1 O5","de-protonated","1","3375","C28 H25 O5 N4 P1 13C1","28","25","5","4","1","-9999","1","-9999","-9999"
"3387","540.179719","540.17977499","540.180146918","3552559.5","-9999","384676.4","24.36","-1","-0.688525718","0.458788419","0.761234226","0.579766742","13","0.103448276","1.24137931","N1 S2 P1 O3","de-protonated","0","-9999","C29 H36 O3 N1 P1 S2","29","36","3","1","1","2","-9999","-9999","-9999"
"3387","540.179719","540.17977499","540.179277538","3552559.5","-9999","384676.4","24.36","-1","0.920901573","0.428687741","0.767553728","0.564234136","14","0.285714286","1.142857143","N1 P1 O8","de-protonated","0","-9999","C28 H32 O8 N1 P1","28","32","8","1","1","-9999","-9999","-9999","-9999"
"3388","540.239668","540.239723967","540.240030777","1443162.9","-9999","324030.1","8.97","-1","-0.567914651","0.471578694","0.73113591","0.57540158","16","0.029411765","1.147058824","N1 S2 O1","de-protonated","0","-9999","C34 H39 O1 N1 S2","34","39","1","1","-9999","2","-9999","-9999","-9999"
"3388","540.239668","540.239723967","540.240163719","1443162.9","-9999","324030.1","8.97","-1","-0.813993458","0.886720688","0","0.532032413","3","0.391304348","1.913043478","N1 S1 P1 O9","de-protonated","0","-9999","C23 H44 O9 N1 P1 S1","23","44","9","1","1","1","-9999","-9999","-9999"
"3394","541.034657","541.03471266","541.034724758","1304475.5","-9999","392519.4","7.96","-1","-0.022361598","0.999909272","0","0.599945563","22","0.333333333","0.518518519","N2 S1 O9","de-protonated","0","-9999","C27 H14 O9 N2 S1","27","14","9","2","-9999","1","-9999","-9999","-9999"
"3394","541.034657","541.03471266","541.035214016","1304475.5","-9999","392519.4","7.96","-1","-0.92666011","0.855721935","0","0.513433161","26","0.033333333","0.5","N4 S2 P1 O1","de-protonated","0","-9999","C30 H15 O1 N4 P1 S2","30","15","1","4","1","2","-9999","-9999","-9999"
"3394","541.034657","541.03471266","541.034344636","1304475.5","-9999","392519.4","7.96","-1","0.680223211","0.919470826","0","0.551682496","27","0.206896552","0.379310345","N4 P1 O6","de-protonated","0","-9999","C29 H11 O6 N4 P1","29","11","6","4","1","-9999","-9999","-9999","-9999"
"3395","541.055768","541.055823652","541.055854126","3701675","-9999","329612.4","25.44","-1","-0.056324356","0.998720685","0.963126071","0.984482839","17","0.458333333","0.75","N2 S1 O11","de-protonated","0","-9999","C24 H18 O11 N2 S1","24","18","11","2","-9999","1","-9999","-9999","-9999"
"3395","541.055768","541.055823652","541.056343384","3701675","-9999","329612.4","25.44","-1","-0.960587522","0.42291882","0.773979033","0.563342905","21","0.111111111","0.703703704","N4 S2 P1 O3","de-protonated","0","-9999","C27 H19 O3 N4 P1 S2","27","19","3","4","1","2","-9999","-9999","-9999"
"3395","541.055768","541.055823652","541.055474004","3701675","-9999","329612.4","25.44","-1","0.646232992","0.932234775","0.976530272","0.949952974","22","0.307692308","0.576923077","N4 P1 O8","de-protonated","0","-9999","C26 H15 O8 N4 P1","26","15","8","4","1","-9999","-9999","-9999","-9999"
"3396","541.071045","541.071100646","541.071110268","2957238","-9999","346706.8","20.01","-1","-0.017782909","0.499971311","0.767553728","0.607004278","21","0.285714286","0.642857143","N2 S1 O8","de-protonated","0","-9999","C28 H18 O8 N2 S1","28","18","8","2","-9999","1","-9999","-9999","-9999"
"3396","541.071045","541.071100646","541.071243209","2957238","-9999","346706.8","20.01","-1","-0.263483876","0.49374108","0.844689208","0.634120331","8","0.941176471","1.352941176","N2 P1 O16","de-protonated","0","-9999","C17 H23 O16 N2 P1","17","23","16","2","1","-9999","-9999","-9999","-9999"
"3396","541.071045","541.071100646","541.070730145","2957238","-9999","346706.8","20.01","-1","0.684754656","0.459219733","0.755017935","0.577539014","26","0.166666667","0.5","N4 P1 O5","de-protonated","0","-9999","C30 H15 O5 N4 P1","30","15","5","4","1","-9999","-9999","-9999","-9999"
"3397","541.080226","541.080281642","541.080626124","1607100.8","-9999","380316.2","10.16","-1","-0.636654873","0.464546475","0.767553728","0.585749376","21","0.285714286","0.678571429","N2 P1 O8","de-protonated","0","-9999","C28 H19 O8 N2 P1","28","19","8","2","1","-9999","-9999","-9999","-9999"
"3397","541.080226","541.080281642","541.080354798","1607100.8","-9999","380316.2","10.16","-1","-0.135202575","0.99668866","0","0.598013196","7","0.722222222","1.444444444","N2 S2 O13","de-protonated","0","-9999","C18 H26 O13 N2 S2","18","26","13","2","-9999","2","-9999","-9999","-9999"
"3397","541.080226","541.080281642","541.079841733","1607100.8","-9999","380316.2","10.16","-1","0.81302011","0.443487762","0.748902347","0.565653596","25","0.064516129","0.580645161","N4 S2 O2","de-protonated","0","-9999","C31 H18 O2 N4 S2","31","18","2","4","-9999","2","-9999","-9999","-9999"
"3397","541.080226","541.080281642","541.079974675","1607100.8","-9999","380316.2","10.16","-1","0.567322904","0.943272358","0","0.565963415","12","0.5","1.15","N4 S1 P1 O10","de-protonated","0","-9999","C20 H23 O10 N4 P1 S1","20","23","10","4","1","1","-9999","-9999","-9999"
"3398","541.086642","541.08669764","541.087017858","1444289.4","-9999","362007","8.98","-1","-0.591804658","0.46921394","0.698017357","0.560735306","34","0.075","0.35","O3","de-protonated","0","-9999","C40 H14 O3","40","14","3","-9999","-9999","-9999","-9999","-9999","-9999"
"3398","541.086642","541.08669764","541.086879473","1444289.4","-9999","362007","8.98","-1","-0.33605211","0.979717332","0","0.587830399","7","0.842105263","1.368421053","S1 O16","de-protonated","0","-9999","C19 H26 O16 S1","19","26","16","-9999","-9999","1","-9999","-9999","-9999"
"3398","541.086642","541.08669764","541.086366409","1444289.4","-9999","362007","8.98","-1","0.612158951","0.467132188","0.742885034","0.577433326","25","0.15625","0.5625","N2 S1 O5","de-protonated","0","-9999","C32 H18 O5 N2 S1","32","18","5","2","-9999","1","-9999","-9999","-9999"
"3398","541.086642","541.08669764","541.086499351","1444289.4","-9999","362007","8.98","-1","0.366464757","0.975926592","0","0.585555955","12","0.619047619","1.095238095","N2 P1 O13","de-protonated","0","-9999","C21 H23 O13 N2 P1","21","23","13","2","1","-9999","-9999","-9999","-9999"
"3399","541.092117","541.092172638","541.092239636","7275461.5","-9999","318333.7","51.51","-1","-0.123819969","0.990254062","0.965121408","0.980201","16","0.4","0.88","N2 S1 O10","de-protonated","0","-9999","C25 H22 O10 N2 S1","25","22","10","2","-9999","1","-9999","-9999","-9999"
"3399","541.092117","541.092172638","541.091859513","7275461.5","-9999","318333.7","51.51","-1","0.578690088","0.956466265","0.951942579","0.954656791","21","0.259259259","0.703703704","N4 P1 O7","de-protonated","0","-9999","C27 H19 O7 N4 P1","27","19","7","4","1","-9999","-9999","-9999","-9999"
"3400","541.098704","541.098759635","541.098764311","1872330.1","-9999","363876.9","12.1","-1","-0.008641714","0.499993225","0.780512821","0.612201063","16","0.5","0.846153846","O13","de-protonated","0","-9999","C26 H22 O13","26","22","13","-9999","-9999","-9999","-9999","-9999","-9999"
"3400","541.098704","541.098759635","541.098251247","1872330.1","-9999","363876.9","12.1","-1","0.939548831","0.425997683","0.703327172","0.536929478","34","0.051282051","0.358974359","N2 O2","de-protonated","0","-9999","C39 H14 O2 N2","39","14","2","2","-9999","-9999","-9999","-9999","-9999"
"3400","541.098704","541.098759635","541.099253568","1872330.1","-9999","363876.9","12.1","-1","-0.912833214","0.429840132","0.761234226","0.56239777","20","0.172413793","0.793103448","N2 S1 P1 O5","de-protonated","0","-9999","C29 H23 O5 N2 P1 S1","29","23","5","2","1","1","-9999","-9999","-9999"
"3400","541.098704","541.098759635","541.09860212","1872330.1","-9999","363876.9","12.1","-1","0.291102784","0.984741496","0","0.590844898","11","0.333333333","1.285714286","N4 S2 P1 O7","de-protonated","0","-9999","C21 H27 O7 N4 P1 S2","21","27","7","4","1","2","-9999","-9999","-9999"
"3401","541.107488","541.107543632","541.107495777","2714064.5","-9999","292758.3","18.24","-1","0.088438515","0.499290915","0.761234226","0.604068239","20","0.24137931","0.75862069","N2 S1 O7","de-protonated","0","-9999","C29 H22 O7 N2 S1","29","22","7","2","-9999","1","-9999","-9999","-9999"
"3401","541.107488","541.107543632","541.107628719","2714064.5","-9999","292758.3","18.24","-1","-0.157245956","0.497761748","0.837042051","0.633473869","7","0.833333333","1.5","N2 P1 O15","de-protonated","0","-9999","C18 H27 O15 N2 P1","18","27","15","2","1","-9999","-9999","-9999","-9999"
"3401","541.107488","541.107543632","541.107115654","2714064.5","-9999","292758.3","18.24","-1","0.790928914","0.446348264","0.748902347","0.567369897","25","0.129032258","0.612903226","N4 P1 O4","de-protonated","0","-9999","C31 H19 O4 N4 P1","31","19","4","4","1","-9999","-9999","-9999","-9999"
"3402","541.116564","541.116619628","541.117011633","4349911","-9999","345431.9","30.17","-1","-0.724436687","0.454583804","0.761234226","0.577243973","20","0.24137931","0.793103448","N2 P1 O7","de-protonated","0","-9999","C29 H23 O7 N2 P1","29","23","7","2","1","-9999","-9999","-9999","-9999"
"3402","541.116564","541.116619628","541.116740307","4349911","-9999","345431.9","30.17","-1","-0.223018151","0.967617915","0.953843606","0.962108192","6","0.631578947","1.578947368","N2 S2 O12","de-protonated","0","-9999","C19 H30 O12 N2 S2","19","30","12","2","-9999","2","-9999","-9999","-9999"
"3402","541.116564","541.116619628","541.116227243","4349911","-9999","345431.9","30.17","-1","0.725140691","0.941300596","0.959509313","0.948584083","24","0.03125","0.6875","N4 S2 O1","de-protonated","0","-9999","C32 H22 O1 N4 S2","32","22","1","4","-9999","2","-9999","-9999","-9999"
"3402","541.116564","541.116619628","541.116360185","4349911","-9999","345431.9","30.17","-1","0.479460027","0.977829481","0.968466331","0.974084221","11","0.428571429","1.285714286","N4 S1 P1 O9","de-protonated","0","-9999","C21 H27 O9 N4 P1 S1","21","27","9","4","1","1","-9999","-9999","-9999"
"3403","541.122087","541.122142626","541.122371796","1413595.1","-9999","297140.3","8.75","-1","-0.423508031","0.483989704","0.725399619","0.58055367","29","0.028571429","0.542857143","N4 P1 O1","de-protonated","0","-9999","C35 H19 O1 N4 P1","35","19","1","4","1","-9999","-9999","-9999","-9999"
"3403","541.122087","541.122142626","541.12210047","1413595.1","-9999","297140.3","8.75","-1","0.077905688","0.99889934","0","0.599339604","15","0.24","1.04","N4 S2 O6","de-protonated","0","-9999","C25 H26 O6 N4 S2","25","26","6","4","-9999","2","-9999","-9999","-9999"
"3404","541.128551","541.128606624","541.128625145","5694432","-9999","337932.1","39.98","-1","-0.034227461","0.999035714","0.98508323","0.99345472","15","0.346153846","1","N2 S1 O9","de-protonated","0","-9999","C26 H26 O9 N2 S1","26","26","9","2","-9999","1","-9999","-9999","-9999"
"3404","541.128551","541.128606624","541.129114402","5694432","-9999","337932.1","39.98","-1","-0.938369043","0.562157321","0.917258062","0.704197617","19","0.034482759","0.931034483","N4 S2 P1 O1","de-protonated","0","-9999","C29 H27 O1 N4 P1 S2","29","27","1","4","1","2","-9999","-9999","-9999"
"3404","541.128551","541.128606624","541.128245023","5694432","-9999","337932.1","39.98","-1","0.668235421","0.929072966","0.972124137","0.946293434","20","0.214285714","0.821428571","N4 P1 O6","de-protonated","0","-9999","C28 H23 O6 N4 P1","28","23","6","4","1","-9999","-9999","-9999","-9999"
"3405","541.143884","541.143939618","541.143881286","3224043","-9999","298245.8","21.96","-1","0.107792632","0.498946961","0.755017935","0.601375351","19","0.2","0.866666667","N2 S1 O6","de-protonated","0","-9999","C30 H26 O6 N2 S1","30","26","6","2","-9999","1","-9999","-9999","-9999"
"3405","541.143884","541.143939618","541.144014228","3224043","-9999","298245.8","21.96","-1","-0.137875325","0.498278337","0.829532115","0.630779848","6","0.736842105","1.631578947","N2 P1 O14","de-protonated","0","-9999","C19 H31 O14 N2 P1","19","31","14","2","1","-9999","-9999","-9999","-9999"
"3405","541.143884","541.143939618","541.143501164","3224043","-9999","298245.8","21.96","-1","0.810235811","0.929425811","0.963103857","0.94289703","24","0.09375","0.71875","N4 P1 O3","de-protonated","0","-9999","C32 H23 O3 N4 P1","32","23","3","4","1","-9999","-9999","-9999","-9999"
"3406","541.1568","541.156855613","541.157148568","1961460.3","-9999","324188.9","12.75","-1","-0.541350624","0.474106821","0.787157861","0.599327237","9","0.36","1.36","S2 O9","de-protonated","0","-9999","C25 H34 O9 S2","25","34","9","-9999","-9999","2","-9999","-9999","-9999"
"3406","541.1568","541.156855613","541.156768446","1961460.3","-9999","324188.9","12.75","-1","0.161074877","0.497651678","0.773979033","0.60818262","14","0.222222222","1.148148148","N2 S1 P1 O6","de-protonated","0","-9999","C27 H31 O6 N2 P1 S1","27","31","6","2","1","1","-9999","-9999","-9999"
"3407","541.164937","541.16499261","541.165010654","4313082","-9999","343104.4","29.9","-1","-0.033344498","0.999887013","0.999317098","0.999659047","14","0.296296296","1.111111111","N2 S1 O8","de-protonated","0","-9999","C27 H30 O8 N2 S1","27","30","8","2","-9999","1","-9999","-9999","-9999"
"3407","541.164937","541.16499261","541.164630532","4313082","-9999","343104.4","29.9","-1","0.669071155","0.919662705","0.986572291","0.946426539","19","0.172413793","0.931034483","N4 P1 O5","de-protonated","0","-9999","C29 H27 O5 N4 P1","29","27","5","4","1","-9999","-9999","-9999","-9999"
"3408","541.180091","541.180146604","541.180266796","2506245.3","-9999","337018.6","16.72","-1","-0.222092399","0.495544985","0.748902347","0.596887929","18","0.161290323","0.967741935","N2 S1 O5","de-protonated","0","-9999","C31 H30 O5 N2 S1","31","30","5","2","-9999","1","-9999","-9999","-9999"
"3408","541.180091","541.180146604","541.180399737","2506245.3","-9999","337018.6","16.72","-1","-0.467743758","0.480539768","0.822155738","0.617186156","5","0.65","1.75","N2 P1 O13","de-protonated","0","-9999","C20 H35 O13 N2 P1","20","35","13","2","1","-9999","-9999","-9999","-9999"
"3408","541.180091","541.180146604","541.179886673","2506245.3","-9999","337018.6","16.72","-1","0.48030332","0.479502673","0.736963647","0.582487063","23","0.060606061","0.818181818","N4 P1 O2","de-protonated","0","-9999","C33 H27 O2 N4 P1","33","27","2","4","1","-9999","-9999","-9999","-9999"
"3408","541.180091","541.180146604","541.179615347","2506245.3","-9999","337018.6","16.72","-1","0.981664204","0.419789091","0.800793265","0.572190761","9","0.304347826","1.47826087","N4 S2 O7","de-protonated","0","-9999","C23 H34 O7 N4 S2","23","34","7","4","-9999","2","-9999","-9999","-9999"
"3409","541.187503","541.187558601","541.187660851","3914762.8","-9999","303275.1","27","-1","-0.188936697","0.496771872","0.736963647","0.592848582","17","0.090909091","1.03030303","S2 O3","de-protonated","0","-9999","C33 H34 O3 S2","33","34","3","-9999","-9999","2","-9999","-9999","-9999"
"3409","541.187503","541.187558601","541.187793793","3914762.8","-9999","303275.1","27","-1","-0.434584708","0.483155717","0.807789663","0.613009295","4","0.5","1.772727273","S1 P1 O11","de-protonated","0","-9999","C22 H39 O11 P1 S1","22","39","11","-9999","1","1","-9999","-9999","-9999"
"3410","541.193193","541.193248599","541.193534078","13685775","-9999","323893.8","98.27","-1","-0.527499242","0.481850603","0.909490563","0.652906587","8","0.307692308","1.461538462","S2 O8","de-protonated","0","-9999","C26 H38 O8 S2","26","38","8","-9999","-9999","2","-9999","-9999","-9999"
"3410","541.193193","541.193248599","541.193153955","13685775","-9999","323893.8","98.27","-1","0.174879043","0.493423194","0.9360828","0.670487036","13","0.178571429","1.25","N2 S1 P1 O5","de-protonated","0","-9999","C28 H35 O5 N2 P1 S1","28","35","5","2","1","1","-9999","-9999","-9999"
"3411","541.201341","541.201396595","541.201396164","2541076.8","-9999","344098.4","16.98","-1","7.97672e-4","0.499999942","0.767553728","0.607021457","13","0.25","1.214285714","N2 S1 O7","de-protonated","0","-9999","C28 H34 O7 N2 S1","28","34","7","2","-9999","1","-9999","-9999","-9999"
"3411","541.201341","541.201396595","541.201529105","2541076.8","-9999","344098.4","16.98","-1","-0.244844151","0.989181342","0","0.593508805","0","0.882352941","2.294117647","N2 P1 O15","de-protonated","0","-9999","C17 H39 O15 N2 P1","17","39","15","2","1","-9999","-9999","-9999","-9999"
"3411","541.201341","541.201396595","541.201016041","2541076.8","-9999","344098.4","16.98","-1","0.703166125","0.457095408","0.755017935","0.576264418","18","0.133333333","1.033333333","N4 P1 O4","de-protonated","0","-9999","C30 H31 O4 N4 P1","30","31","4","4","1","-9999","-9999","-9999","-9999"
"3412","541.216498","541.21655359","541.216652305","1420831.9","-9999","399173","8.8","-1","-0.182395438","0.496990865","0.742885034","0.595348533","17","0.125","1.0625","N2 S1 O4","de-protonated","0","-9999","C32 H34 O4 N2 S1","32","34","4","2","-9999","1","-9999","-9999","-9999"
"3412","541.216498","541.21655359","541.216785247","1420831.9","-9999","399173","8.8","-1","-0.428030291","0.967303282","0","0.580381969","4","0.571428571","1.857142857","N2 P1 O12","de-protonated","0","-9999","C21 H39 O12 N2 P1","21","39","12","2","1","-9999","-9999","-9999","-9999"
"3412","541.216498","541.21655359","541.216272183","1420831.9","-9999","399173","8.8","-1","0.519953087","0.476064441","0.73113591","0.578093029","22","0.029411765","0.911764706","N4 P1 O1","de-protonated","0","-9999","C34 H31 O1 N4 P1","34","31","1","4","1","-9999","-9999","-9999","-9999"
"3413","541.271249","541.271304568","541.270795879","1453127.6","-9999","447440.5","9.04","-1","0.939805546","0.425960392","0.736963647","0.550361694","16","0.151515152","1.151515152","N2 O5","de-protonated","0","-9999","C33 H38 O5 N2","33","38","5","2","-9999","-9999","-9999","-9999","-9999"
"3413","541.271249","541.271304568","541.271798201","1453127.6","-9999","447440.5","9.04","-1","-0.911986004","0.859921456","0","0.515952874","2","0.347826087","2.043478261","N2 S1 P1 O8","de-protonated","0","-9999","C23 H47 O8 N2 P1 S1","23","47","8","2","1","1","-9999","-9999","-9999"
"3414","542.059097","542.059152264","542.05876848","1187974","-9999","420984.6","7.1","-1","0.708011468","0.9130573","0","0.54783438","30","0.114285714","0.4","N1 P1 O4","de-protonated","0","-9999","C35 H14 O4 N1 P1","35","14","4","1","1","-9999","-9999","-9999","-9999"
"3414","542.059097","542.059152264","542.059208961","1187974","-9999","420984.6","7.1","-1","-0.104596629","0.998016838","0.963126071","0.984060531","17","0.458333333","0.75","13C1 N2 S1 O11","de-protonated","1","3395","C23 H18 O11 N2 S1 13C1","23","18","11","2","-9999","1","1","-9999","-9999"
"3414","542.059097","542.059152264","542.058828839","1187974","-9999","420984.6","7.1","-1","0.596660246","0.937445779","0.976530272","0.953079576","22","0.307692308","0.576923077","13C1 N4 P1 O8","de-protonated","1","3395","C25 H15 O8 N4 P1 13C1","25","15","8","4","1","-9999","1","-9999","-9999"
"3415","542.095374","542.09542925","542.095153989","1575072.4","-9999","352646.1","9.92","-1","0.507771464","0.477147108","0.719752637","0.57418932","29","0.083333333","0.5","N1 P1 O3","de-protonated","0","-9999","C36 H18 O3 N1 P1","36","18","3","1","1","-9999","-9999","-9999","-9999"
"3415","542.095374","542.09542925","542.095594471","1575072.4","-9999","352646.1","9.92","-1","-0.304781927","0.983286117","0.965121408","0.976020234","16","0.4","0.88","13C1 N2 S1 O10","de-protonated","1","3399","C24 H22 O10 N2 S1 13C1","24","22","10","2","-9999","1","1","-9999","-9999"
"3415","542.095374","542.09542925","542.095214348","1575072.4","-9999","352646.1","9.92","-1","0.396427739","0.971887172","0.951942579","0.963909335","21","0.259259259","0.703703704","13C1 N4 P1 O7","de-protonated","1","3399","C26 H19 O7 N4 P1 13C1","26","19","7","4","1","-9999","1","-9999","-9999"
"3416","542.119735","542.11979024","542.119654661","1202866.4","-9999","446308.5","7.21","-1","0.250091749","0.988715287","0","0.593229172","19","0.166666667","0.866666667","N1 S1 P1 O5","de-protonated","0","-9999","C30 H26 O5 N1 P1 S1","30","26","5","1","1","1","-9999","-9999","-9999"
"3416","542.119735","542.11979024","542.120095142","1202866.4","-9999","446308.5","7.21","-1","-0.562424711","0.944219961","0.953843606","0.948069419","6","0.631578947","1.578947368","13C1 N2 S2 O12","de-protonated","1","3402","C18 H30 O12 N2 S2 13C1","18","30","12","2","-9999","2","1","-9999","-9999"
"3416","542.119735","542.11979024","542.119582078","1202866.4","-9999","446308.5","7.21","-1","0.383978958","0.97360192","0.959509313","0.967964877","24","0.03125","0.6875","13C1 N4 S2 O1","de-protonated","1","3402","C31 H22 O1 N4 S2 13C1","31","22","1","4","-9999","2","1","-9999","-9999"
"3416","542.119735","542.11979024","542.11971502","1202866.4","-9999","446308.5","7.21","-1","0.138753084","0.996512769","0.968466331","0.985294193","11","0.428571429","1.285714286","13C1 N4 S1 P1 O9","de-protonated","1","3402","C20 H27 O9 N4 P1 S1 13C1","20","27","9","4","1","1","1","-9999","-9999"
"3417","542.131872","542.131927236","542.131539499","1464507.1","-9999","453279.6","9.12","-1","0.715208325","0.455680967","0.714192896","0.559085739","28","0.054054054","0.594594595","N1 P1 O2","de-protonated","0","-9999","C37 H22 O2 N1 P1","37","22","2","1","1","-9999","-9999","-9999","-9999"
"3417","542.131872","542.131927236","542.131401114","1464507.1","-9999","453279.6","9.12","-1","0.97046845","0.842914282","0","0.505748569","1","0.9375","2.125","N1 S1 P1 O15","de-protonated","0","-9999","C16 H34 O15 N1 P1 S1","16","34","15","1","1","1","-9999","-9999","-9999"
"3417","542.131872","542.131927236","542.13197998","1464507.1","-9999","453279.6","9.12","-1","-0.097290699","0.998283975","0.98508323","0.993003677","15","0.346153846","1","13C1 N2 S1 O9","de-protonated","1","3404","C25 H26 O9 N2 S1 13C1","25","26","9","2","-9999","1","1","-9999","-9999"
"3417","542.131872","542.131927236","542.132469237","1464507.1","-9999","453279.6","9.12","-1","-0.999758879","0.556089346","0.917258062","0.700556833","19","0.034482759","0.931034483","13C1 N4 S2 P1 O1","de-protonated","1","3404","C28 H27 O1 N4 P1 S2 13C1","28","27","1","4","1","2","1","-9999","-9999"
"3417","542.131872","542.131927236","542.131599858","1464507.1","-9999","453279.6","9.12","-1","0.60387205","0.935974224","0.972124137","0.950434189","20","0.214285714","0.821428571","13C1 N4 P1 O6","de-protonated","1","3404","C27 H23 O6 N4 P1 13C1","27","23","6","4","1","-9999","1","-9999","-9999"
"3418","542.146583","542.14663823","542.146524314","1342662","-9999","346154.3","8.23","-1","0.210120637","0.99202092","0","0.595212552","18","0.129032258","0.935483871","N1 S2 O4","de-protonated","0","-9999","C31 H29 O4 N1 S2","31","29","4","1","-9999","2","-9999","-9999","-9999"
"3418","542.146583","542.14663823","542.146657256","1342662","-9999","346154.3","8.23","-1","-0.035093008","0.999776567","0","0.59986594","5","0.6","1.7","N1 S1 P1 O12","de-protonated","0","-9999","C20 H34 O12 N1 P1 S1","20","34","12","1","1","1","-9999","-9999","-9999"
"3418","542.146583","542.14663823","542.146144191","1342662","-9999","346154.3","8.23","-1","0.911264792","0.860126654","0","0.516075993","23","0.03030303","0.787878788","N3 S1 P1 O1","de-protonated","0","-9999","C33 H26 O1 N3 P1 S1","33","26","1","3","1","1","-9999","-9999","-9999"
"3418","542.146583","542.14663823","542.146855999","1342662","-9999","346154.3","8.23","-1","-0.401678723","0.971148407","0.963103857","0.967930587","24","0.09375","0.71875","13C1 N4 P1 O3","de-protonated","1","3405","C31 H23 O3 N4 P1 13C1","31","23","3","4","1","-9999","1","-9999","-9999"
"3419","542.152174","542.152229228","542.152668867","2994378","-9999","323723.1","20.28","-1","-0.8109135","0.443763136","0.73113591","0.558712246","23","0.117647059","0.764705882","N1 P1 O4","de-protonated","0","-9999","C34 H26 O4 N1 P1","34","26","4","1","1","-9999","-9999","-9999","-9999"
"3419","542.152174","542.152229228","542.152397541","2994378","-9999","323723.1","20.28","-1","-0.310452852","0.491331915","0.793917021","0.612365957","9","0.375","1.375","N1 S2 O9","de-protonated","0","-9999","C24 H33 O9 N1 S2","24","33","9","1","-9999","2","-9999","-9999","-9999"
"3419","542.152174","542.152229228","542.152017418","2994378","-9999","323723.1","20.28","-1","0.390683342","0.486342426","0.780512821","0.604010584","14","0.230769231","1.153846154","N3 S1 P1 O6","de-protonated","0","-9999","C26 H30 O6 N3 P1 S1","26","30","6","3","1","1","-9999","-9999","-9999"
"3420","542.168304","542.168359222","542.167925008","1254613.8","-9999","331944.3","7.59","-1","0.800883889","0.445066713","0.70871839","0.550527384","27","0.026315789","0.684210526","N1 P1 O1","de-protonated","0","-9999","C38 H26 O1 N1 P1","38","26","1","1","1","-9999","-9999","-9999","-9999"
"3420","542.168304","542.168359222","542.168365489","1254613.8","-9999","331944.3","7.59","-1","-0.011560678","0.99997575","0.999317098","0.999712289","14","0.296296296","1.111111111","13C1 N2 S1 O8","de-protonated","1","3407","C26 H30 O8 N2 S1 13C1","26","30","8","2","-9999","1","1","-9999","-9999"
"3420","542.168304","542.168359222","542.167985367","1254613.8","-9999","331944.3","7.59","-1","0.689555076","0.917340692","0.986572291","0.945033332","19","0.172413793","0.931034483","13C1 N4 P1 O5","de-protonated","1","3407","C28 H27 O5 N4 P1 13C1","28","27","5","4","1","-9999","1","-9999","-9999"
"3421","542.196638","542.196693211","542.196888913","4334314.5","-9999","351667.7","30.05","-1","-0.360942992","0.488319054","0.909490563","0.656787658","8","0.307692308","1.461538462","13C1 S2 O8","de-protonated","1","3410","C25 H38 O8 S2 13C1","25","38","8","-9999","-9999","2","1","-9999","-9999"
"3421","542.196638","542.196693211","542.19650879","4334314.5","-9999","351667.7","30.05","-1","0.340135633","0.489613298","0.9360828","0.668201099","13","0.178571429","1.25","13C1 N2 S1 P1 O5","de-protonated","1","3410","C27 H35 O5 N2 P1 S1 13C1","27","35","5","2","1","1","1","-9999","-9999"
"3421","542.196638","542.196693211","542.196645136","4334314.5","-9999","351667.7","30.05","-1","0.0886666","0.499287255","0.773979033","0.609163966","13","0.259259259","1.222222222","N3 S1 O7","de-protonated","0","-9999","C27 H33 O7 N3 S1","27","33","7","3","-9999","1","-9999","-9999","-9999"
"3421","542.196638","542.196693211","542.196778078","4334314.5","-9999","351667.7","30.05","-1","-0.156524348","0.497782198","0.85247738","0.639660271","0","0.9375","2.375","N3 P1 O15","de-protonated","0","-9999","C16 H38 O15 N3 P1","16","38","15","3","1","-9999","-9999","-9999","-9999"
"3422","542.255521","542.255576188","542.255680842","1259029.5","-9999","360710.1","7.62","-1","-0.1929975","0.993264181","0","0.595958509","15","0.029411765","1.205882353","N1 S2 O1","de-protonated","0","-9999","C34 H41 O1 N1 S2","34","41","1","1","-9999","2","-9999","-9999","-9999"
"3422","542.255521","542.255576188","542.255813784","1259029.5","-9999","360710.1","7.62","-1","-0.438161684","0.965764227","0","0.579458536","2","0.391304348","2","N1 S1 P1 O9","de-protonated","0","-9999","C23 H46 O9 N1 P1 S1","23","46","9","1","1","1","-9999","-9999","-9999"
"3423","542.299924","542.299979171","542.300441501","1228598.1","-9999","366448.8","7.4","-1","-0.852536142","0.876446032","0","0.525867619","1","0.416666667","2.041666667","N1 S1 O10","de-protonated","0","-9999","C24 H49 O10 N1 S1","24","49","10","1","-9999","1","-9999","-9999","-9999"
"3423","542.299924","542.299979171","542.300061379","1228598.1","-9999","366448.8","7.4","-1","-0.151591733","0.995838981","0","0.597503388","6","0.269230769","1.769230769","N3 P1 O7","de-protonated","0","-9999","C26 H46 O7 N3 P1","26","46","7","3","1","-9999","-9999","-9999","-9999"
"3428","543.005763","543.005817898","543.006127227","2049339","-9999","386938.4","13.38","-1","-0.56966124","0.471408712","0.793917021","0.600412036","17","0.458333333","0.666666667","S2 O11","de-protonated","0","-9999","C24 H16 O11 S2","24","16","11","-9999","-9999","2","-9999","-9999","-9999"
"3428","543.005763","543.005817898","543.005747105","2049339","-9999","386938.4","13.38","-1","0.130372425","0.498460337","0.780512821","0.61128133","22","0.307692308","0.5","N2 S1 P1 O8","de-protonated","0","-9999","C26 H13 O8 N2 P1 S1","26","13","8","2","1","1","-9999","-9999","-9999"
"3429","543.047642","543.047696882","543.047872899","1319257.8","-9999","450112.3","8.05","-1","-0.324129074","0.981117612","0","0.588670567","25","0.129032258","0.516129032","N2 S2 O4","de-protonated","0","-9999","C31 H16 O4 N2 S2","31","16","4","2","-9999","2","-9999","-9999","-9999"
"3429","543.047642","543.047696882","543.048005841","1319257.8","-9999","450112.3","8.05","-1","-0.568935583","0.942958781","0","0.565775269","12","0.6","1.05","N2 S1 P1 O12","de-protonated","0","-9999","C20 H21 O12 N2 P1 S1","20","21","12","2","1","1","-9999","-9999","-9999"
"3429","543.047642","543.047696882","543.047492777","1319257.8","-9999","450112.3","8.05","-1","0.37585095","0.974693559","0","0.584816135","30","0.03030303","0.393939394","N4 S1 P1 O1","de-protonated","0","-9999","C33 H13 O1 N4 P1 S1","33","13","1","4","1","1","-9999","-9999","-9999"
"3430","543.050393","543.050447881","543.050374823","2902363.8","-9999","347546.7","19.6","-1","0.134532422","0.498360676","0.773979033","0.60860801899999994","21","0.333333333","0.592592593","N2 S1 O9","de-protonated","0","-9999","C27 H16 O9 N2 S1","27","16","9","2","-9999","1","-9999","-9999","-9999"
"3430","543.050393","543.050447881","543.05086408","2902363.8","-9999","347546.7","19.6","-1","-0.766409732","0.449451552","0.755017935","0.571678105","25","0.033333333","0.566666667","N4 S2 P1 O1","de-protonated","0","-9999","C30 H17 O1 N4 P1 S2","30","17","1","4","1","2","-9999","-9999","-9999"
"3430","543.050393","543.050447881","543.0499947","2902363.8","-9999","347546.7","19.6","-1","0.834509542","0.440647886","0.761234226","0.568882422","26","0.206896552","0.448275862","N4 P1 O6","de-protonated","0","-9999","C29 H13 O6 N4 P1","29","13","6","4","1","-9999","-9999","-9999","-9999"
"3431","543.059619","543.059673877","543.059757737","1531234.6","-9999","317979.7","9.6","-1","-0.154421687","0.497841256","0.70871839","0.582192109","34","0.026315789","0.315789474","N2 S1 O1","de-protonated","0","-9999","C38 H12 O1 N2 S1","38","12","1","2","-9999","1","-9999","-9999","-9999"
"3431","543.059619","543.059673877","543.059890679","1531234.6","-9999","317979.7","9.6","-1","-0.399222881","0.971495061","0","0.582897037","21","0.333333333","0.62962963","N2 P1 O9","de-protonated","0","-9999","C27 H17 O9 N2 P1","27","17","9","2","1","-9999","-9999","-9999","-9999"
"3431","543.059619","543.059673877","543.059619353","1531234.6","-9999","317979.7","9.6","-1","0.100401915","0.99817257","0","0.598903542","7","0.823529412","1.411764706","N2 S2 O14","de-protonated","0","-9999","C17 H24 O14 N2 S2","17","24","14","2","-9999","2","-9999","-9999","-9999"
"3431","543.059619","543.059673877","543.05923923","1531234.6","-9999","317979.7","9.6","-1","0.800367095","0.890267092","0","0.534160255","12","0.578947368","1.105263158","N4 S1 P1 O11","de-protonated","0","-9999","C19 H21 O11 N4 P1 S1","19","21","11","4","1","1","-9999","-9999","-9999"
"3432","543.065461","543.065515875","543.065630964","1187430.8","-9999","341630.6","7.09","-1","-0.21192509","0.991883848","0","0.595130309","25","0.193548387","0.516129032","N2 S1 O6","de-protonated","0","-9999","C31 H16 O6 N2 S1","31","16","6","2","-9999","1","-9999","-9999","-9999"
"3432","543.065461","543.065515875","543.065763906","1187430.8","-9999","341630.6","7.09","-1","-0.456723622","0.962857787","0","0.577714672","12","0.7","1.05","N2 P1 O14","de-protonated","0","-9999","C20 H21 O14 N2 P1","20","21","14","2","1","-9999","-9999","-9999","-9999"
"3432","543.065461","543.065515875","543.065250842","1187430.8","-9999","341630.6","7.09","-1","0.488032123","0.957703924","0","0.574622355","30","0.090909091","0.393939394","N4 P1 O3","de-protonated","0","-9999","C33 H13 O3 N4 P1","33","13","3","4","1","-9999","-9999","-9999","-9999"
"3432","543.065461","543.065515875","543.064979515","1187430.8","-9999","341630.6","7.09","-1","0.987652431","0.837783596","0","0.502670158","16","0.347826087","0.869565217","N4 S2 O8","de-protonated","0","-9999","C23 H20 O8 N4 S2","23","20","8","4","-9999","2","-9999","-9999","-9999"
"3433","543.071513","543.071567872","543.071504191","3586411.3","-9999","338965.9","24.59","-1","0.117262013","0.498754061","0.793917021","0.616819245","16","0.458333333","0.833333333","N2 S1 O11","de-protonated","0","-9999","C24 H20 O11 N2 S1","24","20","11","2","-9999","1","-9999","-9999","-9999"
"3433","543.071513","543.071567872","543.071993448","3586411.3","-9999","338965.9","24.59","-1","-0.783645074","0.447278093","0.773979033","0.577958469","20","0.111111111","0.777777778","N4 S2 P1 O3","de-protonated","0","-9999","C27 H21 O3 N4 P1 S2","27","21","3","4","1","2","-9999","-9999","-9999"
"3433","543.071513","543.071567872","543.071124068","3586411.3","-9999","338965.9","24.59","-1","0.817211887","0.442938204","0.780512821","0.577968051","21","0.307692308","0.653846154","N4 P1 O8","de-protonated","0","-9999","C26 H17 O8 N4 P1","26","17","8","4","1","-9999","-9999","-9999","-9999"
"3434","543.078197","543.07825187","543.078028866","1361264.1","-9999","334676.3","8.36","-1","0.410629066","0.969868103","0","0.581920862","16","0.56","0.8","O14","de-protonated","0","-9999","C25 H20 O14","25","20","14","-9999","-9999","-9999","-9999","-9999","-9999"
"3434","543.078197","543.07825187","543.078518124","1361264.1","-9999","334676.3","8.36","-1","-0.490267461","0.957323985","0","0.574394391","20","0.214285714","0.75","N2 S1 P1 O6","de-protonated","0","-9999","C28 H21 O6 N2 P1 S1","28","21","6","2","1","1","-9999","-9999","-9999"
"3434","543.078197","543.07825187","543.077866675","1361264.1","-9999","334676.3","8.36","-1","0.709281261","0.912759192","0","0.547655515","11","0.4","1.25","N4 S2 P1 O8","de-protonated","0","-9999","C20 H25 O8 N4 P1 S2","20","25","8","4","1","2","-9999","-9999","-9999"
"3435","543.080815","543.080869869","543.08140017","1234290.1","-9999","323209.4","7.43","-1","-0.976466342","0.841130149","0","0.504678089","11","0.636363636","1.090909091","S1 O14","de-protonated","0","-9999","C22 H24 O14 S1","22","24","14","-9999","-9999","1","-9999","-9999","-9999"
"3435","543.080815","543.080869869","543.080887105","1234290.1","-9999","323209.4","7.43","-1","-0.031738289","0.99981724","0","0.599890344","29","0.085714286","0.457142857","N2 S1 O3","de-protonated","0","-9999","C35 H16 O3 N2 S1","35","16","3","2","-9999","1","-9999","-9999","-9999"
"3435","543.080815","543.080869869","543.081020047","1234290.1","-9999","323209.4","7.43","-1","-0.276529988","0.986220647","0","0.591732388","16","0.458333333","0.875","N2 P1 O11","de-protonated","0","-9999","C24 H21 O11 N2 P1","24","21","11","2","1","-9999","-9999","-9999","-9999"
"3435","543.080815","543.080869869","543.080368598","1234290.1","-9999","323209.4","7.43","-1","0.923013463","0.856769886","0","0.514061932","7","0.8125","1.5625","N4 S1 P1 O13","de-protonated","0","-9999","C16 H25 O13 N4 P1 S1","16","25","13","4","1","1","-9999","-9999","-9999"
"3436","543.086685","543.086739867","543.086760332","3766646.3","-9999","336549.4","25.91","-1","-0.037683661","0.499871183","0.767553728","0.606944201","20","0.285714286","0.714285714","N2 S1 O8","de-protonated","0","-9999","C28 H20 O8 N2 S1","28","20","8","2","-9999","1","-9999","-9999","-9999"
"3436","543.086685","543.086739867","543.086893274","3766646.3","-9999","336549.4","25.91","-1","-0.282472712","0.49281318","0.844689208","0.633563591","7","0.941176471","1.470588235","N2 P1 O16","de-protonated","0","-9999","C17 H25 O16 N2 P1","17","25","16","2","1","-9999","-9999","-9999","-9999"
"3436","543.086685","543.086739867","543.08638021","3766646.3","-9999","336549.4","25.91","-1","0.662246441","0.461752986","0.755017935","0.579058965","25","0.166666667","0.566666667","N4 P1 O5","de-protonated","0","-9999","C30 H17 O5 N4 P1","30","17","5","4","1","-9999","-9999","-9999","-9999"
"3437","543.095846","543.095900863","543.096276188","1958781","-9999","252730.7","12.72","-1","-0.691084261","0.45849467","0.767553728","0.582118293","20","0.285714286","0.75","N2 P1 O8","de-protonated","0","-9999","C28 H21 O8 N2 P1","28","21","8","2","1","-9999","-9999","-9999","-9999"
"3437","543.095846","543.095900863","543.096004862","1958781","-9999","252730.7","12.72","-1","-0.191493084","0.993368436","0","0.596021061","6","0.722222222","1.555555556","N2 S2 O13","de-protonated","0","-9999","C18 H28 O13 N2 S2","18","28","13","2","-9999","2","-9999","-9999","-9999"
"3437","543.095846","543.095900863","543.095491798","1958781","-9999","252730.7","12.72","-1","0.753210305","0.451090319","0.748902347","0.57021513","24","0.064516129","0.64516129","N4 S2 O2","de-protonated","0","-9999","C31 H20 O2 N4 S2","31","20","2","4","-9999","2","-9999","-9999","-9999"
"3437","543.095846","543.095900863","543.09562474","1958781","-9999","252730.7","12.72","-1","0.508424997","0.954179228","0","0.572507537","11","0.5","1.25","N4 S1 P1 O10","de-protonated","0","-9999","C20 H25 O10 N4 P1 S1","20","25","10","4","1","1","-9999","-9999","-9999"
"3438","543.101724","543.101778861","543.102016473","1382273.4","-9999","366467.9","8.51","-1","-0.43751007","0.965864222","0","0.579518533","24","0.15625","0.625","N2 S1 O5","de-protonated","0","-9999","C32 H20 O5 N2 S1","32","20","5","2","-9999","1","-9999","-9999","-9999"
"3438","543.101724","543.101778861","543.102149415","1382273.4","-9999","366467.9","8.51","-1","-0.682292147","0.919000641","0","0.551400384","11","0.619047619","1.19047619","N2 P1 O13","de-protonated","0","-9999","C21 H25 O13 N2 P1","21","25","13","2","1","-9999","-9999","-9999","-9999"
"3438","543.101724","543.101778861","543.101636351","1382273.4","-9999","366467.9","8.51","-1","0.262400091","0.493792143","0.73113591","0.58872965","29","0.058823529","0.5","N4 P1 O2","de-protonated","0","-9999","C34 H17 O2 N4 P1","34","17","2","4","1","-9999","-9999","-9999","-9999"
"3438","543.101724","543.101778861","543.101365025","1382273.4","-9999","366467.9","8.51","-1","0.761986814","0.900006364","0","0.540003818","15","0.291666667","1","N4 S2 O7","de-protonated","0","-9999","C24 H24 O7 N4 S2","24","24","7","4","-9999","2","-9999","-9999","-9999"
"3439","543.107863","543.107917858","543.1078897","4656518","-9999","322719.8","32.4","-1","0.051846522","0.499756187","0.787157861","0.614716857","15","0.4","0.96","N2 S1 O10","de-protonated","0","-9999","C25 H24 O10 N2 S1","25","24","10","2","-9999","1","-9999","-9999","-9999"
"3439","543.107863","543.107917858","543.108378958","4656518","-9999","322719.8","32.4","-1","-0.849000149","0.438701689","0.767553728","0.570242505","19","0.071428571","0.892857143","N4 S2 P1 O2","de-protonated","0","-9999","C28 H25 O2 N4 P1 S2","28","25","2","4","1","2","-9999","-9999","-9999"
"3439","543.107863","543.107917858","543.107509578","4656518","-9999","322719.8","32.4","-1","0.751749457","0.451270303","0.773979033","0.580353795","20","0.259259259","0.777777778","N4 P1 O7","de-protonated","0","-9999","C27 H21 O7 N4 P1","27","21","7","4","1","-9999","-9999","-9999","-9999"
"3440","543.114483","543.114537856","543.114414376","3822986.8","-9999","324739.3","26.32","-1","0.227355862","0.974384853","0.964154835","0.970292846","15","0.5","0.923076923","O13","de-protonated","0","-9999","C26 H24 O13","26","24","13","-9999","-9999","-9999","-9999","-9999","-9999"
"3440","543.114483","543.114537856","543.114903633","3822986.8","-9999","324739.3","26.32","-1","-0.673480145","0.945222441","0.98343343","0.960506836","19","0.172413793","0.862068966","N2 S1 P1 O5","de-protonated","0","-9999","C29 H25 O5 N2 P1 S1","29","25","5","2","1","1","-9999","-9999","-9999"
"3440","543.114483","543.114537856","543.114252184","3822986.8","-9999","324739.3","26.32","-1","0.525987994","0.92278509","0.929758265","0.92557436","10","0.333333333","1.380952381","N4 S2 P1 O7","de-protonated","0","-9999","C21 H29 O7 N4 P1 S2","21","29","7","4","1","2","-9999","-9999","-9999"
"3441","543.116945","543.116999855","543.117272615","1483148.6","-9999","344575.2","9.25","-1","-0.502211565","0.477633525","0.719752637","0.57448117","28","0.055555556","0.555555556","N2 S1 O2","de-protonated","0","-9999","C36 H20 O2 N2 S1","36","20","2","2","-9999","1","-9999","-9999","-9999"
"3441","543.116945","543.116999855","543.117405556","1483148.6","-9999","344575.2","9.25","-1","-0.74698675","0.903710324","0","0.542226194","15","0.4","1","N2 P1 O10","de-protonated","0","-9999","C25 H25 O10 N2 P1","25","25","10","2","1","-9999","-9999","-9999","-9999"
"3441","543.116945","543.116999855","543.116621166","1483148.6","-9999","344575.2","9.25","-1","0.697251547","0.915565801","0","0.549339481","19","0.142857143","0.857142857","N4 S2 O4","de-protonated","0","-9999","C28 H24 O4 N4 S2","28","24","4","4","-9999","2","-9999","-9999","-9999"
"3441","543.116945","543.116999855","543.116754108","1483148.6","-9999","344575.2","9.25","-1","0.452475776","0.963532775","0","0.578119665","6","0.705882353","1.705882353","N4 S1 P1 O12","de-protonated","0","-9999","C17 H29 O12 N4 P1 S1","17","29","12","4","1","1","-9999","-9999","-9999"
"3442","543.123153","543.123207853","543.123145841","3433873.3","-9999","320436.9","23.48","-1","0.114174944","0.498818723","0.761234226","0.603784924","19","0.24137931","0.827586207","N2 S1 O7","de-protonated","0","-9999","C29 H24 O7 N2 S1","29","24","7","2","-9999","1","-9999","-9999","-9999"
"3442","543.123153","543.123207853","543.123278783","3433873.3","-9999","320436.9","23.48","-1","-0.130597745","0.498455018","0.837042051","0.633889831","6","0.833333333","1.611111111","N2 P1 O15","de-protonated","0","-9999","C18 H29 O15 N2 P1","18","29","15","2","1","-9999","-9999","-9999","-9999"
"3442","543.123153","543.123207853","543.122765719","3433873.3","-9999","320436.9","23.48","-1","0.814058262","0.443351857","0.748902347","0.565572053","24","0.129032258","0.677419355","N4 P1 O4","de-protonated","0","-9999","C31 H21 O4 N4 P1","31","21","4","4","1","-9999","-9999","-9999","-9999"
"3443","543.131831","543.131885849","543.132390372","1757847.5","-9999","293265.7","11.25","-1","-0.92891236","0.855073276","0","0.513043966","5","0.631578947","1.684210526","N2 S2 O12","de-protonated","0","-9999","C19 H32 O12 N2 S2","19","32","12","2","-9999","2","-9999","-9999","-9999"
"3443","543.131831","543.131885849","543.131520992","1757847.5","-9999","293265.7","11.25","-1","0.67176635","0.921380349","0","0.552828209","6","0.944444444","1.555555556","N2 O17","de-protonated","0","-9999","C18 H28 O17 N2","18","28","17","2","-9999","-9999","-9999","-9999","-9999"
"3443","543.131831","543.131885849","543.131877307","1757847.5","-9999","293265.7","11.25","-1","0.015727046","0.499977561","0.742885034","0.59714055","23","0.03125","0.75","N4 S2 O1","de-protonated","0","-9999","C32 H24 O1 N4 S2","32","24","1","4","-9999","2","-9999","-9999","-9999"
"3443","543.131831","543.131885849","543.132010249","1757847.5","-9999","293265.7","11.25","-1","-0.229041684","0.990526346","0","0.594315807","10","0.428571429","1.380952381","N4 S1 P1 O9","de-protonated","0","-9999","C21 H29 O9 N4 P1 S1","21","29","9","4","1","1","-9999","-9999","-9999"
"3444","543.136226","543.136280847","543.13668445","1432986.8","-9999","362500.3","8.88","-1","-0.743095175","0.452330844","0.73113591","0.563852871","23","0.147058824","0.735294118","P1 O5","de-protonated","0","-9999","C34 H25 O5 P1","34","25","5","-9999","1","-9999","-9999","-9999","-9999"
"3444","543.136226","543.136280847","543.136413124","1432986.8","-9999","362500.3","8.88","-1","-0.243541192","0.989295564","0","0.593577338","9","0.416666667","1.333333333","S2 O10","de-protonated","0","-9999","C24 H32 O10 S2","24","32","10","-9999","-9999","2","-9999","-9999","-9999"
"3444","543.136226","543.136280847","543.136033001","1432986.8","-9999","362500.3","8.88","-1","0.45632478","0.962921412","0","0.577752847","14","0.269230769","1.115384615","N2 S1 P1 O7","de-protonated","0","-9999","C26 H29 O7 N2 P1 S1","26","29","7","2","1","1","-9999","-9999","-9999"
"3445","543.14423","543.144284844","543.14427521","3265952.5","-9999","338134.7","22.25","-1","0.017739019","0.499971452","0.780512821","0.612188","14","0.346153846","1.076923077","N2 S1 O9","de-protonated","0","-9999","C26 H28 O9 N2 S1","26","28","9","2","-9999","1","-9999","-9999","-9999"
"3445","543.14423","543.144284844","543.144764467","3265952.5","-9999","338134.7","22.25","-1","-0.883047274","0.434032495","0.761234226","0.564913187","18","0.034482759","1","N4 S2 P1 O1","de-protonated","0","-9999","C29 H29 O1 N4 P1 S2","29","29","1","4","1","2","-9999","-9999","-9999"
"3445","543.14423","543.144284844","543.143895087","3265952.5","-9999","338134.7","22.25","-1","0.717595042","0.455398305","0.767553728","0.580260474","19","0.214285714","0.892857143","N4 P1 O6","de-protonated","0","-9999","C28 H25 O6 N4 P1","28","25","6","4","1","-9999","-9999","-9999","-9999"
"3446","543.159549","543.159603838","543.159531351","3426731.8","-9999","342024.2","23.43","-1","0.133455514","0.498386774","0.755017935","0.601039238","18","0.2","0.933333333","N2 S1 O6","de-protonated","0","-9999","C30 H28 O6 N2 S1","30","28","6","2","-9999","1","-9999","-9999","-9999"
"3446","543.159549","543.159603838","543.159664293","3426731.8","-9999","342024.2","23.43","-1","-0.111300783","0.498877381","0.829532115","0.631139275","5","0.736842105","1.736842105","N2 P1 O14","de-protonated","0","-9999","C19 H33 O14 N2 P1","19","33","14","2","1","-9999","-9999","-9999","-9999"
"3446","543.159549","543.159603838","543.159151228","3426731.8","-9999","342024.2","23.43","-1","0.833291961","0.440810279","0.742885034","0.561640181","23","0.09375","0.78125","N4 P1 O3","de-protonated","0","-9999","C32 H25 O3 N4 P1","32","25","3","4","1","-9999","-9999","-9999","-9999"
"3447","543.172542","543.17259683299994","543.173069959","2023349.4","-9999","274875.8","13.19","-1","-0.871040309","0.435694341","0.725399619","0.551576452","22","0.114285714","0.828571429","P1 O4","de-protonated","0","-9999","C35 H29 O4 P1","35","29","4","-9999","1","-9999","-9999","-9999","-9999"
"3447","543.172542","543.17259683299994","543.172798633","2023349.4","-9999","274875.8","13.19","-1","-0.371519854","0.487633101","0.787157861","0.607443005","8","0.36","1.44","S2 O9","de-protonated","0","-9999","C25 H36 O9 S2","25","36","9","-9999","-9999","2","-9999","-9999","-9999"
"3447","543.172542","543.17259683299994","543.17241851000006","2023349.4","-9999","274875.8","13.19","-1","0.328299146","0.490316695","0.773979033","0.60378163","13","0.222222222","1.222222222","N2 S1 P1 O6","de-protonated","0","-9999","C27 H33 O6 N2 P1 S1","27","33","6","2","1","1","-9999","-9999","-9999"
"3448","543.180659","543.18071383","543.180660719","2155451.5","-9999","333649","14.15","-1","0.097778543","0.499133369","0.773979033","0.609071635","13","0.296296296","1.185185185","N2 S1 O8","de-protonated","0","-9999","C27 H32 O8 N2 S1","27","32","8","2","-9999","1","-9999","-9999","-9999"
"3448","543.180659","543.18071383","543.180280596","2155451.5","-9999","333649","14.15","-1","0.797587742","0.445492408","0.761234226","0.571789135","18","0.172413793","1","N4 P1 O5","de-protonated","0","-9999","C29 H29 O5 N4 P1","29","29","5","4","1","-9999","-9999","-9999","-9999"
"3449","543.184502","543.184556829","543.184683471","1205438.3","-9999","312813.3","7.22","-1","-0.233147355","0.99018535","0","0.59411121","17","0.1875","1","S1 O6","de-protonated","0","-9999","C32 H32 O6 S1","32","32","6","-9999","-9999","1","-9999","-9999","-9999"
"3449","543.184502","543.184556829","543.184816413","1205438.3","-9999","312813.3","7.22","-1","-0.477892228","0.959407446","0","0.575644467","4","0.666666667","1.761904762","P1 O14","de-protonated","0","-9999","C21 H37 O14 P1","21","37","14","-9999","1","-9999","-9999","-9999","-9999"
"3449","543.184502","543.184556829","543.184303348","1205438.3","-9999","312813.3","7.22","-1","0.46665643","0.961256729","0","0.576754037","22","0.088235294","0.852941176","N2 P1 O3","de-protonated","0","-9999","C34 H29 O3 N2 P1","34","29","3","2","1","-9999","-9999","-9999","-9999"
"3449","543.184502","543.184556829","543.184032022","1205438.3","-9999","312813.3","7.22","-1","0.966167223","0.844189269","0","0.506513562","8","0.333333333","1.5","N2 S2 O8","de-protonated","0","-9999","C24 H36 O8 N2 S2","24","36","8","2","-9999","2","-9999","-9999","-9999"
"3450","543.19032","543.190374827","543.190556698","4183490.5","-9999","332720.2","28.95","-1","-0.334820054","0.489932139","0.787157861","0.608822428","8","0.44","1.44","S1 O11","de-protonated","0","-9999","C25 H36 O11 S1","25","36","11","-9999","-9999","1","-9999","-9999","-9999"
"3450","543.19032","543.190374827","543.190176575","4183490.5","-9999","332720.2","28.95","-1","0.364976093","0.488059714","0.773979033","0.602427442","13","0.296296296","1.222222222","N2 P1 O8","de-protonated","0","-9999","C27 H33 O8 N2 P1","27","33","8","2","1","-9999","-9999","-9999","-9999"
"3451","543.195952","543.196006824","543.19591686","2777542.8","-9999","362711.5","18.69","-1","0.165620191","0.49751761","0.748902347","0.598071504","17","0.161290323","1.032258065","N2 S1 O5","de-protonated","0","-9999","C31 H32 O5 N2 S1","31","32","5","2","-9999","1","-9999","-9999","-9999"
"3451","543.195952","543.196006824","543.196049802","2777542.8","-9999","362711.5","18.69","-1","-0.079119718","0.499432394","0.822155738","0.628521732","4","0.65","1.85","N2 P1 O13","de-protonated","0","-9999","C20 H37 O13 N2 P1","20","37","13","2","1","-9999","-9999","-9999","-9999"
"3451","543.195952","543.196006824","543.195536738","2777542.8","-9999","362711.5","18.69","-1","0.865409783","0.436467969","0.736963647","0.55666624","22","0.060606061","0.878787879","N4 P1 O2","de-protonated","0","-9999","C33 H29 O2 N4 P1","33","29","2","4","1","-9999","-9999","-9999","-9999"
"3452","543.209187","543.209241819","543.209455468","1295312.4","-9999","309377.2","7.88","-1","-0.393308977","0.486160807","0.719752637","0.579597539","21","0.083333333","0.916666667","P1 O3","de-protonated","0","-9999","C36 H33 O3 P1","36","33","3","-9999","1","-9999","-9999","-9999","-9999"
"3452","543.209187","543.209241819","543.209184142","1295312.4","-9999","309377.2","7.88","-1","0.106178258","0.997956471","0","0.598773882","7","0.307692308","1.538461538","S2 O8","de-protonated","0","-9999","C26 H40 O8 S2","26","40","8","-9999","-9999","2","-9999","-9999","-9999"
"3452","543.209187","543.209241819","543.20880402","1295312.4","-9999","309377.2","7.88","-1","0.805950717","0.888819426","0","0.533291656","12","0.178571429","1.321428571","N2 S1 P1 O5","de-protonated","0","-9999","C28 H37 O5 N2 P1 S1","28","37","5","2","1","1","-9999","-9999","-9999"
"3452","543.209187","543.209241819","543.209652173","1295312.4","-9999","309377.2","7.88","-1","-0.755424068","0.901634087","0","0.540980452","13","0.346153846","1.230769231","N4 O9","de-protonated","0","-9999","C26 H32 O9 N4","26","32","9","4","-9999","-9999","-9999","-9999","-9999"
"3453","543.230017","543.230071811","543.230584836","1652703.6","-9999","337487.7","10.48","-1","-0.944396877","0.425292281","0.736963647","0.549960828","16","0.151515152","1.121212121","P1 O5","de-protonated","0","-9999","C33 H37 O5 P1","33","37","5","-9999","1","-9999","-9999","-9999","-9999"
"3453","543.230017","543.230071811","543.23031351","1652703.6","-9999","337487.7","10.48","-1","-0.444929345","0.9647175","0","0.5788305","2","0.434782609","1.913043478","S2 O10","de-protonated","0","-9999","C23 H44 O10 S2","23","44","10","-9999","-9999","2","-9999","-9999","-9999"
"3453","543.230017","543.230071811","543.229933388","1652703.6","-9999","337487.7","10.48","-1","0.25481551","0.988287497","0","0.592972498","7","0.28","1.64","N2 S1 P1 O7","de-protonated","0","-9999","C25 H41 O7 N2 P1 S1","25","41","7","2","1","1","-9999","-9999","-9999"
"3454","543.232376","543.23243081","543.232953818","1624033.3","-9999","338633.3","10.27","-1","-0.962769095","0.422596954","0.698017357","0.532765115","25","0.05","0.8","O2","de-protonated","0","-9999","C40 H32 O2","40","32","2","-9999","-9999","-9999","-9999","-9999","-9999"
"3454","543.232376","543.23243081","543.232302369","1624033.3","-9999","338633.3","10.27","-1","0.236438039","0.494953878","0.742885034","0.59412634","16","0.125","1.125","N2 S1 O4","de-protonated","0","-9999","C32 H36 O4 N2 S1","32","36","4","2","-9999","1","-9999","-9999","-9999"
"3454","543.232376","543.23243081","543.232435311","1624033.3","-9999","338633.3","10.27","-1","-0.008285495","0.999987544","0","0.599992526","3","0.571428571","1.952380952","N2 P1 O12","de-protonated","0","-9999","C21 H41 O12 N2 P1","21","41","12","2","1","-9999","-9999","-9999","-9999"
"3454","543.232376","543.23243081","543.23192224700006","1624033.3","-9999","338633.3","10.27","-1","0.936180809","0.870409723","0.471074657","0.710675697","21","0.029411765","0.970588235","N4 P1 O1","de-protonated","0","-9999","C34 H33 O1 N4 P1","34","33","1","4","1","-9999","-9999","-9999","-9999"
"3455","543.281303","543.281357791","543.281085781","1845765.4","-9999","340683.7","11.89","-1","0.500680592","0.47776661","0.773979033","0.596251579","6","0.407407407","1.62962963","O11","de-protonated","0","-9999","C27 H44 O11","27","44","11","-9999","-9999","-9999","-9999","-9999","-9999"
"3455","543.281303","543.281357791","543.281575038","1845765.4","-9999","340683.7","11.89","-1","-0.399879297","0.485701301","0.755017935","0.593427954","10","0.1","1.5","N2 S1 P1 O3","de-protonated","0","-9999","C30 H45 O3 N2 P1 S1","30","45","3","2","1","1","-9999","-9999","-9999"
"3455","543.281303","543.281357791","543.28092359","1845765.4","-9999","340683.7","11.89","-1","0.799221189","0.890563236","0","0.534337942","1","0.227272727","2.227272727","N4 S2 P1 O5","de-protonated","0","-9999","C22 H49 O5 N4 P1 S2","22","49","5","4","1","2","-9999","-9999","-9999"
"3456","543.284431","543.28448579","543.284457084","1186567.5","-9999","352410","7.08","-1","0.052837452","0.999493561","0","0.599696136","1","0.458333333","2","S1 O11","de-protonated","0","-9999","C24 H48 O11 S1","24","48","11","-9999","-9999","1","-9999","-9999","-9999"
"3456","543.284431","543.28448579","543.284946342","1186567.5","-9999","352410","7.08","-1","-0.847716445","0.877750205","0","0.526650123","5","0.111111111","1.814814815","N2 S2 P1 O3","de-protonated","0","-9999","C27 H49 O3 N2 P1 S2","27","49","3","2","1","2","-9999","-9999","-9999"
"3456","543.284431","543.28448579","543.284076962","1186567.5","-9999","352410","7.08","-1","0.752512919","0.902352551","0","0.541411531","6","0.307692308","1.730769231","N2 P1 O8","de-protonated","0","-9999","C26 H45 O8 N2 P1","26","45","8","2","1","-9999","-9999","-9999","-9999"
"3457","543.287135","543.287189789","543.287448265","7602697.5","-9999","328239.7","53.89","-1","-0.475763023","0.943997211","0.995294887","0.964516281","1","0.347826087","2.130434783","N2 S1 P1 O8","de-protonated","0","-9999","C23 H49 O8 N2 P1 S1","23","49","8","2","1","1","-9999","-9999","-9999"
"3459","544.117979","544.118033468","544.117769211","1310829.3","-9999","290455.3","7.99","-1","0.485661842","0.958105066","0.964154835","0.960524974","15","0.5","0.923076923","13C1 O13","de-protonated","1","3440","C25 H24 O13 13C1","25","24","13","-9999","-9999","-9999","1","-9999","-9999"
"3459","544.117979","544.118033468","544.11754666","1310829.3","-9999","290455.3","7.99","-1","0.894673294","0.864815714","0","0.518889429","18","0.1","0.933333333","N1 S2 P1 O3","de-protonated","0","-9999","C30 H28 O3 N1 P1 S2","30","28","3","1","1","2","-9999","-9999","-9999"
"3459","544.117979","544.118033468","544.118258468","1310829.3","-9999","290455.3","7.99","-1","-0.413513254","0.969449889","0.98343343","0.975043305","19","0.172413793","0.862068966","13C1 N2 S1 P1 O5","de-protonated","1","3440","C28 H25 O5 N2 P1 S1 13C1","28","25","5","2","1","1","1","-9999","-9999"
"3459","544.117979","544.118033468","544.118394814","1310829.3","-9999","290455.3","7.99","-1","-0.664093946","0.923095448","0","0.553857269","19","0.25","0.821428571","N3 S1 O7","de-protonated","0","-9999","C28 H23 O7 N3 S1","28","23","7","3","-9999","1","-9999","-9999","-9999"
"3459","544.117979","544.118033468","544.118527755","1310829.3","-9999","290455.3","7.99","-1","-0.90841873","0.860935304","0","0.516561183","6","0.882352941","1.647058824","N3 P1 O15","de-protonated","0","-9999","C17 H28 O15 N3 P1","17","28","15","3","1","-9999","-9999","-9999","-9999"
"3459","544.117979","544.118033468","544.117607019","1310829.3","-9999","290455.3","7.99","-1","0.783743372","0.894531177","0.929758265","0.908622013","10","0.333333333","1.380952381","13C1 N4 S2 P1 O7","de-protonated","1","3440","C20 H29 O7 N4 P1 S2 13C1","20","29","7","4","1","2","1","-9999","-9999"
"3460","544.228672","544.228726425","544.22820279","1465022.9","-9999","307027.3","9.11","-1","0.962160254","0.42268683","0.703327172","0.534942967","25","0.051282051","0.794871795","N1 O2","de-protonated","0","-9999","C39 H31 O2 N1","39","31","2","1","-9999","-9999","-9999","-9999","-9999"
"3460","544.228672","544.228726425","544.229205112","1465022.9","-9999","307027.3","9.11","-1","-0.879568479","0.86903134","0","0.521418804","11","0.172413793","1.379310345","N1 S1 P1 O5","de-protonated","0","-9999","C29 H40 O5 N1 P1 S1","29","40","5","1","1","1","-9999","-9999","-9999"
"3460","544.228672","544.228726425","544.228553663","1465022.9","-9999","307027.3","9.11","-1","0.317443516","0.981881496","0","0.589128898","2","0.333333333","2.095238095","N3 S2 P1 O7","de-protonated","0","-9999","C21 H44 O7 N3 P1 S2","21","44","7","3","1","2","-9999","-9999","-9999"
"3461","544.234782","544.234836423","544.234945397","6407363.5","-9999","355942.3","45.16","-1","-0.200233846","0.653858044","0.865650257","0.738574929","15","0.060606061","1.181818182","N1 S2 O2","de-protonated","0","-9999","C33 H39 O2 N1 S2","33","39","2","1","-9999","2","-9999","-9999","-9999"
"3461","544.234782","544.234836423","544.235078339","6407363.5","-9999","355942.3","45.16","-1","-0.44450642","0.979653043","0.98206926","0.98061953","2","0.454545455","2","N1 S1 P1 O10","de-protonated","0","-9999","C22 H44 O10 N1 P1 S1","22","44","10","1","1","1","-9999","-9999","-9999"
"3461","544.234782","544.234836423","544.235277082","6407363.5","-9999","355942.3","45.16","-1","-0.809685268","0.887846877","0.471074657","0.721137989","21","0.029411765","0.970588235","13C1 N4 P1 O1","de-protonated","1","3454","C33 H33 O1 N4 P1 13C1","33","33","1","4","1","-9999","1","-9999","-9999"
"3462","544.2904","544.290454401","544.290091293","1947372.4","-9999","357950.5","12.63","-1","0.667123209","0.461210128","0.793917021","0.594292885","0","0.25","2.166666667","N1 S2 P1 O6","de-protonated","0","-9999","C24 H52 O6 N1 P1 S2","24","52","6","1","1","2","-9999","-9999","-9999"
"3462","544.2904","544.290454401","544.2908031","1947372.4","-9999","357950.5","12.63","-1","-0.640648336","0.92823343","0.995294887","0.955058013","1","0.347826087","2.130434783","13C1 N2 S1 P1 O8","de-protonated","1","3457","C22 H49 O8 N2 P1 S1 13C1","22","49","8","2","1","1","1","-9999","-9999"
"3462","544.2904","544.290454401","544.290939446","1947372.4","-9999","357950.5","12.63","-1","-0.891149535","0.865803744","0","0.519482247","1","0.454545455","2.136363636","N3 S1 O10","de-protonated","0","-9999","C22 H47 O10 N3 S1","22","47","10","3","-9999","1","-9999","-9999","-9999"
"3467","545.029682","545.029736115","545.029639378","1599247","-9999","355530.1","10.08","-1","0.177490542","0.994300148","0","0.596580089","21","0.384615385","0.538461538","N2 S1 O10","de-protonated","0","-9999","C26 H14 O10 N2 S1","26","14","10","2","-9999","1","-9999","-9999","-9999"
"3467","545.029682","545.029736115","545.030128635","1599247","-9999","355530.1","10.08","-1","-0.720179901","0.455091314","0.761234226","0.577548478","25","0.068965517","0.517241379","N4 S2 P1 O2","de-protonated","0","-9999","C29 H15 O2 N4 P1 S2","29","15","2","4","1","2","-9999","-9999","-9999"
"3467","545.029682","545.029736115","545.029259255","1599247","-9999","355530.1","10.08","-1","0.874925736","0.870316735","0","0.522190041","26","0.25","0.392857143","N4 P1 O7","de-protonated","0","-9999","C28 H11 O7 N4 P1","28","11","7","4","1","-9999","-9999","-9999","-9999"
"3468","545.059915","545.059969104","545.06015166","1330725.3","-9999","296175.2","8.13","-1","-0.334929386","0.48992563","0.73113591","0.586409742","29","0.117647059","0.411764706","N2 S1 O4","de-protonated","0","-9999","C34 H14 O4 N2 S1","34","14","4","2","-9999","1","-9999","-9999","-9999"
"3468","545.059915","545.059969104","545.060284602","1330725.3","-9999","296175.2","8.13","-1","-0.578832104","0.941017289","0","0.564610374","16","0.52173913","0.826086957","N2 P1 O12","de-protonated","0","-9999","C23 H19 O12 N2 P1","23","19","12","2","1","-9999","-9999","-9999","-9999"
"3468","545.059915","545.059969104","545.059771538","1330725.3","-9999","296175.2","8.13","-1","0.362466409","0.488221417","0.719752637","0.580833905","34","0.027777778","0.305555556","N4 P1 O1","de-protonated","0","-9999","C36 H11 O1 N4 P1","36","11","1","4","1","-9999","-9999","-9999","-9999"
"3468","545.059915","545.059969104","545.059500212","1330725.3","-9999","296175.2","8.13","-1","0.860258409","0.874345119","0","0.524607072","20","0.230769231","0.692307692","N4 S2 O6","de-protonated","0","-9999","C26 H18 O6 N4 S2","26","18","6","4","-9999","2","-9999","-9999","-9999"
"3468","545.059915","545.059969104","545.059633153","1330725.3","-9999","296175.2","8.13","-1","0.616355107","0.933390897","0","0.560034538","7","0.933333333","1.533333333","N4 S1 P1 O14","de-protonated","0","-9999","C15 H23 O14 N4 P1 S1","15","23","14","4","1","1","-9999","-9999","-9999"
"3469","545.062982","545.063036103","545.063522964","1184551.6","-9999","420693.9","7.06","-1","-0.893219133","0.865223784","0","0.51913427","24","0.129032258","0.580645161","N2 S2 O4","de-protonated","0","-9999","C31 H18 O4 N2 S2","31","18","4","2","-9999","2","-9999","-9999","-9999"
"3469","545.062982","545.063036103","545.062653584","1184551.6","-9999","420693.9","7.06","-1","0.701788501","0.91451193","0","0.548707158","25","0.3","0.466666667","N2 O9","de-protonated","0","-9999","C30 H14 O9 N2","30","14","9","2","-9999","-9999","-9999","-9999","-9999"
"3469","545.062982","545.063036103","545.063142841","1184551.6","-9999","420693.9","7.06","-1","-0.195828041","0.993065846","0","0.595839508","29","0.03030303","0.454545455","N4 S1 P1 O1","de-protonated","0","-9999","C33 H15 O1 N4 P1 S1","33","15","1","4","1","1","-9999","-9999","-9999"
"3470","545.066066","545.066120101","545.066024887","4615978","-9999","361877.9","32.09","-1","0.17468377400000001","0.497239249","0.773979033","0.607935163","20","0.333333333","0.666666667","N2 S1 O9","de-protonated","0","-9999","C27 H18 O9 N2 S1","27","18","9","2","-9999","1","-9999","-9999","-9999"
"3470","545.066066","545.066120101","545.066514145","4615978","-9999","361877.9","32.09","-1","-0.722926743","0.454764102","0.755017935","0.574865635","24","0.033333333","0.633333333","N4 S2 P1 O1","de-protonated","0","-9999","C30 H19 O1 N4 P1 S2","30","19","1","4","1","2","-9999","-9999","-9999"
"3470","545.066066","545.066120101","545.065644765","4615978","-9999","361877.9","32.09","-1","0.87207241","0.435552137","0.761234226","0.565824972","25","0.206896552","0.517241379","N4 P1 O6","de-protonated","0","-9999","C29 H15 O6 N4 P1","29","15","6","4","1","-9999","-9999","-9999","-9999"
"3471","545.075104","545.075158098","545.075407802","1443888.8","-9999","319184.1","8.95","-1","-0.458108768","0.481318213","0.70871839","0.572278283","33","0.026315789","0.368421053","N2 S1 O1","de-protonated","0","-9999","C38 H14 O1 N2 S1","38","14","1","2","-9999","1","-9999","-9999","-9999"
"3471","545.075104","545.075158098","545.075540743","1443888.8","-9999","319184.1","8.95","-1","-0.70200463","0.914461586","0","0.548676951","20","0.333333333","0.703703704","N2 P1 O9","de-protonated","0","-9999","C27 H19 O9 N2 P1","27","19","9","2","1","-9999","-9999","-9999","-9999"
"3471","545.075104","545.075158098","545.075269417","1443888.8","-9999","319184.1","8.95","-1","-0.204227562","0.992460541","0","0.595476324","6","0.823529412","1.529411765","N2 S2 O14","de-protonated","0","-9999","C17 H26 O14 N2 S2","17","26","14","2","-9999","2","-9999","-9999","-9999"
"3471","545.075104","545.075158098","545.074756353","1443888.8","-9999","319184.1","8.95","-1","0.737045427","0.906132758","0","0.543679655","24","0.1","0.6","N4 S2 O3","de-protonated","0","-9999","C30 H18 O3 N4 S2","30","18","3","4","-9999","2","-9999","-9999","-9999"
"3471","545.075104","545.075158098","545.074889295","1443888.8","-9999","319184.1","8.95","-1","0.493148981","0.956831877","0","0.574099126","11","0.578947368","1.210526316","N4 S1 P1 O11","de-protonated","0","-9999","C19 H23 O11 N4 P1 S1","19","23","11","4","1","1","-9999","-9999","-9999"
"3472","545.087196","545.087250093","545.087154255","2708281.5","-9999","348242.6","18.17","-1","0.175821354","0.497203276","0.793917021","0.615888774","15","0.458333333","0.916666667","N2 S1 O11","de-protonated","0","-9999","C24 H22 O11 N2 S1","24","22","11","2","-9999","1","-9999","-9999","-9999"
"3472","545.087196","545.087250093","545.087643513","2708281.5","-9999","348242.6","18.17","-1","-0.721754369","0.454903882","0.773979033","0.582533943","19","0.111111111","0.851851852","N4 S2 P1 O3","de-protonated","0","-9999","C27 H23 O3 N4 P1 S2","27","23","3","4","1","2","-9999","-9999","-9999"
"3472","545.087196","545.087250093","545.086774133","2708281.5","-9999","348242.6","18.17","-1","0.873182958","0.435398988","0.780512821","0.573444521","20","0.307692308","0.730769231","N4 P1 O8","de-protonated","0","-9999","C26 H19 O8 N4 P1","26","19","8","4","1","-9999","-9999","-9999","-9999"
"3473","545.093672","545.093726091","545.093678931","1486398.4","-9999","253954.2","9.26","-1","0.086517254","0.998642736","0","0.599185641","15","0.56","0.88","O14","de-protonated","0","-9999","C25 H22 O14","25","22","14","-9999","-9999","-9999","-9999","-9999","-9999"
"3473","545.093672","545.093726091","545.094168188","1486398.4","-9999","253954.2","9.26","-1","-0.811047646","0.887491234","0","0.532494741","19","0.214285714","0.821428571","N2 S1 P1 O6","de-protonated","0","-9999","C28 H23 O6 N2 P1 S1","28","23","6","2","1","1","-9999","-9999","-9999"
"3473","545.093672","545.093726091","545.093516739","1486398.4","-9999","253954.2","9.26","-1","0.384064994","0.973590247","0","0.584154148","10","0.4","1.35","N4 S2 P1 O8","de-protonated","0","-9999","C20 H27 O8 N4 P1 S2","20","27","8","4","1","2","-9999","-9999","-9999"
"3474","545.096518","545.09657209","545.097050234","2000704.5","-9999","392471.4","13.01","-1","-0.877172995","0.869695169","0","0.521817101","10","0.636363636","1.181818182","S1 O14","de-protonated","0","-9999","C22 H26 O14 S1","22","26","14","-9999","-9999","1","-9999","-9999","-9999"
"3474","545.096518","545.09657209","545.09653717","2000704.5","-9999","392471.4","13.01","-1","0.06406175","0.499627814","0.725399619","0.589936536","28","0.085714286","0.514285714","N2 S1 O3","de-protonated","0","-9999","C35 H18 O3 N2 S1","35","18","3","2","-9999","1","-9999","-9999","-9999"
"3474","545.096518","545.09657209","545.096670112","2000704.5","-9999","392471.4","13.01","-1","-0.179824786","0.497074841","0.793917021","0.615811713","15","0.458333333","0.958333333","N2 P1 O11","de-protonated","0","-9999","C24 H23 O11 N2 P1","24","23","11","2","1","-9999","-9999","-9999","-9999"
"3475","545.099832","545.099886088","545.100421537","1185090.9","-9999","533490.7","7.06","-1","-0.982294256","0.839389698","0","0.503633819","5","0.736842105","1.578947368","S2 O14","de-protonated","0","-9999","C19 H30 O14 S2","19","30","14","-9999","-9999","2","-9999","-9999","-9999"
"3475","545.099832","545.099886088","545.099908473","1185090.9","-9999","533490.7","7.06","-1","-0.041065432","0.999694057","0","0.599816434","23","0.09375","0.6875","N2 S2 O3","de-protonated","0","-9999","C32 H22 O3 N2 S2","32","22","3","2","-9999","2","-9999","-9999","-9999"
"3475","545.099832","545.099886088","545.100041415","1185090.9","-9999","533490.7","7.06","-1","-0.284950433","0.985374957","0","0.591224974","10","0.523809524","1.285714286","N2 S1 P1 O11","de-protonated","0","-9999","C21 H27 O11 N2 P1 S1","21","27","11","2","1","1","-9999","-9999","-9999"
"3476","545.102509","545.102563087","545.103061845","4976453","-9999","347146.6","34.72","-1","-0.914979135","0.429534322","0.719752637","0.545621648","28","0.166666667","0.5","O6","de-protonated","0","-9999","C36 H18 O6","36","18","6","-9999","-9999","-9999","-9999","-9999","-9999"
"3476","545.102509","545.102563087","545.102410397","4976453","-9999","347146.6","34.72","-1","0.280113881","0.49293185900000003","0.767553728","0.602780607","19","0.285714286","0.785714286","N2 S1 O8","de-protonated","0","-9999","C28 H22 O8 N2 S1","28","22","8","2","-9999","1","-9999","-9999","-9999"
"3476","545.102509","545.102563087","545.102543338","4976453","-9999","347146.6","34.72","-1","0.036229921","0.499880929","0.844689208","0.63780424","6","0.941176471","1.588235294","N2 P1 O16","de-protonated","0","-9999","C17 H27 O16 N2 P1","17","27","16","2","1","-9999","-9999","-9999","-9999"
"3476","545.102509","545.102563087","545.102030274","4976453","-9999","347146.6","34.72","-1","0.97745604","0.420417531","0.755017935","0.554257692","24","0.166666667","0.633333333","N4 P1 O5","de-protonated","0","-9999","C30 H19 O5 N4 P1","30","19","5","4","1","-9999","-9999","-9999","-9999"
"3477","545.111679","545.111733084","545.111926253","1751883.8","-9999","350381.5","11.2","-1","-0.354365835","0.488736091","0.767553728","0.600263146","19","0.285714286","0.821428571","N2 P1 O8","de-protonated","0","-9999","C28 H23 O8 N2 P1","28","23","8","2","1","-9999","-9999","-9999","-9999"
"3477","545.111679","545.111733084","545.111654927","1751883.8","-9999","350381.5","11.2","-1","0.14337818","0.996276853","0","0.597766112","5","0.722222222","1.666666667","N2 S2 O13","de-protonated","0","-9999","C18 H30 O13 N2 S2","18","30","13","2","-9999","2","-9999","-9999","-9999"
"3477","545.111679","545.111733084","545.111274804","1751883.8","-9999","350381.5","11.2","-1","0.840708417","0.879636756","0","0.527782054","10","0.5","1.35","N4 S1 P1 O10","de-protonated","0","-9999","C20 H27 O10 N4 P1 S1","20","27","10","4","1","1","-9999","-9999","-9999"
"3478","545.123537","545.123591079","545.123539765","2287444.5","-9999","381642.6","15.1","-1","0.094133823","0.499196722","0.787157861","0.614381177","14","0.4","1.04","N2 S1 O10","de-protonated","0","-9999","C25 H26 O10 N2 S1","25","26","10","2","-9999","1","-9999","-9999","-9999"
"3478","545.123537","545.123591079","545.124029022","2287444.5","-9999","381642.6","15.1","-1","-0.803381916","0.444743198","0.767553728","0.57386741","18","0.071428571","0.964285714","N4 S2 P1 O2","de-protonated","0","-9999","C28 H27 O2 N4 P1 S2","28","27","2","4","1","2","-9999","-9999","-9999"
"3478","545.123537","545.123591079","545.123159642","2287444.5","-9999","381642.6","15.1","-1","0.791448823","0.446281639","0.773979033","0.577360597","19","0.259259259","0.851851852","N4 P1 O7","de-protonated","0","-9999","C27 H23 O7 N4 P1","27","23","7","4","1","-9999","-9999","-9999","-9999"
"3479","545.133206","545.133260075","545.133435743","1281115.6","-9999","262562.3","7.76","-1","-0.322247607","0.981334136","0","0.588800481","9","0.565217391","1.304347826","S1 O13","de-protonated","0","-9999","C23 H30 O13 S1","23","30","13","-9999","-9999","1","-9999","-9999","-9999"
"3479","545.133206","545.133260075","545.132922679","1281115.6","-9999","262562.3","7.76","-1","0.618924836","0.466426719","0.719752637","0.567757086","27","0.055555556","0.611111111","N2 S1 O2","de-protonated","0","-9999","C36 H22 O2 N2 S1","36","22","2","2","-9999","1","-9999","-9999","-9999"
"3479","545.133206","545.133260075","545.133055621","1281115.6","-9999","262562.3","7.76","-1","0.375054444","0.974799343","0","0.584879606","14","0.4","1.08","N2 P1 O10","de-protonated","0","-9999","C25 H27 O10 N2 P1","25","27","10","2","1","-9999","-9999","-9999","-9999"
"3480","545.138924","545.138978073","545.139447355","4314976","-9999","347323.5","29.89","-1","-0.860846445","0.437092285","0.714192896","0.54793253","27","0.135135135","0.594594595","O5","de-protonated","0","-9999","C37 H22 O5","37","22","5","-9999","-9999","-9999","-9999","-9999","-9999"
"3480","545.138924","545.138978073","545.138795906","4314976","-9999","347323.5","29.89","-1","0.334166869","0.989926782","0.983667142","0.987422926","18","0.24137931","0.896551724","N2 S1 O7","de-protonated","0","-9999","C29 H26 O7 N2 S1","29","26","7","2","-9999","1","-9999","-9999","-9999"
"3480","545.138924","545.138978073","545.138928848","4314976","-9999","347323.5","29.89","-1","0.090299173","0.992906633","0.907859317","0.958887707","5","0.833333333","1.722222222","N2 P1 O15","de-protonated","0","-9999","C18 H31 O15 N2 P1","18","31","15","2","1","-9999","-9999","-9999","-9999"
"3481","545.151985","545.152039068","545.152334514","1607785.6","-9999","322676","10.15","-1","-0.541951223","0.474050853","0.73113591","0.576884876","22","0.147058824","0.794117647","P1 O5","de-protonated","0","-9999","C34 H27 O5 P1","34","27","5","-9999","1","-9999","-9999","-9999","-9999"
"3481","545.151985","545.152039068","545.152063188","1607785.6","-9999","322676","10.15","-1","-0.044244196","0.999644868","0","0.599786921","8","0.416666667","1.416666667","S2 O10","de-protonated","0","-9999","C24 H34 O10 S2","24","34","10","-9999","-9999","2","-9999","-9999","-9999"
"3481","545.151985","545.152039068","545.151683065","1607785.6","-9999","322676","10.15","-1","0.653034222","0.92553858","0","0.555323148","13","0.269230769","1.192307692","N2 S1 P1 O7","de-protonated","0","-9999","C26 H31 O7 N2 P1 S1","26","31","7","2","1","1","-9999","-9999","-9999"
"3481","545.151985","545.152039068","545.152531219","1607785.6","-9999","322676","10.15","-1","-0.902775712","0.862533403","0","0.517520042","14","0.458333333","1.083333333","N4 O11","de-protonated","0","-9999","C24 H26 O11 N4","24","26","11","4","-9999","-9999","-9999","-9999","-9999"
"3482","545.175129","545.175183059","545.175181415","3430266.8","-9999","297611.3","23.44","-1","0.003015504","0.499999175","0.755017935","0.602006679","17","0.2","1","N2 S1 O6","de-protonated","0","-9999","C30 H30 O6 N2 S1","30","30","6","2","-9999","1","-9999","-9999","-9999"
"3482","545.175129","545.175183059","545.175314357","3430266.8","-9999","297611.3","23.44","-1","-0.240835835","0.494765409","0.829532115","0.628672092","4","0.736842105","1.842105263","N2 P1 O14","de-protonated","0","-9999","C19 H35 O14 N2 P1","19","35","14","2","1","-9999","-9999","-9999","-9999"
"3482","545.175129","545.175183059","545.174801293","3430266.8","-9999","297611.3","23.44","-1","0.700264387","0.457433294","0.742885034","0.57161399","22","0.09375","0.84375","N4 P1 O3","de-protonated","0","-9999","C32 H27 O3 N4 P1","32","27","3","4","1","-9999","-9999","-9999","-9999"
"3483","545.188502","545.188556054","545.188720024","1275268.8","-9999","383837.2","7.72","-1","-0.300757216","0.983721035","0","0.590232621","21","0.114285714","0.885714286","P1 O4","de-protonated","0","-9999","C35 H31 O4 P1","35","31","4","-9999","1","-9999","-9999","-9999","-9999"
"3483","545.188502","545.188556054","545.188448697","1275268.8","-9999","383837.2","7.72","-1","0.196916715","0.992988805","0","0.595793283","7","0.36","1.52","S2 O9","de-protonated","0","-9999","C25 H38 O9 S2","25","38","9","-9999","-9999","2","-9999","-9999","-9999"
"3483","545.188502","545.188556054","545.188068575","1275268.8","-9999","383837.2","7.72","-1","0.894148765","0.864962963","0","0.518977778","12","0.222222222","1.296296296","N2 S1 P1 O6","de-protonated","0","-9999","C27 H35 O6 N2 P1 S1","27","35","6","2","1","1","-9999","-9999","-9999"
"3483","545.188502","545.188556054","545.188916728","1275268.8","-9999","383837.2","7.72","-1","-0.661557711","0.923658764","0","0.554195258","13","0.4","1.2","N4 O10","de-protonated","0","-9999","C25 H30 O10 N4","25","30","10","4","-9999","-9999","-9999","-9999","-9999"
"3484","545.211689","545.211743045","545.212218373","2545045.8","-9999","282577.4","16.98","-1","-0.871822328","0.435586604","0.703327172","0.542682831","25","0.076923077","0.769230769","O3","de-protonated","0","-9999","C39 H30 O3","39","30","3","-9999","-9999","-9999","-9999","-9999","-9999"
"3484","545.211689","545.211743045","545.211566925","2545045.8","-9999","282577.4","16.98","-1","0.323031471","0.490622037","0.748902347","0.593934161","16","0.161290323","1.096774194","N2 S1 O5","de-protonated","0","-9999","C31 H34 O5 N2 S1","31","34","5","2","-9999","1","-9999","-9999","-9999"
"3484","545.211689","545.211743045","545.211699866","2545045.8","-9999","282577.4","16.98","-1","0.079196328","0.499431295","0.822155738","0.628521073","3","0.65","1.95","N2 P1 O13","de-protonated","0","-9999","C20 H39 O13 N2 P1","20","39","13","2","1","-9999","-9999","-9999","-9999"
"3485","545.238474","545.238528035","545.238300232","1352361.8","-9999","271911.6","8.28","-1","0.417803848","0.645881776","0.865650257","0.733789169","15","0.060606061","1.181818182","13C1 N1 S2 O2","de-protonated","1","3461","C32 H39 O2 N1 S2 13C1","32","39","2","1","-9999","2","1","-9999","-9999"
"3485","545.238474","545.238528035","545.238433174","1352361.8","-9999","271911.6","8.28","-1","0.173980637","0.994522737","0.98206926","0.989541346","2","0.454545455","2","13C1 N1 S1 P1 O10","de-protonated","1","3461","C21 H44 O10 N1 P1 S1 13C1","21","44","10","1","1","1","1","-9999","-9999"
"3485","545.238474","545.238528035","545.238569519","1352361.8","-9999","271911.6","8.28","-1","-0.076085392","0.998950147","0","0.599370088","2","0.571428571","2","N2 S1 O12","de-protonated","0","-9999","C21 H42 O12 N2 S1","21","42","12","2","-9999","1","-9999","-9999","-9999"
"3485","545.238474","545.238528035","545.238056455","1352361.8","-9999","271911.6","8.28","-1","0.864905805","0.436537037","0.73113591","0.554376586","20","0.029411765","1","N4 S1 O1","de-protonated","0","-9999","C34 H34 O1 N4 S1","34","34","1","4","-9999","1","-9999","-9999","-9999"
"3485","545.238474","545.238528035","545.239058777","1352361.8","-9999","271911.6","8.28","-1","-0.973411629","0.842039705","0","0.505223823","6","0.166666667","1.791666667","N4 S2 P1 O4","de-protonated","0","-9999","C24 H43 O4 N4 P1 S2","24","43","4","4","1","2","-9999","-9999","-9999"
"3485","545.238474","545.238528035","545.238189397","1352361.8","-9999","271911.6","8.28","-1","0.621082375","0.932400703","0","0.559440422","7","0.391304348","1.695652174","N4 P1 O9","de-protonated","0","-9999","C23 H39 O9 N4 P1","23","39","9","4","1","-9999","-9999","-9999","-9999"
"3486","545.245695","545.245749032","545.246234901","2103471","-9999","235329.4","13.76","-1","-0.891100077","0.432908796","0.736963647","0.554530736","15","0.151515152","1.181818182","P1 O5","de-protonated","0","-9999","C33 H39 O5 P1","33","39","5","-9999","1","-9999","-9999","-9999","-9999"
"3486","545.245695","545.245749032","545.245963575","2103471","-9999","235329.4","13.76","-1","-0.393478936","0.486149011","0.800793265","0.612006713","1","0.434782609","2","S2 O10","de-protonated","0","-9999","C23 H46 O10 S2","23","46","10","-9999","-9999","2","-9999","-9999","-9999"
"3486","545.245695","545.245749032","545.245583452","2103471","-9999","235329.4","13.76","-1","0.303679155","0.49170292","0.787157861","0.609884897","6","0.28","1.72","N2 S1 P1 O7","de-protonated","0","-9999","C25 H43 O7 N2 P1 S1","25","43","7","2","1","1","-9999","-9999","-9999"
"3487","545.24802","545.248074031","545.248603883","1623472.8","-9999","287018.5","10.26","-1","-0.971761462","0.421265136","0.698017357","0.531966025","24","0.05","0.85","O2","de-protonated","0","-9999","C40 H34 O2","40","34","2","-9999","-9999","-9999","-9999","-9999","-9999"
"3487","545.24802","545.248074031","545.247952434","1623472.8","-9999","287018.5","10.26","-1","0.223012482","0.495508162","0.742885034","0.594458911","15","0.125","1.1875","N2 S1 O4","de-protonated","0","-9999","C32 H38 O4 N2 S1","32","38","4","2","-9999","1","-9999","-9999","-9999"
"3487","545.24802","545.248074031","545.248085376","1623472.8","-9999","287018.5","10.26","-1","-0.020806365","0.999921453","0","0.599952872","2","0.571428571","2.047619048","N2 P1 O12","de-protonated","0","-9999","C21 H43 O12 N2 P1","21","43","12","2","1","-9999","-9999","-9999","-9999"
"3487","545.24802","545.248074031","545.247572311","1623472.8","-9999","287018.5","10.26","-1","0.920168461","0.428792741","0.73113591","0.549730009","20","0.029411765","1.029411765","N4 P1 O1","de-protonated","0","-9999","C34 H35 O1 N4 P1","34","35","1","4","1","-9999","-9999","-9999","-9999"
"3488","545.335136","545.335189997","545.335328145","1533937.4","-9999","430864.1","9.61","-1","-0.253326497","0.494211594","0.755017935","0.59853413","8","0.033333333","1.666666667","N4 S2 O1","de-protonated","0","-9999","C30 H50 O1 N4 S2","30","50","1","4","-9999","2","-9999","-9999","-9999"
"3489","545.341123","545.341176995","545.341472698","4330486","-9999","309815","30.01","-1","-0.542234815","0.96611821","0.982084564","0.972504751","13","0.03030303","1.424242424","N4 P1 O1","de-protonated","0","-9999","C33 H47 O1 N4 P1","33","47","1","4","1","-9999","-9999","-9999","-9999"
"3491","546.142085","546.142138685","546.142150741","1477705","-9999","398989.4","9.19","-1","-0.022074023","0.999911591","0.983667142","0.993413811","18","0.24137931","0.896551724","13C1 N2 S1 O7","de-protonated","1","3480","C28 H26 O7 N2 S1 13C1","28","26","7","2","-9999","1","1","-9999","-9999"
"3491","546.142085","546.142138685","546.142283683","1477705","-9999","398989.4","9.19","-1","-0.265493606","0.987291694","0.907859317","0.955518743","5","0.833333333","1.722222222","13C1 N2 P1 O15","de-protonated","1","3480","C17 H31 O15 N2 P1 13C1","17","31","15","2","1","-9999","1","-9999","-9999"
"3492","546.344612","546.344665607","546.344495848","1406175.8","-9999","390734.2","8.67","-1","0.310717675","0.49131725","0.742885034","0.591944364","7","0.0625","1.65625","N1 S2 O2","de-protonated","0","-9999","C32 H53 O2 N1 S2","32","53","2","1","-9999","2","-9999","-9999","-9999"
"3492","546.344612","546.344665607","546.344827533","1406175.8","-9999","390734.2","8.67","-1","-0.296380839","0.984187606","0.982084564","0.983346389","13","0.03030303","1.424242424","13C1 N4 P1 O1","de-protonated","1","3489","C32 H47 O1 N4 P1 13C1","32","47","1","4","1","-9999","1","-9999","-9999"
"3497","547.04535","547.045403336","547.045940891","3078378.8","-9999","337250.6","20.86","-1","-0.982650129","0.419641601","0.73113591","0.544239325","29","0.235294118","0.352941176","O8","de-protonated","0","-9999","C34 H12 O8","34","12","8","-9999","-9999","-9999","-9999","-9999","-9999"
"3497","547.04535","547.045403336","547.045289442","3078378.8","-9999","337250.6","20.86","-1","0.20819833","0.496082838","0.780512821","0.609854831","20","0.384615385","0.615384615","N2 S1 O10","de-protonated","0","-9999","C26 H16 O10 N2 S1","26","16","10","2","-9999","1","-9999","-9999","-9999"
"3497","547.04535","547.045403336","547.0457787","3078378.8","-9999","337250.6","20.86","-1","-0.686164575","0.459058704","0.761234226","0.579928913","24","0.068965517","0.586206897","N4 S2 P1 O2","de-protonated","0","-9999","C29 H17 O2 N4 P1 S2","29","17","2","4","1","2","-9999","-9999","-9999"
"3497","547.04535","547.045403336","547.04490932","3078378.8","-9999","337250.6","20.86","-1","0.903063766","0.431225998","0.767553728","0.56575709","25","0.25","0.464285714","N4 P1 O7","de-protonated","0","-9999","C28 H13 O7 N4 P1","28","13","7","4","1","-9999","-9999","-9999","-9999"
"3498","547.073224","547.073277325","547.073812866","1279743.6","-9999","199841.8","7.74","-1","-0.978917702","0.840398896","0","0.504239338","14","0.4","0.96","S2 O10","de-protonated","0","-9999","C25 H24 O10 S2","25","24","10","-9999","-9999","2","-9999","-9999","-9999"
"3498","547.073224","547.073277325","547.072943486","1279743.6","-9999","199841.8","7.74","-1","0.610228735","0.934664442","0","0.560798665","15","0.625","0.833333333","O15","de-protonated","0","-9999","C24 H20 O15","24","20","15","-9999","-9999","-9999","-9999","-9999","-9999"
"3498","547.073224","547.073277325","547.073432743","1279743.6","-9999","199841.8","7.74","-1","-0.284089321","0.985462571","0","0.591277543","19","0.259259259","0.777777778","N2 S1 P1 O7","de-protonated","0","-9999","C27 H21 O7 N2 P1 S1","27","21","7","2","1","1","-9999","-9999","-9999"
"3498","547.073224","547.073277325","547.072781294","1279743.6","-9999","199841.8","7.74","-1","0.906700126","0.861422752","0","0.516853651","10","0.473684211","1.315789474","N4 S2 P1 O9","de-protonated","0","-9999","C19 H25 O9 N4 P1 S2","19","25","9","4","1","2","-9999","-9999","-9999"
"3499","547.07594","547.075993324","547.076314789","2096897.5","-9999","328596.2","13.7","-1","-0.587604931","0.939271672","0","0.563563003","10","0.714285714","1.142857143","S1 O15","de-protonated","0","-9999","C21 H24 O15 S1","21","24","15","-9999","-9999","1","-9999","-9999","-9999"
"3499","547.07594","547.075993324","547.075801725","2096897.5","-9999","328596.2","13.7","-1","0.350224794","0.488994906","0.73113591","0.585851308","28","0.117647059","0.470588235","N2 S1 O4","de-protonated","0","-9999","C34 H16 O4 N2 S1","34","16","4","2","-9999","1","-9999","-9999","-9999"
"3499","547.07594","547.075993324","547.075934667","2096897.5","-9999","328596.2","13.7","-1","0.107220545","0.498958098","0.800793265","0.619692165","15","0.52173913","0.913043478","N2 P1 O12","de-protonated","0","-9999","C23 H21 O12 N2 P1","23","21","12","2","1","-9999","-9999","-9999","-9999"
"3500","547.078892","547.078945323","547.079173028","1230595.8","-9999","459993","7.38","-1","-0.416219374","0.969054999","0","0.581432999","23","0.129032258","0.64516129","N2 S2 O4","de-protonated","0","-9999","C31 H20 O4 N2 S2","31","20","4","2","-9999","2","-9999","-9999","-9999"
"3500","547.078892","547.078945323","547.07930597","1230595.8","-9999","459993","7.38","-1","-0.65922194","0.924175951","0","0.55450557","10","0.6","1.25","N2 S1 P1 O12","de-protonated","0","-9999","C20 H25 O12 N2 P1 S1","20","25","12","2","1","1","-9999","-9999","-9999"
"3500","547.078892","547.078945323","547.078792906","1230595.8","-9999","459993","7.38","-1","0.278602591","0.986014776","0","0.591608866","28","0.03030303","0.515151515","N4 S1 P1 O1","de-protonated","0","-9999","C33 H17 O1 N4 P1 S1","33","17","1","4","1","1","-9999","-9999","-9999"
"3501","547.081759","547.081812322","547.0823264","6991110","-9999","339668.8","49.41","-1","-0.939672449","0.604844029","0.857916516","0.706073024","28","0.2","0.457142857","O7","de-protonated","0","-9999","C35 H16 O7","35","16","7","-9999","-9999","-9999","-9999","-9999","-9999"
"3501","547.081759","547.081812322","547.081674952","6991110","-9999","339668.8","49.41","-1","0.25109686","0.948219384","0.941361054","0.945476052","19","0.333333333","0.740740741","N2 S1 O9","de-protonated","0","-9999","C27 H20 O9 N2 S1","27","20","9","2","-9999","1","-9999","-9999","-9999"
"3501","547.081759","547.081812322","547.082164209","6991110","-9999","339668.8","49.41","-1","-0.643206601","0.640965186","0.874618131","0.734426364","23","0.033333333","0.7","N4 S2 P1 O1","de-protonated","0","-9999","C30 H21 O1 N4 P1 S2","30","21","1","4","1","2","-9999","-9999","-9999"
"3501","547.081759","547.081812322","547.081294829","6991110","-9999","339668.8","49.41","-1","0.945916111","0.425070724","0.761234226","0.559536125","24","0.206896552","0.586206897","N4 P1 O6","de-protonated","0","-9999","C29 H17 O6 N4 P1","29","17","6","4","1","-9999","-9999","-9999","-9999"
"3502","547.083402","547.083455322","547.08319578","1259783.3","-9999","417503.4","7.6","-1","0.474409208","0.479992517","0.719752637","0.575896565","27","0.055555556","0.555555556","S2 O2","de-protonated","0","-9999","C36 H20 O2 S2","36","20","2","-9999","-9999","2","-9999","-9999","-9999"
"3502","547.083402","547.083455322","547.083328722","1259783.3","-9999","417503.4","7.6","-1","0.231408213","0.990330519","0","0.594198312","14","0.4","1","S1 P1 O10","de-protonated","0","-9999","C25 H25 O10 P1 S1","25","25","10","-9999","1","1","-9999","-9999","-9999"
"3502","547.083402","547.083455322","547.083663811","1259783.3","-9999","417503.4","7.6","-1","-0.381092251","0.486996078","0.719752637","0.580098702","33","0.083333333","0.333333333","N4 O3","de-protonated","0","-9999","C36 H12 O3 N4","36","12","3","4","-9999","-9999","-9999","-9999","-9999"
"3503","547.090766","547.090819319","547.091057866","1546508.6","-9999","317768.1","9.69","-1","-0.436028899","0.483045502","0.70871839","0.573314657","32","0.026315789","0.421052632","N2 S1 O1","de-protonated","0","-9999","C38 H16 O1 N2 S1","38","16","1","2","-9999","1","-9999","-9999","-9999"
"3503","547.090766","547.090819319","547.091190808","1546508.6","-9999","317768.1","9.69","-1","-0.67902618","0.91974232","0","0.551845392","19","0.333333333","0.777777778","N2 P1 O9","de-protonated","0","-9999","C27 H21 O9 N2 P1","27","21","9","2","1","-9999","-9999","-9999","-9999"
"3503","547.090766","547.090819319","547.090919482","1546508.6","-9999","317768.1","9.69","-1","-0.183083063","0.993936406","0","0.596361843","5","0.823529412","1.647058824","N2 S2 O14","de-protonated","0","-9999","C17 H28 O14 N2 S2","17","28","14","2","-9999","2","-9999","-9999","-9999"
"3503","547.090766","547.090819319","547.090406418","1546508.6","-9999","317768.1","9.69","-1","0.754722005","0.450903778","0.755017935","0.572549441","23","0.1","0.666666667","N4 S2 O3","de-protonated","0","-9999","C30 H20 O3 N4 S2","30","20","3","4","-9999","2","-9999","-9999","-9999"
"3503","547.090766","547.090819319","547.090539359","1546508.6","-9999","317768.1","9.69","-1","0.511724145","0.9535967","0","0.57215802","10","0.578947368","1.315789474","N4 S1 P1 O11","de-protonated","0","-9999","C19 H25 O11 N4 P1 S1","19","25","11","4","1","1","-9999","-9999","-9999"
"3504","547.10309","547.103143314","547.103455768","1181461.9","-9999","280772","7.03","-1","-0.571106785","0.942535362","0","0.565521217","23","0.28125","0.625","O9","de-protonated","0","-9999","C32 H20 O9","32","20","9","-9999","-9999","-9999","-9999","-9999","-9999"
"3504","547.10309","547.103143314","547.10280432","1181461.9","-9999","280772","7.03","-1","0.619616974","0.932708349","0","0.559625009","14","0.458333333","1","N2 S1 O11","de-protonated","0","-9999","C24 H24 O11 N2 S1","24","24","11","2","-9999","1","-9999","-9999","-9999"
"3504","547.10309","547.103143314","547.103293577","1181461.9","-9999","280772","7.03","-1","-0.274652278","0.986405869","0","0.591843521","18","0.111111111","0.925925926","N4 S2 P1 O3","de-protonated","0","-9999","C27 H25 O3 N4 P1 S2","27","25","3","4","1","2","-9999","-9999","-9999"
"3505","547.112343","547.11239631","547.112838683","1800988.6","-9999","307536","11.54","-1","-0.808558238","0.444070369","0.6825583","0.539465542","36","0.023255814","0.372093023","O1","de-protonated","0","-9999","C43 H16 O1","43","16","1","-9999","-9999","-9999","-9999","-9999","-9999"
"3505","547.112343","547.11239631","547.112700298","1800988.6","-9999","307536","11.54","-1","-0.555622567","0.945523826","0","0.567314296","9","0.636363636","1.272727273","S1 O14","de-protonated","0","-9999","C22 H28 O14 S1","22","28","14","-9999","-9999","1","-9999","-9999","-9999"
"3505","547.112343","547.11239631","547.112187234","1800988.6","-9999","307536","11.54","-1","0.382144818","0.486925094","0.725399619","0.582314904","27","0.085714286","0.571428571","N2 S1 O3","de-protonated","0","-9999","C35 H20 O3 N2 S1","35","20","3","2","-9999","1","-9999","-9999","-9999"
"3505","547.112343","547.11239631","547.112320176","1800988.6","-9999","307536","11.54","-1","0.139156722","0.996492486","0","0.597895491","14","0.458333333","1.041666667","N2 P1 O11","de-protonated","0","-9999","C24 H25 O11 N2 P1","24","25","11","2","1","-9999","-9999","-9999","-9999"
"3506","547.115393","547.115446309","547.115558538","1583391.1","-9999","527113.4","9.96","-1","-0.205127436","0.496197104","0.742885034","0.594872276","22","0.09375","0.75","N2 S2 O3","de-protonated","0","-9999","C32 H24 O3 N2 S2","32","24","3","2","-9999","2","-9999","-9999","-9999"
"3506","547.115393","547.115446309","547.115691479","1583391.1","-9999","527113.4","9.96","-1","-0.448113892","0.964219806","0","0.578531884","9","0.523809524","1.380952381","N2 S1 P1 O11","de-protonated","0","-9999","C21 H29 O11 N2 P1 S1","21","29","11","2","1","1","-9999","-9999","-9999"
"3507","547.118159","547.118212308","547.11871191","5819681","-9999","342751.3","40.86","-1","-0.913150292","0.429794978","0.719752637","0.545778042","27","0.166666667","0.555555556","O6","de-protonated","0","-9999","C36 H20 O6","36","20","6","-9999","-9999","-9999","-9999","-9999","-9999"
"3507","547.118159","547.118212308","547.118060461","5819681","-9999","342751.3","40.86","-1","0.277539858","0.992537343","0.977748115","0.986621652","18","0.285714286","0.857142857","N2 S1 O8","de-protonated","0","-9999","C28 H24 O8 N2 S1","28","24","8","2","-9999","1","-9999","-9999","-9999"
"3507","547.118159","547.118212308","547.118193403","5819681","-9999","342751.3","40.86","-1","0.034554396","0.997379883","0.945116405","0.976474492","5","0.941176471","1.705882353","N2 P1 O16","de-protonated","0","-9999","C17 H29 O16 N2 P1","17","29","16","2","1","-9999","-9999","-9999","-9999"
"3507","547.118159","547.118212308","547.117680338","5819681","-9999","342751.3","40.86","-1","0.972312919","0.870255264","0.965212322","0.908238087","23","0.166666667","0.7","N4 P1 O5","de-protonated","0","-9999","C30 H21 O5 N4 P1","30","21","5","4","1","-9999","-9999","-9999","-9999"
"3508","547.148526","547.148579296","547.149085808","1388087.9","-9999","252143.2","8.53","-1","-0.925728497","0.855989927","0","0.513593956","8","0.565217391","1.391304348","S1 O13","de-protonated","0","-9999","C23 H32 O13 S1","23","32","13","-9999","-9999","1","-9999","-9999","-9999"
"3508","547.148526","547.148579296","547.148572744","1388087.9","-9999","252143.2","8.53","-1","0.011976179","0.499986988","0.719752637","0.587893248","26","0.055555556","0.666666667","N2 S1 O2","de-protonated","0","-9999","C36 H24 O2 N2 S1","36","24","2","2","-9999","1","-9999","-9999","-9999"
"3508","547.148526","547.148579296","547.148705685","1388087.9","-9999","252143.2","8.53","-1","-0.230995668","0.990364799","0","0.594218879","13","0.4","1.16","N2 P1 O10","de-protonated","0","-9999","C25 H29 O10 N2 P1","25","29","10","2","1","-9999","-9999","-9999","-9999"
"3508","547.148526","547.148579296","547.148054237","1388087.9","-9999","252143.2","8.53","-1","0.959630022","0.846119869","0","0.507671921","4","0.705882353","1.941176471","N4 S1 P1 O12","de-protonated","0","-9999","C17 H33 O12 N4 P1 S1","17","33","12","4","1","1","-9999","-9999","-9999"
"3509","547.154528","547.154581294","547.155097419","5539132.5","-9999","321902","38.81","-1","-0.943288335","0.425453793","0.714192896","0.540949435","26","0.135135135","0.648648649","O5","de-protonated","0","-9999","C37 H24 O5","37","24","5","-9999","-9999","-9999","-9999","-9999","-9999"
"3509","547.154528","547.154581294","547.15444597","5539132.5","-9999","321902","38.81","-1","0.247322598","0.994412368","0.94824469","0.975945297","17","0.24137931","0.965517241","N2 S1 O7","de-protonated","0","-9999","C29 H28 O7 N2 S1","29","28","7","2","-9999","1","-9999","-9999","-9999"
"3509","547.154528","547.154581294","547.154578912","5539132.5","-9999","321902","38.81","-1","0.004353302","0.995823002","0.975947485","0.987872795","4","0.833333333","1.833333333","N2 P1 O15","de-protonated","0","-9999","C18 H33 O15 N2 P1","18","33","15","2","1","-9999","-9999","-9999","-9999"
"3509","547.154528","547.154581294","547.154065848","5539132.5","-9999","321902","38.81","-1","0.942049436","0.880627489","0.935912811","0.902741618","22","0.129032258","0.806451613","N4 P1 O4","de-protonated","0","-9999","C31 H25 O4 N4 P1","31","25","4","4","1","-9999","-9999","-9999","-9999"
"3510","547.16752","547.167573289","547.167984579","1362758.1","-9999","383010.4","8.35","-1","-0.751669734","0.451280118","0.73113591","0.563222435","21","0.147058824","0.852941176","P1 O5","de-protonated","0","-9999","C34 H29 O5 P1","34","29","5","-9999","1","-9999","-9999","-9999","-9999"
"3510","547.16752","547.167573289","547.167713252","1362758.1","-9999","383010.4","8.35","-1","-0.255796258","0.988197699","0","0.59291862","7","0.416666667","1.5","S2 O10","de-protonated","0","-9999","C24 H36 O10 S2","24","36","10","-9999","-9999","2","-9999","-9999","-9999"
"3510","547.16752","547.167573289","547.16733313","1362758.1","-9999","383010.4","8.35","-1","0.438913385","0.965648701","0","0.57938922","12","0.269230769","1.269230769","N2 S1 P1 O7","de-protonated","0","-9999","C26 H33 O7 N2 P1 S1","26","33","7","2","1","1","-9999","-9999","-9999"
"3511","547.190938","547.19099128","547.191482928","4640087.5","-9999","309166.3","32.25","-1","-0.898494333","0.431870603","0.70871839","0.542609718","25","0.105263158","0.736842105","O4","de-protonated","0","-9999","C38 H28 O4","38","28","4","-9999","-9999","-9999","-9999","-9999","-9999"
"3511","547.190938","547.19099128","547.19083148","4640087.5","-9999","309166.3","32.25","-1","0.292037483","0.492322055","0.755017935","0.597400407","16","0.2","1.066666667","N2 S1 O6","de-protonated","0","-9999","C30 H32 O6 N2 S1","30","32","6","2","-9999","1","-9999","-9999","-9999"
"3511","547.190938","547.19099128","547.190964421","4640087.5","-9999","309166.3","32.25","-1","0.049084333","0.499781468","0.829532115","0.631681727","3","0.736842105","1.947368421","N2 P1 O14","de-protonated","0","-9999","C19 H37 O14 N2 P1","19","37","14","2","1","-9999","-9999","-9999","-9999"
"3511","547.190938","547.19099128","547.190451357","4640087.5","-9999","309166.3","32.25","-1","0.986718156","0.419032025","0.742885034","0.548573229","21","0.09375","0.90625","N4 P1 O3","de-protonated","0","-9999","C32 H29 O3 N4 P1","32","29","3","4","1","-9999","-9999","-9999","-9999"
"3512","547.227369","547.227422266","547.227868438","2829682.8","-9999","310703","19.05","-1","-0.815331064","0.443185053","0.703327172","0.5472419","24","0.076923077","0.820512821","O3","de-protonated","0","-9999","C39 H32 O3","39","32","3","-9999","-9999","-9999","-9999","-9999","-9999"
"3512","547.227369","547.227422266","547.227216989","2829682.8","-9999","310703","19.05","-1","0.375121692","0.48739521","0.748902347","0.591998065","15","0.161290323","1.161290323","N2 S1 O5","de-protonated","0","-9999","C31 H36 O5 N2 S1","31","36","5","2","-9999","1","-9999","-9999","-9999"
"3512","547.227369","547.227422266","547.227349931","2829682.8","-9999","310703","19.05","-1","0.132184675","0.498417303","0.822155738","0.627912677","2","0.65","2.05","N2 P1 O13","de-protonated","0","-9999","C20 H41 O13 N2 P1","20","41","13","2","1","-9999","-9999","-9999","-9999"
"3513","547.235456","547.235509263","547.235592139","3155320.8","-9999","248468.9","21.42","-1","-0.151445827","0.497923485","0.822155738","0.627616386","2","0.75","2","N2 O15","de-protonated","0","-9999","C20 H40 O15 N2","20","40","15","2","-9999","-9999","-9999","-9999","-9999"
"3513","547.235456","547.235509263","547.235079075","3155320.8","-9999","248468.9","21.42","-1","0.786111344","0.446964004","0.736963647","0.562963861","20","0.121212121","0.96969697","N4 O4","de-protonated","0","-9999","C33 H32 O4 N4","33","32","4","4","-9999","-9999","-9999","-9999","-9999"
"3514","547.239021","547.239074261","547.239614891","2137979.5","-9999","308917.7","14","-1","-0.987921762","0.418851358","0.787157861","0.566173959","6","0.52","1.6","O13","de-protonated","0","-9999","C25 H40 O13","25","40","13","-9999","-9999","-9999","-9999","-9999","-9999"
"3514","547.239021","547.239074261","547.239101827","2137979.5","-9999","308917.7","14","-1","-0.050372268","0.499769852","0.70871839","0.583349267","24","0.052631579","0.842105263","N2 O2","de-protonated","0","-9999","C38 H32 O2 N2","38","32","2","2","-9999","-9999","-9999","-9999","-9999"
"3514","547.239021","547.239074261","547.2394527","2137979.5","-9999","308917.7","14","-1","-0.69154114","0.916884242","0","0.550130545","1","0.35","2.25","N4 S2 P1 O7","de-protonated","0","-9999","C20 H45 O7 N4 P1 S2","20","45","7","4","1","2","-9999","-9999","-9999"
"3514","547.239021","547.239074261","547.23858332","2137979.5","-9999","308917.7","14","-1","0.897124746","0.864126718","0","0.518476031","2","0.631578947","2.157894737","N4 P1 O12","de-protonated","0","-9999","C19 H41 O12 N4 P1","19","41","12","4","1","-9999","-9999","-9999","-9999"
"3515","547.244877","547.244930259","547.244975054","5292416","-9999","289439.1","37.01","-1","-0.081854948","0.499392495","0.748902347","0.599196436","15","0.225806452","1.161290323","N2 O7","de-protonated","0","-9999","C31 H36 O7 N2","31","36","7","2","-9999","-9999","-9999","-9999","-9999"
"3516","547.246523","547.246576258","547.246628824","1184641.3","-9999","390971.5","7.05","-1","-0.096054726000000007","0.998327262","0","0.598996357","10","0.275862069","1.413793103","P1 O8","de-protonated","0","-9999","C29 H41 O8 P1","29","41","8","-9999","1","-9999","-9999","-9999","-9999"
"3516","547.246523","547.246576258","547.246825529","1184641.3","-9999","390971.5","7.05","-1","-0.455498512","0.963053057","0","0.577831834","2","0.736842105","2.105263158","N4 O14","de-protonated","0","-9999","C19 H40 O14 N4","19","40","14","4","-9999","-9999","-9999","-9999","-9999"
"3517","547.261568","547.261621253","547.261884965","1710476.3","-9999","242910.1","10.88","-1","-0.481876663","0.479370979","0.736963647","0.582408046","14","0.151515152","1.242424242","P1 O5","de-protonated","0","-9999","C33 H41 O5 P1","33","41","5","-9999","1","-9999","-9999","-9999","-9999"
"3517","547.261568","547.261621253","547.261613639","1710476.3","-9999","242910.1","10.88","-1","0.013911863","0.999964883","0","0.59997893","0","0.434782609","2.086956522","S2 O10","de-protonated","0","-9999","C23 H48 O10 S2","23","48","10","-9999","-9999","2","-9999","-9999","-9999"
"3517","547.261568","547.261621253","547.261233517","1710476.3","-9999","242910.1","10.88","-1","0.708502494","0.912942074","0","0.547765244","5","0.28","1.8","N2 S1 P1 O7","de-protonated","0","-9999","C25 H45 O7 N2 P1 S1","25","45","7","2","1","1","-9999","-9999","-9999"
"3517","547.261568","547.261621253","547.26208167","1710476.3","-9999","242910.1","10.88","-1","-0.841310291","0.879475189","0","0.527685113","6","0.47826087","1.739130435","N4 O11","de-protonated","0","-9999","C23 H40 O11 N4","23","40","11","4","-9999","-9999","-9999","-9999","-9999"
"3518","547.333336","547.333389225","547.333002214","1674178","-9999","403874","10.62","-1","0.707085271","0.456637233","0.714192896","0.559659498","17","0.054054054","1.189189189","N2 O2","de-protonated","0","-9999","C37 H44 O2 N2","37","44","2","2","-9999","-9999","-9999","-9999","-9999"
"3519","547.339075","547.339128223","547.338875441","4423110.5","-9999","330335.4","30.67","-1","0.461838409","0.926931781","0.974417926","0.945926239","8","0.233333333","1.6","N2 O7","de-protonated","0","-9999","C30 H48 O7 N2","30","48","7","2","-9999","-9999","-9999","-9999","-9999"
"3524","548.085377","548.085429934","548.085681235","1405429.8","-9999","335502.8","8.65","-1","-0.458507225","0.641715088","0.857916516","0.72819566","28","0.2","0.457142857","13C1 O7","de-protonated","1","3501","C34 H16 O7 13C1","34","16","7","-9999","-9999","-9999","1","-9999","-9999"
"3524","548.085377","548.085429934","548.085029787","1405429.8","-9999","335502.8","8.65","-1","0.730082767","0.90781385","0.941361054","0.921232732","19","0.333333333","0.740740741","13C1 N2 S1 O9","de-protonated","1","3501","C26 H20 O9 N2 S1 13C1","26","20","9","2","-9999","1","1","-9999","-9999"
"3524","548.085377","548.085429934","548.085519044","1405429.8","-9999","335502.8","8.65","-1","-0.162583961","0.663476768","0.874618131","0.747933313","23","0.033333333","0.7","13C1 N4 S2 P1 O1","de-protonated","1","3501","C29 H21 O1 N4 P1 S2 13C1","29","21","1","4","1","2","1","-9999","-9999"
"3525","548.113522","548.113574923","548.113960882","2107915","-9999","309554.5","13.78","-1","-0.704157589","0.456979696","0.725399619","0.564347665","27","0.171428571","0.542857143","N1 O6","de-protonated","0","-9999","C35 H19 O6 N1","35","19","6","1","-9999","-9999","-9999","-9999","-9999"
"3525","548.113522","548.113574923","548.113309433","2107915","-9999","309554.5","13.78","-1","0.484370786","0.479161406","0.773979033","0.597088457","18","0.296296296","0.851851852","N3 S1 O8","de-protonated","0","-9999","C27 H23 O8 N3 S1","27","23","8","3","-9999","1","-9999","-9999","-9999"
"3526","548.121404","548.12145692","548.120974815","1548816.9","-9999","301047.7","9.7","-1","0.87956048","0.434516779","0.703327172","0.542040936","31","0.025641026","0.512820513","N1 P1 O1","de-protonated","0","-9999","C39 H20 O1 N1 P1","39","20","1","1","1","-9999","-9999","-9999","-9999"
"3526","548.121404","548.12145692","548.121415296","1548816.9","-9999","301047.7","9.7","-1","0.075939667","0.998954163","0.977748115","0.990471744","18","0.285714286","0.857142857","13C1 N2 S1 O8","de-protonated","1","3507","C27 H24 O8 N2 S1 13C1","27","24","8","2","-9999","1","1","-9999","-9999"
"3526","548.121404","548.12145692","548.121548238","1548816.9","-9999","301047.7","9.7","-1","-0.166600953","0.994976393","0.945116405","0.975032398","5","0.941176471","1.705882353","13C1 N2 P1 O16","de-protonated","1","3507","C16 H29 O16 N2 P1 13C1","16","29","16","2","1","-9999","1","-9999","-9999"
"3526","548.121404","548.12145692","548.121035174","1548816.9","-9999","301047.7","9.7","-1","0.769440781","0.898144132","0.965212322","0.924971408","23","0.166666667","0.7","13C1 N4 P1 O5","de-protonated","1","3507","C29 H21 O5 N4 P1 13C1","29","21","5","4","1","-9999","1","-9999","-9999"
"3527","548.157763","548.157815906","548.157800805","1274156.3","-9999","379122.7","7.7","-1","0.027548184","0.999862308","0.94824469","0.979215261","17","0.24137931","0.965517241","13C1 N2 S1 O7","de-protonated","1","3509","C28 H28 O7 N2 S1 13C1","28","28","7","2","-9999","1","1","-9999","-9999"
"3527","548.157763","548.157815906","548.157933747","1274156.3","-9999","379122.7","7.7","-1","-0.214976325","0.991649443","0.975947485","0.98536866","4","0.833333333","1.833333333","13C1 N2 P1 O15","de-protonated","1","3509","C17 H33 O15 N2 P1 13C1","17","33","15","2","1","-9999","1","-9999","-9999"
"3527","548.157763","548.157815906","548.157420683","1274156.3","-9999","379122.7","7.7","-1","0.721003232","0.909986684","0.935912811","0.920357135","22","0.129032258","0.806451613","13C1 N4 P1 O4","de-protonated","1","3509","C30 H25 O4 N4 P1 13C1","30","25","4","4","1","-9999","1","-9999","-9999"
"3528","548.342613","548.342665835","548.342230276","1640631","-9999","331633.6","10.37","-1","0.794319801","0.891826252","0.974417926","0.924862921","8","0.233333333","1.6","13C1 N2 O7","de-protonated","1","3519","C29 H48 O7 N2 13C1","29","48","7","2","-9999","-9999","1","-9999","-9999"
"3529","549.055064","549.055116559","549.055579344","2023631.5","-9999","317965.4","13.16","-1","-0.842874511","0.879054887","0","0.527432932","10","0.8","1.1","S1 O16","de-protonated","0","-9999","C20 H22 O16 S1","20","22","16","-9999","-9999","1","-9999","-9999","-9999"
"3529","549.055064","549.055116559","549.05506628","2023631.5","-9999","317965.4","13.16","-1","0.091574234","0.499239779","0.736963647","0.594329326","28","0.151515152","0.424242424","N2 S1 O5","de-protonated","0","-9999","C33 H14 O5 N2 S1","33","14","5","2","-9999","1","-9999","-9999","-9999"
"3529","549.055064","549.055116559","549.055199222","2023631.5","-9999","317965.4","13.16","-1","-0.150553957","0.99589564","0","0.597537384","15","0.590909091","0.863636364","N2 P1 O13","de-protonated","0","-9999","C22 H19 O13 N2 P1","22","19","13","2","1","-9999","-9999","-9999","-9999"
"3529","549.055064","549.055116559","549.054686157","2023631.5","-9999","317965.4","13.16","-1","0.783896082","0.447246161","0.725399619","0.558507544","33","0.057142857","0.314285714","N4 P1 O2","de-protonated","0","-9999","C35 H11 O2 N4 P1","35","11","2","4","1","-9999","-9999","-9999","-9999"
"3530","549.058124","549.058176558","549.058437583","1236433.8","-9999","336110.6","7.42","-1","-0.475405144","0.959820274","0","0.575892164","23","0.166666667","0.6","N2 S2 O5","de-protonated","0","-9999","C30 H18 O5 N2 S2","30","18","5","2","-9999","2","-9999","-9999","-9999"
"3530","549.058124","549.058176558","549.058570525","1236433.8","-9999","336110.6","7.42","-1","-0.717531711","0.910811631","0","0.546486979","10","0.684210526","1.210526316","N2 S1 P1 O13","de-protonated","0","-9999","C19 H23 O13 N2 P1 S1","19","23","13","2","1","1","-9999","-9999","-9999"
"3530","549.058124","549.058176558","549.058057461","1236433.8","-9999","336110.6","7.42","-1","0.21691206","0.991499026","0","0.594899416","28","0.0625","0.46875","N4 S1 P1 O2","de-protonated","0","-9999","C32 H15 O2 N4 P1 S1","32","15","2","4","1","1","-9999","-9999","-9999"
"3531","549.061043","549.061095557","549.061590955","5683924","-9999","342903","39.86","-1","-0.902263921","0.431338998","0.73113591","0.551257763","28","0.235294118","0.411764706","O8","de-protonated","0","-9999","C34 H14 O8","34","14","8","-9999","-9999","-9999","-9999","-9999","-9999"
"3531","549.061043","549.061095557","549.060939507","5683924","-9999","342903","39.86","-1","0.284212925","0.990417452","0.999940833","0.994226804","19","0.384615385","0.692307692","N2 S1 O10","de-protonated","0","-9999","C26 H18 O10 N2 S1","26","18","10","2","-9999","1","-9999","-9999","-9999"
"3531","549.061043","549.061095557","549.061428764","5683924","-9999","342903","39.86","-1","-0.606866767","0.614414551","0.932234","0.741542331","23","0.068965517","0.655172414","N4 S2 P1 O2","de-protonated","0","-9999","C29 H19 O2 N4 P1 S2","29","19","2","4","1","2","-9999","-9999","-9999"
"3531","549.061043","549.061095557","549.060559384","5683924","-9999","342903","39.86","-1","0.976527501","0.859025152","0.987100075","0.910255121","24","0.25","0.535714286","N4 P1 O7","de-protonated","0","-9999","C28 H15 O7 N4 P1","28","15","7","4","1","-9999","-9999","-9999","-9999"
"3532","549.09142","549.091472545","549.091964854","2361067","-9999","369190.7","15.62","-1","-0.896586344","0.432139077","0.81490939","0.585247202","9","0.714285714","1.238095238","S1 O15","de-protonated","0","-9999","C21 H26 O15 S1","21","26","15","-9999","-9999","1","-9999","-9999","-9999"
"3532","549.09142","549.091472545","549.091451789","2361067","-9999","369190.7","15.62","-1","0.037800429","0.499870383","0.73113591","0.592376594","27","0.117647059","0.529411765","N2 S1 O4","de-protonated","0","-9999","C34 H18 O4 N2 S1","34","18","4","2","-9999","1","-9999","-9999","-9999"
"3532","549.09142","549.091472545","549.091584731","2361067","-9999","369190.7","15.62","-1","-0.204311704","0.496227175","0.800793265","0.618053611","14","0.52173913","1","N2 P1 O12","de-protonated","0","-9999","C23 H23 O12 N2 P1","23","23","12","2","1","-9999","-9999","-9999","-9999"
"3532","549.09142","549.091472545","549.091071667","2361067","-9999","369190.7","15.62","-1","0.730076363","0.453907695","0.719752637","0.560245672","32","0.027777778","0.416666667","N4 P1 O1","de-protonated","0","-9999","C36 H15 O1 N4 P1","36","15","1","4","1","-9999","-9999","-9999","-9999"
"3532","549.09142","549.091472545","549.090933282","2361067","-9999","369190.7","15.62","-1","0.98210116","0.839447472","0","0.503668483","5","0.933333333","1.8","N4 S1 P1 O14","de-protonated","0","-9999","C15 H27 O14 N4 P1 S1","15","27","14","4","1","1","-9999","-9999","-9999"
"3533","549.094706","549.094758544","549.094823093","1573613.4","-9999","474818","9.88","-1","-0.117554738","0.49874784","0.748902347","0.598809643","22","0.129032258","0.709677419","N2 S2 O4","de-protonated","0","-9999","C31 H22 O4 N2 S2","31","22","4","2","-9999","2","-9999","-9999","-9999"
"3533","549.094706","549.094758544","549.094956034","1573613.4","-9999","474818","9.88","-1","-0.359665347","0.976801276","0","0.586080766","9","0.6","1.35","N2 S1 P1 O12","de-protonated","0","-9999","C20 H27 O12 N2 P1 S1","20","27","12","2","1","1","-9999","-9999","-9999"
"3533","549.094706","549.094758544","549.09444297","1573613.4","-9999","474818","9.88","-1","0.574716838","0.470914099","0.736963647","0.577333919","27","0.03030303","0.575757576","N4 S1 P1 O1","de-protonated","0","-9999","C33 H19 O1 N4 P1 S1","33","19","1","4","1","1","-9999","-9999","-9999"
"3534","549.097594","549.097646543","549.097976465","6941423.5","-9999","338238.3","49.03","-1","-0.60084349","0.93266377","0.930352914","0.931739428","27","0.2","0.514285714","O7","de-protonated","0","-9999","C35 H18 O7","35","18","7","-9999","-9999","-9999","-9999","-9999","-9999"
"3534","549.097594","549.097646543","549.097325016","6941423.5","-9999","338238.3","49.03","-1","0.585555094","0.94352165","0.978932329","0.957685922","18","0.333333333","0.814814815","N2 S1 O9","de-protonated","0","-9999","C27 H22 O9 N2 S1","27","22","9","2","-9999","1","-9999","-9999","-9999"
"3534","549.097594","549.097646543","549.097814273","6941423.5","-9999","338238.3","49.03","-1","-0.30546582","0.65401035","0.912189406","0.757281973","22","0.033333333","0.766666667","N4 S2 P1 O1","de-protonated","0","-9999","C30 H23 O1 N4 P1 S2","30","23","1","4","1","2","-9999","-9999","-9999"
"3535","549.099132","549.099184542","549.098845845","1537264.8","-9999","442241.4","9.61","-1","0.616824446","0.466646439","0.719752637","0.567888919","26","0.055555556","0.611111111","S2 O2","de-protonated","0","-9999","C36 H22 O2 S2","36","22","2","-9999","-9999","2","-9999","-9999","-9999"
"3535","549.099132","549.099184542","549.098978786","1537264.8","-9999","442241.4","9.61","-1","0.374715432","0.974844303","0","0.584906582","13","0.4","1.08","S1 P1 O10","de-protonated","0","-9999","C25 H27 O10 P1 S1","25","27","10","-9999","1","1","-9999","-9999","-9999"
"3535","549.099132","549.099184542","549.099313875","1537264.8","-9999","442241.4","9.61","-1","-0.235536734","0.494992083","0.719752637","0.584896305","32","0.083333333","0.388888889","N4 O3","de-protonated","0","-9999","C36 H14 O3 N4","36","14","3","4","-9999","-9999","-9999","-9999","-9999"
"3536","549.127839","549.127891531","549.128350363","2317062.5","-9999","350949.8","15.3","-1","-0.835563828","0.440507129","0.807789663","0.587420143","8","0.636363636","1.363636364","S1 O14","de-protonated","0","-9999","C22 H30 O14 S1","22","30","14","-9999","-9999","1","-9999","-9999","-9999"
"3536","549.127839","549.127891531","549.127837299","2317062.5","-9999","350949.8","15.3","-1","0.098761089","0.49911588","0.725399619","0.589629375","26","0.085714286","0.628571429","N2 S1 O3","de-protonated","0","-9999","C35 H22 O3 N2 S1","35","22","3","2","-9999","1","-9999","-9999","-9999"
"3536","549.127839","549.127891531","549.12797024","2317062.5","-9999","350949.8","15.3","-1","-0.143335016","0.498139545","0.793917021","0.616450535","13","0.458333333","1.125","N2 P1 O11","de-protonated","0","-9999","C24 H27 O11 N2 P1","24","27","11","2","1","-9999","-9999","-9999","-9999"
"3537","549.131175","549.13122753","549.131721666","1584392.9","-9999","467154.4","9.95","-1","-0.899850394","0.863359092","0","0.518015455","3","0.736842105","1.789473684","S2 O14","de-protonated","0","-9999","C19 H34 O14 S2","19","34","14","-9999","-9999","2","-9999","-9999","-9999"
"3537","549.131175","549.13122753","549.131208602","1584392.9","-9999","467154.4","9.95","-1","0.034468727","0.499892223","0.742885034","0.597089347","21","0.09375","0.8125","N2 S2 O3","de-protonated","0","-9999","C32 H26 O3 N2 S2","32","26","3","2","-9999","2","-9999","-9999","-9999"
"3537","549.131175","549.13122753","549.131341544","1584392.9","-9999","467154.4","9.95","-1","-0.207625877","0.992208531","0","0.595325118","8","0.523809524","1.476190476","N2 S1 P1 O11","de-protonated","0","-9999","C21 H31 O11 N2 P1 S1","21","31","11","2","1","1","-9999","-9999","-9999"
"3538","549.133912","549.133964529","549.134361974","6615819","-9999","329562","46.66","-1","-0.723767008","0.582856609","0.875726714","0.700004651","26","0.166666667","0.611111111","O6","de-protonated","0","-9999","C36 H22 O6","36","22","6","-9999","-9999","-9999","-9999","-9999","-9999"
"3538","549.133912","549.133964529","549.133710525","6615819","-9999","329562","46.66","-1","0.462552819","0.977295702","0.959783158","0.970290684","17","0.285714286","0.928571429","N2 S1 O8","de-protonated","0","-9999","C28 H26 O8 N2 S1","28","26","8","2","-9999","1","-9999","-9999","-9999"
"3538","549.133912","549.133964529","549.133843467","6615819","-9999","329562","46.66","-1","0.220459215","0.995462777","0.963081362","0.982510211","4","0.941176471","1.823529412","N2 P1 O16","de-protonated","0","-9999","C17 H31 O16 N2 P1","17","31","16","2","1","-9999","-9999","-9999","-9999"
"3539","549.164296","549.164348517","549.164735872","1388321.9","-9999","241593.9","8.52","-1","-0.705353431","0.913679908","0","0.548207945","7","0.565217391","1.47826087","S1 O13","de-protonated","0","-9999","C23 H34 O13 S1","23","34","13","-9999","-9999","1","-9999","-9999","-9999"
"3539","549.164296","549.164348517","549.164222808","1388321.9","-9999","241593.9","8.52","-1","0.228909704","0.495268604","0.719752637","0.585062217","25","0.055555556","0.722222222","N2 S1 O2","de-protonated","0","-9999","C36 H26 O2 N2 S1","36","26","2","2","-9999","1","-9999","-9999","-9999"
"3539","549.164296","549.164348517","549.16435575","1388321.9","-9999","241593.9","8.52","-1","-0.013170393","0.999968527","0","0.599981116","12","0.4","1.24","N2 P1 O10","de-protonated","0","-9999","C25 H31 O10 N2 P1","25","31","10","2","1","-9999","-9999","-9999","-9999"
"3540","549.170321","549.170373515","549.170747484","5880614.5","-9999","319815.8","41.29","-1","-0.680969919","0.901249626","0.898202858","0.900030919","25","0.135135135","0.702702703","O5","de-protonated","0","-9999","C37 H26 O5","37","26","5","-9999","-9999","-9999","-9999","-9999","-9999"
"3540","549.170321","549.170373515","549.170096035","5880614.5","-9999","319815.8","41.29","-1","0.505271358","0.965954197","0.945244188","0.957670194","16","0.24137931","1.034482759","N2 S1 O7","de-protonated","0","-9999","C29 H30 O7 N2 S1","29","30","7","2","-9999","1","-9999","-9999","-9999"
"3540","549.170321","549.170373515","549.170228977","5880614.5","-9999","319815.8","41.29","-1","0.263193784","0.992554662","0.978947987","0.987111992","3","0.833333333","1.944444444","N2 P1 O15","de-protonated","0","-9999","C18 H35 O15 N2 P1","18","35","15","2","1","-9999","-9999","-9999","-9999"
"3541","549.198477","549.198529504","549.198890784","1189179.6","-9999","311821.7","7.07","-1","-0.657831817","0.46224151","0.70871839","0.560832262","24","0.052631579","0.815789474","P1 O2","de-protonated","0","-9999","C38 H31 O2 P1","38","31","2","-9999","1","-9999","-9999","-9999","-9999"
"3541","549.198477","549.198529504","549.198619458","1189179.6","-9999","311821.7","7.07","-1","-0.163792007","0.995143956","0","0.597086374","10","0.25","1.357142857","S2 O7","de-protonated","0","-9999","C28 H38 O7 S2","28","38","7","-9999","-9999","2","-9999","-9999","-9999"
"3541","549.198477","549.198529504","549.198239336","1189179.6","-9999","311821.7","7.07","-1","0.5283487","0.95060959","0","0.570365754","15","0.133333333","1.166666667","N2 S1 P1 O4","de-protonated","0","-9999","C30 H35 O4 N2 P1 S1","30","35","4","2","1","1","-9999","-9999","-9999"
"3542","549.200684","549.200736503","549.201121382","1265981.4","-9999","374550.5","7.63","-1","-0.700797272","0.914742658","0","0.548845595","6","0.5","1.583333333","S1 O12","de-protonated","0","-9999","C24 H38 O12 S1","24","38","12","-9999","-9999","1","-9999","-9999","-9999"
"3542","549.200684","549.200736503","549.200608317","1265981.4","-9999","374550.5","7.63","-1","0.233403971","0.49508192","0.714192896","0.58272631","24","0.027027027","0.810810811","N2 S1 O1","de-protonated","0","-9999","C37 H30 O1 N2 S1","37","30","1","2","-9999","1","-9999","-9999","-9999"
"3542","549.200684","549.200736503","549.200741259","1265981.4","-9999","374550.5","7.63","-1","-0.008660089","0.999986392","0","0.599991835","11","0.346153846","1.346153846","N2 P1 O9","de-protonated","0","-9999","C26 H35 O9 N2 P1","26","35","9","2","1","-9999","-9999","-9999","-9999"
"3543","549.206616","549.206668501","549.207132993","3827521.8","-9999","319271.6","26.32","-1","-0.845750379","0.439140319","0.70871839","0.546971547","24","0.105263158","0.789473684","O4","de-protonated","0","-9999","C38 H30 O4","38","30","4","-9999","-9999","-9999","-9999","-9999","-9999"
"3543","549.206616","549.206668501","549.206481544","3827521.8","-9999","319271.6","26.32","-1","0.340412114","0.489596582","0.755017935","0.595765123","15","0.2","1.133333333","N2 S1 O6","de-protonated","0","-9999","C30 H34 O6 N2 S1","30","34","6","2","-9999","1","-9999","-9999","-9999"
"3543","549.206616","549.206668501","549.206614486","3827521.8","-9999","319271.6","26.32","-1","0.098350617","0.499123207","0.829532115","0.63128677","2","0.736842105","2.052631579","N2 P1 O14","de-protonated","0","-9999","C19 H39 O14 N2 P1","19","39","14","2","1","-9999","-9999","-9999","-9999"
"3544","549.243082","549.243134487","549.243518502","2251613.3","-9999","377649.9","14.82","-1","-0.699171816","0.457560218","0.703327172","0.555866999","23","0.076923077","0.871794872","O3","de-protonated","0","-9999","C39 H34 O3","39","34","3","-9999","-9999","-9999","-9999","-9999","-9999"
"3544","549.243082","549.243134487","549.242867054","2251613.3","-9999","377649.9","14.82","-1","0.486912271","0.478946834","0.748902347","0.586929039","14","0.161290323","1.225806452","N2 S1 O5","de-protonated","0","-9999","C31 H38 O5 N2 S1","31","38","5","2","-9999","1","-9999","-9999","-9999"
"3544","549.243082","549.243134487","549.242999995","2251613.3","-9999","377649.9","14.82","-1","0.244866775","0.494589677","0.822155738","0.625616101","1","0.65","2.15","N2 P1 O13","de-protonated","0","-9999","C20 H43 O13 N2 P1","20","43","13","2","1","-9999","-9999","-9999","-9999"
"3548","550.06433","550.064382169","550.06385386","1598922.3","-9999","305094.5","10.05","-1","0.960449728","0.422939133","0.714192896","0.539440638","32","0.081081081","0.378378378","N1 P1 O3","de-protonated","0","-9999","C37 H14 O3 N1 P1","37","14","3","1","1","-9999","-9999","-9999","-9999"
"3548","550.06433","550.064382169","550.064294342","1598922.3","-9999","305094.5","10.05","-1","0.159667314","0.995384893","0.999940833","0.997207269","19","0.384615385","0.692307692","13C1 N2 S1 O10","de-protonated","1","3531","C25 H18 O10 N2 S1 13C1","25","18","10","2","-9999","1","1","-9999","-9999"
"3548","550.06433","550.064382169","550.064783599","1598922.3","-9999","305094.5","10.05","-1","-0.729786879","0.60525667","0.932234","0.736047602","23","0.068965517","0.655172414","13C1 N4 S2 P1 O2","de-protonated","1","3531","C28 H19 O2 N4 P1 S2 13C1","28","19","2","4","1","2","1","-9999","-9999"
"3548","550.06433","550.064382169","550.063914219","1598922.3","-9999","305094.5","10.05","-1","0.850718974","0.876938384","0.987100075","0.921003061","24","0.25","0.535714286","13C1 N4 P1 O7","de-protonated","1","3531","C27 H15 O7 N4 P1 13C1","27","15","7","4","1","-9999","1","-9999","-9999"
"3549","550.100928","550.100980155","550.1013313","1789413.9","-9999","438084","11.44","-1","-0.638327649","0.928733472","0.930352914","0.929381249","27","0.2","0.514285714","13C1 O7","de-protonated","1","3534","C34 H18 O7 13C1","34","18","7","-9999","-9999","-9999","1","-9999","-9999"
"3549","550.100928","550.100980155","550.100679851","1789413.9","-9999","438084","11.44","-1","0.545906961","0.947361693","0.978932329","0.959989947","18","0.333333333","0.814814815","13C1 N2 S1 O9","de-protonated","1","3534","C26 H22 O9 N2 S1 13C1","26","22","9","2","-9999","1","1","-9999","-9999"
"3549","550.100928","550.100980155","550.101169109","1789413.9","-9999","438084","11.44","-1","-0.343488744","0.652546261","0.912189406","0.756403519","22","0.033333333","0.766666667","13C1 N4 S2 P1 O1","de-protonated","1","3534","C29 H23 O1 N4 P1 S2 13C1","29","23","1","4","1","2","1","-9999","-9999"
"3550","550.123497","550.123549146","550.12373772","1775606.9","-9999","281664.9","11.34","-1","-0.342783471","0.489452679","0.68763467","0.568725476","35","0.023809524","0.404761905","N1 O1","de-protonated","0","-9999","C42 H17 O1 N1","42","17","1","1","-9999","-9999","-9999","-9999","-9999"
"3550","550.123497","550.123549146","550.123599335","1775606.9","-9999","281664.9","11.34","-1","-0.091232033","0.998490891","0","0.599094535","8","0.666666667","1.380952381","N1 S1 O14","de-protonated","0","-9999","C21 H29 O14 N1 S1","21","29","14","1","-9999","1","-9999","-9999","-9999"
"3550","550.123497","550.123549146","550.123086271","1775606.9","-9999","281664.9","11.34","-1","0.841403255","0.439725113","0.73113591","0.556289432","26","0.088235294","0.617647059","N3 S1 O3","de-protonated","0","-9999","C34 H21 O3 N3 S1","34","21","3","3","-9999","1","-9999","-9999","-9999"
"3550","550.123497","550.123549146","550.124088593","1775606.9","-9999","281664.9","11.34","-1","-0.980590117","0.839899321","0","0.503939593","12","0.25","1.25","N3 S2 P1 O6","de-protonated","0","-9999","C24 H30 O6 N3 P1 S2","24","30","6","3","1","2","-9999","-9999","-9999"
"3550","550.123497","550.123549146","550.123219213","1775606.9","-9999","281664.9","11.34","-1","0.599744955","0.936818231","0","0.562090939","13","0.47826087","1.130434783","N3 P1 O11","de-protonated","0","-9999","C23 H26 O11 N3 P1","23","26","11","3","1","-9999","-9999","-9999","-9999"
"3551","550.126461","550.126513145","550.126970638","1183225.3","-9999","528834.7","7.02","-1","-0.831614127","0.882067535","0","0.529240521","3","0.777777778","1.833333333","N1 S2 O14","de-protonated","0","-9999","C18 H33 O14 N1 S2","18","33","14","1","-9999","2","-9999","-9999","-9999"
"3551","550.126461","550.126513145","550.126457574","1183225.3","-9999","528834.7","7.02","-1","0.101014755","0.998150214","0","0.598890128","21","0.096774194","0.806451613","N3 S2 O3","de-protonated","0","-9999","C31 H25 O3 N3 S2","31","25","3","3","-9999","2","-9999","-9999","-9999"
"3551","550.126461","550.126513145","550.126590516","1183225.3","-9999","528834.7","7.02","-1","-0.140641885","0.996417353","0","0.597850412","8","0.55","1.5","N3 S1 P1 O11","de-protonated","0","-9999","C20 H30 O11 N3 P1 S1","20","30","11","3","1","1","-9999","-9999","-9999"
"3552","550.12911","550.129162144","550.129610946","5618171","-9999","309671.7","39.37","-1","-0.815811866","0.902830258","0.946923196","0.920467433","26","0.171428571","0.6","N1 O6","de-protonated","0","-9999","C35 H21 O6 N1","35","21","6","1","-9999","-9999","-9999","-9999","-9999"
"3552","550.12911","550.129162144","550.128959498","5618171","-9999","309671.7","39.37","-1","0.368361658","0.965530498","0.995502611","0.977519343","17","0.296296296","0.925925926","N3 S1 O8","de-protonated","0","-9999","C27 H25 O8 N3 S1","27","25","8","3","-9999","1","-9999","-9999","-9999"
"3553","550.137124","550.137176141","550.137716809","1574401.4","-9999","333467","9.88","-1","-0.982787066","0.559494811","0.875726714","0.685987572","26","0.166666667","0.611111111","13C1 O6","de-protonated","1","3538","C35 H22 O6 13C1","35","22","6","-9999","-9999","-9999","1","-9999","-9999"
"3553","550.137124","550.137176141","550.137065361","1574401.4","-9999","333467","9.88","-1","0.201368812","0.992669366","0.959783158","0.979514883","17","0.285714286","0.928571429","13C1 N2 S1 O8","de-protonated","1","3538","C27 H26 O8 N2 S1 13C1","27","26","8","2","-9999","1","1","-9999","-9999"
"3553","550.137124","550.137176141","550.137198302","1574401.4","-9999","333467","9.88","-1","-0.040283193","0.9997056","0.963081362","0.985055905","4","0.941176471","1.823529412","13C1 N2 P1 O16","de-protonated","1","3538","C16 H31 O16 N2 P1 13C1","16","31","16","2","1","-9999","1","-9999","-9999"
"3554","550.173595","550.173647127","550.174102319","1326108.9","-9999","357640.4","8.06","-1","-0.827359339","0.883197984","0.898202858","0.889199934","25","0.135135135","0.702702703","13C1 O5","de-protonated","1","3540","C36 H26 O5 13C1","36","26","5","-9999","-9999","-9999","1","-9999","-9999"
"3554","550.173595","550.173647127","550.17345087","1326108.9","-9999","357640.4","8.06","-1","0.356718409","0.977175524","0.945244188","0.96440299","16","0.24137931","1.034482759","13C1 N2 S1 O7","de-protonated","1","3540","C28 H30 O7 N2 S1 13C1","28","30","7","2","-9999","1","1","-9999","-9999"
"3554","550.173595","550.173647127","550.173583812","1326108.9","-9999","357640.4","8.06","-1","0.115082348","0.997599788","0.978947987","0.990139068","3","0.833333333","1.944444444","13C1 N2 P1 O15","de-protonated","1","3540","C17 H35 O15 N2 P1 13C1","17","35","15","2","1","-9999","1","-9999","-9999"
"3555","550.218523","550.21857511","550.218640428","3749439","-9999","381943.2","25.74","-1","-0.118713572","0.955424579","0.859242811","0.916951872","14","0.129032258","1.225806452","N1 S1 P1 O4","de-protonated","0","-9999","C31 H38 O4 N1 P1 S1","31","38","4","1","1","1","-9999","-9999","-9999"
"3556","550.224397","550.224449107","550.224380713","11570755","-9999","317405.8","82.8","-1","0.124302505","0.49913587","0.852237035","0.640376336","18","0.028571429","1.057142857","N1 S2 O1","de-protonated","0","-9999","C35 H37 O1 N1 S2","35","37","1","1","-9999","2","-9999","-9999","-9999"
"3556","550.224397","550.224449107","550.224513655","11570755","-9999","317405.8","82.8","-1","-0.117311133","0.663859816","0.965697386","0.784594844","5","0.375","1.75","N1 S1 P1 O9","de-protonated","0","-9999","C24 H42 O9 N1 P1 S1","24","42","9","1","1","1","-9999","-9999","-9999"
"3557","551.040458","551.040509792","551.040855511","2245295","-9999","285029.2","14.76","-1","-0.6273923","0.465534435","0.736963647","0.57410612","28","0.272727273","0.363636364","O9","de-protonated","0","-9999","C33 H12 O9","33","12","9","-9999","-9999","-9999","-9999","-9999","-9999"
"3557","551.040458","551.040509792","551.040204062","2245295","-9999","285029.2","14.76","-1","0.554823202","0.472838064","0.787157861","0.598565983","19","0.44","0.64","N2 S1 O11","de-protonated","0","-9999","C25 H16 O11 N2 S1","25","16","11","2","-9999","1","-9999","-9999","-9999"
"3557","551.040458","551.040509792","551.040693319","2245295","-9999","285029.2","14.76","-1","-0.333056091","0.490036881","0.767553728","0.60104362","23","0.107142857","0.607142857","N4 S2 P1 O3","de-protonated","0","-9999","C28 H17 O3 N4 P1 S2","28","17","3","4","1","2","-9999","-9999","-9999"
"3558","551.070759","551.07081078","551.071229409","2163398","-9999","282024.6","14.17","-1","-0.759663417","0.900583897","0","0.540350338","9","0.8","1.2","S1 O16","de-protonated","0","-9999","C20 H24 O16 S1","20","24","16","-9999","-9999","1","-9999","-9999","-9999"
"3558","551.070759","551.07081078","551.070716344","2163398","-9999","282024.6","14.17","-1","0.171367474","0.497342801","0.736963647","0.59319114","27","0.151515152","0.484848485","N2 S1 O5","de-protonated","0","-9999","C33 H16 O5 N2 S1","33","16","5","2","-9999","1","-9999","-9999","-9999"
"3558","551.070759","551.07081078","551.070849286","2163398","-9999","282024.6","14.17","-1","-0.069875105","0.499557232","0.807789663","0.622850204","14","0.590909091","0.954545455","N2 P1 O13","de-protonated","0","-9999","C22 H21 O13 N2 P1","22","21","13","2","1","-9999","-9999","-9999","-9999"
"3558","551.070759","551.07081078","551.070336222","2163398","-9999","282024.6","14.17","-1","0.861157071","0.437049864","0.725399619","0.552389766","32","0.057142857","0.371428571","N4 P1 O2","de-protonated","0","-9999","C35 H13 O2 N4 P1","35","13","2","4","1","-9999","-9999","-9999","-9999"
"3559","551.076741","551.076792778","551.07724102","7751882.5","-9999","343505.4","54.93","-1","-0.813392629","0.599325787","0.874378922","0.709347041","27","0.235294118","0.470588235","O8","de-protonated","0","-9999","C34 H16 O8","34","16","8","-9999","-9999","-9999","-9999","-9999","-9999"
"3559","551.076741","551.076792778","551.076589571","7751882.5","-9999","343505.4","54.93","-1","0.368744596","0.968685542","0.957230561","0.96410355","18","0.384615385","0.769230769","N2 S1 O10","de-protonated","0","-9999","C26 H20 O10 N2 S1","26","20","10","2","-9999","1","-9999","-9999","-9999"
"3559","551.076741","551.076792778","551.077078829","7751882.5","-9999","343505.4","54.93","-1","-0.51907591","0.640136742","0.889405394","0.739844203","22","0.068965517","0.724137931","N4 S2 P1 O2","de-protonated","0","-9999","C29 H21 O2 N4 P1 S2","29","21","2","4","1","2","-9999","-9999","-9999"
"3560","551.107138","551.107189766","551.107614918","2180833.8","-9999","263769.4","14.29","-1","-0.771450177","0.448819843","0.81490939","0.595255662","8","0.714285714","1.333333333","S1 O15","de-protonated","0","-9999","C21 H28 O15 S1","21","28","15","-9999","-9999","1","-9999","-9999","-9999"
"3560","551.107138","551.107189766","551.107101854","2180833.8","-9999","263769.4","14.29","-1","0.159519234","0.497696715","0.73113591","0.591072393","26","0.117647059","0.588235294","N2 S1 O4","de-protonated","0","-9999","C34 H20 O4 N2 S1","34","20","4","2","-9999","1","-9999","-9999","-9999"
"3560","551.107138","551.107189766","551.107234796","2180833.8","-9999","263769.4","14.29","-1","-0.081707414","0.499394682","0.800793265","0.619954115","13","0.52173913","1.086956522","N2 P1 O12","de-protonated","0","-9999","C23 H25 O12 N2 P1","23","25","12","2","1","-9999","-9999","-9999","-9999"
"3560","551.107138","551.107189766","551.106721731","2180833.8","-9999","263769.4","14.29","-1","0.849263282","0.438666119","0.719752637","0.551100726","31","0.027777778","0.472222222","N4 P1 O1","de-protonated","0","-9999","C36 H17 O1 N4 P1","36","17","1","4","1","-9999","-9999","-9999","-9999"
"3561","551.113196","551.113247764","551.113626529","6617318.5","-9999","338928.4","46.66","-1","-0.68727317","0.893356147","0.931972307","0.908802611","26","0.2","0.571428571","O7","de-protonated","0","-9999","C35 H20 O7","35","20","7","-9999","-9999","-9999","-9999","-9999","-9999"
"3561","551.113196","551.113247764","551.112975081","6617318.5","-9999","338928.4","46.66","-1","0.494786157","0.970193612","0.980551722","0.974336856","17","0.333333333","0.888888889","N2 S1 O9","de-protonated","0","-9999","C27 H24 O9 N2 S1","27","24","9","2","-9999","1","-9999","-9999","-9999"
"3561","551.113196","551.113247764","551.113464338","6617318.5","-9999","338928.4","46.66","-1","-0.392975844","0.637289207","0.913808799","0.747897044","21","0.033333333","0.833333333","N4 S2 P1 O1","de-protonated","0","-9999","C30 H25 O1 N4 P1 S2","30","25","1","4","1","2","-9999","-9999","-9999"
"3562","551.132539","551.132590756","551.132253974","1598709.1","-9999","367885.7","10.05","-1","0.611073478","0.467244745","0.719752637","0.568247902","25","0.111111111","0.666666667","S1 O4","de-protonated","0","-9999","C36 H24 O4 S1","36","24","4","-9999","-9999","1","-9999","-9999","-9999"
"3562","551.132539","551.132590756","551.132386916","1598709.1","-9999","367885.7","10.05","-1","0.369857729","0.975484288","0","0.585290573","12","0.48","1.16","P1 O12","de-protonated","0","-9999","C25 H29 O12 P1","25","29","12","-9999","1","-9999","-9999","-9999","-9999"
"3562","551.132539","551.132590756","551.132965781","1598709.1","-9999","367885.7","10.05","-1","-0.680462375","0.919416535","0.946923196","0.930419199","26","0.171428571","0.6","13C1 N1 O6","de-protonated","1","3552","C34 H21 O6 N1 13C1","34","21","6","1","-9999","-9999","1","-9999","-9999"
"3562","551.132539","551.132590756","551.132314333","1598709.1","-9999","367885.7","10.05","-1","0.501555481","0.955381205","0.995502611","0.971429767","17","0.296296296","0.925925926","13C1 N3 S1 O8","de-protonated","1","3552","C26 H25 O8 N3 S1 13C1","26","25","8","3","-9999","1","1","-9999","-9999"
"3563","551.143516","551.143567752","551.144000427","1886461.4","-9999","294111","12.15","-1","-0.785049787","0.894198583","0","0.53651915","7","0.636363636","1.454545455","S1 O14","de-protonated","0","-9999","C22 H32 O14 S1","22","32","14","-9999","-9999","1","-9999","-9999","-9999"
"3563","551.143516","551.143567752","551.143487363","1886461.4","-9999","294111","12.15","-1","0.145858151","0.498073596","0.725399619","0.589004005","25","0.085714286","0.685714286","N2 S1 O3","de-protonated","0","-9999","C35 H24 O3 N2 S1","35","24","3","2","-9999","1","-9999","-9999","-9999"
"3563","551.143516","551.143567752","551.143620305","1886461.4","-9999","294111","12.15","-1","-0.095352569","0.499175804","0.793917021","0.617072291","12","0.458333333","1.208333333","N2 P1 O11","de-protonated","0","-9999","C24 H29 O11 N2 P1","24","29","11","2","1","-9999","-9999","-9999","-9999"
"3564","551.146925","551.146976751","551.147510115","1494272","-9999","510769.6","9.29","-1","-0.96773466","0.421862538","0.698017357","0.532324466","29","0.025","0.6","S1 O1","de-protonated","0","-9999","C40 H24 O1 S1","40","24","1","-9999","-9999","1","-9999","-9999","-9999"
"3564","551.146925","551.146976751","551.147371731","1494272","-9999","510769.6","9.29","-1","-0.716650643","0.911020487","0","0.546612292","2","0.736842105","1.894736842","S2 O14","de-protonated","0","-9999","C19 H36 O14 S2","19","36","14","-9999","-9999","2","-9999","-9999","-9999"
"3564","551.146925","551.146976751","551.146858666","1494272","-9999","510769.6","9.29","-1","0.214251664","0.495852706","0.742885034","0.594665637","20","0.09375","0.875","N2 S2 O3","de-protonated","0","-9999","C32 H28 O3 N2 S2","32","28","3","2","-9999","2","-9999","-9999","-9999"
"3564","551.146925","551.146976751","551.146991608","1494272","-9999","510769.6","9.29","-1","-0.026957597","0.999868148","0","0.599920889","7","0.523809524","1.571428571","N2 S1 P1 O11","de-protonated","0","-9999","C21 H33 O11 N2 P1 S1","21","33","11","2","1","1","-9999","-9999","-9999"
"3565","551.149513","551.14956475","551.150012039","6160642","-9999","333607.9","43.33","-1","-0.811555818","0.906857295","0.931072248","0.916543276","25","0.166666667","0.666666667","O6","de-protonated","0","-9999","C36 H24 O6","36","24","6","-9999","-9999","-9999","-9999","-9999","-9999"
"3565","551.149513","551.14956475","551.14936059","6160642","-9999","333607.9","43.33","-1","0.370425325","0.962810081","0.978873338","0.969235384","16","0.285714286","1","N2 S1 O8","de-protonated","0","-9999","C28 H28 O8 N2 S1","28","28","8","2","-9999","1","-9999","-9999","-9999"
"3565","551.149513","551.14956475","551.149493532","6160642","-9999","333607.9","43.33","-1","0.129217122","0.990927602","0.943991182","0.972153034","3","0.941176471","1.941176471","N2 P1 O16","de-protonated","0","-9999","C17 H33 O16 N2 P1","17","33","16","2","1","-9999","-9999","-9999","-9999"
"3566","551.179894","551.179945738","551.180385937","1599513.1","-9999","238485.1","10.05","-1","-0.798647602","0.89071135","0","0.53442681","6","0.565217391","1.565217391","S1 O13","de-protonated","0","-9999","C23 H36 O13 S1","23","36","13","-9999","-9999","1","-9999","-9999","-9999"
"3566","551.179894","551.179945738","551.179872873","1599513.1","-9999","238485.1","10.05","-1","0.13219887","0.498416964","0.719752637","0.586951233","24","0.055555556","0.777777778","N2 S1 O2","de-protonated","0","-9999","C36 H28 O2 N2 S1","36","28","2","2","-9999","1","-9999","-9999","-9999"
"3566","551.179894","551.179945738","551.180005814","1599513.1","-9999","238485.1","10.05","-1","-0.108995923","0.997846691","0","0.598708015","11","0.4","1.32","N2 P1 O10","de-protonated","0","-9999","C25 H33 O10 N2 P1","25","33","10","2","1","-9999","-9999","-9999","-9999"
"3567","551.185912","551.185963736","551.186397548","5023005.5","-9999","318050","35.03","-1","-0.787052115","0.888160333","0.947989103","0.912091841","24","0.135135135","0.756756757","O5","de-protonated","0","-9999","C37 H28 O5","37","28","5","-9999","-9999","-9999","-9999","-9999","-9999"
"3567","551.185912","551.185963736","551.185746099","5023005.5","-9999","318050","35.03","-1","0.394851031","0.975045923","0.995030433","0.983039727","15","0.24137931","1.103448276","N2 S1 O7","de-protonated","0","-9999","C29 H32 O7 N2 S1","29","32","7","2","-9999","1","-9999","-9999","-9999"
"3567","551.185912","551.185963736","551.185879041","5023005.5","-9999","318050","35.03","-1","0.153658744","0.996775617","0.929161742","0.969730067","2","0.833333333","2.055555556","N2 P1 O15","de-protonated","0","-9999","C18 H37 O15 N2 P1","18","37","15","2","1","-9999","-9999","-9999","-9999"
"3568","551.222333","551.222384721","551.222783057","2415929.5","-9999","261417.2","16.01","-1","-0.722640395","0.45479826","0.70871839","0.556366312","23","0.105263158","0.842105263","O4","de-protonated","0","-9999","C38 H32 O4","38","32","4","-9999","-9999","-9999","-9999","-9999","-9999"
"3568","551.222333","551.222384721","551.221995263","2415929.5","-9999","261417.2","16.01","-1","0.706536484","0.913403031","0.859242811","0.891738943","14","0.129032258","1.225806452","13C1 N1 S1 P1 O4","de-protonated","1","3555","C30 H38 O4 N1 P1 S1 13C1","30","38","4","1","1","1","1","-9999","-9999"
"3568","551.222333","551.222384721","551.222131609","2415929.5","-9999","261417.2","16.01","-1","0.459184811","0.481232017","0.755017935","0.590746384","14","0.2","1.2","N2 S1 O6","de-protonated","0","-9999","C30 H36 O6 N2 S1","30","36","6","2","-9999","1","-9999","-9999","-9999"
"3568","551.222333","551.222384721","551.22226455","2415929.5","-9999","261417.2","16.01","-1","0.21800843","0.495706622","0.829532115","0.629236819","1","0.736842105","2.157894737","N2 P1 O14","de-protonated","0","-9999","C19 H41 O14 N2 P1","19","41","14","2","1","-9999","-9999","-9999","-9999"
"3569","551.227717","551.227768719","551.227735548","2926909.5","-9999","291940.8","19.74","-1","0.060177176","0.499671569","0.852237035","0.640697755","18","0.028571429","1.057142857","13C1 N1 S2 O1","de-protonated","1","3556","C34 H37 O1 N1 S2 13C1","34","37","1","1","-9999","2","1","-9999","-9999"
"3569","551.227717","551.227768719","551.22786849","2926909.5","-9999","291940.8","19.74","-1","-0.180996657","0.662715607","0.965697386","0.783908319","5","0.375","1.75","13C1 N1 S1 P1 O9","de-protonated","1","3556","C23 H42 O9 N1 P1 S1 13C1","23","42","9","1","1","1","1","-9999","-9999"
"3569","551.227717","551.227768719","551.228004835","2926909.5","-9999","291940.8","19.74","-1","-0.428345474","0.483627954","0.800793265","0.610494079","5","0.47826087","1.739130435","N2 S1 O11","de-protonated","0","-9999","C23 H40 O11 N2 S1","23","40","11","2","-9999","1","-9999","-9999","-9999"
"3569","551.227717","551.227768719","551.227624713","2926909.5","-9999","291940.8","19.74","-1","0.261246883","0.493846252","0.787157861","0.611170896","10","0.32","1.48","N4 P1 O8","de-protonated","0","-9999","C25 H37 O8 N4 P1","25","37","8","4","1","-9999","-9999","-9999","-9999"
"3570","551.258477","551.258528707","551.258517118","1332052.9","-9999","400504.5","8.1","-1","0.021023725","0.999919803","0","0.599951882","13","0.161290323","1.290322581","N2 S1 O5","de-protonated","0","-9999","C31 H40 O5 N2 S1","31","40","5","2","-9999","1","-9999","-9999","-9999"
"3570","551.258477","551.258528707","551.25865006","1332052.9","-9999","400504.5","8.1","-1","-0.220136632","0.991245517","0","0.59474731","0","0.65","2.25","N2 P1 O13","de-protonated","0","-9999","C20 H45 O13 N2 P1","20","45","13","2","1","-9999","-9999","-9999","-9999"
"3570","551.258477","551.258528707","551.258136995","1332052.9","-9999","400504.5","8.1","-1","0.710578223","0.912454255","0","0.547472553","18","0.060606061","1.121212121","N4 P1 O2","de-protonated","0","-9999","C33 H37 O2 N4 P1","33","37","2","4","1","-9999","-9999","-9999","-9999"
"3571","551.292458","551.292509694","551.292533646","2003822.9","-9999","337534.3","13","-1","-0.043445644","0.499828785","0.787157861","0.614760415","3","0.28","1.96","N2 S1 P1 O7","de-protonated","0","-9999","C25 H49 O7 N2 P1 S1","25","49","7","2","1","1","-9999","-9999","-9999"
"3572","551.323043","551.323094683","551.323426051","2187142","-9999","310813.2","14.34","-1","-0.601041362","0.468276826","0.748902347","0.580527034","6","0.129032258","1.677419355","S2 O4","de-protonated","0","-9999","C31 H52 O4 S2","31","52","4","-9999","-9999","2","-9999","-9999","-9999"
"3572","551.323043","551.323094683","551.322556671","2187142","-9999","310813.2","14.34","-1","0.975856475","0.420655944","0.755017935","0.554400741","7","0.3","1.6","O9","de-protonated","0","-9999","C30 H48 O9","30","48","9","-9999","-9999","-9999","-9999","-9999","-9999"
"3572","551.323043","551.323094683","551.323045928","2187142","-9999","310813.2","14.34","-1","0.088431524","0.499291027","0.736963647","0.594360075","11","0.03030303","1.484848485","N2 S1 P1 O1","de-protonated","0","-9999","C33 H49 O1 N2 P1 S1","33","49","1","2","1","1","-9999","-9999","-9999"
"3573","551.32886800000006","551.32891968","551.328919155","7885194.5","-9999","330161.9","55.9","-1","9.52816e-4","0.999416576","0.979454739","0.991431841","2","0.230769231","2.038461538","N2 S1 P1 O6","de-protonated","0","-9999","C26 H53 O6 N2 P1 S1","26","53","6","2","1","1","-9999","-9999","-9999"
"3574","551.526989","551.527040604","551.526950996","1296417.4","-9999","511147.3","7.84","-1","0.162471687","0.995221742","0","0.597133045","2","0.060606061","2.060606061","N4 O2","de-protonated","0","-9999","C33 H68 O2 N4","33","68","2","4","-9999","-9999","-9999","-9999","-9999"
"3575","551.532803","551.532854601","551.532627518","2063909.9","-9999","237501.5","13.44","-1","0.41173083","0.484854334","0.719752637","0.578813655","1","0.027777778","2.027777778","P1 O1","de-protonated","0","-9999","C36 H73 O1 P1","36","73","1","-9999","1","-9999","-9999","-9999","-9999"
"3580","552.080149","552.08020039","552.080595855","1663943.5","-9999","300371.7","10.52","-1","-0.716317768","0.60739956","0.874378922","0.714191305","27","0.235294118","0.470588235","13C1 O8","de-protonated","1","3559","C33 H16 O8 13C1","33","16","8","-9999","-9999","-9999","1","-9999","-9999"
"3580","552.080149","552.08020039","552.079944406","1663943.5","-9999","300371.7","10.52","-1","0.463671145","0.961741263","0.957230561","0.959936982","18","0.384615385","0.769230769","13C1 N2 S1 O10","de-protonated","1","3559","C25 H20 O10 N2 S1 13C1","25","20","10","2","-9999","1","1","-9999","-9999"
"3580","552.080149","552.08020039","552.080433664","1663943.5","-9999","300371.7","10.52","-1","-0.422535913","0.645415916","0.889405394","0.743011707","22","0.068965517","0.724137931","13C1 N4 S2 P1 O2","de-protonated","1","3559","C28 H21 O2 N4 P1 S2 13C1","28","21","2","4","1","2","1","-9999","-9999"
"3581","552.108508","552.108559379","552.10887550100006","1264605.1","-9999","348689.3","7.6","-1","-0.572572906","0.942248641","0","0.565349185","26","0.205882353","0.558823529","N1 O7","de-protonated","0","-9999","C34 H19 O7 N1","34","19","7","1","-9999","-9999","-9999","-9999","-9999"
"3581","552.108508","552.108559379","552.108224053","1264605.1","-9999","348689.3","7.6","-1","0.607355736","0.935257889","0","0.561154733","17","0.346153846","0.884615385","N3 S1 O9","de-protonated","0","-9999","C26 H23 O9 N3 S1","26","23","9","3","-9999","1","-9999","-9999","-9999"
"3582","552.116444","552.116495376","552.116981364","1722851.3","-9999","295957.9","10.95","-1","-0.880227447","0.8688485","0.931972307","0.894098023","26","0.2","0.571428571","13C1 O7","de-protonated","1","3561","C34 H20 O7 13C1","34","20","7","-9999","-9999","-9999","1","-9999","-9999"
"3582","552.116444","552.116495376","552.116329916","1722851.3","-9999","295957.9","10.95","-1","0.299683508","0.983836117","0.980551722","0.982522359","17","0.333333333","0.888888889","13C1 N2 S1 O9","de-protonated","1","3561","C26 H24 O9 N2 S1 13C1","26","24","9","2","-9999","1","1","-9999","-9999"
"3582","552.116444","552.116495376","552.116819173","1722851.3","-9999","295957.9","10.95","-1","-0.586465002","0.626333197","0.913808799","0.741323437","21","0.033333333","0.833333333","13C1 N4 S2 P1 O1","de-protonated","1","3561","C29 H25 O1 N4 P1 S2 13C1","29","25","1","4","1","2","1","-9999","-9999"
"3583","552.152957","552.153008362","552.153366874","1650687","-9999","318087.9","10.42","-1","-0.649297837","0.926356128","0.931072248","0.928242576","25","0.166666667","0.666666667","13C1 O6","de-protonated","1","3565","C35 H24 O6 13C1","35","24","6","-9999","-9999","-9999","1","-9999","-9999"
"3583","552.152957","552.153008362","552.152715425","1650687","-9999","318087.9","10.42","-1","0.530535638","0.950210243","0.978873338","0.961675481","16","0.285714286","1","13C1 N2 S1 O8","de-protonated","1","3565","C27 H28 O8 N2 S1 13C1","27","28","8","2","-9999","1","1","-9999","-9999"
"3583","552.152957","552.153008362","552.152848367","1650687","-9999","318087.9","10.42","-1","0.289765712","0.98488028","0.943991182","0.968524641","3","0.941176471","1.941176471","13C1 N2 P1 O16","de-protonated","1","3565","C16 H33 O16 N2 P1 13C1","16","33","16","2","1","-9999","1","-9999","-9999"
"3584","552.189243","552.189294348","552.189752383","1532698.8","-9999","304591.6","9.56","-1","-0.82948907","0.882632683","0.947989103","0.908775251","24","0.135135135","0.756756757","13C1 O5","de-protonated","1","3567","C36 H28 O5 13C1","36","28","5","-9999","-9999","-9999","1","-9999","-9999"
"3584","552.189243","552.189294348","552.189100934","1532698.8","-9999","304591.6","9.56","-1","0.35026645","0.977984635","0.995030433","0.984802954","15","0.24137931","1.103448276","13C1 N2 S1 O7","de-protonated","1","3567","C28 H32 O7 N2 S1 13C1","28","32","7","2","-9999","1","1","-9999","-9999"
"3584","552.189243","552.189294348","552.189233876","1532698.8","-9999","304591.6","9.56","-1","0.109512432","0.997826257","0.929161742","0.970360451","2","0.833333333","2.055555556","13C1 N2 P1 O15","de-protonated","1","3567","C17 H37 O15 N2 P1 13C1","17","37","15","2","1","-9999","1","-9999","-9999"
"3585","552.229549","552.229600332","552.229778483","1544249.6","-9999","386881.8","9.64","-1","-0.322602969","0.981293333","0","0.588776","5","0.608695652","1.695652174","N1 O14","de-protonated","0","-9999","C23 H39 O14 N1","23","39","14","1","-9999","-9999","-9999","-9999","-9999"
"3585","552.229549","552.229600332","552.229265419","1544249.6","-9999","386881.8","9.64","-1","0.606475073","0.467719656","0.719752637","0.568532849","23","0.083333333","0.861111111","N3 O3","de-protonated","0","-9999","C36 H31 O3 N3","36","31","3","3","-9999","-9999","-9999","-9999","-9999"
"3586","552.332267","552.332318292","552.33227399","2490504.3","-9999","351891.2","16.55","-1","0.080209589","0.998833317","0.979454739","0.991081886","2","0.230769231","2.038461538","13C1 N2 S1 P1 O6","de-protonated","1","3573","C25 H53 O6 N2 P1 S1 13C1","25","53","6","2","1","1","1","-9999","-9999"
"3586","552.332267","552.332318292","552.332410336","2490504.3","-9999","351891.2","16.55","-1","-0.166644712","0.49748688","0.787157861","0.613355273","2","0.32","2.04","N3 S1 O8","de-protonated","0","-9999","C25 H51 O8 N3 S1","25","51","8","3","-9999","1","-9999","-9999","-9999"
"3587","553.04988","553.049931015","553.0499809","1418925.8","-9999","410259.5","8.72","-1","-0.090199108","0.499262422","0.742885034","0.596711467","27","0.1875","0.4375","N2 S1 O6","de-protonated","0","-9999","C32 H14 O6 N2 S1","32","14","6","2","-9999","1","-9999","-9999","-9999"
"3587","553.04988","553.049931015","553.050113841","1418925.8","-9999","410259.5","8.72","-1","-0.330578261","0.98036623","0","0.588219738","14","0.666666667","0.904761905","N2 P1 O14","de-protonated","0","-9999","C21 H19 O14 N2 P1","21","19","14","2","1","-9999","-9999","-9999","-9999"
"3587","553.04988","553.049931015","553.049600777","1418925.8","-9999","410259.5","8.72","-1","0.597121677","0.468676043","0.73113591","0.57365999","32","0.088235294","0.323529412","N4 P1 O3","de-protonated","0","-9999","C34 H11 O3 N4 P1","34","11","3","4","1","-9999","-9999","-9999","-9999"
"3588","553.056204","553.056255013","553.056505575","3887794.5","-9999","327548.8","26.73","-1","-0.45305047","0.952037001","0.982922404","0.964391162","27","0.272727273","0.424242424","O9","de-protonated","0","-9999","C33 H14 O9","33","14","9","-9999","-9999","-9999","-9999","-9999","-9999"
"3588","553.056204","553.056255013","553.055854126","3887794.5","-9999","327548.8","26.73","-1","0.724856571","0.92342516","0.966883382","0.940808449","18","0.44","0.72","N2 S1 O11","de-protonated","0","-9999","C25 H18 O11 N2 S1","25","18","11","2","-9999","1","-9999","-9999","-9999"
"3588","553.056204","553.056255013","553.056343384","3887794.5","-9999","327548.8","26.73","-1","-0.159786938","0.990217984","0.986487515","0.988725797","22","0.107142857","0.678571429","N4 S2 P1 O3","de-protonated","0","-9999","C28 H19 O3 N4 P1 S2","28","19","3","4","1","2","-9999","-9999","-9999"
"3589","553.071423","553.071474007","553.071761716","1233854.4","-9999","355350","7.37","-1","-0.520203169","0.476041972","0.714192896","0.571302342","31","0.162162162","0.378378378","O6","de-protonated","0","-9999","C37 H14 O6","37","14","6","-9999","-9999","-9999","-9999","-9999","-9999"
"3589","553.071423","553.071474007","553.071110268","1233854.4","-9999","355350","7.37","-1","0.657671301","0.924518442","0","0.554711065","22","0.275862069","0.620689655","N2 S1 O8","de-protonated","0","-9999","C29 H18 O8 N2 S1","29","18","8","2","-9999","1","-9999","-9999","-9999"
"3589","553.071423","553.071474007","553.071243209","1233854.4","-9999","355350","7.37","-1","0.417301152","0.968896465","0","0.581337879","9","0.888888889","1.277777778","N2 P1 O16","de-protonated","0","-9999","C18 H23 O16 N2 P1","18","23","16","2","1","-9999","-9999","-9999","-9999"
"3590","553.080501","553.080552003","553.081006246","2206405.3","-9999","347591.1","14.47","-1","-0.821296117","0.442400687","0.773979033","0.575032026","17","0.407407407","0.814814815","S1 O11","de-protonated","0","-9999","C27 H22 O11 S1","27","22","11","-9999","-9999","1","-9999","-9999","-9999"
"3590","553.080501","553.080552003","553.080626124","2206405.3","-9999","347591.1","14.47","-1","-0.13401439","0.498373256","0.761234226","0.603517644","22","0.275862069","0.655172414","N2 P1 O8","de-protonated","0","-9999","C29 H19 O8 N2 P1","29","19","8","2","1","-9999","-9999","-9999","-9999"
"3590","553.080501","553.080552003","553.080354798","2206405.3","-9999","347591.1","14.47","-1","0.356558311","0.977195772","0","0.586317463","8","0.684210526","1.368421053","N2 S2 O13","de-protonated","0","-9999","C19 H26 O13 N2 S2","19","26","13","2","-9999","2","-9999","-9999","-9999"
"3591","553.086551","553.086602001","553.087017858","2622154","-9999","320899.4","17.5","-1","-0.751883172","0.45125384","0.692787115","0.54786715","35","0.073170732","0.341463415","O3","de-protonated","0","-9999","C41 H14 O3","41","14","3","-9999","-9999","-9999","-9999","-9999","-9999"
"3591","553.086551","553.086602001","553.086879473","2622154","-9999","320899.4","17.5","-1","-0.501679577","0.477679812","0.822155738","0.615470182","8","0.8","1.3","S1 O16","de-protonated","0","-9999","C20 H26 O16 S1","20","26","16","-9999","-9999","1","-9999","-9999","-9999"
"3591","553.086551","553.086602001","553.086366409","2622154","-9999","320899.4","17.5","-1","0.425958535","0.483806932","0.736963647","0.585069618","26","0.151515152","0.545454545","N2 S1 O5","de-protonated","0","-9999","C33 H18 O5 N2 S1","33","18","5","2","-9999","1","-9999","-9999","-9999"
"3591","553.086551","553.086602001","553.086499351","2622154","-9999","320899.4","17.5","-1","0.185595072","0.496884697","0.807789663","0.621246684","13","0.590909091","1.045454545","N2 P1 O13","de-protonated","0","-9999","C22 H23 O13 N2 P1","22","23","13","2","1","-9999","-9999","-9999","-9999"
"3592","553.089812","553.089863","553.090389161","1259724.3","-9999","397808.3","7.56","-1","-0.951311779","0.424281906","0.70871839","0.5380565","30","0.078947368","0.473684211","S1 O3","de-protonated","0","-9999","C38 H18 O3 S1","38","18","3","-9999","-9999","1","-9999","-9999","-9999"
"3592","553.089812","553.089863","553.090250776","1259724.3","-9999","397808.3","7.56","-1","-0.701109759","0.91466995","0","0.54880197","3","0.941176471","1.764705882","S2 O16","de-protonated","0","-9999","C17 H30 O16 S2","17","30","16","-9999","-9999","2","-9999","-9999","-9999"
"3592","553.089812","553.089863","553.089737712","1259724.3","-9999","397808.3","7.56","-1","0.226522514","0.990732633","0","0.59443958","21","0.166666667","0.733333333","N2 S2 O5","de-protonated","0","-9999","C30 H22 O5 N2 S2","30","22","5","2","-9999","2","-9999","-9999","-9999"
"3592","553.089812","553.089863","553.089870654","1259724.3","-9999","397808.3","7.56","-1","-0.013839436","0.999965248","0","0.599979149","8","0.684210526","1.421052632","N2 S1 P1 O13","de-protonated","0","-9999","C19 H27 O13 N2 P1 S1","19","27","13","2","1","1","-9999","-9999","-9999"
"3592","553.089812","553.089863","553.08935759","1259724.3","-9999","397808.3","7.56","-1","0.913794111","0.859406518","0","0.515643911","26","0.0625","0.59375","N4 S1 P1 O2","de-protonated","0","-9999","C32 H19 O2 N4 P1 S1","32","19","2","4","1","1","-9999","-9999","-9999"
"3593","553.092451","553.092501999","553.092891084","7059150.5","-9999","309561.3","49.87","-1","-0.703472922","0.938741142","0.926798251","0.933963986","26","0.235294118","0.529411765","O8","de-protonated","0","-9999","C34 H18 O8","34","18","8","-9999","-9999","-9999","-9999","-9999","-9999"
"3593","553.092451","553.092501999","553.092239636","7059150.5","-9999","309561.3","49.87","-1","0.474356335","0.93485369","0.976175162","0.951382279","17","0.384615385","0.846153846","N2 S1 O10","de-protonated","0","-9999","C26 H22 O10 N2 S1","26","22","10","2","-9999","1","-9999","-9999","-9999"
"3593","553.092451","553.092501999","553.092728893","7059150.5","-9999","309561.3","49.87","-1","-0.41022875600000003","0.655081095","0.908349994","0.756388655","21","0.068965517","0.793103448","N4 S2 P1 O2","de-protonated","0","-9999","C29 H23 O2 N4 P1 S2","29","23","2","4","1","2","-9999","-9999","-9999"
"3594","553.107981","553.108031993","553.108147226","1495770.3","-9999","326538.8","9.29","-1","-0.208337496","0.49607762","0.70871839","0.581133928","30","0.131578947","0.473684211","O5","de-protonated","0","-9999","C38 H18 O5","38","18","5","-9999","-9999","-9999","-9999","-9999","-9999"
"3594","553.107981","553.108031993","553.107495777","1495770.3","-9999","326538.8","9.29","-1","0.969459857","0.421606794","0.755017935","0.55497125","21","0.233333333","0.733333333","N2 S1 O7","de-protonated","0","-9999","C30 H22 O7 N2 S1","30","22","7","2","-9999","1","-9999","-9999","-9999"
"3594","553.107981","553.108031993","553.108498099","1495770.3","-9999","326538.8","9.29","-1","-0.842702811","0.879101051","0","0.527460631","7","0.5","1.55","N2 S2 P1 O10","de-protonated","0","-9999","C20 H31 O10 N2 P1 S2","20","31","10","2","1","2","-9999","-9999","-9999"
"3594","553.107981","553.108031993","553.107628719","1495770.3","-9999","326538.8","9.29","-1","0.729105445","0.908048789","0","0.544829274","8","0.789473684","1.421052632","N2 P1 O15","de-protonated","0","-9999","C19 H27 O15 N2 P1","19","27","15","2","1","-9999","-9999","-9999","-9999"
"3595","553.122809","553.122859987","553.123403367","1733861.8","-9999","256960.7","11.02","-1","-0.982385097","0.419681258","0.68763467","0.526862623","34","0.047619048","0.428571429","O2","de-protonated","0","-9999","C42 H18 O2","42","18","2","-9999","-9999","-9999","-9999","-9999","-9999"
"3595","553.122809","553.122859987","553.123264983","1733861.8","-9999","256960.7","11.02","-1","-0.732198018","0.907304494","0","0.544382696","7","0.714285714","1.428571429","S1 O15","de-protonated","0","-9999","C21 H30 O15 S1","21","30","15","-9999","-9999","1","-9999","-9999","-9999"
"3595","553.122809","553.122859987","553.122751918","1733861.8","-9999","256960.7","11.02","-1","0.195378858","0.496548755","0.73113591","0.590383617","25","0.117647059","0.647058824","N2 S1 O4","de-protonated","0","-9999","C34 H22 O4 N2 S1","34","22","4","2","-9999","1","-9999","-9999","-9999"
"3595","553.122809","553.122859987","553.12288486","1733861.8","-9999","256960.7","11.02","-1","-0.044968739","0.999633144","0","0.599779886","12","0.52173913","1.173913043","N2 P1 O12","de-protonated","0","-9999","C23 H27 O12 N2 P1","23","27","12","2","1","-9999","-9999","-9999","-9999"
"3595","553.122809","553.122859987","553.122371796","1733861.8","-9999","256960.7","11.02","-1","0.882609413","0.434093386","0.719752637","0.548357086","30","0.027777778","0.527777778","N4 P1 O1","de-protonated","0","-9999","C36 H19 O1 N4 P1","36","19","1","4","1","-9999","-9999","-9999","-9999"
"3596","553.12889500000006","553.128945984","553.129276594","6016746.5","-9999","326955.5","42.26","-1","-0.597707128","0.945371871","0.953416162","0.948589587","25","0.2","0.628571429","O7","de-protonated","0","-9999","C35 H22 O7","35","22","7","-9999","-9999","-9999","-9999","-9999","-9999"
"3596","553.12889500000006","553.128945984","553.128625145","6016746.5","-9999","326955.5","42.26","-1","0.580044775","0.93201251","0.998004424","0.958409275","16","0.333333333","0.962962963","N2 S1 O9","de-protonated","0","-9999","C27 H26 O9 N2 S1","27","26","9","2","-9999","1","-9999","-9999","-9999"
"3596","553.12889500000006","553.128945984","553.129114402","6016746.5","-9999","326955.5","42.26","-1","-0.304482221","0.65820443","0.935252653","0.76902372","20","0.033333333","0.9","N4 S2 P1 O1","de-protonated","0","-9999","C30 H27 O1 N4 P1 S2","30","27","1","4","1","2","-9999","-9999","-9999"
"3597","553.157595","553.157645973","553.157419895","1856512.4","-9999","228103.5","11.92","-1","0.408705959","0.485072715","0.719752637","0.578944684","24","0.111111111","0.75","P1 O4","de-protonated","0","-9999","C36 H27 O4 P1","36","27","4","-9999","1","-9999","-9999","-9999","-9999"
"3597","553.157595","553.157645973","553.157148568","1856512.4","-9999","228103.5","11.92","-1","0.899210821","0.431769681","0.780512821","0.571266937","10","0.346153846","1.307692308","S2 O9","de-protonated","0","-9999","C26 H34 O9 S2","26","34","9","-9999","-9999","2","-9999","-9999","-9999"
"3597","553.157595","553.157645973","553.157616599","1856512.4","-9999","228103.5","11.92","-1","0.053102846","0.499744231","0.780512821","0.612051667","16","0.384615385","1","N4 O10","de-protonated","0","-9999","C26 H26 O10 N4","26","26","10","4","-9999","-9999","-9999","-9999","-9999"
"3598","553.159296","553.159346973","553.159788876","1684225.8","-9999","335959.3","10.66","-1","-0.798871597","0.44532676","0.6825583","0.540219376","33","0.023255814","0.511627907","O1","de-protonated","0","-9999","C43 H22 O1","43","22","1","-9999","-9999","-9999","-9999","-9999","-9999"
"3598","553.159296","553.159346973","553.159650492","1684225.8","-9999","335959.3","10.66","-1","-0.548700928","0.946836125","0","0.568101675","6","0.636363636","1.545454545","S1 O14","de-protonated","0","-9999","C22 H34 O14 S1","22","34","14","-9999","-9999","1","-9999","-9999","-9999"
"3598","553.159296","553.159346973","553.159137428","1684225.8","-9999","335959.3","10.66","-1","0.378815104","0.48714901","0.725399619","0.582449254","24","0.085714286","0.742857143","N2 S1 O3","de-protonated","0","-9999","C35 H26 O3 N2 S1","35","26","3","2","-9999","1","-9999","-9999","-9999"
"3598","553.159296","553.159346973","553.159270369","1684225.8","-9999","335959.3","10.66","-1","0.138483273","0.996526294","0","0.597915776","11","0.458333333","1.291666667","N2 P1 O11","de-protonated","0","-9999","C24 H31 O11 N2 P1","24","31","11","2","1","-9999","-9999","-9999","-9999"
"3599","553.165272","553.16532297","553.165662103","4899590","-9999","327057.8","34.11","-1","-0.61307624","0.947848606","0.94511487","0.946755111","24","0.166666667","0.722222222","O6","de-protonated","0","-9999","C36 H26 O6","36","26","6","-9999","-9999","-9999","-9999","-9999","-9999"
"3599","553.165272","553.16532297","553.165010654","4899590","-9999","327057.8","34.11","-1","0.564598176","0.928060848","0.99291596","0.954002893","15","0.285714286","1.071428571","N2 S1 O8","de-protonated","0","-9999","C28 H30 O8 N2 S1","28","30","8","2","-9999","1","-9999","-9999","-9999"
"3599","553.165272","553.16532297","553.165143596","4899590","-9999","327057.8","34.11","-1","0.324268852","0.970803621","0.92994856","0.954461597","2","0.941176471","2.058823529","N2 P1 O16","de-protonated","0","-9999","C17 H35 O16 N2 P1","17","35","16","2","1","-9999","-9999","-9999","-9999"
"3600","553.180875","553.180925964","553.180918244","1343250.3","-9999","367235.4","8.17","-1","0.013955568","0.499982331","0.698017357","0.579196341","28","0.075","0.65","O3","de-protonated","0","-9999","C40 H26 O3","40","26","3","-9999","-9999","-9999","-9999","-9999","-9999"
"3600","553.180875","553.180925964","553.18077986","1343250.3","-9999","367235.4","8.17","-1","0.264116885","0.98742232","0","0.592453392","1","0.842105263","2","S1 O16","de-protonated","0","-9999","C19 H38 O16 S1","19","38","16","-9999","-9999","1","-9999","-9999","-9999"
"3600","553.180875","553.180925964","553.181269117","1343250.3","-9999","367235.4","8.17","-1","-0.620326437","0.932559482","0","0.559535689","5","0.363636364","1.772727273","N2 S2 P1 O8","de-protonated","0","-9999","C22 H39 O8 N2 P1 S2","22","39","8","2","1","2","-9999","-9999","-9999"
"3600","553.180875","553.180925964","553.180399737","1343250.3","-9999","367235.4","8.17","-1","0.951275396","0.848574471","0","0.509144682","6","0.619047619","1.666666667","N2 P1 O13","de-protonated","0","-9999","C21 H35 O13 N2 P1","21","35","13","2","1","-9999","-9999","-9999","-9999"
"3601","553.193606","553.193656959","553.193805404","1324060","-9999","235878.7","8.03","-1","-0.268340925","0.493509718","0.714192896","0.581782989","23","0.081081081","0.837837838","P1 O3","de-protonated","0","-9999","C37 H31 O3 P1","37","31","3","-9999","1","-9999","-9999","-9999","-9999"
"3601","553.193606","553.193656959","553.193534078","1324060","-9999","235878.7","8.03","-1","0.222131343","0.991086858","0","0.594652115","9","0.296296296","1.407407407","S2 O8","de-protonated","0","-9999","C27 H38 O8 S2","27","38","8","-9999","-9999","2","-9999","-9999","-9999"
"3601","553.193606","553.193656959","553.193153955","1324060","-9999","235878.7","8.03","-1","0.909273983","0.860692488","0","0.516415493","14","0.172413793","1.206896552","N2 S1 P1 O5","de-protonated","0","-9999","C29 H35 O5 N2 P1 S1","29","35","5","2","1","1","-9999","-9999","-9999"
"3601","553.193606","553.193656959","553.194002108","1324060","-9999","235878.7","8.03","-1","-0.623920408","0.931803111","0","0.559081866","15","0.333333333","1.111111111","N4 O9","de-protonated","0","-9999","C27 H30 O9 N4","27","30","9","4","-9999","-9999","-9999","-9999","-9999"
"3602","553.20157","553.201620956","553.202047612","3412770","-9999","351883","23.27","-1","-0.771248241","0.448845214","0.714192896","0.554984287","23","0.135135135","0.810810811","O5","de-protonated","0","-9999","C37 H30 O5","37","30","5","-9999","-9999","-9999","-9999","-9999","-9999"
"3602","553.20157","553.201620956","553.201396164","3412770","-9999","351883","23.27","-1","0.406348529","0.485241861","0.761234226","0.595638807","14","0.24137931","1.172413793","N2 S1 O7","de-protonated","0","-9999","C29 H34 O7 N2 S1","29","34","7","2","-9999","1","-9999","-9999","-9999"
"3602","553.20157","553.201620956","553.201529105","3412770","-9999","351883","23.27","-1","0.16603505","0.497505189","0.837042051","0.633319934","1","0.833333333","2.166666667","N2 P1 O15","de-protonated","0","-9999","C18 H39 O15 N2 P1","18","39","15","2","1","-9999","-9999","-9999","-9999"
"3603","553.233614","553.233664944","553.233562217","2404154.8","-9999","436349.4","15.91","-1","0.185685275","0.496881678","0.725399619","0.588288854","17","0.057142857","1.114285714","S1 P1 O2","de-protonated","0","-9999","C35 H39 O2 P1 S1","35","39","2","-9999","1","1","-9999","-9999","-9999"
"3603","553.233614","553.233664944","553.233758921","2404154.8","-9999","436349.4","15.91","-1","-0.169868817","0.497388953","0.787157861","0.613296516","9","0.32","1.52","N4 S1 O8","de-protonated","0","-9999","C25 H38 O8 N4 S1","25","38","8","4","-9999","1","-9999","-9999","-9999"
"3604","553.237443","553.237493942","553.237781673","1670973.6","-9999","340616.7","10.56","-1","-0.520084951","0.476052595","0.755017935","0.587638731","13","0.2","1.266666667","N2 S1 O6","de-protonated","0","-9999","C30 H38 O6 N2 S1","30","38","6","2","-9999","1","-9999","-9999","-9999"
"3604","553.237443","553.237493942","553.237914615","1670973.6","-9999","340616.7","10.56","-1","-0.760382402","0.900405326","0","0.540243196","0","0.736842105","2.263157895","N2 P1 O14","de-protonated","0","-9999","C19 H43 O14 N2 P1","19","43","14","2","1","-9999","-9999","-9999","-9999"
"3604","553.237443","553.237493942","553.237401551","1670973.6","-9999","340616.7","10.56","-1","0.167002222","0.497476113","0.742885034","0.595639681","18","0.09375","1.09375","N4 P1 O3","de-protonated","0","-9999","C32 H35 O3 N4 P1","32","35","3","4","1","-9999","-9999","-9999","-9999"
"3604","553.237443","553.237493942","553.237130224","1670973.6","-9999","340616.7","10.56","-1","0.657436054","0.924570343","0","0.554742206","4","0.363636364","1.909090909","N4 S2 O8","de-protonated","0","-9999","C22 H42 O8 N4 S2","22","42","8","4","-9999","2","-9999","-9999","-9999"
"3605","553.239464","553.239514942","553.239435443","7657279","-9999","352527.8","54.23","-1","0.143696001","0.998102251","0.969366927","0.986608121","8","0.25","1.535714286","S1 P1 O7","de-protonated","0","-9999","C28 H43 O7 P1 S1","28","43","7","-9999","1","1","-9999","-9999","-9999"
"3605","553.239464","553.239514942","553.239632148","7657279","-9999","352527.8","54.23","-1","-0.211854301","0.983516343","0.899878604","0.950061247","0","0.722222222","2.333333333","N4 S1 O13","de-protonated","0","-9999","C18 H42 O13 N4 S1","18","42","13","4","-9999","1","-9999","-9999","-9999"
"3606","553.241197","553.241247941","553.241424303","1515328.6","-9999","398155.2","9.43","-1","-0.318778688","0.490865083","0.714192896","0.580196208","22","0.027027027","0.945945946","N2 P1 O1","de-protonated","0","-9999","C37 H35 O1 N2 P1","37","35","1","2","1","-9999","-9999","-9999","-9999"
"3606","553.241197","553.241247941","553.241152976","1515328.6","-9999","398155.2","9.43","-1","0.171651338","0.994668029","0","0.596800817","8","0.222222222","1.555555556","N2 S2 O6","de-protonated","0","-9999","C27 H42 O6 N2 S2","27","42","6","2","-9999","2","-9999","-9999","-9999"
"3606","553.241197","553.241247941","553.240772854","1515328.6","-9999","398155.2","9.43","-1","0.8587348","0.874760731","0","0.524856439","13","0.103448276","1.344827586","N4 S1 P1 O3","de-protonated","0","-9999","C29 H39 O3 N4 P1 S1","29","39","3","4","1","1","-9999","-9999","-9999"
"3610","554.059488","554.059538625","554.05986041","1268149.6","-9999","354738.6","7.62","-1","-0.580777383","0.940632205","0.982922404","0.957548284","27","0.272727273","0.424242424","13C1 O9","de-protonated","1","3588","C32 H14 O9 13C1","32","14","9","-9999","-9999","-9999","1","-9999","-9999"
"3610","554.059488","554.059538625","554.059208961","1268149.6","-9999","354738.6","7.62","-1","0.594996417","0.937783096","0.966883382","0.949423211","18","0.44","0.72","13C1 N2 S1 O11","de-protonated","1","3588","C24 H18 O11 N2 S1 13C1","24","18","11","2","-9999","1","1","-9999","-9999"
"3610","554.059488","554.059538625","554.059698219","1268149.6","-9999","354738.6","7.62","-1","-0.288044964","0.985057977","0.986487515","0.985629792","22","0.107142857","0.678571429","13C1 N4 S2 P1 O3","de-protonated","1","3588","C27 H19 O3 N4 P1 S2 13C1","27","19","3","4","1","2","1","-9999","-9999"
"3611","554.095944","554.095994611","554.096245919","1717201.6","-9999","369490.1","10.89","-1","-0.453547341","0.963363053","0.926798251","0.948737132","26","0.235294118","0.529411765","13C1 O8","de-protonated","1","3593","C33 H18 O8 13C1","33","18","8","-9999","-9999","-9999","1","-9999","-9999"
"3611","554.095944","554.095994611","554.095594471","1717201.6","-9999","369490.1","10.89","-1","0.722149399","0.909713608","0.976175162","0.93629823","17","0.384615385","0.846153846","13C1 N2 S1 O10","de-protonated","1","3593","C25 H22 O10 N2 S1 13C1","25","22","10","2","-9999","1","1","-9999","-9999"
"3611","554.095944","554.095994611","554.096083728","1717201.6","-9999","369490.1","10.89","-1","-0.160834108","0.663544903","0.908349994","0.761466939","21","0.068965517","0.793103448","13C1 N4 S2 P1 O2","de-protonated","1","3593","C28 H23 O2 N4 P1 S2 13C1","28","23","2","4","1","2","1","-9999","-9999"
"3612","554.116201","554.116251603","554.116283357","1230817.4","-9999","283914.5","7.35","-1","-0.057306925","0.999404285","0","0.599642571","25","0.147058824","0.647058824","N1 P1 O5","de-protonated","0","-9999","C34 H22 O5 N1 P1","34","22","5","1","1","-9999","-9999","-9999","-9999"
"3612","554.116201","554.116251603","554.116012031","1230817.4","-9999","283914.5","7.35","-1","0.43234892","0.966651344","0","0.579990807","11","0.416666667","1.208333333","N1 S2 O10","de-protonated","0","-9999","C24 H29 O10 N1 S2","24","29","10","1","-9999","2","-9999","-9999","-9999"
"3613","554.132297","554.132347597","554.132631429","1777133.6","-9999","328356","11.33","-1","-0.512210014","0.953510622","0.953416162","0.953472838","25","0.2","0.628571429","13C1 O7","de-protonated","1","3596","C34 H22 O7 13C1","34","22","7","-9999","-9999","-9999","1","-9999","-9999"
"3613","554.132297","554.132347597","554.13197998","1777133.6","-9999","328356","11.33","-1","0.663409459","0.923247656","0.998004424","0.953150363","16","0.333333333","0.962962963","13C1 N2 S1 O9","de-protonated","1","3596","C26 H26 O9 N2 S1 13C1","26","26","9","2","-9999","1","1","-9999","-9999"
"3613","554.132297","554.132347597","554.132469237","1777133.6","-9999","328356","11.33","-1","-0.219516018","0.660863063","0.935252653","0.770618899","20","0.033333333","0.9","13C1 N4 S2 P1 O1","de-protonated","1","3596","C29 H27 O1 N4 P1 S2 13C1","29","27","1","4","1","2","1","-9999","-9999"
"3614","554.168709","554.168759582","554.169016938","1425417.9","-9999","368669.2","8.77","-1","-0.46439931","0.961623341","0.94511487","0.955019952","24","0.166666667","0.722222222","13C1 O6","de-protonated","1","3599","C35 H26 O6 13C1","35","26","6","-9999","-9999","-9999","1","-9999","-9999"
"3614","554.168709","554.168759582","554.168365489","1425417.9","-9999","368669.2","8.77","-1","0.71114303","0.912321317","0.99291596","0.944559174","15","0.285714286","1.071428571","13C1 N2 S1 O8","de-protonated","1","3599","C27 H30 O8 N2 S1 13C1","27","30","8","2","-9999","1","1","-9999","-9999"
"3614","554.168709","554.168759582","554.168498431","1425417.9","-9999","368669.2","8.77","-1","0.471248801","0.960505764","0.92994856","0.948282883","2","0.941176471","2.058823529","13C1 N2 P1 O16","de-protonated","1","3599","C16 H35 O16 N2 P1 13C1","16","35","16","2","1","-9999","1","-9999","-9999"
"3615","554.24273","554.242780554","554.242790278","2733634.8","-9999","316497.3","18.31","-1","-0.017545785","0.999944142","0.969366927","0.987713256","8","0.25","1.535714286","13C1 S1 P1 O7","de-protonated","1","3605","C27 H43 O7 P1 S1 13C1","27","43","7","-9999","1","1","1","-9999","-9999"
"3615","554.24273","554.242780554","554.242926624","2733634.8","-9999","316497.3","18.31","-1","-0.263549137","0.493737998","0.773979033","0.605834412","8","0.333333333","1.518518519","N1 S1 O9","de-protonated","0","-9999","C27 H41 O9 N1 S1","27","41","9","1","-9999","1","-9999","-9999","-9999"
"3615","554.24273","554.242780554","554.242546502","2733634.8","-9999","316497.3","18.31","-1","0.422292147","0.971844735","0.933714056","0.956592463","13","0.206896552","1.310344828","N3 P1 O6","de-protonated","0","-9999","C29 H38 O6 N3 P1","29","38","6","3","1","-9999","-9999","-9999","-9999"
"3615","554.24273","554.242780554","554.242986983","2733634.8","-9999","316497.3","18.31","-1","-0.372452371","0.97514344","0.899878604","0.94503750500000006","0","0.722222222","2.333333333","13C1 N4 S1 O13","de-protonated","1","3605","C17 H42 O13 N4 S1 13C1","17","42","13","4","-9999","1","1","-9999","-9999"
"3616","555.009686","555.009736257","555.009769857","1425042.9","-9999","339728.7","8.76","-1","-0.060538717","0.499667612","0.742885034","0.596954581","27","0.1875","0.40625","S1 P1 O6","de-protonated","0","-9999","C32 H13 O6 P1 S1","32","13","6","-9999","1","1","-9999","-9999","-9999"
"3616","555.009686","555.009736257","555.009966561","1425042.9","-9999","339728.7","8.76","-1","-0.414954836","0.969239827","0","0.581543896","19","0.545454545","0.545454545","N4 S1 O12","de-protonated","0","-9999","C22 H12 O12 N4 S1","22","12","12","4","-9999","1","-9999","-9999","-9999"
"3617","555.035322","555.035372247","555.03577013","1360550.6","-9999","347380.9","8.29","-1","-0.7168596","0.910970972","0","0.546582583","27","0.3125","0.375","O10","de-protonated","0","-9999","C32 H12 O10","32","12","10","-9999","-9999","-9999","-9999","-9999","-9999"
"3617","555.035322","555.035372247","555.035118681","1360550.6","-9999","347380.9","8.29","-1","0.456846695","0.962838144","0","0.577702886","18","0.5","0.666666667","N2 S1 O12","de-protonated","0","-9999","C24 H16 O12 N2 S1","24","16","12","2","-9999","1","-9999","-9999","-9999"
"3617","555.035322","555.035372247","555.035607939","1360550.6","-9999","347380.9","8.29","-1","-0.424641927","0.967810509","0","0.580686305","22","0.148148148","0.62962963","N4 S2 P1 O4","de-protonated","0","-9999","C27 H17 O4 N4 P1 S2","27","17","4","4","1","2","-9999","-9999","-9999"
"3618","555.050788","555.050838241","555.051026271","1811634.6","-9999","375719.3","11.58","-1","-0.338761628","0.489696175","0.719752637","0.58171876","31","0.194444444","0.333333333","O7","de-protonated","0","-9999","C36 H12 O7","36","12","7","-9999","-9999","-9999","-9999","-9999","-9999"
"3618","555.050788","555.050838241","555.050374823","1811634.6","-9999","375719.3","11.58","-1","0.834912851","0.440594056","0.767553728","0.571377925","22","0.321428571","0.571428571","N2 S1 O9","de-protonated","0","-9999","C28 H16 O9 N2 S1","28","16","9","2","-9999","1","-9999","-9999","-9999"
"3618","555.050788","555.050838241","555.051377144","1811634.6","-9999","375719.3","11.58","-1","-0.970906355","0.842784267","0","0.50567056","8","0.666666667","1.388888889","N2 S2 P1 O12","de-protonated","0","-9999","C18 H25 O12 N2 P1 S2","18","25","12","2","1","2","-9999","-9999","-9999"
"3618","555.050788","555.050838241","555.05086408","1811634.6","-9999","375719.3","11.58","-1","-0.046551876","0.499803432","0.748902347","0.599442998","26","0.032258065","0.548387097","N4 S2 P1 O1","de-protonated","0","-9999","C31 H17 O1 N4 P1 S2","31","17","1","4","1","2","-9999","-9999","-9999"
"3619","555.065443","555.065493236","555.065630964","1597885.9","-9999","277479.1","10.02","-1","-0.248129693","0.494445337","0.742885034","0.593821216","26","0.1875","0.5","N2 S1 O6","de-protonated","0","-9999","C32 H16 O6 N2 S1","32","16","6","2","-9999","1","-9999","-9999","-9999"
"3619","555.065443","555.065493236","555.065763906","1597885.9","-9999","277479.1","10.02","-1","-0.487635902","0.957771104","0","0.574662662","13","0.666666667","1","N2 P1 O14","de-protonated","0","-9999","C21 H21 O14 N2 P1","21","21","14","2","1","-9999","-9999","-9999","-9999"
"3619","555.065443","555.065493236","555.065250842","1597885.9","-9999","277479.1","10.02","-1","0.436695064","0.482994548","0.73113591","0.582251093","31","0.088235294","0.382352941","N4 P1 O3","de-protonated","0","-9999","C34 H13 O3 N4 P1","34","13","3","4","1","-9999","-9999","-9999","-9999"
"3619","555.065443","555.065493236","555.064979515","1597885.9","-9999","277479.1","10.02","-1","0.925514011","0.856051601","0","0.513630961","17","0.333333333","0.833333333","N4 S2 O8","de-protonated","0","-9999","C24 H20 O8 N4 S2","24","20","8","4","-9999","2","-9999","-9999","-9999"
"3620","555.06913","555.069180234","555.069653716","1288896.9","-9999","369471.9","7.76","-1","-0.853013107","0.438158336","0.714192896","0.54857216","30","0.108108108","0.432432432","S1 O4","de-protonated","0","-9999","C37 H16 O4 S1","37","16","4","-9999","-9999","1","-9999","-9999","-9999"
"3620","555.06913","555.069180234","555.069273594","1288896.9","-9999","369471.9","7.76","-1","-0.168193727","0.497440063","0.703327172","0.579794907","35","0.025641026","0.333333333","N2 P1 O1","de-protonated","0","-9999","C39 H13 O1 N2 P1","39","13","1","2","1","-9999","-9999","-9999","-9999"
"3620","555.06913","555.069180234","555.069002267","1288896.9","-9999","369471.9","7.76","-1","0.320621381","0.981520308","0","0.588912185","21","0.206896552","0.689655172","N2 S2 O6","de-protonated","0","-9999","C29 H20 O6 N2 S2","29","20","6","2","-9999","2","-9999","-9999","-9999"
"3620","555.06913","555.069180234","555.069135209","1288896.9","-9999","369471.9","7.76","-1","0.08111649","0.998806801","0","0.599284081","8","0.777777778","1.388888889","N2 S1 P1 O14","de-protonated","0","-9999","C18 H25 O14 N2 P1 S1","18","25","14","2","1","1","-9999","-9999","-9999"
"3621","555.071853","555.071903233","555.072155639","4448451","-9999","338223.9","30.81","-1","-0.454726813","0.481587905","0.736963647","0.583738202","26","0.272727273","0.484848485","O9","de-protonated","0","-9999","C33 H16 O9","33","16","9","-9999","-9999","-9999","-9999","-9999","-9999"
"3621","555.071853","555.071903233","555.071504191","4448451","-9999","338223.9","30.81","-1","0.718902852","0.455243095","0.787157861","0.588009001","17","0.44","0.8","N2 S1 O11","de-protonated","0","-9999","C25 H20 O11 N2 S1","25","20","11","2","-9999","1","-9999","-9999","-9999"
"3621","555.071853","555.071903233","555.071993448","4448451","-9999","338223.9","30.81","-1","-0.162528219","0.497609212","0.767553728","0.605587019","21","0.107142857","0.75","N4 S2 P1 O3","de-protonated","0","-9999","C28 H21 O3 N4 P1 S2","28","21","3","4","1","2","-9999","-9999","-9999"
"3622","555.078439","555.078489231","555.078898246","1908936","-9999","280200.8","12.29","-1","-0.736859895","0.45308886","0.773979033","0.581444929","16","0.333333333","0.888888889","S2 O9","de-protonated","0","-9999","C27 H24 O9 S2","27","24","9","-9999","-9999","2","-9999","-9999","-9999"
"3622","555.078439","555.078489231","555.078028866","1908936","-9999","280200.8","12.29","-1","0.829368967","0.441332296","0.780512821","0.577004506","17","0.538461538","0.769230769","O14","de-protonated","0","-9999","C26 H20 O14","26","20","14","-9999","-9999","-9999","-9999","-9999","-9999"
"3622","555.078439","555.078489231","555.078518124","1908936","-9999","280200.8","12.29","-1","-0.052051841","0.499754252","0.761234226","0.604346242","21","0.206896552","0.724137931","N2 S1 P1 O6","de-protonated","0","-9999","C29 H21 O6 N2 P1 S1","29","21","6","2","1","1","-9999","-9999","-9999"
"3623","555.087214","555.087264227","555.087411781","1500878.9","-9999","302047.3","9.31","-1","-0.265820154","0.493630307","0.714192896","0.581855343","30","0.162162162","0.432432432","O6","de-protonated","0","-9999","C37 H16 O6","37","16","6","-9999","-9999","-9999","-9999","-9999","-9999"
"3623","555.087214","555.087264227","555.086760332","1500878.9","-9999","302047.3","9.31","-1","0.907777477","0.861117259","0","0.516670355","21","0.275862069","0.689655172","N2 S1 O8","de-protonated","0","-9999","C29 H20 O8 N2 S1","29","20","8","2","-9999","1","-9999","-9999","-9999"
"3623","555.087214","555.087264227","555.087762654","1500878.9","-9999","302047.3","9.31","-1","-0.89792349","0.863901938","0","0.518341163","7","0.578947368","1.526315789","N2 S2 P1 O11","de-protonated","0","-9999","C19 H29 O11 N2 P1 S2","19","29","11","2","1","2","-9999","-9999","-9999"
"3623","555.087214","555.087264227","555.086893274","1500878.9","-9999","302047.3","9.31","-1","0.668280108","0.922161715","0","0.553297029","8","0.888888889","1.388888889","N2 P1 O16","de-protonated","0","-9999","C18 H25 O16 N2 P1","18","25","16","2","1","-9999","-9999","-9999","-9999"
"3624","555.090211","555.090261226","555.090783084","2061521.1","-9999","391713.1","13.4","-1","-0.940130724","0.425913146","0.73113591","0.548002252","25","0.176470588","0.588235294","S1 O6","de-protonated","0","-9999","C34 H20 O6 S1","34","20","6","-9999","-9999","1","-9999","-9999","-9999"
"3624","555.090211","555.090261226","555.090402962","2061521.1","-9999","391713.1","13.4","-1","-0.255337471","0.494119874","0.719752637","0.584372979","30","0.083333333","0.472222222","N2 P1 O3","de-protonated","0","-9999","C36 H17 O3 N2 P1","36","17","3","2","1","-9999","-9999","-9999","-9999"
"3624","555.090211","555.090261226","555.090131635","2061521.1","-9999","391713.1","13.4","-1","0.233458988","0.495079612","0.780512821","0.609252896","16","0.307692308","0.923076923","N2 S2 O8","de-protonated","0","-9999","C26 H24 O8 N2 S2","26","24","8","2","-9999","2","-9999","-9999","-9999"
"3624","555.090211","555.090261226","555.089751513","2061521.1","-9999","391713.1","13.4","-1","0.918253848","0.429066688","0.767553728","0.564461504","21","0.178571429","0.75","N4 S1 P1 O5","de-protonated","0","-9999","C28 H21 O5 N4 P1 S1","28","21","5","4","1","1","-9999","-9999","-9999"
"3625","555.096219","555.096269224","555.096656311","6073557.5","-9999","325297","42.67","-1","-0.697332596","0.934613213","0.950506208","0.940970411","16","0.407407407","0.888888889","S1 O11","de-protonated","0","-9999","C27 H24 O11 S1","27","24","11","-9999","-9999","1","-9999","-9999","-9999"
"3625","555.096219","555.096269224","555.096276188","6073557.5","-9999","325297","42.67","-1","-0.012546422","0.997299792","0.937761401","0.973484436","21","0.275862069","0.724137931","N2 P1 O8","de-protonated","0","-9999","C29 H21 O8 N2 P1","29","21","8","2","1","-9999","-9999","-9999","-9999"
"3625","555.096219","555.096269224","555.096004862","6073557.5","-9999","325297","42.67","-1","0.476244984","0.62787997","0.930900115","0.749088028","7","0.684210526","1.473684211","N2 S2 O13","de-protonated","0","-9999","C19 H28 O13 N2 S2","19","28","13","2","-9999","2","-9999","-9999","-9999"
"3626","555.102281","555.102331222","555.102667922","1836762.5","-9999","313343.5","11.76","-1","-0.606555427","0.467711384","0.692787115","0.557741677","34","0.073170732","0.390243902","O3","de-protonated","0","-9999","C41 H16 O3","41","16","3","-9999","-9999","-9999","-9999","-9999","-9999"
"3626","555.102281","555.102331222","555.102529538","1836762.5","-9999","313343.5","11.76","-1","-0.357260317","0.977106925","0","0.586264155","7","0.8","1.4","S1 O16","de-protonated","0","-9999","C20 H28 O16 S1","20","28","16","-9999","-9999","1","-9999","-9999","-9999"
"3626","555.102281","555.102331222","555.102016473","1836762.5","-9999","313343.5","11.76","-1","0.56700955","0.471666598","0.736963647","0.577785418","25","0.151515152","0.606060606","N2 S1 O5","de-protonated","0","-9999","C33 H20 O5 N2 S1","33","20","5","2","-9999","1","-9999","-9999","-9999"
"3626","555.102281","555.102331222","555.102149415","1836762.5","-9999","313343.5","11.76","-1","0.327518844","0.98072445","0","0.58843467","12","0.590909091","1.136363636","N2 P1 O13","de-protonated","0","-9999","C22 H25 O13 N2 P1","22","25","13","2","1","-9999","-9999","-9999","-9999"
"3627","555.108159","555.108209219","555.108541149","5205215","-9999","331417.9","36.33","-1","-0.59795437","0.468591424","0.73113591","0.573609218","25","0.235294118","0.588235294","O8","de-protonated","0","-9999","C34 H20 O8","34","20","8","-9999","-9999","-9999","-9999","-9999","-9999"
"3627","555.108159","555.108209219","555.1078897","5205215","-9999","331417.9","36.33","-1","0.5755982","0.470827478","0.780512821","0.594701615","16","0.384615385","0.923076923","N2 S1 O10","de-protonated","0","-9999","C26 H24 O10 N2 S1","26","24","10","2","-9999","1","-9999","-9999","-9999"
"3627","555.108159","555.108209219","555.108378958","5205215","-9999","331417.9","36.33","-1","-0.30577497","0.491588974","0.761234226","0.599447075","20","0.068965517","0.862068966","N4 S2 P1 O2","de-protonated","0","-9999","C29 H25 O2 N4 P1 S2","29","25","2","4","1","2","-9999","-9999","-9999"
"3628","555.123514","555.123564213","555.12379729","1787626.9","-9999","351673.5","11.4","-1","-0.419864551","0.484259631","0.70871839","0.574043135","29","0.131578947","0.526315789","O5","de-protonated","0","-9999","C38 H20 O5","38","20","5","-9999","-9999","-9999","-9999","-9999","-9999"
"3628","555.123514","555.123564213","555.123145841","1787626.9","-9999","351673.5","11.4","-1","0.753655975","0.877204634","0.807083903","0.849156342","20","0.233333333","0.8","N2 S1 O7","de-protonated","0","-9999","C30 H24 O7 N2 S1","30","24","7","2","-9999","1","-9999","-9999","-9999"
"3628","555.123514","555.123564213","555.123278783","1787626.9","-9999","351673.5","11.4","-1","0.514174341","0.953161865","0","0.571897119","7","0.789473684","1.526315789","N2 P1 O15","de-protonated","0","-9999","C19 H29 O15 N2 P1","19","29","15","2","1","-9999","-9999","-9999","-9999"
"3629","555.132534","555.13258421","555.13304182","1324017.9","-9999","301631.8","8.02","-1","-0.824325606","0.884001351","0","0.530400811","15","0.357142857","1","S1 O10","de-protonated","0","-9999","C28 H28 O10 S1","28","28","10","-9999","-9999","1","-9999","-9999","-9999"
"3629","555.132534","555.13258421","555.132661698","1324017.9","-9999","301631.8","8.02","-1","-0.139584403","0.996470931","0","0.597882559","20","0.233333333","0.833333333","N2 P1 O7","de-protonated","0","-9999","C30 H25 O7 N2 P1","30","25","7","2","1","-9999","-9999","-9999","-9999"
"3629","555.132534","555.13258421","555.132390372","1324017.9","-9999","301631.8","8.02","-1","0.349174904","0.978120126","0","0.586872075","6","0.6","1.6","N2 S2 O12","de-protonated","0","-9999","C20 H32 O12 N2 S2","20","32","12","2","-9999","2","-9999","-9999","-9999"
"3630","555.13681","555.136860208","555.13668445","1622261.3","-9999","284075.2","10.2","-1","0.316603984","0.490988168","0.725399619","0.584752748","24","0.142857143","0.714285714","P1 O5","de-protonated","0","-9999","C35 H25 O5 P1","35","25","5","-9999","1","-9999","-9999","-9999","-9999"
"3630","555.13681","555.136860208","555.136413124","1622261.3","-9999","284075.2","10.2","-1","0.805359972","0.888972953","0","0.533383772","10","0.4","1.28","S2 O10","de-protonated","0","-9999","C25 H32 O10 S2","25","32","10","-9999","-9999","2","-9999","-9999","-9999"
"3630","555.13681","555.136860208","555.136881154","1622261.3","-9999","284075.2","10.2","-1","-0.037731242","0.999741715","0","0.599845029","16","0.44","0.96","N4 O11","de-protonated","0","-9999","C25 H24 O11 N4","25","24","11","4","-9999","-9999","-9999","-9999","-9999"
"3631","555.13863","555.138680207","555.139053431","1961206.5","-9999","311596.6","12.67","-1","-0.672307119","0.460629421","0.68763467","0.551431521","33","0.047619048","0.476190476","O2","de-protonated","0","-9999","C42 H20 O2","42","20","2","-9999","-9999","-9999","-9999","-9999","-9999"
"3631","555.13863","555.138680207","555.138915047","1961206.5","-9999","311596.6","12.67","-1","-0.423028365","0.96805073","0","0.580830438","6","0.714285714","1.523809524","S1 O15","de-protonated","0","-9999","C21 H32 O15 S1","21","32","15","-9999","-9999","1","-9999","-9999","-9999"
"3631","555.13863","555.138680207","555.138401983","1961206.5","-9999","311596.6","12.67","-1","0.501180861","0.477723163","0.73113591","0.579088262","24","0.117647059","0.705882353","N2 S1 O4","de-protonated","0","-9999","C34 H24 O4 N2 S1","34","24","4","2","-9999","1","-9999","-9999","-9999"
"3631","555.13863","555.138680207","555.138534924","1961206.5","-9999","311596.6","12.67","-1","0.261705868","0.493824744","0.800793265","0.616612153","11","0.52173913","1.260869565","N2 P1 O12","de-protonated","0","-9999","C23 H29 O12 N2 P1","23","29","12","2","1","-9999","-9999","-9999","-9999"
"3632","555.144543","555.144593205","555.144926658","3828987","-9999","288265.9","26.29","-1","-0.600659355","0.966594308","0.987074983","0.974786578","24","0.2","0.685714286","O7","de-protonated","0","-9999","C35 H24 O7","35","24","7","-9999","-9999","-9999","-9999","-9999","-9999"
"3632","555.144543","555.144593205","555.14427521","3828987","-9999","288265.9","26.29","-1","0.572816294","0.47110049","0.773979033","0.592251907","15","0.333333333","1.037037037","N2 S1 O9","de-protonated","0","-9999","C27 H28 O9 N2 S1","27","28","9","2","-9999","1","-9999","-9999","-9999"
"3632","555.144543","555.144593205","555.144764467","3828987","-9999","288265.9","26.29","-1","-0.308499106","0.989299315","0.983306701","0.986902269","19","0.033333333","0.966666667","N4 S2 P1 O1","de-protonated","0","-9999","C30 H29 O1 N4 P1 S2","30","29","1","4","1","2","-9999","-9999","-9999"
"3633","555.159983","555.160033199","555.160182799","1543175.1","-9999","323808.9","9.62","-1","-0.26947223","0.493455238","0.703327172","0.577404011","28","0.102564103","0.615384615","O4","de-protonated","0","-9999","C39 H24 O4","39","24","4","-9999","-9999","-9999","-9999","-9999","-9999"
"3633","555.159983","555.160033199","555.160044415","1543175.1","-9999","323808.9","9.62","-1","-0.020202863","0.999925943","0","0.599955566","1","0.944444444","2","S1 O17","de-protonated","0","-9999","C18 H36 O17 S1","18","36","17","-9999","-9999","1","-9999","-9999","-9999"
"3633","555.159983","555.160033199","555.159531351","1543175.1","-9999","323808.9","9.62","-1","0.90397156","0.431097662","0.748902347","0.558219536","19","0.193548387","0.903225806","N2 S1 O6","de-protonated","0","-9999","C31 H28 O6 N2 S1","31","28","6","2","-9999","1","-9999","-9999","-9999"
"3633","555.159983","555.160033199","555.160533672","1543175.1","-9999","323808.9","9.62","-1","-0.901492707","0.862895772","0","0.517737463","5","0.428571429","1.761904762","N2 S2 P1 O9","de-protonated","0","-9999","C21 H37 O9 N2 P1 S2","21","37","9","2","1","2","-9999","-9999","-9999"
"3633","555.159983","555.160033199","555.159664293","1543175.1","-9999","323808.9","9.62","-1","0.664505585","0.923003849","0","0.55380231","6","0.7","1.65","N2 P1 O14","de-protonated","0","-9999","C20 H33 O14 N2 P1","20","33","14","2","1","-9999","-9999","-9999","-9999"
"3634","555.173142","555.173192194","555.173069959","1986833.3","-9999","247004.9","12.86","-1","0.220174747","0.495621249","0.719752637","0.585273805","23","0.111111111","0.805555556","P1 O4","de-protonated","0","-9999","C36 H29 O4 P1","36","29","4","-9999","1","-9999","-9999","-9999","-9999"
"3634","555.173142","555.173192194","555.172798633","1986833.3","-9999","247004.9","12.86","-1","0.708898655","0.456424531","0.780512821","0.586059847","9","0.346153846","1.384615385","S2 O9","de-protonated","0","-9999","C26 H36 O9 S2","26","36","9","-9999","-9999","2","-9999","-9999","-9999"
"3634","555.173142","555.173192194","555.173266664","1986833.3","-9999","247004.9","12.86","-1","-0.134137222","0.498370277","0.780512821","0.611227295","15","0.384615385","1.076923077","N4 O10","de-protonated","0","-9999","C26 H28 O10 N4","26","28","10","4","-9999","-9999","-9999","-9999","-9999"
"3635","555.174953","555.175003193","555.175438941","1374482.8","-9999","327949","8.39","-1","-0.784882218","0.447120634","0.6825583","0.5412957","32","0.023255814","0.558139535","O1","de-protonated","0","-9999","C43 H24 O1","43","24","1","-9999","-9999","-9999","-9999","-9999","-9999"
"3635","555.174953","555.175003193","555.175300556","1374482.8","-9999","327949","8.39","-1","-0.535619829","0.949276124","0","0.569565674","5","0.636363636","1.636363636","S1 O14","de-protonated","0","-9999","C22 H36 O14 S1","22","36","14","-9999","-9999","1","-9999","-9999","-9999"
"3635","555.174953","555.175003193","555.174787492","1374482.8","-9999","327949","8.39","-1","0.388528721","0.486490605","0.725399619","0.582054211","23","0.085714286","0.8","N2 S1 O3","de-protonated","0","-9999","C35 H28 O3 N2 S1","35","28","3","2","-9999","1","-9999","-9999","-9999"
"3635","555.174953","555.175003193","555.174920434","1374482.8","-9999","327949","8.39","-1","0.14906945","0.99597602","0","0.597585612","10","0.458333333","1.375","N2 P1 O11","de-protonated","0","-9999","C24 H33 O11 N2 P1","24","33","11","2","1","-9999","-9999","-9999","-9999"
"3636","555.181031","555.181081191","555.181312168","3019031.3","-9999","328418.2","20.39","-1","-0.416037868","0.48454078","0.719752637","0.578625523","23","0.166666667","0.777777778","O6","de-protonated","0","-9999","C36 H28 O6","36","28","6","-9999","-9999","-9999","-9999","-9999","-9999"
"3636","555.181031","555.181081191","555.180660719","3019031.3","-9999","328418.2","20.39","-1","0.75736109","0.450577408","0.767553728","0.577367936","14","0.285714286","1.142857143","N2 S1 O8","de-protonated","0","-9999","C28 H32 O8 N2 S1","28","32","8","2","-9999","1","-9999","-9999","-9999"
"3636","555.181031","555.181081191","555.180793661","3019031.3","-9999","328418.2","20.39","-1","0.517904264","0.476248157","0.844689208","0.623624577","1","0.941176471","2.176470588","N2 P1 O16","de-protonated","0","-9999","C17 H37 O16 N2 P1","17","37","16","2","1","-9999","-9999","-9999","-9999"
"3637","555.196413","555.196463185","555.196568309","1365795.4","-9999","333979.9","8.33","-1","-0.189344985","0.496757951","0.698017357","0.577261713","27","0.075","0.7","O3","de-protonated","0","-9999","C40 H28 O3","40","28","3","-9999","-9999","-9999","-9999","-9999","-9999"
"3637","555.196413","555.196463185","555.196429924","1365795.4","-9999","333979.9","8.33","-1","0.059908066","0.999348997","0","0.599609398","0","0.842105263","2.105263158","S1 O16","de-protonated","0","-9999","C19 H40 O16 S1","19","40","16","-9999","-9999","1","-9999","-9999","-9999"
"3637","555.196413","555.196463185","555.19591686","1365795.4","-9999","333979.9","8.33","-1","0.984021996","0.83887243","0","0.503323458","18","0.15625","1","N2 S1 O5","de-protonated","0","-9999","C32 H32 O5 N2 S1","32","32","5","2","-9999","1","-9999","-9999","-9999"
"3637","555.196413","555.196463185","555.196919182","1365795.4","-9999","333979.9","8.33","-1","-0.821324093","0.884793997","0","0.530876398","4","0.363636364","1.863636364","N2 S2 P1 O8","de-protonated","0","-9999","C22 H41 O8 N2 P1 S2","22","41","8","2","1","2","-9999","-9999","-9999"
"3637","555.196413","555.196463185","555.196049802","1365795.4","-9999","333979.9","8.33","-1","0.744571696","0.904301194","0","0.542580717","5","0.619047619","1.761904762","N2 P1 O13","de-protonated","0","-9999","C21 H37 O13 N2 P1","21","37","13","2","1","-9999","-9999","-9999","-9999"
"3638","555.209289","555.20933918","555.209455468","1504301.4","-9999","293839","9.34","-1","-0.209449303","0.496035811","0.714192896","0.583298645","22","0.081081081","0.891891892","P1 O3","de-protonated","0","-9999","C37 H33 O3 P1","37","33","3","-9999","1","-9999","-9999","-9999","-9999"
"3638","555.209289","555.20933918","555.209184142","1504301.4","-9999","293839","9.34","-1","0.279242366","0.985950925","0","0.591570555","8","0.296296296","1.481481481","S2 O8","de-protonated","0","-9999","C27 H40 O8 S2","27","40","8","-9999","-9999","2","-9999","-9999","-9999"
"3638","555.209289","555.20933918","555.20880402","1504301.4","-9999","293839","9.34","-1","0.963890419","0.844862653","0","0.506917592","13","0.172413793","1.275862069","N2 S1 P1 O5","de-protonated","0","-9999","C29 H37 O5 N2 P1 S1","29","37","5","2","1","1","-9999","-9999","-9999"
"3638","555.209289","555.20933918","555.209652173","1504301.4","-9999","293839","9.34","-1","-0.5637379","0.943966625","0","0.566379975","14","0.333333333","1.185185185","N4 O9","de-protonated","0","-9999","C27 H32 O9 N4","27","32","9","4","-9999","-9999","-9999","-9999","-9999"
"3639","555.217425","555.217475177","555.217697677","1515827.6","-9999","470556","9.42","-1","-0.400743474","0.485640329","0.714192896","0.577061356","22","0.135135135","0.864864865","O5","de-protonated","0","-9999","C37 H32 O5","37","32","5","-9999","-9999","-9999","-9999","-9999","-9999"
"3639","555.217425","555.217475177","555.217046228","1515827.6","-9999","470556","9.42","-1","0.772578605","0.897355948","0","0.538413569","13","0.24137931","1.24137931","N2 S1 O7","de-protonated","0","-9999","C29 H36 O7 N2 S1","29","36","7","2","-9999","1","-9999","-9999","-9999"
"3639","555.217425","555.217475177","555.21717917","1515827.6","-9999","470556","9.42","-1","0.533137468","0.949733207","0","0.569839924","0","0.833333333","2.277777778","N2 P1 O15","de-protonated","0","-9999","C18 H41 O15 N2 P1","18","41","15","2","1","-9999","-9999","-9999","-9999"
"3640","555.245646","555.245696166","555.245840978","1199945.4","-9999","359960","7.12","-1","-0.260806346","0.493866861","0.70871839","0.579807472","21","0.052631579","0.973684211","P1 O2","de-protonated","0","-9999","C38 H37 O2 P1","38","37","2","-9999","1","-9999","-9999","-9999","-9999"
"3640","555.245646","555.245696166","555.245569652","1199945.4","-9999","359960","7.12","-1","0.227853275","0.99062394","0","0.594374364","7","0.25","1.571428571","S2 O7","de-protonated","0","-9999","C28 H44 O7 S2","28","44","7","-9999","-9999","2","-9999","-9999","-9999"
"3640","555.245646","555.245696166","555.245189529","1199945.4","-9999","359960","7.12","-1","0.912456426","0.859787551","0","0.515872531","12","0.133333333","1.366666667","N2 S1 P1 O4","de-protonated","0","-9999","C30 H41 O4 N2 P1 S1","30","41","4","2","1","1","-9999","-9999","-9999"
"3640","555.245646","555.245696166","555.245901337","1199945.4","-9999","359960","7.12","-1","-0.369512874","0.97552942","0.933714056","0.958803274","13","0.206896552","1.310344828","13C1 N3 P1 O6","de-protonated","1","3615","C28 H38 O6 N3 P1 13C1","28","38","6","3","1","-9999","1","-9999","-9999"
"3640","555.245646","555.245696166","555.246037682","1199945.4","-9999","359960","7.12","-1","-0.615071708","0.933658598","0","0.560195159","13","0.285714286","1.285714286","N4 O8","de-protonated","0","-9999","C28 H36 O8 N4","28","36","8","4","-9999","-9999","-9999","-9999","-9999"
"3641","556.099677","556.099726836","556.100011146","1301983.4","-9999","386636.7","7.85","-1","-0.511256932","0.953679403","0.950506208","0.952410125","16","0.407407407","0.888888889","13C1 S1 O11","de-protonated","1","3625","C26 H24 O11 S1 13C1","26","24","11","-9999","-9999","1","1","-9999","-9999"
"3641","556.099677","556.099726836","556.099631023","1301983.4","-9999","386636.7","7.85","-1","0.172293828","0.994628146","0.937761401","0.971881448","21","0.275862069","0.724137931","13C1 N2 P1 O8","de-protonated","1","3625","C28 H21 O8 N2 P1 13C1","28","21","8","2","1","-9999","1","-9999","-9999"
"3641","556.099677","556.099726836","556.099359697","1301983.4","-9999","386636.7","7.85","-1","0.660203411","0.615972547","0.930900115","0.741943574","7","0.684210526","1.473684211","13C1 N2 S2 O13","de-protonated","1","3625","C18 H28 O13 N2 S2 13C1","18","28","13","2","-9999","2","1","-9999","-9999"
"3641","556.099677","556.099726836","556.099767369","1301983.4","-9999","386636.7","7.85","-1","-0.072888154","0.999036485","0","0.599421891","21","0.357142857","0.678571429","N3 O10","de-protonated","0","-9999","C28 H19 O10 N3","28","19","10","3","-9999","-9999","-9999","-9999","-9999"
"3642","556.125929","556.125978826","556.125788869","1392627.6","-9999","287502.2","8.52","-1","0.341571708","0.979052666","0","0.5874316","19","0.161290323","0.870967742","N1 S2 O5","de-protonated","0","-9999","C31 H27 O5 N1 S2","31","27","5","1","-9999","2","-9999","-9999","-9999"
"3642","556.125929","556.125978826","556.125921811","1392627.6","-9999","287502.2","8.52","-1","0.102521935","0.998094656","0","0.598856794","6","0.65","1.6","N1 S1 P1 O13","de-protonated","0","-9999","C20 H32 O13 N1 P1 S1","20","32","13","1","1","1","-9999","-9999","-9999"
"3642","556.125929","556.125978826","556.126500677","1392627.6","-9999","287502.2","8.52","-1","-0.938366925","0.852338558","0.807083903","0.83423669600000006","20","0.233333333","0.8","13C1 N2 S1 O7","de-protonated","1","3628","C29 H24 O7 N2 S1 13C1","29","24","7","2","-9999","1","1","-9999","-9999"
"3643","556.131834","556.131883824","556.131933422","3357688.3","-9999","343563.6","22.85","-1","-0.089184551","0.49927891","0.73113591","0.59202171","24","0.147058824","0.705882353","N1 P1 O5","de-protonated","0","-9999","C34 H24 O5 N1 P1","34","24","5","1","1","-9999","-9999","-9999","-9999"
"3643","556.131834","556.131883824","556.131662096","3357688.3","-9999","343563.6","22.85","-1","0.398696564","0.485784547","0.793917021","0.609037536","10","0.416666667","1.291666667","N1 S2 O10","de-protonated","0","-9999","C24 H31 O10 N1 S2","24","31","10","1","-9999","2","-9999","-9999","-9999"
"3644","556.148155","556.148204817","556.148281493","1357061","-9999","336461.2","8.26","-1","-0.13786979","0.99655695","0.987074983","0.992764163","24","0.2","0.685714286","13C1 O7","de-protonated","1","3632","C34 H24 O7 13C1","34","24","7","-9999","-9999","-9999","1","-9999","-9999"
"3644","556.148155","556.148204817","556.148119302","1357061","-9999","336461.2","8.26","-1","0.153763504","0.995719159","0.983306701","0.990754176","19","0.033333333","0.966666667","13C1 N4 S2 P1 O1","de-protonated","1","3632","C29 H29 O1 N4 P1 S2 13C1","29","29","1","4","1","2","1","-9999","-9999"
"3645","556.323165","556.32321475","556.323105499","3220621","-9999","347656.1","21.85","-1","0.196380154","0.496513414","0.761234226","0.602401739","5","0.172413793","1.793103448","N1 S1 P1 O5","de-protonated","0","-9999","C29 H52 O5 N1 P1 S1","29","52","5","1","1","1","-9999","-9999","-9999"
"3648","556.974469","556.974518498","556.973974975","1352327.8","-9999","274868.1","8.22","-1","0.975849099","0.841314087","0","0.504788452","15","0.941176471","0.588235294","N4 S1 O16","de-protonated","0","-9999","C17 H10 O16 N4 S1","17","10","16","4","-9999","1","-9999","-9999","-9999"
"3649","557.050843","557.050892468","557.051420195","1498819.3","-9999","358887.9","8.81","-1","-0.947356625","0.424860424","0.742885034","0.552070268","26","0.3125","0.4375","O10","de-protonated","0","-9999","C32 H14 O10","32","14","10","-9999","-9999","-9999","-9999","-9999","-9999"
"3649","557.050843","557.050892468","557.050768746","1498819.3","-9999","358887.9","8.81","-1","0.222102424","0.991089168","0","0.594653501","17","0.5","0.75","N2 S1 O12","de-protonated","0","-9999","C24 H18 O12 N2 S1","24","18","12","2","-9999","1","-9999","-9999","-9999"
"3649","557.050843","557.050892468","557.051258003","1498819.3","-9999","358887.9","8.81","-1","-0.656196388","0.924843577","0","0.554906146","21","0.148148148","0.703703704","N4 S2 P1 O4","de-protonated","0","-9999","C27 H19 O4 N4 P1 S2","27","19","4","4","1","2","-9999","-9999","-9999"
"3649","557.050843","557.050892468","557.050388623","1498819.3","-9999","358887.9","8.81","-1","0.904487021","0.862049501","0","0.517229701","22","0.346153846","0.576923077","N4 P1 O9","de-protonated","0","-9999","C26 H15 O9 N4 P1","26","15","9","4","1","-9999","-9999","-9999","-9999"
"3650","557.060295","557.060344465","557.060664725","1438410.8","-9999","350712.3","8.39","-1","-0.57491063","0.941790127","0","0.565074076","12","0.681818182","1","S1 O15","de-protonated","0","-9999","C22 H22 O15 S1","22","22","15","-9999","-9999","1","-9999","-9999","-9999"
"3650","557.060295","557.060344465","557.06015166","1438410.8","-9999","350712.3","8.39","-1","0.346110114","0.489249194","0.725399619","0.583709364","30","0.114285714","0.4","N2 S1 O4","de-protonated","0","-9999","C35 H14 O4 N2 S1","35","14","4","2","-9999","1","-9999","-9999","-9999"
"3650","557.060295","557.060344465","557.060284602","1438410.8","-9999","350712.3","8.39","-1","0.1074613","0.997906837","0","0.598744102","17","0.5","0.791666667","N2 P1 O12","de-protonated","0","-9999","C24 H19 O12 N2 P1","24","19","12","2","1","-9999","-9999","-9999","-9999"
"3651","557.066516","557.066565462","557.066676336","2992847.5","-9999","338650.8","19.15","-1","-0.199031296","0.49641898","0.719752637","0.585752443","30","0.194444444","0.388888889","O7","de-protonated","0","-9999","C36 H14 O7","36","14","7","-9999","-9999","-9999","-9999","-9999","-9999"
"3651","557.066516","557.066565462","557.066024887","2992847.5","-9999","338650.8","19.15","-1","0.970396601","0.421467805","0.767553728","0.559902174","21","0.321428571","0.642857143","N2 S1 O9","de-protonated","0","-9999","C28 H18 O9 N2 S1","28","18","9","2","-9999","1","-9999","-9999","-9999"
"3651","557.066516","557.066565462","557.067027209","2992847.5","-9999","338650.8","19.15","-1","-0.828888805","0.441396062","0.837042051","0.599654457","7","0.666666667","1.5","N2 S2 P1 O12","de-protonated","0","-9999","C18 H27 O12 N2 P1 S2","18","27","12","2","1","2","-9999","-9999","-9999"
"3651","557.066516","557.066565462","557.066514145","2992847.5","-9999","338650.8","19.15","-1","0.092121185","0.499230677","0.748902347","0.599099345","25","0.032258065","0.612903226","N4 S2 P1 O1","de-protonated","0","-9999","C31 H19 O1 N4 P1 S2","31","19","1","4","1","2","-9999","-9999","-9999"
"3652","557.075673","557.075722459","557.075920866","1471702.8","-9999","354144.6","8.62","-1","-0.356158515","0.977246297","0","0.586347778","16","0.461538462","0.846153846","S1 O12","de-protonated","0","-9999","C26 H22 O12 S1","26","22","12","-9999","-9999","1","-9999","-9999","-9999"
"3652","557.075673","557.075722459","557.075407802","1471702.8","-9999","354144.6","8.62","-1","0.564837207","0.471877074","0.703327172","0.564457113","34","0.025641026","0.358974359","N2 S1 O1","de-protonated","0","-9999","C39 H14 O1 N2 S1","39","14","1","2","-9999","1","-9999","-9999","-9999"
"3652","557.075673","557.075722459","557.075540743","1471702.8","-9999","354144.6","8.62","-1","0.326194877","0.980878478","0","0.588527087","21","0.321428571","0.678571429","N2 P1 O9","de-protonated","0","-9999","C28 H19 O9 N2 P1","28","19","9","2","1","-9999","-9999","-9999","-9999"
"3652","557.075673","557.075722459","557.075269417","1471702.8","-9999","354144.6","8.62","-1","0.813249793","0.886915412","0","0.532149247","7","0.777777778","1.444444444","N2 S2 O14","de-protonated","0","-9999","C18 H26 O14 N2 S2","18","26","14","2","-9999","2","-9999","-9999","-9999"
"3653","557.087551","557.087600454","557.087805704","3872480","-9999","336086.5","25.24","-1","-0.368433652","0.4878352","0.736963647","0.587486579","25","0.272727273","0.545454545","O9","de-protonated","0","-9999","C33 H18 O9","33","18","9","-9999","-9999","-9999","-9999","-9999","-9999"
"3653","557.087551","557.087600454","557.087154255","3872480","-9999","336086.5","25.24","-1","0.800949693","0.445058201","0.787157861","0.581898065","16","0.44","0.88","N2 S1 O11","de-protonated","0","-9999","C25 H22 O11 N2 S1","25","22","11","2","-9999","1","-9999","-9999","-9999"
"3653","557.087551","557.087600454","557.088156577","3872480","-9999","336086.5","25.24","-1","-0.998267165","0.417292623","0.860410506","0.594539776","2","0.933333333","2.066666667","N2 S2 P1 O14","de-protonated","0","-9999","C15 H31 O14 N2 P1 S2","15","31","14","2","1","2","-9999","-9999","-9999"
"3653","557.087551","557.087600454","557.087643513","3872480","-9999","336086.5","25.24","-1","-0.077292263","0.499458298","0.767553728","0.60669647","20","0.107142857","0.821428571","N4 S2 P1 O3","de-protonated","0","-9999","C28 H23 O3 N4 P1 S2","28","23","3","4","1","2","-9999","-9999","-9999"
"3654","557.094185","557.094234451","557.094548311","5745381","-9999","306563.7","38.21","-1","-0.563385695","0.647761121","0.92242511","0.757626717","15","0.333333333","0.962962963","S2 O9","de-protonated","0","-9999","C27 H26 O9 S2","27","26","9","-9999","-9999","2","-9999","-9999","-9999"
"3654","557.094185","557.094234451","557.093678931","5745381","-9999","306563.7","38.21","-1","0.997176583","0.417457431","0.780512821","0.562679587","16","0.538461538","0.846153846","O14","de-protonated","0","-9999","C26 H22 O14","26","22","14","-9999","-9999","-9999","-9999","-9999","-9999"
"3654","557.094185","557.094234451","557.094168188","5745381","-9999","306563.7","38.21","-1","0.11894474","0.950759902","0.959812519","0.954380949","20","0.206896552","0.793103448","N2 S1 P1 O6","de-protonated","0","-9999","C29 H23 O6 N2 P1 S1","29","23","6","2","1","1","-9999","-9999","-9999"
"3655","557.102813","557.102862448","557.103061845","2817260","-9999","296277.2","17.94","-1","-0.357917768","0.488511783","0.714192896","0.578784228","29","0.162162162","0.486486486","O6","de-protonated","0","-9999","C37 H18 O6","37","18","6","-9999","-9999","-9999","-9999","-9999","-9999"
"3655","557.102813","557.102862448","557.102410397","2817260","-9999","296277.2","17.94","-1","0.811433566","0.443695204","0.761234226","0.570710813","20","0.275862069","0.75862069","N2 S1 O8","de-protonated","0","-9999","C29 H22 O8 N2 S1","29","22","8","2","-9999","1","-9999","-9999","-9999"
"3655","557.102813","557.102862448","557.103412718","2817260","-9999","296277.2","17.94","-1","-0.98773404","0.418879545","0.829532115","0.583140573","6","0.578947368","1.631578947","N2 S2 P1 O11","de-protonated","0","-9999","C19 H31 O11 N2 P1 S2","19","31","11","2","1","2","-9999","-9999","-9999"
"3655","557.102813","557.102862448","557.102543338","2817260","-9999","296277.2","17.94","-1","0.572802744","0.471101817","0.837042051","0.617477911","7","0.888888889","1.5","N2 P1 O16","de-protonated","0","-9999","C18 H27 O16 N2 P1","18","27","16","2","1","-9999","-9999","-9999","-9999"
"3656","557.105413","557.105462447","557.1057817","1634541.8","-9999","383782.7","9.75","-1","-0.573055854","0.942154052","0","0.565292431","15","0.307692308","1","N2 S2 O8","de-protonated","0","-9999","C26 H26 O8 N2 S2","26","26","8","2","-9999","2","-9999","-9999","-9999"
"3656","557.105413","557.105462447","557.10491232","1634541.8","-9999","383782.7","9.75","-1","0.987474941","0.837836889","0","0.502702134","16","0.52","0.88","N2 O13","de-protonated","0","-9999","C25 H22 O13 N2","25","22","13","2","-9999","-9999","-9999","-9999","-9999"
"3656","557.105413","557.105462447","557.105401577","1634541.8","-9999","383782.7","9.75","-1","0.109260815","0.498918112","0.767553728","0.606372358","20","0.178571429","0.821428571","N4 S1 P1 O5","de-protonated","0","-9999","C28 H23 O5 N4 P1 S1","28","23","5","4","1","1","-9999","-9999","-9999"
"3657","557.111971","557.112020445","557.112306375","2922739","-9999","297229.1","18.67","-1","-0.513237119","0.476664207","0.773979033","0.595590138","15","0.407407407","0.962962963","S1 O11","de-protonated","0","-9999","C27 H26 O11 S1","27","26","11","-9999","-9999","1","-9999","-9999","-9999"
"3657","557.111971","557.112020445","557.111926253","2922739","-9999","297229.1","18.67","-1","0.169071601","0.49741334","0.761234226","0.602941694","20","0.275862069","0.793103448","N2 P1 O8","de-protonated","0","-9999","C29 H23 O8 N2 P1","29","23","8","2","1","-9999","-9999","-9999","-9999"
"3657","557.111971","557.112020445","557.111654927","2922739","-9999","297229.1","18.67","-1","0.65609463","0.462432993","0.829532115","0.609272642","6","0.684210526","1.578947368","N2 S2 O13","de-protonated","0","-9999","C19 H30 O13 N2 S2","19","30","13","2","-9999","2","-9999","-9999","-9999"
"3658","557.117259","557.117308443","557.116818385","1300855.1","-9999","202950.2","7.44","-1","0.879632197","0.434506832","0.725399619","0.550863947","23","0.028571429","0.771428571","S2 P1 O1","de-protonated","0","-9999","C35 H27 O1 P1 S2","35","27","1","-9999","1","2","-9999","-9999","-9999"
"3658","557.117259","557.117308443","557.117666538","1300855.1","-9999","202950.2","7.44","-1","-0.642764178","0.92777618","0","0.556665708","24","0.151515152","0.666666667","N2 S1 O5","de-protonated","0","-9999","C33 H22 O5 N2 S1","33","22","5","2","-9999","1","-9999","-9999","-9999"
"3658","557.117259","557.117308443","557.11779948","1300855.1","-9999","202950.2","7.44","-1","-0.881388119","0.868526217","0","0.52111573","11","0.590909091","1.227272727","N2 P1 O13","de-protonated","0","-9999","C22 H27 O13 N2 P1","22","27","13","2","1","-9999","-9999","-9999","-9999"
"3658","557.117259","557.117308443","557.117286415","1300855.1","-9999","202950.2","7.44","-1","0.039537888","0.499858196","0.725399619","0.590074765","29","0.057142857","0.542857143","N4 P1 O2","de-protonated","0","-9999","C35 H19 O2 N4 P1","35","19","2","4","1","-9999","-9999","-9999","-9999"
"3658","557.117259","557.117308443","557.117015089","1300855.1","-9999","202950.2","7.44","-1","0.526556168","0.95093581","0","0.570561486","15","0.28","1.04","N4 S2 O7","de-protonated","0","-9999","C25 H26 O7 N4 S2","25","26","7","4","-9999","2","-9999","-9999","-9999"
"3659","557.123915","557.12396444","557.124191213","2977532.3","-9999","350139.8","19.05","-1","-0.407042641","0.485192154","0.73113591","0.583569657","24","0.235294118","0.647058824","O8","de-protonated","0","-9999","C34 H22 O8","34","22","8","-9999","-9999","-9999","-9999","-9999","-9999"
"3659","557.123915","557.12396444","557.123539765","2977532.3","-9999","350139.8","19.05","-1","0.762264287","0.449968649","0.780512821","0.582186318","15","0.384615385","1","N2 S1 O10","de-protonated","0","-9999","C26 H26 O10 N2 S1","26","26","10","2","-9999","1","-9999","-9999","-9999"
"3659","557.123915","557.12396444","557.124029022","2977532.3","-9999","350139.8","19.05","-1","-0.115920278","0.498782376","0.761234226","0.603763116","19","0.068965517","0.931034483","N4 S2 P1 O2","de-protonated","0","-9999","C29 H27 O2 N4 P1 S2","29","27","2","4","1","2","-9999","-9999","-9999"
"3660","557.133035","557.133084436","557.133435743","1449219.3","-9999","389545.5","8.47","-1","-0.630561541","0.930395585","0","0.558237351","10","0.541666667","1.25","S1 O13","de-protonated","0","-9999","C24 H30 O13 S1","24","30","13","-9999","-9999","1","-9999","-9999","-9999"
"3660","557.133035","557.133084436","557.132922679","1449219.3","-9999","389545.5","8.47","-1","0.29033885","0.492410433","0.714192896","0.581123418","28","0.054054054","0.594594595","N2 S1 O2","de-protonated","0","-9999","C37 H22 O2 N2 S1","37","22","2","2","-9999","1","-9999","-9999","-9999"
"3660","557.133035","557.133084436","557.133055621","1449219.3","-9999","389545.5","8.47","-1","0.051721221","0.999514727","0","0.599708836","15","0.384615385","1.038461538","N2 P1 O10","de-protonated","0","-9999","C26 H27 O10 N2 P1","26","27","10","2","1","-9999","-9999","-9999","-9999"
"3660","557.133035","557.133084436","557.132784295","1449219.3","-9999","389545.5","8.47","-1","0.538725723","0.94870155","0","0.56922093","1","0.9375","2.125","N2 S2 O15","de-protonated","0","-9999","C16 H34 O15 N2 S2","16","34","15","2","-9999","2","-9999","-9999","-9999"
"3661","557.139229","557.139278434","557.139447355","1942792.1","-9999","270824.6","11.88","-1","-0.303192519","0.49172927","0.70871839","0.578524918","28","0.131578947","0.578947368","O5","de-protonated","0","-9999","C38 H22 O5","38","22","5","-9999","-9999","-9999","-9999","-9999","-9999"
"3661","557.139229","557.139278434","557.138795906","1942792.1","-9999","270824.6","11.88","-1","0.866082511","0.436375729","0.755017935","0.563832611","19","0.233333333","0.866666667","N2 S1 O7","de-protonated","0","-9999","C30 H26 O7 N2 S1","30","26","7","2","-9999","1","-9999","-9999","-9999"
"3661","557.139229","557.139278434","557.139798228","1942792.1","-9999","270824.6","11.88","-1","-0.932967693","0.853902597","0","0.512341558","5","0.5","1.75","N2 S2 P1 O10","de-protonated","0","-9999","C20 H35 O10 N2 P1 S2","20","35","10","2","1","2","-9999","-9999","-9999"
"3661","557.139229","557.139278434","557.138928848","1942792.1","-9999","270824.6","11.88","-1","0.627467261","0.931052978","0","0.558631787","6","0.789473684","1.631578947","N2 P1 O15","de-protonated","0","-9999","C19 H31 O15 N2 P1","19","31","15","2","1","-9999","-9999","-9999","-9999"
"3662","557.15251","557.152559429","557.152334514","1286418.5","-9999","311210.8","7.34","-1","0.403686334","0.485431768","0.725399619","0.581418908","23","0.142857143","0.771428571","P1 O5","de-protonated","0","-9999","C35 H27 O5 P1","35","27","5","-9999","1","-9999","-9999","-9999","-9999"
"3662","557.15251","557.152559429","557.152063188","1286418.5","-9999","311210.8","7.34","-1","0.890674155","0.865936824","0","0.519562094","9","0.4","1.36","S2 O10","de-protonated","0","-9999","C25 H34 O10 S2","25","34","10","-9999","-9999","2","-9999","-9999","-9999"
"3662","557.15251","557.152559429","557.152531219","1286418.5","-9999","311210.8","7.34","-1","0.050632981","0.999534928","0","0.599720957","15","0.44","1.04","N4 O11","de-protonated","0","-9999","C25 H26 O11 N4","25","26","11","4","-9999","-9999","-9999","-9999","-9999"
"3663","557.160185","557.160234426","557.160576723","2231576.5","-9999","330403","13.88","-1","-0.614359106","0.466903515","0.725399619","0.570301957","23","0.2","0.742857143","O7","de-protonated","0","-9999","C35 H26 O7","35","26","7","-9999","-9999","-9999","-9999","-9999","-9999"
"3663","557.160185","557.160234426","557.159925274","2231576.5","-9999","330403","13.88","-1","0.554871218","0.472833492","0.773979033","0.593291709","14","0.333333333","1.111111111","N2 S1 O9","de-protonated","0","-9999","C27 H30 O9 N2 S1","27","30","9","2","-9999","1","-9999","-9999","-9999"
"3663","557.160185","557.160234426","557.160414531","2231576.5","-9999","330403","13.88","-1","-0.323255815","0.49060913","0.755017935","0.596372652","18","0.033333333","1.033333333","N4 S2 P1 O1","de-protonated","0","-9999","C30 H31 O1 N4 P1 S2","30","31","1","4","1","2","-9999","-9999","-9999"
"3664","557.17556","557.17560942","557.175832864","2241828.5","-9999","297855.3","13.95","-1","-0.401029432","0.485620126","0.703327172","0.572702945","27","0.102564103","0.666666667","O4","de-protonated","0","-9999","C39 H26 O4","39","26","4","-9999","-9999","-9999","-9999","-9999","-9999"
"3664","557.17556","557.17560942","557.17569448","2241828.5","-9999","297855.3","13.95","-1","-0.152661859","0.99578015","0","0.59746809","0","0.944444444","2.111111111","S1 O17","de-protonated","0","-9999","C18 H38 O17 S1","18","38","17","-9999","-9999","1","-9999","-9999","-9999"
"3664","557.17556","557.17560942","557.175181415","2241828.5","-9999","297855.3","13.95","-1","0.768169126","0.44923142","0.748902347","0.569099791","18","0.193548387","0.967741935","N2 S1 O6","de-protonated","0","-9999","C31 H30 O6 N2 S1","31","30","6","2","-9999","1","-9999","-9999","-9999"
"3664","557.17556","557.17560942","557.175314357","2241828.5","-9999","297855.3","13.95","-1","0.529569482","0.475193426","0.822155738","0.613978351","5","0.7","1.75","N2 P1 O14","de-protonated","0","-9999","C20 H35 O14 N2 P1","20","35","14","2","1","-9999","-9999","-9999","-9999"
"3665","557.188711","557.188760415","557.188720024","2215726.8","-9999","294142.9","13.77","-1","0.072491486","0.499523469","0.719752637","0.587615137","22","0.111111111","0.861111111","P1 O4","de-protonated","0","-9999","C36 H31 O4 P1","36","31","4","-9999","1","-9999","-9999","-9999","-9999"
"3665","557.188711","557.188760415","557.188448697","2215726.8","-9999","294142.9","13.77","-1","0.559447345","0.472396203","0.780512821","0.59564285","8","0.346153846","1.461538462","S2 O9","de-protonated","0","-9999","C26 H38 O9 S2","26","38","9","-9999","-9999","2","-9999","-9999","-9999"
"3665","557.188711","557.188760415","557.188916728","2215726.8","-9999","294142.9","13.77","-1","-0.280538695","0.492910557","0.780512821","0.607951462","14","0.384615385","1.153846154","N4 O10","de-protonated","0","-9999","C26 H30 O10 N4","26","30","10","4","-9999","-9999","-9999","-9999","-9999"
"3666","557.196801","557.196850412","557.196962232","1276213.1","-9999","370898.6","7.27","-1","-0.200683397","0.496359502","0.719752637","0.585716756","22","0.166666667","0.833333333","O6","de-protonated","0","-9999","C36 H30 O6","36","30","6","-9999","-9999","-9999","-9999","-9999","-9999"
"3666","557.196801","557.196850412","557.196310783","1276213.1","-9999","370898.6","7.27","-1","0.968471059","0.843506822","0","0.506104093","13","0.285714286","1.214285714","N2 S1 O8","de-protonated","0","-9999","C28 H34 O8 N2 S1","28","34","8","2","-9999","1","-9999","-9999","-9999"
"3666","557.196801","557.196850412","557.196443725","1276213.1","-9999","370898.6","7.27","-1","0.729880414","0.907862515","0","0.544717509","0","0.941176471","2.294117647","N2 P1 O16","de-protonated","0","-9999","C17 H39 O16 N2 P1","17","39","16","2","1","-9999","-9999","-9999","-9999"
"3667","557.212029","557.212078406","557.212218373","1580353","-9999","347047.4","9.37","-1","-0.251192187","0.494308164","0.698017357","0.575791841","26","0.075","0.75","O3","de-protonated","0","-9999","C40 H30 O3","40","30","3","-9999","-9999","-9999","-9999","-9999","-9999"
"3667","557.212029","557.212078406","557.211566925","1580353","-9999","347047.4","9.37","-1","0.917930198","0.429112958","0.742885034","0.554621788","17","0.15625","1.0625","N2 S1 O5","de-protonated","0","-9999","C32 H34 O5 N2 S1","32","34","5","2","-9999","1","-9999","-9999","-9999"
"3667","557.212029","557.212078406","557.212569246","1580353","-9999","347047.4","9.37","-1","-0.880885147","0.868665914","0","0.521199548","3","0.363636364","1.954545455","N2 S2 P1 O8","de-protonated","0","-9999","C22 H43 O8 N2 P1 S2","22","43","8","2","1","2","-9999","-9999","-9999"
"3667","557.212029","557.212078406","557.211699866","1580353","-9999","347047.4","9.37","-1","0.679346098","0.9196698","0","0.55180188","4","0.619047619","1.857142857","N2 P1 O13","de-protonated","0","-9999","C21 H39 O13 N2 P1","21","39","13","2","1","-9999","-9999","-9999","-9999"
"3668","557.248478","557.248527392","557.248603883","1246045.4","-9999","422164.1","7.06","-1","-0.13726512","0.498293517","0.692787115","0.576090956","25","0.048780488","0.829268293","O2","de-protonated","0","-9999","C41 H34 O2","41","34","2","-9999","-9999","-9999","-9999","-9999","-9999"
"3668","557.248478","557.248527392","557.248954756","1246045.4","-9999","422164.1","7.06","-1","-0.766917036","0.898776239","0","0.539265744","2","0.304347826","2.043478261","N2 S2 P1 O7","de-protonated","0","-9999","C23 H47 O7 N2 P1 S2","23","47","7","2","1","2","-9999","-9999","-9999"
"3668","557.248478","557.248527392","557.248085376","1246045.4","-9999","422164.1","7.06","-1","0.793212511","0.892110755","0","0.535266453","3","0.545454545","1.954545455","N2 P1 O12","de-protonated","0","-9999","C22 H43 O12 N2 P1","22","43","12","2","1","-9999","-9999","-9999","-9999"
"3670","558.09789","558.097939063","558.097903146","1423605","-9999","231698.6","8.28","-1","0.064357547","0.666165827","0.92242511","0.76866954","15","0.333333333","0.962962963","13C1 S2 O9","de-protonated","1","3654","C26 H26 O9 S2 13C1","26","26","9","-9999","-9999","2","1","-9999","-9999"
"3670","558.09789","558.097939063","558.098310817","1423605","-9999","231698.6","8.28","-1","-0.666108391","0.461323368","0.719752637","0.564695076","29","0.166666667","0.472222222","N1 O6","de-protonated","0","-9999","C36 H17 O6 N1","36","17","6","1","-9999","-9999","-9999","-9999","-9999"
"3670","558.09789","558.097939063","558.097523023","1423605","-9999","231698.6","8.28","-1","0.745461707","0.904083621","0.959812519","0.92637518","20","0.206896552","0.793103448","13C1 N2 S1 P1 O6","de-protonated","1","3654","C28 H23 O6 N2 P1 S1 13C1","28","23","6","2","1","1","1","-9999","-9999"
"3670","558.09789","558.097939063","558.097659369","1423605","-9999","231698.6","8.28","-1","0.501157293","0.955450422","0","0.573270253","20","0.285714286","0.75","N3 S1 O8","de-protonated","0","-9999","C28 H21 O8 N3 S1","28","21","8","3","-9999","1","-9999","-9999","-9999"
"3670","558.09789","558.097939063","558.09779231","1423605","-9999","231698.6","8.28","-1","0.262952092","0.987532321","0","0.592519393","7","0.941176471","1.529411765","N3 P1 O16","de-protonated","0","-9999","C17 H26 O16 N3 P1","17","26","16","3","1","-9999","-9999","-9999","-9999"
"3671","558.147792","558.147841044","558.147583486","1591580.1","-9999","319352.2","9.45","-1","0.461451108","0.481049866","0.73113591","0.581084284","23","0.147058824","0.764705882","N1 P1 O5","de-protonated","0","-9999","C34 H26 O5 N1 P1","34","26","5","1","1","-9999","-9999","-9999","-9999"
"3671","558.147792","558.147841044","558.14731216","1591580.1","-9999","319352.2","9.45","-1","0.947570595","0.849658337","0","0.509795002","9","0.416666667","1.375","N1 S2 O10","de-protonated","0","-9999","C24 H33 O10 N1 S2","24","33","10","1","-9999","2","-9999","-9999","-9999"
"3673","558.281206","558.281254993","558.281240686","1930372.5","-9999","392035.7","11.79","-1","0.025626536","0.499940423","0.748902347","0.599525193","10","0.129032258","1.483870968","N1 S1 P1 O4","de-protonated","0","-9999","C31 H46 O4 N1 P1 S1","31","46","4","1","1","1","-9999","-9999","-9999"
"3674","558.287244","558.28729299","558.286980971","5400201","-9999","337006.4","35.81","-1","0.558887187","0.904753736","0.912700622","0.90793249","14","0.028571429","1.285714286","N1 S2 O1","de-protonated","0","-9999","C35 H45 O1 N1 S2","35","45","1","1","-9999","2","-9999","-9999","-9999"
"3674","558.287244","558.28729299","558.287113913","5400201","-9999","337006.4","35.81","-1","0.32076275","0.953006292","0.981218024","0.964290985","1","0.375","2.083333333","N1 S1 P1 O9","de-protonated","0","-9999","C24 H50 O9 N1 P1 S1","24","50","9","1","1","1","-9999","-9999","-9999"
"3676","559.043172","559.043220698","559.043438968","1432282.3","-9999","379539.1","8.34","-1","-0.390433902","0.48635962","0.703327172","0.573146641","34","0.076923077","0.307692308","S1 O3","de-protonated","0","-9999","C39 H12 O3 S1","39","12","3","-9999","-9999","1","-9999","-9999","-9999"
"3676","559.043172","559.043220698","559.043571909","1432282.3","-9999","379539.1","8.34","-1","-0.628235899","0.930889936","0","0.558533961","21","0.392857143","0.607142857","P1 O11","de-protonated","0","-9999","C28 H17 O11 P1","28","17","11","-9999","1","-9999","-9999","-9999","-9999"
"3676","559.043172","559.043220698","559.043300583","1432282.3","-9999","379539.1","8.34","-1","-0.142896053","0.996301803","0","0.597781082","7","0.888888889","1.333333333","S2 O16","de-protonated","0","-9999","C18 H24 O16 S2","18","24","16","-9999","-9999","2","-9999","-9999","-9999"
"3676","559.043172","559.043220698","559.042787519","1432282.3","-9999","379539.1","8.34","-1","0.774858702","0.896781639","0","0.538068983","25","0.161290323","0.516129032","N2 S2 O5","de-protonated","0","-9999","C31 H16 O5 N2 S2","31","16","5","2","-9999","2","-9999","-9999","-9999"
"3676","559.043172","559.043220698","559.042920461","1432282.3","-9999","379539.1","8.34","-1","0.53705615","0.949010782","0","0.569406469","12","0.65","1.05","N2 S1 P1 O13","de-protonated","0","-9999","C20 H21 O13 N2 P1 S1","20","21","13","2","1","1","-9999","-9999","-9999"
"3676","559.043172","559.043220698","559.043768614","1432282.3","-9999","379539.1","8.34","-1","-0.980094515","0.840047423","0","0.504028454","13","0.944444444","0.888888889","N4 O17","de-protonated","0","-9999","C18 H16 O17 N4","18","16","17","4","-9999","-9999","-9999","-9999","-9999"
"3677","559.04577","559.045818697","559.045940891","2350812","-9999","332488.2","14.7","-1","-0.218575893","0.495684339","0.725399619","0.587570451","30","0.228571429","0.342857143","O8","de-protonated","0","-9999","C35 H12 O8","35","12","8","-9999","-9999","-9999","-9999","-9999","-9999"
"3677","559.04577","559.045818697","559.045289442","2350812","-9999","332488.2","14.7","-1","0.946711696","0.424954603","0.773979033","0.564564375","21","0.37037037","0.592592593","N2 S1 O10","de-protonated","0","-9999","C27 H16 O10 N2 S1","27","16","10","2","-9999","1","-9999","-9999","-9999"
"3677","559.04577","559.045818697","559.046291764","2350812","-9999","332488.2","14.7","-1","-0.846203423","0.87815849","0","0.526895094","7","0.764705882","1.470588235","N2 S2 P1 O13","de-protonated","0","-9999","C17 H25 O13 N2 P1 S2","17","25","13","2","1","2","-9999","-9999","-9999"
"3677","559.04577","559.045818697","559.0457787","2350812","-9999","332488.2","14.7","-1","0.071545777","0.499535816","0.755017935","0.601728664","25","0.066666667","0.566666667","N4 S2 P1 O2","de-protonated","0","-9999","C30 H17 O2 N4 P1 S2","30","17","2","4","1","2","-9999","-9999","-9999"
"3678","559.076086","559.076134685","559.076314789","1635828","-9999","266430.8","9.75","-1","-0.322145351","0.981345869","0","0.588807521","11","0.681818182","1.090909091","S1 O15","de-protonated","0","-9999","C22 H24 O15 S1","22","24","15","-9999","-9999","1","-9999","-9999","-9999"
"3678","559.076086","559.076134685","559.075801725","1635828","-9999","266430.8","9.75","-1","0.595555046","0.468834967","0.725399619","0.571460828","29","0.114285714","0.457142857","N2 S1 O4","de-protonated","0","-9999","C35 H16 O4 N2 S1","35","16","4","2","-9999","1","-9999","-9999","-9999"
"3678","559.076086","559.076134685","559.075934667","1635828","-9999","266430.8","9.75","-1","0.357766579","0.977042748","0","0.586225649","16","0.5","0.875","N2 P1 O12","de-protonated","0","-9999","C24 H21 O12 N2 P1","24","21","12","2","1","-9999","-9999","-9999","-9999"
"3679","559.079497","559.079545684","559.079824477","1246966.8","-9999","541442.5","7.06","-1","-0.498663862","0.477941358","0.698017357","0.565971758","33","0.05","0.4","S1 O2","de-protonated","0","-9999","C40 H16 O2 S1","40","16","2","-9999","-9999","1","-9999","-9999","-9999"
"3679","559.079497","559.079545684","559.079957419","1246966.8","-9999","541442.5","7.06","-1","-0.73645035700000006","0.906276935","0","0.543766161","20","0.344827586","0.724137931","P1 O10","de-protonated","0","-9999","C29 H21 O10 P1","29","21","10","-9999","1","-9999","-9999","-9999","-9999"
"3679","559.079497","559.079545684","559.079686092","1246966.8","-9999","541442.5","7.06","-1","-0.25114215","0.988620838","0","0.593172503","6","0.789473684","1.473684211","S2 O15","de-protonated","0","-9999","C19 H28 O15 S2","19","28","15","-9999","-9999","2","-9999","-9999","-9999"
"3679","559.079497","559.079545684","559.079173028","1246966.8","-9999","541442.5","7.06","-1","0.666552778","0.922547596","0","0.553528558","24","0.125","0.625","N2 S2 O4","de-protonated","0","-9999","C32 H20 O4 N2 S2","32","20","4","2","-9999","2","-9999","-9999","-9999"
"3679","559.079497","559.079545684","559.07930597","1246966.8","-9999","541442.5","7.06","-1","0.428765728","0.967192692","0","0.580315615","11","0.571428571","1.19047619","N2 S1 P1 O12","de-protonated","0","-9999","C21 H25 O12 N2 P1 S1","21","25","12","2","1","1","-9999","-9999","-9999"
"3680","559.082183","559.082231683","559.0823264","4193528.8","-9999","336116.6","27.45","-1","-0.169415823","0.497402824","0.719752637","0.586342749","29","0.194444444","0.444444444","O7","de-protonated","0","-9999","C36 H16 O7","36","16","7","-9999","-9999","-9999","-9999","-9999","-9999"
"3680","559.082183","559.082231683","559.081674952","4193528.8","-9999","336116.6","27.45","-1","0.995795986","0.4176659","0.767553728","0.557621031","20","0.321428571","0.714285714","N2 S1 O9","de-protonated","0","-9999","C28 H20 O9 N2 S1","28","20","9","2","-9999","1","-9999","-9999","-9999"
"3680","559.082183","559.082231683","559.082677273","4193528.8","-9999","336116.6","27.45","-1","-0.797002537","0.445567845","0.837042051","0.602157528","6","0.666666667","1.611111111","N2 S2 P1 O12","de-protonated","0","-9999","C18 H29 O12 N2 P1 S2","18","29","12","2","1","2","-9999","-9999","-9999"
"3680","559.082183","559.082231683","559.082164209","4193528.8","-9999","336116.6","27.45","-1","0.120686979","0.498680313","0.748902347","0.598769127","24","0.032258065","0.677419355","N4 S2 P1 O1","de-protonated","0","-9999","C31 H21 O1 N4 P1 S2","31","21","1","4","1","2","-9999","-9999","-9999"
"3681","559.103349","559.103397675","559.103455768","1718537.4","-9999","318232.5","10.32","-1","-0.103904983","0.499021476","0.736963647","0.594198345","24","0.272727273","0.606060606","O9","de-protonated","0","-9999","C33 H20 O9","33","20","9","-9999","-9999","-9999","-9999","-9999","-9999"
"3681","559.103349","559.103397675","559.103945026","1718537.4","-9999","318232.5","10.32","-1","-0.978978935","0.420190308","0.719752637","0.540015239","28","0.027777778","0.583333333","N2 S1 P1 O1","de-protonated","0","-9999","C36 H21 O1 N2 P1 S1","36","21","1","2","1","1","-9999","-9999","-9999"
"3681","559.103349","559.103397675","559.103806641","1718537.4","-9999","318232.5","10.32","-1","-0.731468021","0.907480413","0","0.544488248","1","0.933333333","2.2","N2 S2 P1 O14","de-protonated","0","-9999","C15 H33 O14 N2 P1 S2","15","33","14","2","1","2","-9999","-9999","-9999"
"3681","559.103349","559.103397675","559.103293577","1718537.4","-9999","318232.5","10.32","-1","0.186186875","0.496864861","0.767553728","0.605140408","19","0.107142857","0.892857143","N4 S2 P1 O3","de-protonated","0","-9999","C28 H25 O3 N4 P1 S2","28","25","3","4","1","2","-9999","-9999","-9999"
"3682","559.110173","559.110221672","559.110469701","2461966.8","-9999","284779.6","15.47","-1","-0.443613716","0.482461075","0.714192896","0.575153803","28","0.108108108","0.567567568","P1 O4","de-protonated","0","-9999","C37 H21 O4 P1","37","21","4","-9999","1","-9999","-9999","-9999","-9999"
"3682","559.110173","559.110221672","559.110198375","2461966.8","-9999","284779.6","15.47","-1","0.041668149","0.499842506","0.773979033","0.609497117","14","0.333333333","1.037037037","S2 O9","de-protonated","0","-9999","C27 H28 O9 S2","27","28","9","-9999","-9999","2","-9999","-9999","-9999"
"3682","559.110173","559.110221672","559.109818253","2461966.8","-9999","284779.6","15.47","-1","0.721539121","0.454929526","0.761234226","0.577451406","19","0.206896552","0.862068966","N2 S1 P1 O6","de-protonated","0","-9999","C29 H25 O6 N2 P1 S1","29","25","6","2","1","1","-9999","-9999","-9999"
"3682","559.110173","559.110221672","559.110666406","2461966.8","-9999","284779.6","15.47","-1","-0.795430296","0.445770309","0.773979033","0.577053799","20","0.37037037","0.740740741","N4 O10","de-protonated","0","-9999","C27 H20 O10 N4","27","20","10","4","-9999","-9999","-9999","-9999","-9999"
"3683","559.112283","559.112331671","559.112838683","1334032.4","-9999","333549.5","7.66","-1","-0.906814463","0.430695171","0.677556332","0.529439636","37","0.022727273","0.363636364","O1","de-protonated","0","-9999","C44 H16 O1","44","16","1","-9999","-9999","-9999","-9999","-9999","-9999"
"3683","559.112283","559.112331671","559.112700298","1334032.4","-9999","333549.5","7.66","-1","-0.659307468","0.92415704","0","0.554494224","10","0.608695652","1.217391304","S1 O14","de-protonated","0","-9999","C23 H28 O14 S1","23","28","14","-9999","-9999","1","-9999","-9999","-9999"
"3683","559.112283","559.112331671","559.112187234","1334032.4","-9999","333549.5","7.66","-1","0.258332898","0.493981941","0.719752637","0.584290219","28","0.083333333","0.555555556","N2 S1 O3","de-protonated","0","-9999","C36 H20 O3 N2 S1","36","20","3","2","-9999","1","-9999","-9999","-9999"
"3683","559.112283","559.112331671","559.112320176","1334032.4","-9999","333549.5","7.66","-1","0.020559986","0.999923302","0","0.599953981","15","0.44","1","N2 P1 O11","de-protonated","0","-9999","C25 H25 O11 N2 P1","25","25","11","2","1","-9999","-9999","-9999","-9999"
"3684","559.118526","559.118574669","559.11871191","3915029.3","-9999","345376.2","25.53","-1","-0.245459129","0.494563612","0.714192896","0.582415326","28","0.162162162","0.540540541","O6","de-protonated","0","-9999","C37 H20 O6","37","20","6","-9999","-9999","-9999","-9999","-9999","-9999"
"3684","559.118526","559.118574669","559.118060461","3915029.3","-9999","345376.2","25.53","-1","0.919676763","0.428863132","0.761234226","0.56181157","19","0.275862069","0.827586207","N2 S1 O8","de-protonated","0","-9999","C29 H24 O8 N2 S1","29","24","8","2","-9999","1","-9999","-9999","-9999"
"3684","559.118526","559.118574669","559.119062783","3915029.3","-9999","345376.2","25.53","-1","-0.873004955","0.435423544","0.829532115","0.593066973","5","0.578947368","1.736842105","N2 S2 P1 O11","de-protonated","0","-9999","C19 H33 O11 N2 P1 S2","19","33","11","2","1","2","-9999","-9999","-9999"
"3684","559.118526","559.118574669","559.118193403","3915029.3","-9999","345376.2","25.53","-1","0.681906192","0.459544221","0.837042051","0.610543353","6","0.888888889","1.611111111","N2 P1 O16","de-protonated","0","-9999","C18 H29 O16 N2 P1","18","29","16","2","1","-9999","-9999","-9999","-9999"
"3685","559.139563","559.139611661","559.139841278","1421093.9","-9999","391331.3","8.26","-1","-0.410661105","0.484931736","0.73113591","0.583413406","23","0.235294118","0.705882353","O8","de-protonated","0","-9999","C34 H24 O8","34","24","8","-9999","-9999","-9999","-9999","-9999","-9999"
"3685","559.139563","559.139611661","559.139189829","1421093.9","-9999","391331.3","8.26","-1","0.754430565","0.901879528","0","0.541127717","14","0.384615385","1.076923077","N2 S1 O10","de-protonated","0","-9999","C26 H28 O10 N2 S1","26","28","10","2","-9999","1","-9999","-9999","-9999"
"3685","559.139563","559.139611661","559.139679086","1421093.9","-9999","391331.3","8.26","-1","-0.120588213","0.997364939","0","0.598418963","18","0.068965517","1","N4 S2 P1 O2","de-protonated","0","-9999","C29 H29 O2 N4 P1 S2","29","29","2","4","1","2","-9999","-9999","-9999"
"3686","559.149111","559.149159657","559.149085808","1334317.4","-9999","258246.6","7.66","-1","0.132074318","0.996839881","0","0.598103928","9","0.541666667","1.333333333","S1 O13","de-protonated","0","-9999","C24 H32 O13 S1","24","32","13","-9999","-9999","1","-9999","-9999","-9999"
"3686","559.149111","559.149159657","559.149575065","1334317.4","-9999","258246.6","7.66","-1","-0.74292843","0.904702364","0","0.54282141800000006","13","0.185185185","1.222222222","N2 S2 P1 O5","de-protonated","0","-9999","C27 H33 O5 N2 P1 S2","27","33","5","2","1","2","-9999","-9999","-9999"
"3686","559.149111","559.149159657","559.148705685","1334317.4","-9999","258246.6","7.66","-1","0.811898068","0.887269005","0","0.532361403","14","0.384615385","1.115384615","N2 P1 O10","de-protonated","0","-9999","C26 H29 O10 N2 P1","26","29","10","2","1","-9999","-9999","-9999","-9999"
"3687","559.154878","559.154926655","559.155097419","3151153.8","-9999","292384.4","20.24","-1","-0.305396832","0.491609589","0.70871839","0.578453109","27","0.131578947","0.631578947","O5","de-protonated","0","-9999","C38 H24 O5","38","24","5","-9999","-9999","-9999","-9999","-9999","-9999"
"3687","559.154878","559.154926655","559.15444597","3151153.8","-9999","292384.4","20.24","-1","0.859663172","0.437253776","0.755017935","0.56435944","18","0.233333333","0.933333333","N2 S1 O7","de-protonated","0","-9999","C30 H28 O7 N2 S1","30","28","7","2","-9999","1","-9999","-9999","-9999"
"3687","559.154878","559.154926655","559.155448292","3151153.8","-9999","292384.4","20.24","-1","-0.932901784","0.426960825","0.822155738","0.585038791","4","0.5","1.85","N2 S2 P1 O10","de-protonated","0","-9999","C20 H37 O10 N2 P1 S2","20","37","10","2","1","2","-9999","-9999","-9999"
"3687","559.154878","559.154926655","559.154578912","3151153.8","-9999","292384.4","20.24","-1","0.621908087","0.466113539","0.829532115","0.611480969","5","0.789473684","1.736842105","N2 P1 O15","de-protonated","0","-9999","C19 H33 O15 N2 P1","19","33","15","2","1","-9999","-9999","-9999","-9999"
"3688","559.185025","559.185073643","559.185471317","1324873.6","-9999","323654.2","7.6","-1","-0.711166545","0.91231578","0","0.547389468","8","0.48","1.44","S1 O12","de-protonated","0","-9999","C25 H36 O12 S1","25","36","12","-9999","-9999","1","-9999","-9999","-9999"
"3688","559.185025","559.185073643","559.184958253","1324873.6","-9999","323654.2","7.6","-1","0.206354353","0.496151651","0.70871839","0.581178347","26","0.026315789","0.736842105","N2 S1 O1","de-protonated","0","-9999","C38 H28 O1 N2 S1","38","28","1","2","-9999","1","-9999","-9999","-9999"
"3688","559.185025","559.185073643","559.185091195","1324873.6","-9999","323654.2","7.6","-1","-0.031387603","0.999821256","0","0.599892754","13","0.333333333","1.222222222","N2 P1 O9","de-protonated","0","-9999","C27 H33 O9 N2 P1","27","33","9","2","1","-9999","-9999","-9999","-9999"
"3689","559.191263","559.191311641","559.191482928","3144014.5","-9999","353306.8","20.19","-1","-0.306312983","0.491559601","0.703327172","0.576266629","26","0.102564103","0.717948718","O4","de-protonated","0","-9999","C39 H28 O4","39","28","4","-9999","-9999","-9999","-9999","-9999","-9999"
"3689","559.191263","559.191311641","559.19083148","3144014.5","-9999","353306.8","20.19","-1","0.858671211","0.437389032","0.748902347","0.561994358","17","0.193548387","1.032258065","N2 S1 O6","de-protonated","0","-9999","C31 H32 O6 N2 S1","31","32","6","2","-9999","1","-9999","-9999","-9999"
"3689","559.191263","559.191311641","559.191833801","3144014.5","-9999","353306.8","20.19","-1","-0.933777104","0.42683426","0.81490939","0.582064312","3","0.428571429","1.952380952","N2 S2 P1 O9","de-protonated","0","-9999","C21 H41 O9 N2 P1 S2","21","41","9","2","1","2","-9999","-9999","-9999"
"3689","559.191263","559.191311641","559.190964421","3144014.5","-9999","353306.8","20.19","-1","0.620931597","0.466216193","0.822155738","0.608592011","4","0.7","1.85","N2 P1 O14","de-protonated","0","-9999","C20 H37 O14 N2 P1","20","37","14","2","1","-9999","-9999","-9999","-9999"
"3690","559.22772","559.227768627","559.227868438","2061163","-9999","352290.6","12.69","-1","-0.178480116","0.497118299","0.698017357","0.577477922","25","0.075","0.8","O3","de-protonated","0","-9999","C40 H32 O3","40","32","3","-9999","-9999","-9999","-9999","-9999","-9999"
"3690","559.22772","559.227768627","559.227216989","2061163","-9999","352290.6","12.69","-1","0.986428429","0.419075494","0.742885034","0.54859931","16","0.15625","1.125","N2 S1 O5","de-protonated","0","-9999","C32 H36 O5 N2 S1","32","36","5","2","-9999","1","-9999","-9999","-9999"
"3690","559.22772","559.227768627","559.228219311","2061163","-9999","352290.6","12.69","-1","-0.805903493","0.444415851","0.807789663","0.589765376","2","0.363636364","2.045454545","N2 S2 P1 O8","de-protonated","0","-9999","C22 H45 O8 N2 P1 S2","22","45","8","2","1","2","-9999","-9999","-9999"
"3690","559.22772","559.227768627","559.227349931","2061163","-9999","352290.6","12.69","-1","0.748704252","0.903289189","0","0.541973513","3","0.619047619","1.952380952","N2 P1 O13","de-protonated","0","-9999","C21 H41 O13 N2 P1","21","41","13","2","1","-9999","-9999","-9999","-9999"
"3691","559.240131","559.240179622","559.240484271","2759029","-9999","344203.2","17.52","-1","-0.544755381","0.473788809","0.773979033","0.593864899","6","0.296296296","1.62962963","S2 O8","de-protonated","0","-9999","C27 H44 O8 S2","27","44","8","-9999","-9999","2","-9999","-9999","-9999"
"3691","559.240131","559.240179622","559.240104149","2759029","-9999","344203.2","17.52","-1","0.134956804","0.498350334","0.761234226","0.603503891","11","0.172413793","1.413793103","N2 S1 P1 O5","de-protonated","0","-9999","C29 H41 O5 N2 P1 S1","29","41","5","2","1","1","-9999","-9999","-9999"
"3692","559.242579","559.242627621","559.242986195","1488758.9","-9999","365736.8","8.73","-1","-0.641176856","0.928119333","0","0.5568716","2","0.565217391","1.913043478","S1 O13","de-protonated","0","-9999","C23 H44 O13 S1","23","44","13","-9999","-9999","1","-9999","-9999","-9999"
"3692","559.242579","559.242627621","559.24247313","1488758.9","-9999","365736.8","8.73","-1","0.276249745","0.493124184","0.719752637","0.583775566","20","0.055555556","1","N2 S1 O2","de-protonated","0","-9999","C36 H36 O2 N2 S1","36","36","2","2","-9999","1","-9999","-9999","-9999"
"3692","559.242579","559.242627621","559.242606072","1488758.9","-9999","365736.8","8.73","-1","0.038532223","0.999730634","0","0.59983838","7","0.4","1.64","N2 P1 O10","de-protonated","0","-9999","C25 H41 O10 N2 P1","25","41","10","2","1","-9999","-9999","-9999","-9999"
"3693","559.24617","559.24621862","559.246628824","6613369.5","-9999","310107.3","44.21","-1","-0.73349486","0.889085121","0.977089534","0.924286886","11","0.266666667","1.366666667","P1 O8","de-protonated","0","-9999","C30 H41 O8 P1","30","41","8","-9999","1","-9999","-9999","-9999","-9999"
"3693","559.24617","559.24621862","559.245844434","6613369.5","-9999","310107.3","44.21","-1","0.669090144","0.904156018","0.92018412","0.910567259","15","0.060606061","1.212121212","N2 S2 O2","de-protonated","0","-9999","C33 H40 O2 N2 S2","33","40","2","2","-9999","2","-9999","-9999","-9999"
"3693","559.24617","559.24621862","559.245977375","6613369.5","-9999","310107.3","44.21","-1","0.431373961","0.975776673","0.970138738","0.973521499","2","0.454545455","2.045454545","N2 S1 P1 O10","de-protonated","0","-9999","C22 H45 O10 N2 P1 S1","22","45","10","2","1","1","-9999","-9999","-9999"
"3694","559.261596","559.261644614","559.261884965","1428357.8","-9999","378938.5","8.31","-1","-0.429766067","0.483520992","0.73113591","0.582566959","15","0.147058824","1.205882353","P1 O5","de-protonated","0","-9999","C34 H41 O5 P1","34","41","5","-9999","1","-9999","-9999","-9999","-9999"
"3694","559.261596","559.261644614","559.261613639","1428357.8","-9999","378938.5","8.31","-1","0.055384418","0.999443573","0","0.599666144","1","0.416666667","2","S2 O10","de-protonated","0","-9999","C24 H48 O10 S2","24","48","10","-9999","-9999","2","-9999","-9999","-9999"
"3694","559.261596","559.261644614","559.261233517","1428357.8","-9999","378938.5","8.31","-1","0.735071331","0.906610695","0","0.543966417","6","0.269230769","1.730769231","N2 S1 P1 O7","de-protonated","0","-9999","C26 H45 O7 N2 P1 S1","26","45","7","2","1","1","-9999","-9999","-9999"
"3694","559.261596","559.261644614","559.26208167","1428357.8","-9999","378938.5","8.31","-1","-0.781487401","0.895104502","0","0.537062701","7","0.458333333","1.666666667","N4 O11","de-protonated","0","-9999","C24 H40 O11 N4","24","40","11","4","-9999","-9999","-9999","-9999","-9999"
"3695","559.282271","559.282319606","559.282229943","1281942","-9999","409036.7","7.3","-1","0.160317227","0.995347333","0","0.5972084","14","0.029411765","1.294117647","N2 S2 O1","de-protonated","0","-9999","C34 H44 O1 N2 S2","34","44","1","2","-9999","2","-9999","-9999","-9999"
"3695","559.282271","559.282319606","559.282362885","1281942","-9999","409036.7","7.3","-1","-0.07738337","0.998914042","0","0.599348425","1","0.391304348","2.130434783","N2 S1 P1 O9","de-protonated","0","-9999","C23 H49 O9 N2 P1 S1","23","49","9","2","1","1","-9999","-9999","-9999"
"3696","559.290788","559.290836602","559.291256542","1244572.8","-9999","372674.4","7.04","-1","-0.750842448","0.902763823","0","0.541658294","10","0.290322581","1.419354839","O9","de-protonated","0","-9999","C31 H44 O9","31","44","9","-9999","-9999","-9999","-9999","-9999","-9999"
"3696","559.290788","559.290836602","559.290335806","1244572.8","-9999","372674.4","7.04","-1","0.89541403","0.864607667","0.912700622","0.883844849","14","0.028571429","1.285714286","13C1 N1 S2 O1","de-protonated","1","3674","C34 H45 O1 N1 S2 13C1","34","45","1","1","-9999","2","1","-9999","-9999"
"3696","559.290788","559.290836602","559.290468748","1244572.8","-9999","372674.4","7.04","-1","0.657716704","0.924508424","0.981218024","0.947192264","1","0.375","2.083333333","13C1 N1 S1 P1 O9","de-protonated","1","3674","C23 H50 O9 N1 P1 S1 13C1","23","50","9","1","1","1","1","-9999","-9999"
"3696","559.290788","559.290836602","559.290605093","1244572.8","-9999","372674.4","7.04","-1","0.413933404","0.969388737","0","0.581633242","1","0.47826087","2.086956522","N2 S1 O11","de-protonated","0","-9999","C23 H48 O11 N2 S1","23","48","11","2","-9999","1","-9999","-9999","-9999"
"3696","559.290788","559.290836602","559.291094351","1244572.8","-9999","372674.4","7.04","-1","-0.460848186","0.962196812","0","0.577318087","5","0.115384615","1.884615385","N4 S2 P1 O3","de-protonated","0","-9999","C26 H49 O3 N4 P1 S2","26","49","3","4","1","2","-9999","-9999","-9999"
"3697","560.249447","560.249495232","560.249983659","1887887.8","-9999","239774","11.49","-1","-0.871802705","0.871178617","0.977089534","0.913542984","11","0.266666667","1.366666667","13C1 P1 O8","de-protonated","1","3693","C29 H41 O8 P1 13C1","29","41","8","-9999","1","-9999","1","-9999","-9999"
"3697","560.249447","560.249495232","560.249199269","1887887.8","-9999","239774","11.49","-1","0.528270204","0.913703828","0.92018412","0.916295945","15","0.060606061","1.212121212","13C1 N2 S2 O2","de-protonated","1","3693","C32 H40 O2 N2 S2 13C1","32","40","2","2","-9999","2","1","-9999","-9999"
"3697","560.249447","560.249495232","560.24933221","1887887.8","-9999","239774","11.49","-1","0.290979783","0.984754289","0.970138738","0.978908069","2","0.454545455","2.045454545","13C1 N2 S1 P1 O10","de-protonated","1","3693","C21 H45 O10 N2 P1 S1 13C1","21","45","10","2","1","1","1","-9999","-9999"
"3697","560.249447","560.249495232","560.249468556","1887887.8","-9999","239774","11.49","-1","0.047613805","0.999588727","0","0.599753236","2","0.571428571","2.047619048","N3 S1 O12","de-protonated","0","-9999","C21 H43 O12 N3 S1","21","43","12","3","-9999","1","-9999","-9999","-9999"
"3698","560.266717","560.266765225","560.266245526","1638045.4","-9999","300993.8","9.76","-1","0.92759308","0.427726683","0.73113591","0.549090374","14","0.058823529","1.264705882","N1 S2 O2","de-protonated","0","-9999","C34 H43 O2 N1 S2","34","43","2","1","-9999","2","-9999","-9999","-9999"
"3698","560.266717","560.266765225","560.266378468","1638045.4","-9999","300993.8","9.76","-1","0.690309784","0.917167368","0","0.550300421","1","0.434782609","2.086956522","N1 S1 P1 O10","de-protonated","0","-9999","C23 H48 O10 N1 P1 S1","23","48","10","1","1","1","-9999","-9999","-9999"
"3698","560.266717","560.266765225","560.267226621","1638045.4","-9999","300993.8","9.76","-1","-0.823528105","0.88421217","0","0.530527302","2","0.666666667","2.047619048","N3 O14","de-protonated","0","-9999","C21 H43 O14 N3","21","43","14","3","-9999","-9999","-9999","-9999","-9999"
"3699","560.279237","560.27928522","560.279132686","2455719.3","-9999","287526.5","15.42","-1","0.27224766","0.493320637","0.748902347","0.595553321","9","0.064516129","1.548387097","N1 S2 P1 O2","de-protonated","0","-9999","C31 H48 O2 N1 P1 S2","31","48","2","1","1","2","-9999","-9999","-9999"
"3700","560.282613","560.282661219","560.282482762","1343402","-9999","365488.9","7.72","-1","0.318512113","0.981760429","0","0.589056257","6","0.44","1.72","N3 O11","de-protonated","0","-9999","C25 H43 O11 N3","25","43","11","3","-9999","-9999","-9999","-9999","-9999"
"3701","560.285142","560.285190218","560.285005912","6438060","-9999","313365.4","42.99","-1","0.328949781","0.647449243","0.932030641","0.761281802","0","0.291666667","2.166666667","N1 S2 P1 O7","de-protonated","0","-9999","C24 H52 O7 N1 P1 S2","24","52","7","1","1","2","-9999","-9999","-9999"
"3703","561.055361","561.05540892","561.055579344","2158348.5","-9999","342720.8","13.36","-1","-0.303756193","0.491698745","0.81490939","0.620983003","11","0.761904762","1.047619048","S1 O16","de-protonated","0","-9999","C21 H22 O16 S1","21","22","16","-9999","-9999","1","-9999","-9999","-9999"
"3703","561.055361","561.05540892","561.05506628","2158348.5","-9999","342720.8","13.36","-1","0.610706799","0.467282729","0.73113591","0.572824001","29","0.147058824","0.411764706","N2 S1 O5","de-protonated","0","-9999","C34 H14 O5 N2 S1","34","14","5","2","-9999","1","-9999","-9999","-9999"
"3703","561.055361","561.05540892","561.055199222","2158348.5","-9999","342720.8","13.36","-1","0.373757188","0.487485588","0.800793265","0.612808659","16","0.565217391","0.826086957","N2 P1 O13","de-protonated","0","-9999","C23 H19 O13 N2 P1","23","19","13","2","1","-9999","-9999","-9999","-9999"
"3704","561.058887","561.058934919","561.059089032","1384719.5","-9999","420013.7","8","-1","-0.274682689","0.493201439","0.703327172","0.577251732","33","0.076923077","0.358974359","S1 O3","de-protonated","0","-9999","C39 H14 O3 S1","39","14","3","-9999","-9999","1","-9999","-9999","-9999"
"3704","561.058887","561.058934919","561.059221974","1384719.5","-9999","420013.7","8","-1","-0.511630392","0.953613301","0","0.572167981","20","0.392857143","0.678571429","P1 O11","de-protonated","0","-9999","C28 H19 O11 P1","28","19","11","-9999","1","-9999","-9999","-9999","-9999"
"3704","561.058887","561.058934919","561.058950648","1384719.5","-9999","420013.7","8","-1","-0.028034112","0.999857408","0","0.599914445","6","0.888888889","1.444444444","S2 O16","de-protonated","0","-9999","C18 H26 O16 S2","18","26","16","-9999","-9999","2","-9999","-9999","-9999"
"3704","561.058887","561.058934919","561.058437583","1384719.5","-9999","420013.7","8","-1","0.886423636","0.867124481","0","0.520274688","24","0.161290323","0.580645161","N2 S2 O5","de-protonated","0","-9999","C31 H18 O5 N2 S2","31","18","5","2","-9999","2","-9999","-9999","-9999"
"3704","561.058887","561.058934919","561.058570525","1384719.5","-9999","420013.7","8","-1","0.649475384","0.926317369","0","0.555790422","11","0.65","1.15","N2 S1 P1 O13","de-protonated","0","-9999","C20 H23 O13 N2 P1 S1","20","23","13","2","1","1","-9999","-9999","-9999"
"3704","561.058887","561.058934919","561.059418678","1384719.5","-9999","420013.7","8","-1","-0.862224968","0.873807883","0","0.52428473","12","0.944444444","1","N4 O17","de-protonated","0","-9999","C18 H18 O17 N4","18","18","17","4","-9999","-9999","-9999","-9999","-9999"
"3705","561.06157700000006","561.061624918","561.061590955","4038417.5","-9999","317576.7","26.37","-1","0.060532196","0.499667683","0.725399619","0.589960457","29","0.228571429","0.4","O8","de-protonated","0","-9999","C35 H14 O8","35","14","8","-9999","-9999","-9999","-9999","-9999","-9999"
"3705","561.06157700000006","561.061624918","561.061941828","4038417.5","-9999","317576.7","26.37","-1","-0.564840717","0.471876735","0.844689208","0.621001724","6","0.764705882","1.588235294","N2 S2 P1 O13","de-protonated","0","-9999","C17 H27 O13 N2 P1 S2","17","27","13","2","1","2","-9999","-9999","-9999"
"3705","561.06157700000006","561.061624918","561.061428764","4038417.5","-9999","317576.7","26.37","-1","0.349611665","0.48903298","0.755017935","0.595426962","24","0.066666667","0.633333333","N4 S2 P1 O2","de-protonated","0","-9999","C30 H19 O2 N4 P1 S2","30","19","2","4","1","2","-9999","-9999","-9999"
"3706","561.089342","561.089389907","561.089734256","1466279.5","-9999","254157.5","8.56","-1","-0.613715208","0.966812934","0.798309681","0.899411633","28","0.138888889","0.527777778","P1 O5","de-protonated","0","-9999","C36 H19 O5 P1","36","19","5","-9999","1","-9999","-9999","-9999","-9999"
"3706","561.089342","561.089389907","561.08946293","1466279.5","-9999","254157.5","8.56","-1","-0.130145276","0.996931378","0","0.598158827","14","0.384615385","1","S2 O10","de-protonated","0","-9999","C26 H26 O10 S2","26","26","10","-9999","-9999","2","-9999","-9999","-9999"
"3706","561.089342","561.089389907","561.089082808","1466279.5","-9999","254157.5","8.56","-1","0.547327307","0.947094813","0","0.568256888","19","0.25","0.821428571","N2 S1 P1 O7","de-protonated","0","-9999","C28 H23 O7 N2 P1 S1","28","23","7","2","1","1","-9999","-9999","-9999"
"3706","561.089342","561.089389907","561.089930961","1466279.5","-9999","254157.5","8.56","-1","-0.964290684","0.844744348","0","0.506846609","20","0.423076923","0.692307692","N4 O11","de-protonated","0","-9999","C26 H18 O11 N4","26","18","11","4","-9999","-9999","-9999","-9999","-9999"
"3707","561.091595","561.091642906","561.092103238","1950761.3","-9999","216218.8","11.92","-1","-0.820421267","0.442515995","0.6825583","0.53853291700000006","37","0.046511628","0.325581395","O2","de-protonated","0","-9999","C43 H14 O2","43","14","2","-9999","-9999","-9999","-9999","-9999","-9999"
"3707","561.091595","561.091642906","561.091964854","1950761.3","-9999","216218.8","11.92","-1","-0.573787337","0.942010651","0","0.565206391","10","0.681818182","1.181818182","S1 O15","de-protonated","0","-9999","C22 H26 O15 S1","22","26","15","-9999","-9999","1","-9999","-9999","-9999"
"3707","561.091595","561.091642906","561.091451789","1950761.3","-9999","216218.8","11.92","-1","0.340616107","0.489584241","0.725399619","0.583910392","28","0.114285714","0.514285714","N2 S1 O4","de-protonated","0","-9999","C35 H18 O4 N2 S1","35","18","4","2","-9999","1","-9999","-9999","-9999"
"3707","561.091595","561.091642906","561.091584731","1950761.3","-9999","216218.8","11.92","-1","0.103681925","0.499025669","0.793917021","0.61698221","15","0.5","0.958333333","N2 P1 O12","de-protonated","0","-9999","C24 H23 O12 N2 P1","24","23","12","2","1","-9999","-9999","-9999","-9999"
"3708","561.094923","561.094970905","561.095474541","1519915.8","-9999","355034.4","8.94","-1","-0.897595015","0.431997197","0.698017357","0.538405261","32","0.05","0.45","S1 O2","de-protonated","0","-9999","C40 H18 O2 S1","40","18","2","-9999","-9999","1","-9999","-9999","-9999"
"3708","561.094923","561.094970905","561.095336157","1519915.8","-9999","355034.4","8.94","-1","-0.650962585","0.925992359","0","0.555595415","5","0.789473684","1.578947368","S2 O15","de-protonated","0","-9999","C19 H30 O15 S2","19","30","15","-9999","-9999","2","-9999","-9999","-9999"
"3708","561.094923","561.094970905","561.094823093","1519915.8","-9999","355034.4","8.94","-1","0.263435293","0.493743373","0.742885034","0.593400038","23","0.125","0.6875","N2 S2 O4","de-protonated","0","-9999","C32 H22 O4 N2 S2","32","22","4","2","-9999","2","-9999","-9999","-9999"
"3708","561.094923","561.094970905","561.094956034","1519915.8","-9999","355034.4","8.94","-1","0.026502554","0.999872561","0","0.599923537","10","0.571428571","1.285714286","N2 S1 P1 O12","de-protonated","0","-9999","C21 H27 O12 N2 P1 S1","21","27","12","2","1","1","-9999","-9999","-9999"
"3708","561.094923","561.094970905","561.09444297","1519915.8","-9999","355034.4","8.94","-1","0.940901672","0.425801089","0.73113591","0.547935018","28","0.029411765","0.558823529","N4 S1 P1 O1","de-protonated","0","-9999","C34 H19 O1 N4 P1 S1","34","19","1","4","1","1","-9999","-9999","-9999"
"3709","561.097818","561.097865904","561.097976465","5361454","-9999","321002.2","35.53","-1","-0.197044143","0.995053264","0.931628957","0.969683541","28","0.194444444","0.5","O7","de-protonated","0","-9999","C36 H18 O7","36","18","7","-9999","-9999","-9999","-9999","-9999","-9999"
"3709","561.097818","561.097865904","561.097325016","5361454","-9999","321002.2","35.53","-1","0.963981801","0.422417823","0.767553728","0.560472185","19","0.321428571","0.785714286","N2 S1 O9","de-protonated","0","-9999","C28 H22 O9 N2 S1","28","22","9","2","-9999","1","-9999","-9999","-9999"
"3709","561.097818","561.097865904","561.098327338","5361454","-9999","321002.2","35.53","-1","-0.822376342","0.89372602","0.95108163","0.916668264","5","0.666666667","1.722222222","N2 S2 P1 O12","de-protonated","0","-9999","C18 H31 O12 N2 P1 S2","18","31","12","2","1","2","-9999","-9999","-9999"
"3709","561.097818","561.097865904","561.097814273","5361454","-9999","321002.2","35.53","-1","0.092016506","0.996839025","0.960778666","0.982414881","23","0.032258065","0.741935484","N4 S2 P1 O1","de-protonated","0","-9999","C31 H23 O1 N4 P1 S2","31","23","1","4","1","2","-9999","-9999","-9999"
"3710","561.127932","561.127979892","561.128488747","1854278","-9999","236822.7","11.25","-1","-0.906842732","0.430691165","0.677556332","0.529437232","36","0.022727273","0.409090909","O1","de-protonated","0","-9999","C44 H18 O1","44","18","1","-9999","-9999","-9999","-9999","-9999","-9999"
"3710","561.127932","561.127979892","561.128350363","1854278","-9999","236822.7","11.25","-1","-0.660224816","0.923954082","0","0.554372449","9","0.608695652","1.304347826","S1 O14","de-protonated","0","-9999","C23 H30 O14 S1","23","30","14","-9999","-9999","1","-9999","-9999","-9999"
"3710","561.127932","561.127979892","561.127837299","1854278","-9999","236822.7","11.25","-1","0.254119256","0.494175521","0.719752637","0.584406368","27","0.083333333","0.611111111","N2 S1 O3","de-protonated","0","-9999","C36 H22 O3 N2 S1","36","22","3","2","-9999","1","-9999","-9999","-9999"
"3710","561.127932","561.127979892","561.12797024","1854278","-9999","236822.7","11.25","-1","0.017200459","0.499973159","0.787157861","0.61484704","14","0.44","1.08","N2 P1 O11","de-protonated","0","-9999","C25 H27 O11 N2 P1","25","27","11","2","1","-9999","-9999","-9999","-9999"
"3711","561.134152","561.13419989","561.134361974","4416331","-9999","311155.4","28.99","-1","-0.288851436","0.974957413","0.941551836","0.961595182","27","0.162162162","0.594594595","O6","de-protonated","0","-9999","C37 H22 O6","37","22","6","-9999","-9999","-9999","-9999","-9999","-9999"
"3711","561.134152","561.13419989","561.133710525","4416331","-9999","311155.4","28.99","-1","0.872099118","0.891209184","0.988593166","0.930162776","18","0.275862069","0.896551724","N2 S1 O8","de-protonated","0","-9999","C29 H26 O8 N2 S1","29","26","8","2","-9999","1","-9999","-9999","-9999"
"3711","561.134152","561.13419989","561.134712847","4416331","-9999","311155.4","28.99","-1","-0.914143029","0.429653533","0.829532115","0.589604966","4","0.578947368","1.842105263","N2 S2 P1 O11","de-protonated","0","-9999","C19 H35 O11 N2 P1 S2","19","35","11","2","1","2","-9999","-9999","-9999"
"3711","561.134152","561.13419989","561.133843467","4416331","-9999","311155.4","28.99","-1","0.635182654","0.94432531","0.935599009","0.94083479","5","0.888888889","1.722222222","N2 P1 O16","de-protonated","0","-9999","C18 H31 O16 N2 P1","18","31","16","2","1","-9999","-9999","-9999","-9999"
"3712","561.164348","561.164395878","561.164735872","1716322.8","-9999","276059.9","10.29","-1","-0.605872514","0.935563314","0","0.561337988","8","0.541666667","1.416666667","S1 O13","de-protonated","0","-9999","C24 H34 O13 S1","24","34","13","-9999","-9999","1","-9999","-9999","-9999"
"3712","561.164348","561.164395878","561.164222808","1716322.8","-9999","276059.9","10.29","-1","0.308412321","0.49144451","0.714192896","0.580543864","26","0.054054054","0.702702703","N2 S1 O2","de-protonated","0","-9999","C37 H26 O2 N2 S1","37","26","2","2","-9999","1","-9999","-9999","-9999"
"3712","561.164348","561.164395878","561.16435575","1716322.8","-9999","276059.9","10.29","-1","0.071508873","0.999072589","0","0.599443553","13","0.384615385","1.192307692","N2 P1 O10","de-protonated","0","-9999","C26 H31 O10 N2 P1","26","31","10","2","1","-9999","-9999","-9999","-9999"
"3713","561.170672","561.170719876","561.170747484","4558696","-9999","355812.9","29.97","-1","-0.04919703","0.998562776","0.924248427","0.968837036","26","0.131578947","0.684210526","O5","de-protonated","0","-9999","C38 H26 O5","38","26","5","-9999","-9999","-9999","-9999","-9999","-9999"
"3713","561.170672","561.170719876","561.171098356","4558696","-9999","355812.9","29.97","-1","-0.674448231","0.937496828","0.962314224","0.947423787","3","0.5","1.95","N2 S2 P1 O10","de-protonated","0","-9999","C20 H39 O10 N2 P1 S2","20","39","10","2","1","2","-9999","-9999","-9999"
"3713","561.170672","561.170719876","561.170228977","4558696","-9999","355812.9","29.97","-1","0.874777368","0.435178866","0.829532115","0.592920165","4","0.789473684","1.842105263","N2 P1 O15","de-protonated","0","-9999","C19 H35 O15 N2 P1","19","35","15","2","1","-9999","-9999","-9999","-9999"
"3714","561.206905","561.206952862","561.207132993","3149700.5","-9999","281437.9","20.22","-1","-0.320971137","0.490740172","0.703327172","0.575774972","25","0.102564103","0.769230769","O4","de-protonated","0","-9999","C39 H30 O4","39","30","4","-9999","-9999","-9999","-9999","-9999","-9999"
"3714","561.206905","561.206952862","561.206481544","3149700.5","-9999","281437.9","20.22","-1","0.83982884","0.439936358","0.748902347","0.563522753","16","0.193548387","1.096774194","N2 S1 O6","de-protonated","0","-9999","C31 H34 O6 N2 S1","31","34","6","2","-9999","1","-9999","-9999","-9999"
"3714","561.206905","561.206952862","561.207483866","3149700.5","-9999","281437.9","20.22","-1","-0.946181629","0.425031977","0.81490939","0.580982942","2","0.428571429","2.047619048","N2 S2 P1 O9","de-protonated","0","-9999","C21 H43 O9 N2 P1 S2","21","43","9","2","1","2","-9999","-9999","-9999"
"3714","561.206905","561.206952862","561.206614486","3149700.5","-9999","281437.9","20.22","-1","0.602943105","0.468082318","0.822155738","0.609711686","3","0.7","1.95","N2 P1 O14","de-protonated","0","-9999","C20 H39 O14 N2 P1","20","39","14","2","1","-9999","-9999","-9999","-9999"
"3715","561.241042","561.241089848","561.24114952","1403295.6","-9999","430694.7","8.13","-1","-0.10632171","0.498975475","0.736963647","0.594170744","15","0.181818182","1.181818182","P1 O6","de-protonated","0","-9999","C33 H39 O6 P1","33","39","6","-9999","1","-9999","-9999","-9999","-9999"
"3715","561.241042","561.241089848","561.240878194","1403295.6","-9999","430694.7","8.13","-1","0.377118007","0.974524843","0","0.584714906","1","0.47826087","2","S2 O11","de-protonated","0","-9999","C23 H46 O11 S2","23","46","11","-9999","-9999","2","-9999","-9999","-9999"
"3715","561.241042","561.241089848","561.241640263","1403295.6","-9999","430694.7","8.13","-1","-0.980709322","0.87678376","0.92018412","0.894143904","15","0.060606061","1.212121212","N2 S1 34S1 O2","de-protonated","1","3693","C33 H40 O2 N2 S1 34S1","33","40","2","2","-9999","1","-9999","-9999","1"
"3715","561.241042","561.241089848","561.241346225","1403295.6","-9999","430694.7","8.13","-1","-0.456802782","0.962845153","0","0.577707092","7","0.52173913","1.652173913","N4 O12","de-protonated","0","-9999","C23 H38 O12 N4","23","38","12","4","-9999","-9999","-9999","-9999","-9999"
"3716","561.243602","561.243649847","561.243518502","1531297.5","-9999","331481.7","9.01","-1","0.234025281","0.495055832","0.698017357","0.576240442","24","0.075","0.85","O3","de-protonated","0","-9999","C40 H34 O3","40","34","3","-9999","-9999","-9999","-9999","-9999","-9999"
"3716","561.243602","561.243649847","561.243869375","1531297.5","-9999","331481.7","9.01","-1","-0.391145026","0.972621147","0","0.583572688","1","0.363636364","2.136363636","N2 S2 P1 O8","de-protonated","0","-9999","C22 H47 O8 N2 P1 S2","22","47","8","2","1","2","-9999","-9999","-9999"
"3717","561.267783","561.267830838","561.268019174","1487284.9","-9999","338889.3","8.71","-1","-0.335553692","0.48988842","0.73113591","0.586387416","14","0.147058824","1.235294118","S1 O5","de-protonated","0","-9999","C34 H42 O5 S1","34","42","5","-9999","-9999","1","-9999","-9999","-9999"
"3717","561.267783","561.267830838","561.268152115","1487284.9","-9999","338889.3","8.71","-1","-0.572413177","0.94227991","0","0.565367946","1","0.565217391","2.043478261","P1 O13","de-protonated","0","-9999","C23 H47 O13 P1","23","47","13","-9999","1","-9999","-9999","-9999","-9999"
"3717","561.267783","561.267830838","561.267639051","1487284.9","-9999","338889.3","8.71","-1","0.341703228","0.489518351","0.719752637","0.581612066","19","0.055555556","1.083333333","N2 P1 O2","de-protonated","0","-9999","C36 H39 O2 N2 P1","36","39","2","2","1","-9999","-9999","-9999","-9999"
"3717","561.267783","561.267830838","561.267367725","1487284.9","-9999","338889.3","8.71","-1","0.825120345","0.88379111","0","0.530274666","5","0.269230769","1.769230769","N2 S2 O7","de-protonated","0","-9999","C26 H46 O7 N2 S2","26","46","7","2","-9999","2","-9999","-9999","-9999"
"3718","561.288573","561.28862083","561.289148542","1517765.3","-9999","292807.9","8.92","-1","-0.9401779","0.425906291","0.748902347","0.555104713","9","0.225806452","1.483870968","S1 O7","de-protonated","0","-9999","C31 H46 O7 S1","31","46","7","-9999","-9999","1","-9999","-9999","-9999"
"3718","561.288573","561.28862083","561.288360747","1517765.3","-9999","292807.9","8.92","-1","0.463367255","0.641193617","0.932030641","0.757528427","0","0.291666667","2.166666667","13C1 N1 S2 P1 O7","de-protonated","1","3701","C23 H52 O7 N1 P1 S2 13C1","23","52","7","1","1","2","1","-9999","-9999"
"3718","561.288573","561.28862083","561.288768419","1517765.3","-9999","292807.9","8.92","-1","-0.262946885","0.493766406","0.736963647","0.591045303","14","0.121212121","1.303030303","N2 P1 O4","de-protonated","0","-9999","C33 H43 O4 N2 P1","33","43","4","2","1","-9999","-9999","-9999","-9999"
"3718","561.288573","561.28862083","561.288497093","1517765.3","-9999","292807.9","8.92","-1","0.220451742","0.991220547","0","0.594732328","0","0.391304348","2.173913043","N2 S2 O9","de-protonated","0","-9999","C23 H50 O9 N2 S2","23","50","9","2","-9999","2","-9999","-9999","-9999"
"3718","561.288573","561.28862083","561.28811697","1517765.3","-9999","292807.9","8.92","-1","0.897684329","0.863969257","0","0.518381554","5","0.24","1.88","N4 S1 P1 O6","de-protonated","0","-9999","C25 H47 O6 N4 P1 S1","25","47","6","4","1","1","-9999","-9999","-9999"
"3719","562.093065","562.093112519","562.093089091","1364035.4","-9999","338319.7","7.85","-1","0.041679219000000003","0.999684845","0.798309681","0.919134779","28","0.138888889","0.527777778","13C1 P1 O5","de-protonated","1","3706","C35 H19 O5 P1 13C1","35","19","5","-9999","1","-9999","1","-9999","-9999"
"3719","562.093065","562.093112519","562.093225437","1364035.4","-9999","338319.7","7.85","-1","-0.200888418","0.496352087","0.725399619","0.587971099","28","0.2","0.485714286","N1 O7","de-protonated","0","-9999","C35 H17 O7 N1","35","17","7","1","-9999","-9999","-9999","-9999","-9999"
"3719","562.093065","562.093112519","562.092573988","1364035.4","-9999","338319.7","7.85","-1","0.958081793","0.846575823","0","0.507945494","19","0.333333333","0.777777778","N3 S1 O9","de-protonated","0","-9999","C27 H21 O9 N3 S1","27","21","9","3","-9999","1","-9999","-9999","-9999"
"3719","562.093065","562.093112519","562.09357631","1364035.4","-9999","338319.7","7.85","-1","-0.825113395","0.883792949","0","0.53027577","5","0.705882353","1.764705882","N3 S2 P1 O12","de-protonated","0","-9999","C17 H30 O12 N3 P1 S2","17","30","12","3","1","2","-9999","-9999","-9999"
"3720","562.101213","562.101260516","562.1013313","1441353.9","-9999","368067.1","8.39","-1","-0.125927542","0.997126769","0.931628957","0.970927644","28","0.194444444","0.5","13C1 O7","de-protonated","1","3709","C35 H18 O7 13C1","35","18","7","-9999","-9999","-9999","1","-9999","-9999"
"3720","562.101213","562.101260516","562.101682173","1441353.9","-9999","368067.1","8.39","-1","-0.750143564","0.902935674","0.95108163","0.922194056","5","0.666666667","1.722222222","13C1 N2 S2 P1 O12","de-protonated","1","3709","C17 H31 O12 N2 P1 S2 13C1","17","31","12","2","1","2","1","-9999","-9999"
"3720","562.101213","562.101260516","562.101818518","1441353.9","-9999","368067.1","8.39","-1","-0.9927073","0.83626324","0","0.501757944","5","0.823529412","1.705882353","N3 S2 O14","de-protonated","0","-9999","C17 H29 O14 N3 S2","17","29","14","3","-9999","2","-9999","-9999","-9999"
"3720","562.101213","562.101260516","562.101169109","1441353.9","-9999","368067.1","8.39","-1","0.162617152","0.995213203","0.960778666","0.981439388","23","0.032258065","0.741935484","13C1 N4 S2 P1 O1","de-protonated","1","3709","C30 H23 O1 N4 P1 S2 13C1","30","23","1","4","1","2","1","-9999","-9999"
"3721","562.13742","562.137467502","562.137716809","1299558.6","-9999","362161.7","7.4","-1","-0.44349877","0.964940003","0.941551836","0.955584736","27","0.162162162","0.594594595","13C1 O6","de-protonated","1","3711","C36 H22 O6 13C1","36","22","6","-9999","-9999","-9999","1","-9999","-9999"
"3721","562.13742","562.137467502","562.137065361","1299558.6","-9999","362161.7","7.4","-1","0.715379431","0.911321457","0.988593166","0.94223014","18","0.275862069","0.896551724","13C1 N2 S1 O8","de-protonated","1","3711","C28 H26 O8 N2 S1 13C1","28","26","8","2","-9999","1","1","-9999","-9999"
"3721","562.13742","562.137467502","562.137198302","1299558.6","-9999","362161.7","7.4","-1","0.478885875","0.959241959","0.935599009","0.949784779","5","0.888888889","1.722222222","13C1 N2 P1 O16","de-protonated","1","3711","C17 H31 O16 N2 P1 13C1","17","31","16","2","1","-9999","1","-9999","-9999"
"3722","562.17412","562.174167488","562.174102319","1252483.8","-9999","323651.4","7.08","-1","0.115923298","0.997564625","0.924248427","0.968238146","26","0.131578947","0.684210526","13C1 O5","de-protonated","1","3713","C37 H26 O5 13C1","37","26","5","-9999","-9999","-9999","1","-9999","-9999"
"3722","562.17412","562.174167488","562.174453191","1252483.8","-9999","323651.4","7.08","-1","-0.508212072","0.954216706","0.962314224","0.957455713","3","0.5","1.95","13C1 N2 S2 P1 O10","de-protonated","1","3713","C19 H39 O10 N2 P1 S2 13C1","19","39","10","2","1","2","1","-9999","-9999"
"3722","562.17412","562.174167488","562.174589537","1252483.8","-9999","323651.4","7.08","-1","-0.750744469","0.902787923","0","0.541672754","3","0.631578947","1.947368421","N3 S2 O12","de-protonated","0","-9999","C19 H37 O12 N3 S2","19","37","12","3","-9999","2","-9999","-9999","-9999"
"3722","562.17412","562.174167488","562.173720157","1252483.8","-9999","323651.4","7.08","-1","0.795715613","0.891467181","0","0.534880309","4","0.944444444","1.833333333","N3 O17","de-protonated","0","-9999","C18 H33 O17 N3","18","33","17","3","-9999","-9999","-9999","-9999","-9999"
"3725","563.040915","563.040962153","563.040855511","2635061.8","-9999","375159.7","16.64","-1","0.189403653","0.496755948","0.73113591","0.590507933","29","0.264705882","0.352941176","O9","de-protonated","0","-9999","C34 H12 O9","34","12","9","-9999","-9999","-9999","-9999","-9999","-9999"
"3725","563.040915","563.040962153","563.041344768","2635061.8","-9999","375159.7","16.64","-1","-0.679551082","0.459811659","0.714192896","0.561564154","33","0.027027027","0.351351351","N2 S1 P1 O1","de-protonated","0","-9999","C37 H13 O1 N2 P1 S1","37","13","1","2","1","1","-9999","-9999","-9999"
"3725","563.040915","563.040962153","563.041206383","2635061.8","-9999","375159.7","16.64","-1","-0.433770961","0.966435339","0","0.579861203","6","0.875","1.5625","N2 S2 P1 O14","de-protonated","0","-9999","C16 H25 O14 N2 P1 S2","16","25","14","2","1","2","-9999","-9999","-9999"
"3725","563.040915","563.040962153","563.040693319","2635061.8","-9999","375159.7","16.64","-1","0.477466954","0.479739088","0.761234226","0.592337143","24","0.103448276","0.586206897","N4 S2 P1 O3","de-protonated","0","-9999","C29 H17 O3 N4 P1 S2","29","17","3","4","1","2","-9999","-9999","-9999"
"3726","563.071","563.071047141","563.071229409","2365773.5","-9999","283290.5","14.78","-1","-0.323702892","0.490583382","0.81490939","0.620313785","10","0.761904762","1.142857143","S1 O16","de-protonated","0","-9999","C21 H24 O16 S1","21","24","16","-9999","-9999","1","-9999","-9999","-9999"
"3726","563.071","563.071047141","563.070716344","2365773.5","-9999","283290.5","14.78","-1","0.587486536","0.469647691","0.73113591","0.574242979","28","0.147058824","0.470588235","N2 S1 O5","de-protonated","0","-9999","C34 H16 O5 N2 S1","34","16","5","2","-9999","1","-9999","-9999","-9999"
"3726","563.071","563.071047141","563.070849286","2365773.5","-9999","283290.5","14.78","-1","0.351385149","0.48892267700000003","0.800793265","0.613670912","15","0.565217391","0.913043478","N2 P1 O13","de-protonated","0","-9999","C23 H21 O13 N2 P1","23","21","13","2","1","-9999","-9999","-9999","-9999"
"3727","563.074478","563.07452514","563.074739096","1964368.4","-9999","463377.5","12","-1","-0.37997954","0.487070916","0.703327172","0.573573418","32","0.076923077","0.41025641","S1 O3","de-protonated","0","-9999","C39 H16 O3 S1","39","16","3","-9999","-9999","1","-9999","-9999","-9999"
"3727","563.074478","563.07452514","563.074872038","1964368.4","-9999","463377.5","12","-1","-0.616079011","0.466724264","0.767553728","0.58705605","19","0.392857143","0.75","P1 O11","de-protonated","0","-9999","C28 H21 O11 P1","28","21","11","-9999","1","-9999","-9999","-9999","-9999"
"3727","563.074478","563.07452514","563.074600712","1964368.4","-9999","463377.5","12","-1","-0.134213921","0.996736832","0","0.598042099","5","0.888888889","1.555555556","S2 O16","de-protonated","0","-9999","C18 H28 O16 S2","18","28","16","-9999","-9999","2","-9999","-9999","-9999"
"3727","563.074478","563.07452514","563.074087648","1964368.4","-9999","463377.5","12","-1","0.776970224","0.448124305","0.748902347","0.568435522","23","0.161290323","0.64516129","N2 S2 O5","de-protonated","0","-9999","C31 H20 O5 N2 S2","31","20","5","2","-9999","2","-9999","-9999","-9999"
"3727","563.074478","563.07452514","563.07422059","1964368.4","-9999","463377.5","12","-1","0.540870206","0.948303098","0","0.568981859","10","0.65","1.25","N2 S1 P1 O13","de-protonated","0","-9999","C20 H25 O13 N2 P1 S1","20","25","13","2","1","1","-9999","-9999","-9999"
"3727","563.074478","563.07452514","563.075068743","1964368.4","-9999","463377.5","12","-1","-0.965418521","0.84441082","0","0.506646492","11","0.944444444","1.111111111","N4 O17","de-protonated","0","-9999","C18 H20 O17 N4","18","20","17","4","-9999","-9999","-9999","-9999","-9999"
"3728","563.077235","563.077282139","563.07724102","6190418.5","-9999","335943.1","41.26","-1","0.073024802","0.984389403","0.958366213","0.973980127","28","0.228571429","0.457142857","O8","de-protonated","0","-9999","C35 H16 O8","35","16","8","-9999","-9999","-9999","-9999","-9999","-9999"
"3728","563.077235","563.077282139","563.077591893","6190418.5","-9999","335943.1","41.26","-1","-0.550109471","0.31552342","0.785329736","0.503445947","5","0.764705882","1.705882353","N2 S2 P1 O13","de-protonated","0","-9999","C17 H29 O13 N2 P1 S2","17","29","13","2","1","2","-9999","-9999","-9999"
"3728","563.077235","563.077282139","563.077078829","6190418.5","-9999","335943.1","41.26","-1","0.361069455","0.65794616399999994","0.936714318","0.769453425","23","0.066666667","0.7","N4 S2 P1 O2","de-protonated","0","-9999","C30 H21 O2 N4 P1 S2","30","21","2","4","1","2","-9999","-9999","-9999"
"3729","563.105245","563.105292128","563.105384321","1324393","-9999","287772.1","7.57","-1","-0.163722612","0.994524347","0.71994067","0.884690876","27","0.138888889","0.583333333","P1 O5","de-protonated","0","-9999","C36 H21 O5 P1","36","21","5","-9999","1","-9999","-9999","-9999","-9999"
"3729","563.105245","563.105292128","563.105112995","1324393","-9999","287772.1","7.57","-1","0.318116585","0.981805286","0","0.589083172","13","0.384615385","1.076923077","S2 O10","de-protonated","0","-9999","C26 H28 O10 S2","26","28","10","-9999","-9999","2","-9999","-9999","-9999"
"3729","563.105245","563.105292128","563.104732872","1324393","-9999","287772.1","7.57","-1","0.993164438","0.8361255","0","0.5016753","18","0.25","0.892857143","N2 S1 P1 O7","de-protonated","0","-9999","C28 H25 O7 N2 P1 S1","28","25","7","2","1","1","-9999","-9999","-9999"
"3729","563.105245","563.105292128","563.105581025","1324393","-9999","287772.1","7.57","-1","-0.513043351","0.953362814","0","0.572017689","19","0.423076923","0.769230769","N4 O11","de-protonated","0","-9999","C26 H20 O11 N4","26","20","11","4","-9999","-9999","-9999","-9999","-9999"
"3730","563.107311","563.107358127","563.107753302","2330986.5","-9999","310712.9","14.54","-1","-0.701776171","0.457257401","0.6825583","0.54737776","36","0.046511628","0.372093023","O2","de-protonated","0","-9999","C43 H16 O2","43","16","2","-9999","-9999","-9999","-9999","-9999","-9999"
"3730","563.107311","563.107358127","563.107614918","2330986.5","-9999","310712.9","14.54","-1","-0.456025041","0.481484597","0.807789663","0.612006623","9","0.681818182","1.272727273","S1 O15","de-protonated","0","-9999","C22 H28 O15 S1","22","28","15","-9999","-9999","1","-9999","-9999","-9999"
"3730","563.107311","563.107358127","563.107101854","2330986.5","-9999","310712.9","14.54","-1","0.45510539","0.481557807","0.725399619","0.579094532","27","0.114285714","0.571428571","N2 S1 O4","de-protonated","0","-9999","C35 H20 O4 N2 S1","35","20","4","2","-9999","1","-9999","-9999","-9999"
"3730","563.107311","563.107358127","563.107234796","2330986.5","-9999","310712.9","14.54","-1","0.21901929","0.49566688800000003","0.793917021","0.614966941","14","0.5","1.041666667","N2 P1 O12","de-protonated","0","-9999","C24 H25 O12 N2 P1","24","25","12","2","1","-9999","-9999","-9999","-9999"
"3731","563.110932","563.110979125","563.111124606","1267565.5","-9999","456064.3","7.18","-1","-0.258351001","0.493981102","0.698017357","0.575595604","31","0.05","0.5","S1 O2","de-protonated","0","-9999","C40 H20 O2 S1","40","20","2","-9999","-9999","1","-9999","-9999","-9999"
"3731","563.110932","563.110979125","563.111257548","1267565.5","-9999","456064.3","7.18","-1","-0.494435245","0.956611359","0","0.573966816","18","0.344827586","0.862068966","P1 O10","de-protonated","0","-9999","C29 H25 O10 P1","29","25","10","-9999","1","-9999","-9999","-9999","-9999"
"3731","563.110932","563.110979125","563.110986221","1267565.5","-9999","456064.3","7.18","-1","-0.012601233","0.999971188","0","0.599982713","4","0.789473684","1.684210526","S2 O15","de-protonated","0","-9999","C19 H32 O15 S2","19","32","15","-9999","-9999","2","-9999","-9999","-9999"
"3731","563.110932","563.110979125","563.110473157","1267565.5","-9999","456064.3","7.18","-1","0.898524147","0.86373281","0","0.518239686","22","0.125","0.75","N2 S2 O4","de-protonated","0","-9999","C32 H24 O4 N2 S2","32","24","4","2","-9999","2","-9999","-9999","-9999"
"3731","563.110932","563.110979125","563.110606099","1267565.5","-9999","456064.3","7.18","-1","0.662439356","0.92346315","0","0.55407789","9","0.571428571","1.380952381","N2 S1 P1 O12","de-protonated","0","-9999","C21 H29 O12 N2 P1 S1","21","29","12","2","1","1","-9999","-9999","-9999"
"3731","563.110932","563.110979125","563.111454252","1267565.5","-9999","456064.3","7.18","-1","-0.843752225","0.878818794","0","0.527291276","10","0.842105263","1.263157895","N4 O16","de-protonated","0","-9999","C19 H24 O16 N4","19","24","16","4","-9999","-9999","-9999","-9999","-9999"
"3732","563.113594","563.113641124","563.113626529","5901679.5","-9999","323546.9","39.26","-1","0.025918744","0.99921619800000006","0.942653139","0.976590974","27","0.194444444","0.555555556","O7","de-protonated","0","-9999","C36 H20 O7","36","20","7","-9999","-9999","-9999","-9999","-9999","-9999"
"3732","563.113594","563.113641124","563.113977402","5901679.5","-9999","323546.9","39.26","-1","-0.597175235","0.62905209","0.928702233","0.748912147","4","0.666666667","1.833333333","N2 S2 P1 O12","de-protonated","0","-9999","C18 H33 O12 N2 P1 S2","18","33","12","2","1","2","-9999","-9999","-9999"
"3732","563.113594","563.113641124","563.113464338","5901679.5","-9999","323546.9","39.26","-1","0.313944772","0.652280452","0.924767836","0.761275406","22","0.032258065","0.806451613","N4 S2 P1 O1","de-protonated","0","-9999","C31 H25 O1 N4 P1 S2","31","25","1","4","1","2","-9999","-9999","-9999"
"3733","563.142047","563.142094113","563.14176983","1517446.4","-9999","284686.9","8.91","-1","0.575846716","0.470803032","0.714192896","0.568158978","26","0.108108108","0.675675676","P1 O4","de-protonated","0","-9999","C37 H25 O4 P1","37","25","4","-9999","1","-9999","-9999","-9999","-9999"
"3733","563.142047","563.142094113","563.141966535","1517446.4","-9999","284686.9","8.91","-1","0.226548289","0.990730533","0","0.59443832","18","0.37037037","0.888888889","N4 O10","de-protonated","0","-9999","C27 H24 O10 N4","27","24","10","4","-9999","-9999","-9999","-9999","-9999"
"3734","563.143862","563.143909113","563.144138812","2045319.8","-9999","299339.4","12.56","-1","-0.40788684","0.485131591","0.677556332","0.562101488","35","0.022727273","0.454545455","O1","de-protonated","0","-9999","C44 H20 O1","44","20","1","-9999","-9999","-9999","-9999","-9999","-9999"
"3734","563.143862","563.143909113","563.144000427","2045319.8","-9999","299339.4","12.56","-1","-0.162151515","0.497620256","0.800793265","0.61888946","8","0.608695652","1.391304348","S1 O14","de-protonated","0","-9999","C23 H32 O14 S1","23","32","14","-9999","-9999","1","-9999","-9999","-9999"
"3734","563.143862","563.143909113","563.143487363","2045319.8","-9999","299339.4","12.56","-1","0.748920313","0.451618078","0.719752637","0.558871902","26","0.083333333","0.666666667","N2 S1 O3","de-protonated","0","-9999","C36 H24 O3 N2 S1","36","24","3","2","-9999","1","-9999","-9999","-9999"
"3734","563.143862","563.143909113","563.143620305","2045319.8","-9999","299339.4","12.56","-1","0.512849398","0.476698617","0.787157861","0.600882315","13","0.44","1.16","N2 P1 O11","de-protonated","0","-9999","C25 H29 O11 N2 P1","25","29","11","2","1","-9999","-9999","-9999","-9999"
"3735","563.149922","563.14996911","563.150012039","4797836.5","-9999","332296.7","31.62","-1","-0.076228704","0.998942597","0.949769278","0.97927327","26","0.162162162","0.648648649","O6","de-protonated","0","-9999","C37 H24 O6","37","24","6","-9999","-9999","-9999","-9999","-9999","-9999"
"3735","563.149922","563.14996911","563.150362912","4797836.5","-9999","332296.7","31.62","-1","-0.699282362","0.915193235","0.934891503","0.923072542","3","0.578947368","1.947368421","N2 S2 P1 O11","de-protonated","0","-9999","C19 H37 O11 N2 P1 S2","19","37","11","2","1","2","-9999","-9999","-9999"
"3735","563.149922","563.14996911","563.149493532","4797836.5","-9999","332296.7","31.62","-1","0.844498236","0.878873191","0.927381567","0.898276542","4","0.888888889","1.833333333","N2 P1 O16","de-protonated","0","-9999","C18 H33 O16 N2 P1","18","33","16","2","1","-9999","-9999","-9999","-9999"
"3736","563.180282","563.180329099","563.180385937","1345444.8","-9999","300687","7.72","-1","-0.100923406","0.998153555","0","0.598892133","7","0.541666667","1.5","S1 O13","de-protonated","0","-9999","C24 H36 O13 S1","24","36","13","-9999","-9999","1","-9999","-9999","-9999"
"3736","563.180282","563.180329099","563.179872873","1345444.8","-9999","300687","7.72","-1","0.810089617","0.443870686","0.714192896","0.55199957","25","0.054054054","0.756756757","N2 S1 O2","de-protonated","0","-9999","C37 H28 O2 N2 S1","37","28","2","2","-9999","1","-9999","-9999","-9999"
"3736","563.180282","563.180329099","563.180875194","1345444.8","-9999","300687","7.72","-1","-0.969662601","0.843153439","0","0.505892064","11","0.185185185","1.37037037","N2 S2 P1 O5","de-protonated","0","-9999","C27 H37 O5 N2 P1 S2","27","37","5","2","1","2","-9999","-9999","-9999"
"3736","563.180282","563.180329099","563.180005814","1345444.8","-9999","300687","7.72","-1","0.57403394","0.941962271","0","0.565177363","12","0.384615385","1.269230769","N2 P1 O10","de-protonated","0","-9999","C26 H33 O10 N2 P1","26","33","10","2","1","-9999","-9999","-9999","-9999"
"3737","563.186345","563.186392096","563.186397548","4126121.5","-9999","343362.3","26.97","-1","-0.009679968","0.986546397","0.950470504","0.97211604","25","0.131578947","0.736842105","O5","de-protonated","0","-9999","C38 H28 O5","38","28","5","-9999","-9999","-9999","-9999","-9999","-9999"
"3737","563.186345","563.186392096","563.186748421","4126121.5","-9999","343362.3","26.97","-1","-0.632693414","0.464970525","0.822155738","0.60784461","2","0.5","2.05","N2 S2 P1 O10","de-protonated","0","-9999","C20 H41 O10 N2 P1 S2","20","41","10","2","1","2","-9999","-9999","-9999"
"3737","563.186345","563.186392096","563.185879041","4126121.5","-9999","343362.3","26.97","-1","0.910987549","0.905125132","0.92871577","0.914561387","3","0.789473684","1.947368421","N2 P1 O15","de-protonated","0","-9999","C19 H37 O15 N2 P1","19","37","15","2","1","-9999","-9999","-9999","-9999"
"3738","563.222593","563.222640082","563.222783057","2311622.5","-9999","284294.6","14.4","-1","-0.253851573","0.494187714","0.703327172","0.577843497","24","0.102564103","0.820512821","O4","de-protonated","0","-9999","C39 H32 O4","39","32","4","-9999","-9999","-9999","-9999","-9999","-9999"
"3738","563.222593","563.222640082","563.222131609","2311622.5","-9999","284294.6","14.4","-1","0.90279423","0.431264085","0.748902347","0.55831939","15","0.193548387","1.161290323","N2 S1 O6","de-protonated","0","-9999","C31 H36 O6 N2 S1","31","36","6","2","-9999","1","-9999","-9999","-9999"
"3738","563.222593","563.222640082","563.22313393","2311622.5","-9999","284294.6","14.4","-1","-0.876824618","0.434895801","0.81490939","0.586901236","1","0.428571429","2.142857143","N2 S2 P1 O9","de-protonated","0","-9999","C21 H45 O9 N2 P1 S2","21","45","9","2","1","2","-9999","-9999","-9999"
"3738","563.222593","563.222640082","563.22226455","2311622.5","-9999","284294.6","14.4","-1","0.666756242","0.461251093","0.822155738","0.605612951","2","0.7","2.05","N2 P1 O14","de-protonated","0","-9999","C20 H41 O14 N2 P1","20","41","14","2","1","-9999","-9999","-9999","-9999"
"3739","563.256648","563.256695069","563.256799585","2088929.8","-9999","376036.3","12.86","-1","-0.185556188","0.496885999","0.736963647","0.592917058","14","0.181818182","1.242424242","P1 O6","de-protonated","0","-9999","C33 H41 O6 P1","33","41","6","-9999","1","-9999","-9999","-9999","-9999"
"3739","563.256648","563.256695069","563.256528259","2088929.8","-9999","376036.3","12.86","-1","0.29615347","0.492105833","0.800793265","0.615580806","0","0.47826087","2.086956522","S2 O11","de-protonated","0","-9999","C23 H48 O11 S2","23","48","11","-9999","-9999","2","-9999","-9999","-9999"
"3739","563.256648","563.256695069","563.256148136","2088929.8","-9999","376036.3","12.86","-1","0.971019841","0.421375283","0.787157861","0.567688315","5","0.32","1.8","N2 S1 P1 O8","de-protonated","0","-9999","C25 H45 O8 N2 P1 S1","25","45","8","2","1","1","-9999","-9999","-9999"
"3739","563.256648","563.256695069","563.256996289","2088929.8","-9999","376036.3","12.86","-1","-0.534783015","0.47471521","0.800793265","0.605146432","6","0.52173913","1.739130435","N4 O12","de-protonated","0","-9999","C23 H40 O12 N4","23","40","12","4","-9999","-9999","-9999","-9999","-9999"
"3740","563.265936","563.265983066","563.265911173","1342953","-9999","283777.3","7.7","-1","0.127634681","0.498524227","0.73113591","0.5915689","13","0.088235294","1.294117647","S2 O3","de-protonated","0","-9999","C34 H44 O3 S2","34","44","3","-9999","-9999","2","-9999","-9999","-9999"
"3740","563.265936","563.265983066","563.266044115","1342953","-9999","283777.3","7.7","-1","-0.108384778","0.997870745","0","0.598722447","0","0.47826087","2.130434783","S1 P1 O11","de-protonated","0","-9999","C23 H49 O11 P1 S1","23","49","11","-9999","1","1","-9999","-9999","-9999"
"3740","563.265936","563.265983066","563.266379204","1342953","-9999","283777.3","7.7","-1","-0.703287823","0.457081212","0.73113591","0.566703091","19","0.117647059","1.058823529","N4 O4","de-protonated","0","-9999","C34 H36 O4 N4","34","36","4","4","-9999","-9999","-9999","-9999","-9999"
"3741","564.080317","564.080363751","564.080595855","1880179.8","-9999","354313.7","11.41","-1","-0.411473548","0.969745935","0.958366213","0.965194046","28","0.228571429","0.457142857","13C1 O8","de-protonated","1","3728","C34 H16 O8 13C1","34","16","8","-9999","-9999","-9999","1","-9999","-9999"
"3741","564.080317","564.080363751","564.080433664","1880179.8","-9999","354313.7","11.41","-1","-0.123941392","0.664811042","0.936714318","0.773572352","23","0.066666667","0.7","13C1 N4 S2 P1 O2","de-protonated","1","3728","C29 H21 O2 N4 P1 S2 13C1","29","21","2","4","1","2","1","-9999","-9999"
"3742","564.108796","564.10884274","564.108739156","1687690.6","-9999","281848.5","10.08","-1","0.18362397","0.993900633","0.71994067","0.884316648","27","0.138888889","0.583333333","13C1 P1 O5","de-protonated","1","3729","C35 H21 O5 P1 13C1","35","21","5","-9999","1","-9999","1","-9999","-9999"
"3742","564.108796","564.10884274","564.10887550100006","1687690.6","-9999","281848.5","10.08","-1","-0.058076969","0.499694086","0.725399619","0.589976299","27","0.2","0.542857143","N1 O7","de-protonated","0","-9999","C35 H19 O7 N1","35","19","7","1","-9999","-9999","-9999","-9999","-9999"
"3742","564.108796","564.10884274","564.109226374","1687690.6","-9999","281848.5","10.08","-1","-0.680071581","0.919505239","0","0.551703143","4","0.705882353","1.882352941","N3 S2 P1 O12","de-protonated","0","-9999","C17 H32 O12 N3 P1 S2","17","32","12","3","1","2","-9999","-9999","-9999"
"3743","564.116985","564.117031737","564.116981364","1692817.1","-9999","325217.6","10.12","-1","0.089293945","0.998554282","0.942653139","0.976193824","27","0.194444444","0.555555556","13C1 O7","de-protonated","1","3732","C35 H20 O7 13C1","35","20","7","-9999","-9999","-9999","1","-9999","-9999"
"3743","564.116985","564.117031737","564.117332237","1692817.1","-9999","325217.6","10.12","-1","-0.532691822","0.633210042","0.928702233","0.751406918","4","0.666666667","1.833333333","13C1 N2 S2 P1 O12","de-protonated","1","3732","C17 H33 O12 N2 P1 S2 13C1","17","33","12","2","1","2","1","-9999","-9999"
"3743","564.116985","564.117031737","564.117468583","1692817.1","-9999","325217.6","10.12","-1","-0.774388906","0.896900079","0","0.538140048","4","0.823529412","1.823529412","N3 S2 O14","de-protonated","0","-9999","C17 H31 O14 N3 S2","17","31","14","3","-9999","2","-9999","-9999","-9999"
"3743","564.116985","564.117031737","564.116819173","1692817.1","-9999","325217.6","10.12","-1","0.376807699","0.649710808","0.924767836","0.759733619","22","0.032258065","0.806451613","13C1 N4 S2 P1 O1","de-protonated","1","3732","C30 H25 O1 N4 P1 S2 13C1","30","25","1","4","1","2","1","-9999","-9999"
"3744","564.153277","564.153323723","564.153366874","1478574.1","-9999","316113.4","8.63","-1","-0.076488331","0.998939004","0.949769278","0.979271114","26","0.162162162","0.648648649","13C1 O6","de-protonated","1","3735","C36 H24 O6 13C1","36","24","6","-9999","-9999","-9999","1","-9999","-9999"
"3744","564.153277","564.153323723","564.153717747","1478574.1","-9999","316113.4","8.63","-1","-0.698433879","0.915291704","0.934891503","0.923131624","3","0.578947368","1.947368421","13C1 N2 S2 P1 O11","de-protonated","1","3735","C18 H37 O11 N2 P1 S2 13C1","18","37","11","2","1","2","1","-9999","-9999"
"3744","564.153277","564.153323723","564.152848367","1478574.1","-9999","316113.4","8.63","-1","0.842601082","0.879128399","0.927381567","0.898429666","4","0.888888889","1.833333333","13C1 N2 P1 O16","de-protonated","1","3735","C17 H33 O16 N2 P1 13C1","17","33","16","2","1","-9999","1","-9999","-9999"
"3744","564.153277","564.153323723","564.153854092","1478574.1","-9999","316113.4","8.63","-1","-0.940115335","0.851830765","0","0.511098459","3","0.722222222","1.944444444","N3 S2 O13","de-protonated","0","-9999","C18 H35 O13 N3 S2","18","35","13","3","-9999","2","-9999","-9999","-9999"
"3745","564.189487","564.189533709","564.189752383","1315531","-9999","389554.3","7.5","-1","-0.387590339","0.973109797","0.950470504","0.96405408","25","0.131578947","0.736842105","13C1 O5","de-protonated","1","3737","C37 H28 O5 13C1","37","28","5","-9999","-9999","-9999","1","-9999","-9999"
"3745","564.189487","564.189533709","564.189233876","1315531","-9999","389554.3","7.5","-1","0.531439514","0.950044758","0.92871577","0.941513163","3","0.789473684","1.947368421","13C1 N2 P1 O15","de-protonated","1","3737","C18 H37 O15 N2 P1 13C1","18","37","15","2","1","-9999","1","-9999","-9999"
"3745","564.189487","564.189533709","564.189370222","1315531","-9999","389554.3","7.5","-1","0.289772975","0.984879528","0","0.590927717","3","0.944444444","1.944444444","N3 O17","de-protonated","0","-9999","C18 H35 O17 N3","18","35","17","3","-9999","-9999","-9999","-9999","-9999"
"3746","565.050575","565.050621376","565.050493964","1597821.5","-9999","281854.6","9.45","-1","0.225487507","0.990816737","0","0.594490042","10","0.85","1.1","S1 O17","de-protonated","0","-9999","C20 H22 O17 S1","20","22","17","-9999","-9999","1","-9999","-9999","-9999"
"3746","565.050575","565.050621376","565.050983221","1597821.5","-9999","281854.6","9.45","-1","-0.640376768","0.928292025","0","0.556975215","14","0.391304348","1","N2 S2 P1 O9","de-protonated","0","-9999","C23 H23 O9 N2 P1 S2","23","23","9","2","1","2","-9999","-9999","-9999"
"3746","565.050575","565.050621376","565.050113841","1597821.5","-9999","281854.6","9.45","-1","0.898211212","0.863820934","0","0.51829256","15","0.636363636","0.863636364","N2 P1 O14","de-protonated","0","-9999","C22 H19 O14 N2 P1","22","19","14","2","1","-9999","-9999","-9999","-9999"
"3747","565.056418","565.056464373","565.056505575","4244354","-9999","324092.4","27.77","-1","-0.072915949","0.990865387","0.966721759","0.981207936","28","0.264705882","0.411764706","O9","de-protonated","0","-9999","C34 H14 O9","34","14","9","-9999","-9999","-9999","-9999","-9999","-9999"
"3747","565.056418","565.056464373","565.056994832","4244354","-9999","324092.4","27.77","-1","-0.938770755","0.899012839","0.949778745","0.919319202","32","0.027027027","0.405405405","N2 S1 P1 O1","de-protonated","0","-9999","C37 H15 O1 N2 P1 S1","37","15","1","2","1","1","-9999","-9999","-9999"
"3747","565.056418","565.056464373","565.056856448","4244354","-9999","324092.4","27.77","-1","-0.693867435","0.949548747","0.91193677","0.934503957","5","0.875","1.6875","N2 S2 P1 O14","de-protonated","0","-9999","C16 H27 O14 N2 P1 S2","16","27","14","2","1","2","-9999","-9999","-9999"
"3747","565.056418","565.056464373","565.056343384","4244354","-9999","324092.4","27.77","-1","0.214119707","0.964576855","0.996820075","0.977474143","23","0.103448276","0.655172414","N4 S2 P1 O3","de-protonated","0","-9999","C29 H19 O3 N4 P1 S2","29","19","3","4","1","2","-9999","-9999","-9999"
"3748","565.085322","565.085368362","565.085518256","1564825.4","-9999","268807.8","9.22","-1","-0.265258143","0.493657041","0.719752637","0.58409528","26","0.027777778","0.638888889","S2 P1 O1","de-protonated","0","-9999","C36 H23 O1 P1 S2","36","23","1","-9999","1","2","-9999","-9999","-9999"
"3748","565.085322","565.085368362","565.08571496","1564825.4","-9999","268807.8","9.22","-1","-0.613354782","0.934015974","0","0.560409585","18","0.269230769","0.846153846","N4 S2 O7","de-protonated","0","-9999","C26 H22 O7 N4 S2","26","22","7","4","-9999","2","-9999","-9999","-9999"
"3748","565.085322","565.085368362","565.08484558","1564825.4","-9999","268807.8","9.22","-1","0.925138674","0.856159502","0","0.513695701","19","0.48","0.72","N4 O12","de-protonated","0","-9999","C25 H18 O12 N4","25","18","12","4","-9999","-9999","-9999","-9999","-9999"
"3749","565.086835","565.086881362","565.087017858","2625434.5","-9999","311583","16.57","-1","-0.241548586","0.494734544","0.68763467","0.571894595","36","0.071428571","0.333333333","O3","de-protonated","0","-9999","C42 H14 O3","42","14","3","-9999","-9999","-9999","-9999","-9999","-9999"
"3749","565.086835","565.086881362","565.086879473","2625434.5","-9999","311583","16.57","-1","0.003341893","0.499998987","0.81490939","0.625963148","9","0.761904762","1.238095238","S1 O16","de-protonated","0","-9999","C21 H26 O16 S1","21","26","16","-9999","-9999","1","-9999","-9999","-9999"
"3749","565.086835","565.086881362","565.086366409","2625434.5","-9999","311583","16.57","-1","0.911281426","0.430060962","0.73113591","0.550490941","27","0.147058824","0.529411765","N2 S1 O5","de-protonated","0","-9999","C34 H18 O5 N2 S1","34","18","5","2","-9999","1","-9999","-9999","-9999"
"3749","565.086835","565.086881362","565.087368731","2625434.5","-9999","311583","16.57","-1","-0.862466439","0.436870928","0.793917021","0.579689365","13","0.333333333","1.125","N2 S2 P1 O8","de-protonated","0","-9999","C24 H27 O8 N2 P1 S2","24","27","8","2","1","2","-9999","-9999","-9999"
"3749","565.086835","565.086881362","565.086499351","2625434.5","-9999","311583","16.57","-1","0.676022131","0.460210951","0.800793265","0.596443877","14","0.565217391","1","N2 P1 O13","de-protonated","0","-9999","C23 H23 O13 N2 P1","23","23","13","2","1","-9999","-9999","-9999","-9999"
"3750","565.090037","565.09008336","565.090389161","1956765.1","-9999","426750.1","11.94","-1","-0.541153299","0.474125196","0.703327172","0.565805987","31","0.076923077","0.461538462","S1 O3","de-protonated","0","-9999","C39 H18 O3 S1","39","18","3","-9999","-9999","1","-9999","-9999","-9999"
"3750","565.090037","565.09008336","565.090522103","1956765.1","-9999","426750.1","11.94","-1","-0.776410577","0.448194998","0.767553728","0.57593849","18","0.392857143","0.821428571","P1 O11","de-protonated","0","-9999","C28 H23 O11 P1","28","23","11","-9999","1","-9999","-9999","-9999","-9999"
"3750","565.090037","565.09008336","565.090250776","1956765.1","-9999","426750.1","11.94","-1","-0.296264354","0.984199935","0","0.590519961","4","0.888888889","1.666666667","S2 O16","de-protonated","0","-9999","C18 H30 O16 S2","18","30","16","-9999","-9999","2","-9999","-9999","-9999"
"3750","565.090037","565.09008336","565.089737712","1956765.1","-9999","426750.1","11.94","-1","0.61166949","0.467182964","0.748902347","0.579870717","22","0.161290323","0.709677419","N2 S2 O5","de-protonated","0","-9999","C31 H22 O5 N2 S2","31","22","5","2","-9999","2","-9999","-9999","-9999"
"3750","565.090037","565.09008336","565.089870654","1956765.1","-9999","426750.1","11.94","-1","0.37641167","0.974618962","0","0.584771377","9","0.65","1.35","N2 S1 P1 O13","de-protonated","0","-9999","C20 H27 O13 N2 P1 S1","20","27","13","2","1","1","-9999","-9999","-9999"
"3751","565.092871","565.092917359","565.092891084","6376351.5","-9999","314955.8","42.53","-1","0.046496649","0.999372338","0.933535069","0.97303743","27","0.228571429","0.514285714","O8","de-protonated","0","-9999","C35 H18 O8","35","18","8","-9999","-9999","-9999","-9999","-9999","-9999"
"3751","565.092871","565.092917359","565.093241957","6376351.5","-9999","314955.8","42.53","-1","-0.574414928","0.629440732","0.929726258","0.749554942","4","0.764705882","1.823529412","N2 S2 P1 O13","de-protonated","0","-9999","C17 H31 O13 N2 P1 S2","17","31","13","2","1","2","-9999","-9999","-9999"
"3751","565.092871","565.092917359","565.092728893","6376351.5","-9999","314955.8","42.53","-1","0.333513858","0.65244992","0.91537156","0.757618576","22","0.066666667","0.766666667","N4 S2 P1 O2","de-protonated","0","-9999","C30 H23 O2 N4 P1 S2","30","23","2","4","1","2","-9999","-9999","-9999"
"3752","565.123072","565.123118348","565.123403367","2904503.8","-9999","276959.7","18.5","-1","-0.504348833","0.477447118","0.6825583","0.559491591","35","0.046511628","0.418604651","O2","de-protonated","0","-9999","C43 H18 O2","43","18","2","-9999","-9999","-9999","-9999","-9999","-9999"
"3752","565.123072","565.123118348","565.123264983","2904503.8","-9999","276959.7","18.5","-1","-0.259474186","0.493928974","0.807789663","0.619473249","8","0.681818182","1.363636364","S1 O15","de-protonated","0","-9999","C22 H30 O15 S1","22","30","15","-9999","-9999","1","-9999","-9999","-9999"
"3752","565.123072","565.123118348","565.122751918","2904503.8","-9999","276959.7","18.5","-1","0.648406651","0.46327527","0.725399619","0.568125009","26","0.114285714","0.628571429","N2 S1 O4","de-protonated","0","-9999","C35 H22 O4 N2 S1","35","22","4","2","-9999","1","-9999","-9999","-9999"
"3752","565.123072","565.123118348","565.12288486","2904503.8","-9999","276959.7","18.5","-1","0.413162565","0.484750443","0.793917021","0.608417074","13","0.5","1.125","N2 P1 O12","de-protonated","0","-9999","C24 H27 O12 N2 P1","24","27","12","2","1","-9999","-9999","-9999","-9999"
"3753","565.12664","565.126686346","565.12677467","1494458.5","-9999","328137.8","8.74","-1","-0.156290646","0.497788802","0.698017357","0.577880224","30","0.05","0.55","S1 O2","de-protonated","0","-9999","C40 H22 O2 S1","40","22","2","-9999","-9999","1","-9999","-9999","-9999"
"3753","565.12664","565.126686346","565.126907612","1494458.5","-9999","328137.8","8.74","-1","-0.391532867","0.972567577","0","0.583540546","17","0.344827586","0.931034483","P1 O10","de-protonated","0","-9999","C29 H27 O10 P1","29","27","10","-9999","1","-9999","-9999","-9999","-9999"
"3753","565.12664","565.126686346","565.126636286","1494458.5","-9999","328137.8","8.74","-1","0.088582626","0.998577207","0","0.599146324","3","0.789473684","1.789473684","S2 O15","de-protonated","0","-9999","C19 H34 O15 S2","19","34","15","-9999","-9999","2","-9999","-9999","-9999"
"3753","565.12664","565.126686346","565.126123222","1494458.5","-9999","328137.8","8.74","-1","0.996458363","0.417565905","0.742885034","0.547693556","21","0.125","0.8125","N2 S2 O4","de-protonated","0","-9999","C32 H26 O4 N2 S2","32","26","4","2","-9999","2","-9999","-9999","-9999"
"3753","565.12664","565.126686346","565.126256163","1494458.5","-9999","328137.8","8.74","-1","0.761215599","0.900198221","0","0.540118933","8","0.571428571","1.476190476","N2 S1 P1 O12","de-protonated","0","-9999","C21 H31 O12 N2 P1 S1","21","31","12","2","1","1","-9999","-9999","-9999"
"3753","565.12664","565.126686346","565.127104316","1494458.5","-9999","328137.8","8.74","-1","-0.739603967","0.905511794","0","0.54330707600000006","9","0.842105263","1.368421053","N4 O16","de-protonated","0","-9999","C19 H26 O16 N4","19","26","16","4","-9999","-9999","-9999","-9999","-9999"
"3754","565.12931","565.129356345","565.129276594","6685628.5","-9999","300424","44.67","-1","0.141120789","0.663955163","0.893156179","0.755635569","26","0.194444444","0.611111111","O7","de-protonated","0","-9999","C36 H22 O7","36","22","7","-9999","-9999","-9999","-9999","-9999","-9999"
"3754","565.12931","565.129356345","565.129627467","6685628.5","-9999","300424","44.67","-1","-0.479750871","0.640389476","0.93031813","0.756360938","3","0.666666667","1.944444444","N2 S2 P1 O12","de-protonated","0","-9999","C18 H35 O12 N2 P1 S2","18","35","12","2","1","2","-9999","-9999","-9999"
"3754","565.12931","565.129356345","565.129114402","6685628.5","-9999","300424","44.67","-1","0.428119545","0.644017959","0.91152623","0.751021267","21","0.032258065","0.870967742","N4 S2 P1 O1","de-protonated","0","-9999","C31 H27 O1 N4 P1 S2","31","27","1","4","1","2","-9999","-9999","-9999"
"3755","565.134241","565.134287343","565.134636756","1539520.6","-9999","368663","9.05","-1","-0.618282643","0.466493967","0.68763467","0.554950248","35","0.023809524","0.428571429","N2 O1","de-protonated","0","-9999","C42 H18 O1 N2","42","18","1","2","-9999","-9999","-9999","-9999","-9999"
"3755","565.134241","565.134287343","565.134498372","1539520.6","-9999","368663","9.05","-1","-0.373412891","0.975016686","0","0.585010012","8","0.666666667","1.428571429","N2 S1 O14","de-protonated","0","-9999","C21 H30 O14 N2 S1","21","30","14","2","-9999","1","-9999","-9999","-9999"
"3755","565.134241","565.134287343","565.133985308","1539520.6","-9999","368663","9.05","-1","0.534449796","0.474745901","0.73113591","0.577301905","26","0.088235294","0.647058824","N4 S1 O3","de-protonated","0","-9999","C34 H22 O3 N4 S1","34","22","3","4","-9999","1","-9999","-9999","-9999"
"3755","565.134241","565.134287343","565.134118249","1539520.6","-9999","368663","9.05","-1","0.299210413","0.983886698","0","0.590332019","13","0.47826087","1.173913043","N4 P1 O11","de-protonated","0","-9999","C23 H27 O11 N4 P1","23","27","11","4","1","-9999","-9999","-9999","-9999"
"3756","565.140485","565.140531341","565.141023047","3016645.5","-9999","365479.9","19.27","-1","-0.870059597","0.435829352","0.807789663","0.584613476","8","0.772727273","1.363636364","O17","de-protonated","0","-9999","C22 H30 O17","22","30","17","-9999","-9999","-9999","-9999","-9999","-9999"
"3756","565.140485","565.140531341","565.140509983","3016645.5","-9999","365479.9","19.27","-1","0.037792158","0.49987044","0.725399619","0.590082111","26","0.171428571","0.628571429","N2 O6","de-protonated","0","-9999","C35 H22 O6 N2","35","22","6","2","-9999","-9999","-9999","-9999","-9999"
"3756","565.140485","565.140531341","565.140860856","3016645.5","-9999","365479.9","19.27","-1","-0.583067096","0.470088742","0.844689208","0.619928928","3","0.647058824","2.058823529","N4 S2 P1 O11","de-protonated","0","-9999","C17 H35 O11 N4 P1 S2","17","35","11","4","1","2","-9999","-9999","-9999"
"3757","565.158157","565.158203334","565.158485979","1789395.9","-9999","271046","10.78","-1","-0.500116143","0.477815584","0.767553728","0.593710842","16","0.178571429","1.071428571","N4 S2 O5","de-protonated","0","-9999","C28 H30 O5 N4 S2","28","30","5","4","-9999","2","-9999","-9999","-9999"
"3757","565.158157","565.158203334","565.158618921","1789395.9","-9999","271046","10.78","-1","-0.735345085","0.90654448","0","0.543926688","3","0.764705882","2.058823529","N4 S1 P1 O13","de-protonated","0","-9999","C17 H35 O13 N4 P1 S1","17","35","13","4","1","1","-9999","-9999","-9999"
"3758","565.159478","565.159524334","565.159788876","1828564.9","-9999","304677.6","11.05","-1","-0.468084882","0.480511934","0.677556332","0.559329693","34","0.022727273","0.5","O1","de-protonated","0","-9999","C44 H22 O1","44","22","1","-9999","-9999","-9999","-9999","-9999","-9999"
"3758","565.159478","565.159524334","565.159650492","1828564.9","-9999","304677.6","11.05","-1","-0.223225991","0.990999192","0","0.594599515","7","0.608695652","1.47826087","S1 O14","de-protonated","0","-9999","C23 H34 O14 S1","23","34","14","-9999","-9999","1","-9999","-9999","-9999"
"3758","565.159478","565.159524334","565.159137428","1828564.9","-9999","304677.6","11.05","-1","0.684596429","0.459237787","0.719752637","0.563443727","25","0.083333333","0.722222222","N2 S1 O3","de-protonated","0","-9999","C36 H26 O3 N2 S1","36","26","3","2","-9999","1","-9999","-9999","-9999"
"3758","565.159478","565.159524334","565.159270369","1828564.9","-9999","304677.6","11.05","-1","0.44936748","0.482011494","0.787157861","0.604070041","12","0.44","1.24","N2 P1 O11","de-protonated","0","-9999","C25 H31 O11 N2 P1","25","31","11","2","1","-9999","-9999","-9999","-9999"
"3759","565.16278","565.162826332","565.16316018","1443287.6","-9999","496251.6","8.38","-1","-0.59070968","0.469324192","0.692787115","0.558709361","29","0.024390244","0.634146341","S1 O1","de-protonated","0","-9999","C41 H26 O1 S1","41","26","1","-9999","-9999","1","-9999","-9999","-9999"
"3759","565.16278","565.162826332","565.163293121","1443287.6","-9999","496251.6","8.38","-1","-0.825936655","0.883575004","0","0.530145002","16","0.3","1.033333333","P1 O9","de-protonated","0","-9999","C30 H31 O9 P1","30","31","9","-9999","1","-9999","-9999","-9999","-9999"
"3759","565.16278","565.162826332","565.163021795","1443287.6","-9999","496251.6","8.38","-1","-0.34585228","0.978530065","0","0.587118039","2","0.7","1.9","S2 O14","de-protonated","0","-9999","C20 H38 O14 S2","20","38","14","-9999","-9999","2","-9999","-9999","-9999"
"3759","565.16278","565.162826332","565.162508731","1443287.6","-9999","496251.6","8.38","-1","0.561964613","0.472154299","0.736963647","0.578078038","20","0.090909091","0.909090909","N2 S2 O3","de-protonated","0","-9999","C33 H30 O3 N2 S2","33","30","3","2","-9999","2","-9999","-9999","-9999"
"3759","565.16278","565.162826332","565.162641673","1443287.6","-9999","496251.6","8.38","-1","0.326737096","0.98081547","0","0.588489282","7","0.5","1.590909091","N2 S1 P1 O11","de-protonated","0","-9999","C22 H35 O11 N2 P1 S1","22","35","11","2","1","1","-9999","-9999","-9999"
"3760","565.165713","565.165759331","565.165662103","4948954","-9999","324982.5","32.65","-1","0.172034632","0.992114135","0.942365443","0.972214658","25","0.162162162","0.702702703","O6","de-protonated","0","-9999","C37 H26 O6","37","26","6","-9999","-9999","-9999","-9999","-9999","-9999"
"3760","565.165713","565.165759331","565.166012976","4948954","-9999","324982.5","32.65","-1","-0.448797075","0.969158632","0.942295338","0.958413314","2","0.578947368","2.052631579","N2 S2 P1 O11","de-protonated","0","-9999","C19 H39 O11 N2 P1 S2","19","39","11","2","1","2","-9999","-9999","-9999"
"3761","565.195338","565.19538432","565.195522937","1688177.6","-9999","209341","10.08","-1","-0.245255457","0.494572581","0.714192896","0.582420707","24","0.054054054","0.810810811","N2 S1 O2","de-protonated","0","-9999","C37 H30 O2 N2 S1","37","30","2","2","-9999","1","-9999","-9999","-9999"
"3761","565.195338","565.19538432","565.195655879","1688177.6","-9999","209341","10.08","-1","-0.480469044","0.95897764","0","0.575386584","11","0.384615385","1.346153846","N2 P1 O10","de-protonated","0","-9999","C26 H35 O10 N2 P1","26","35","10","2","1","-9999","-9999","-9999","-9999"
"3761","565.195338","565.19538432","565.194871488","1688177.6","-9999","209341","10.08","-1","0.907353233","0.430618794","0.761234226","0.562864967","15","0.137931034","1.172413793","N4 S2 O4","de-protonated","0","-9999","C29 H34 O4 N4 S2","29","34","4","4","-9999","2","-9999","-9999","-9999"
"3761","565.195338","565.19538432","565.19500443","1688177.6","-9999","209341","10.08","-1","0.672139104","0.921296603","0","0.552777962","2","0.666666667","2.166666667","N4 S1 P1 O12","de-protonated","0","-9999","C18 H39 O12 N4 P1 S1","18","39","12","4","1","1","-9999","-9999","-9999"
"3762","565.202027","565.202073317","565.202047612","3182583","-9999","332438.7","20.42","-1","0.045478742","0.994491985","0.999773379","0.996604543","24","0.131578947","0.789473684","O5","de-protonated","0","-9999","C38 H30 O5","38","30","5","-9999","-9999","-9999","-9999","-9999","-9999"
"3762","565.202027","565.202073317","565.202398485","3182583","-9999","332438.7","20.42","-1","-0.57531292","0.958133862","0.88633603","0.929414729","1","0.5","2.15","N2 S2 P1 O10","de-protonated","0","-9999","C20 H43 O10 N2 P1 S2","20","43","10","2","1","2","-9999","-9999","-9999"
"3762","565.202027","565.202073317","565.201529105","3182583","-9999","332438.7","20.42","-1","0.962862979","0.422583091","0.829532115","0.585362701","2","0.789473684","2.052631579","N2 P1 O15","de-protonated","0","-9999","C19 H39 O15 N2 P1","19","39","15","2","1","-9999","-9999","-9999","-9999"
"3763","565.232121","565.232167305","565.232421511","1269519.3","-9999","252965.5","7.18","-1","-0.449735536","0.963965105","0","0.578379063","5","0.48","1.68","S1 O12","de-protonated","0","-9999","C25 H42 O12 S1","25","42","12","-9999","-9999","1","-9999","-9999","-9999"
"3763","565.232121","565.232167305","565.231908446","1269519.3","-9999","252965.5","7.18","-1","0.4579698","0.481329331","0.70871839","0.572284954","23","0.026315789","0.894736842","N2 S1 O1","de-protonated","0","-9999","C38 H34 O1 N2 S1","38","34","1","2","-9999","1","-9999","-9999","-9999"
"3763","565.232121","565.232167305","565.232041388","1269519.3","-9999","252965.5","7.18","-1","0.222771189","0.991035667","0","0.5946214","10","0.333333333","1.444444444","N2 P1 O9","de-protonated","0","-9999","C27 H39 O9 N2 P1","27","39","9","2","1","-9999","-9999","-9999","-9999"
"3764","565.238548","565.238594303","565.238433122","1902612.4","-9999","335685.9","11.56","-1","0.285156139","0.492676994","0.703327172","0.576937065","23","0.102564103","0.871794872","O4","de-protonated","0","-9999","C39 H34 O4","39","34","4","-9999","-9999","-9999","-9999","-9999","-9999"
"3764","565.238548","565.238594303","565.238783995","1902612.4","-9999","335685.9","11.56","-1","-0.335595709","0.979771827","0","0.587863096","0","0.428571429","2.238095238","N2 S2 P1 O9","de-protonated","0","-9999","C21 H47 O9 N2 P1 S2","21","47","9","2","1","2","-9999","-9999","-9999"
"3765","566.05999","566.060035985","566.05986041","1308073.3","-9999","371573.6","7.44","-1","0.310170961","0.982695024","0.966721759","0.976305718","28","0.264705882","0.411764706","13C1 O9","de-protonated","1","3747","C33 H14 O9 13C1","33","14","9","-9999","-9999","-9999","1","-9999","-9999"
"3765","566.05999","566.060035985","566.060349667","1308073.3","-9999","371573.6","7.44","-1","-0.554149428","0.945804349","0.949778745","0.947394107","32","0.027027027","0.405405405","13C1 N2 S1 P1 O1","de-protonated","1","3747","C36 H15 O1 N2 P1 S1 13C1","36","15","1","2","1","1","1","-9999","-9999"
"3765","566.05999","566.060035985","566.060211283","1308073.3","-9999","371573.6","7.44","-1","-0.309680111","0.982749277","0.91193677","0.954424274","5","0.875","1.6875","13C1 N2 S2 P1 O14","de-protonated","1","3747","C15 H27 O14 N2 P1 S2 13C1","15","27","14","2","1","2","1","-9999","-9999"
"3765","566.05999","566.060035985","566.060486013","1308073.3","-9999","371573.6","7.44","-1","-0.795016876","0.445823496","0.719752637","0.555395152","32","0.083333333","0.361111111","N3 S1 O3","de-protonated","0","-9999","C36 H13 O3 N3 S1","36","13","3","3","-9999","1","-9999","-9999","-9999"
"3765","566.05999","566.060035985","566.059698219","1308073.3","-9999","371573.6","7.44","-1","0.596697949","0.937438126","0.996820075","0.961190906","23","0.103448276","0.655172414","13C1 N4 S2 P1 O3","de-protonated","1","3747","C28 H19 O3 N4 P1 S2 13C1","28","19","3","4","1","2","1","-9999","-9999"
"3766","566.096239","566.096284971","566.096245919","1675974.5","-9999","346360.8","9.99","-1","0.068984679","0.999136879","0.933535069","0.972896155","27","0.228571429","0.514285714","13C1 O8","de-protonated","1","3751","C34 H18 O8 13C1","34","18","8","-9999","-9999","-9999","1","-9999","-9999"
"3766","566.096239","566.096284971","566.096596792","1675974.5","-9999","346360.8","9.99","-1","-0.550826404","0.63095647","0.929726258","0.750464385","4","0.764705882","1.823529412","13C1 N2 S2 P1 O13","de-protonated","1","3751","C16 H31 O13 N2 P1 S2 13C1","16","31","13","2","1","2","1","-9999","-9999"
"3766","566.096239","566.096284971","566.096733138","1675974.5","-9999","346360.8","9.99","-1","-0.791678429","0.892504411","0","0.535502646","4","0.9375","1.8125","N3 S2 O15","de-protonated","0","-9999","C16 H29 O15 N3 S2","16","29","15","3","-9999","2","-9999","-9999","-9999"
"3766","566.096239","566.096284971","566.096083728","1675974.5","-9999","346360.8","9.99","-1","0.355493181","0.651553506","0.91537156","0.757080728","22","0.066666667","0.766666667","13C1 N4 S2 P1 O2","de-protonated","1","3751","C29 H23 O2 N4 P1 S2 13C1","29","23","2","4","1","2","1","-9999","-9999"
"3767","566.124759","566.12480496","566.124525566","1670877.4","-9999","215014","9.95","-1","0.493521212","0.478384058","0.725399619","0.577190282","26","0.2","0.6","N1 O7","de-protonated","0","-9999","C35 H21 O7 N1","35","21","7","1","-9999","-9999","-9999","-9999","-9999"
"3767","566.124759","566.12480496","566.124876439","1670877.4","-9999","215014","9.95","-1","-0.126259172","0.997111637","0","0.598266982","3","0.705882353","2","N3 S2 P1 O12","de-protonated","0","-9999","C17 H34 O12 N3 P1 S2","17","34","12","3","1","2","-9999","-9999","-9999"
"3768","566.132675","566.132720957","566.132631429","1773539.9","-9999","289945.3","10.66","-1","0.158140561","0.663648355","0.893156179","0.755451484","26","0.194444444","0.611111111","13C1 O7","de-protonated","1","3754","C35 H22 O7 13C1","35","22","7","-9999","-9999","-9999","1","-9999","-9999"
"3768","566.132675","566.132720957","566.132982302","1773539.9","-9999","289945.3","10.66","-1","-0.461630741","0.641380524","0.93031813","0.756955566","3","0.666666667","1.944444444","13C1 N2 S2 P1 O12","de-protonated","1","3754","C17 H35 O12 N2 P1 S2 13C1","17","35","12","2","1","2","1","-9999","-9999"
"3768","566.132675","566.132720957","566.133257032","1773539.9","-9999","289945.3","10.66","-1","-0.946905046","0.424926373","0.70871839","0.53844318","30","0.026315789","0.552631579","N3 S1 O1","de-protonated","0","-9999","C38 H21 O1 N3 S1","38","21","1","3","-9999","1","-9999","-9999","-9999"
"3768","566.132675","566.132720957","566.133118647","1773539.9","-9999","289945.3","10.66","-1","-0.702467309","0.914353769","0","0.548612261","3","0.823529412","1.941176471","N3 S2 O14","de-protonated","0","-9999","C17 H33 O14 N3 S2","17","33","14","3","-9999","2","-9999","-9999","-9999"
"3768","566.132675","566.132720957","566.132469237","1773539.9","-9999","289945.3","10.66","-1","0.444630675","0.643176005","0.91152623","0.750516095","21","0.032258065","0.870967742","13C1 N4 S2 P1 O1","de-protonated","1","3754","C30 H27 O1 N4 P1 S2 13C1","30","27","1","4","1","2","1","-9999","-9999"
"3769","566.169107","566.169152943","566.169016938","1463041.3","-9999","341593.9","8.51","-1","0.240219959","0.989584016","0.942365443","0.970696587","25","0.162162162","0.702702703","13C1 O6","de-protonated","1","3760","C36 H26 O6 13C1","36","26","6","-9999","-9999","-9999","1","-9999","-9999"
"3769","566.169107","566.169152943","566.169367811","1463041.3","-9999","341593.9","8.51","-1","-0.379511564","0.974204657","0.942295338","0.961440929","2","0.578947368","2.052631579","13C1 N2 S2 P1 O11","de-protonated","1","3760","C18 H39 O11 N2 P1 S2 13C1","18","39","11","2","1","2","1","-9999","-9999"
"3769","566.169107","566.169152943","566.169504157","1463041.3","-9999","341593.9","8.51","-1","-0.620332673","0.932558173","0","0.559534904","2","0.722222222","2.055555556","N3 S2 O13","de-protonated","0","-9999","C18 H37 O13 N3 S2","18","37","13","3","-9999","2","-9999","-9999","-9999"
"3770","566.205494","566.205539929","566.205402447","1309470.6","-9999","417958","7.45","-1","0.24281238","0.989359193","0.999773379","0.993524868","24","0.131578947","0.789473684","13C1 O5","de-protonated","1","3762","C37 H30 O5 13C1","37","30","5","-9999","-9999","-9999","1","-9999","-9999"
"3770","566.205494","566.205539929","566.20575332","1309470.6","-9999","417958","7.45","-1","-0.376879319","0.974556667","0.88633603","0.939268412","1","0.5","2.15","13C1 N2 S2 P1 O10","de-protonated","1","3762","C19 H43 O10 N2 P1 S2 13C1","19","43","10","2","1","2","1","-9999","-9999"
"3770","566.205494","566.205539929","566.205889666","1309470.6","-9999","417958","7.45","-1","-0.617684954","0.933113","0","0.5598678","1","0.631578947","2.157894737","N3 S2 O12","de-protonated","0","-9999","C19 H41 O12 N3 S2","19","41","12","3","-9999","2","-9999","-9999","-9999"
"3770","566.205494","566.205539929","566.205020286","1309470.6","-9999","417958","7.45","-1","0.917764754","0.858273211","0","0.514963926","2","0.944444444","2.055555556","N3 O17","de-protonated","0","-9999","C18 H37 O17 N3","18","37","17","3","-9999","-9999","-9999","-9999","-9999"
"3771","566.21743","566.217475925","566.216926351","2208552.3","-9999","289643.4","13.67","-1","0.970606319","0.421436676","0.767553728","0.559883497","9","0.178571429","1.5","N1 S2 P1 O5","de-protonated","0","-9999","C28 H42 O5 N1 P1 S2","28","42","5","1","1","2","-9999","-9999","-9999"
"3771","566.21743","566.217475925","566.217774504","2208552.3","-9999","289643.4","13.67","-1","-0.527322625","0.475398223","0.780512821","0.597444062","10","0.346153846","1.423076923","N3 S1 O9","de-protonated","0","-9999","C26 H37 O9 N3 S1","26","37","9","3","-9999","1","-9999","-9999","-9999"
"3774","567.035859","567.035904608","567.03577013","1502653","-9999","303785.9","8.78","-1","0.2371597","0.494923184","0.736963647","0.591739369","28","0.303030303","0.363636364","O10","de-protonated","0","-9999","C33 H12 O10","33","12","10","-9999","-9999","-9999","-9999","-9999","-9999"
"3774","567.035859","567.035904608","567.036259387","1502653","-9999","303785.9","8.78","-1","-0.625673069","0.465716446","0.719752637","0.567330922","32","0.055555556","0.361111111","N2 S1 P1 O2","de-protonated","0","-9999","C36 H13 O2 N2 P1 S1","36","13","2","2","1","1","-9999","-9999","-9999"
"3774","567.035859","567.035904608","567.035607939","1502653","-9999","303785.9","8.78","-1","0.523193533","0.951545079","0","0.570927048","23","0.142857143","0.607142857","N4 S2 P1 O4","de-protonated","0","-9999","C28 H17 O4 N4 P1 S2","28","17","4","4","1","2","-9999","-9999","-9999"
"3775","567.066021","567.066066597","567.066144028","2247637.3","-9999","278684.8","13.94","-1","-0.136548052","0.498311269","0.822155738","0.627849057","9","0.85","1.2","S1 O17","de-protonated","0","-9999","C20 H24 O17 S1","20","24","17","-9999","-9999","1","-9999","-9999","-9999"
"3775","567.066021","567.066066597","567.065630964","2247637.3","-9999","278684.8","13.94","-1","0.768222317","0.449224759","0.736963647","0.564320314","27","0.181818182","0.484848485","N2 S1 O6","de-protonated","0","-9999","C33 H16 O6 N2 S1","33","16","6","2","-9999","1","-9999","-9999","-9999"
"3775","567.066021","567.066066597","567.066633286","2247637.3","-9999","278684.8","13.94","-1","-0.999334283","0.417131249","0.800793265","0.570596056","13","0.391304348","1.086956522","N2 S2 P1 O9","de-protonated","0","-9999","C23 H25 O9 N2 P1 S2","23","25","9","2","1","2","-9999","-9999","-9999"
"3775","567.066021","567.066066597","567.065763906","2247637.3","-9999","278684.8","13.94","-1","0.533784196","0.474807153","0.807789663","0.608000157","14","0.636363636","0.954545455","N2 P1 O14","de-protonated","0","-9999","C22 H21 O14 N2 P1","22","21","14","2","1","-9999","-9999","-9999","-9999"
"3776","567.069557","567.069602595","567.069653716","1351128.1","-9999","546327.6","7.73","-1","-0.090149233","0.499263237","0.70871839","0.583045298","31","0.105263158","0.421052632","S1 O4","de-protonated","0","-9999","C38 H16 O4 S1","38","16","4","-9999","-9999","1","-9999","-9999","-9999"
"3776","567.069557","567.069602595","567.069786658","1351128.1","-9999","546327.6","7.73","-1","-0.324585489","0.981064904","0","0.588638942","18","0.444444444","0.777777778","P1 O12","de-protonated","0","-9999","C27 H21 O12 P1","27","21","12","-9999","1","-9999","-9999","-9999","-9999"
"3776","567.069557","567.069602595","567.069273594","1351128.1","-9999","546327.6","7.73","-1","0.580178898","0.4703754","0.698017357","0.561432183","36","0.025","0.325","N2 P1 O1","de-protonated","0","-9999","C40 H13 O1 N2 P1","40","13","1","2","1","-9999","-9999","-9999","-9999"
"3776","567.069557","567.069602595","567.069135209","1351128.1","-9999","546327.6","7.73","-1","0.824213534","0.884030987","0","0.530418592","9","0.736842105","1.315789474","N2 S1 P1 O14","de-protonated","0","-9999","C19 H25 O14 N2 P1 S1","19","25","14","2","1","1","-9999","-9999","-9999"
"3777","567.072222","567.072267594","567.072155639","5329370.5","-9999","322017.7","35.27","-1","0.197425715","0.49647632","0.73113591","0.590340156","27","0.264705882","0.470588235","O9","de-protonated","0","-9999","C34 H16 O9","34","16","9","-9999","-9999","-9999","-9999","-9999","-9999"
"3777","567.072222","567.072267594","567.072644897","5329370.5","-9999","322017.7","35.27","-1","-0.665351658","0.461407715","0.714192896","0.562521787","31","0.027027027","0.459459459","N2 S1 P1 O1","de-protonated","0","-9999","C37 H17 O1 N2 P1 S1","37","17","1","2","1","1","-9999","-9999","-9999"
"3777","567.072222","567.072267594","567.072506512","5329370.5","-9999","322017.7","35.27","-1","-0.421318776","0.484152157","0.85247738","0.631482246","4","0.875","1.8125","N2 S2 P1 O14","de-protonated","0","-9999","C16 H29 O14 N2 P1 S2","16","29","14","2","1","2","-9999","-9999","-9999"
"3777","567.072222","567.072267594","567.071993448","5329370.5","-9999","322017.7","35.27","-1","0.483441184","0.479239633","0.761234226","0.59203747","22","0.103448276","0.724137931","N4 S2 P1 O3","de-protonated","0","-9999","C29 H21 O3 N4 P1 S2","29","21","3","4","1","2","-9999","-9999","-9999"
"3778","567.10236","567.102405582","567.102667922","2171122.8","-9999","260389.5","13.41","-1","-0.462596317","0.480957507","0.68763467","0.563628372","35","0.071428571","0.380952381","O3","de-protonated","0","-9999","C42 H16 O3","42","16","3","-9999","-9999","-9999","-9999","-9999","-9999"
"3778","567.10236","567.102405582","567.102529538","2171122.8","-9999","260389.5","13.41","-1","-0.218576305","0.495684323","0.81490939","0.62337435","8","0.761904762","1.333333333","S1 O16","de-protonated","0","-9999","C21 H28 O16 S1","21","28","16","-9999","-9999","1","-9999","-9999","-9999"
"3778","567.10236","567.102405582","567.102016473","2171122.8","-9999","260389.5","13.41","-1","0.686135939","0.459061977","0.73113591","0.56789155","26","0.147058824","0.588235294","N2 S1 O5","de-protonated","0","-9999","C34 H20 O5 N2 S1","34","20","5","2","-9999","1","-9999","-9999","-9999"
"3778","567.10236","567.102405582","567.102149415","2171122.8","-9999","260389.5","13.41","-1","0.451712879","0.481826691","0.800793265","0.609413321","13","0.565217391","1.086956522","N2 P1 O13","de-protonated","0","-9999","C23 H25 O13 N2 P1","23","25","13","2","1","-9999","-9999","-9999","-9999"
"3779","567.105832","567.105877581","567.106039225","1657333.5","-9999","480397.3","9.85","-1","-0.285033585","0.492683241","0.703327172","0.576940814","30","0.076923077","0.512820513","S1 O3","de-protonated","0","-9999","C39 H20 O3 S1","39","20","3","-9999","-9999","1","-9999","-9999","-9999"
"3779","567.105832","567.105877581","567.106172167","1657333.5","-9999","480397.3","9.85","-1","-0.519454755","0.476109186","0.767553728","0.592687003","17","0.392857143","0.892857143","P1 O11","de-protonated","0","-9999","C28 H25 O11 P1","28","25","11","-9999","1","-9999","-9999","-9999","-9999"
"3779","567.105832","567.105877581","567.105900841","1657333.5","-9999","480397.3","9.85","-1","-0.04101498","0.999694808","0","0.599816885","3","0.888888889","1.777777778","S2 O16","de-protonated","0","-9999","C18 H32 O16 S2","18","32","16","-9999","-9999","2","-9999","-9999","-9999"
"3779","567.105832","567.105877581","567.105387777","1657333.5","-9999","480397.3","9.85","-1","0.863692046","0.436703257","0.748902347","0.561582893","21","0.161290323","0.774193548","N2 S2 O5","de-protonated","0","-9999","C31 H24 O5 N2 S2","31","24","5","2","-9999","2","-9999","-9999","-9999"
"3779","567.105832","567.105877581","567.105520718","1657333.5","-9999","480397.3","9.85","-1","0.629270338","0.930670243","0","0.558402146","8","0.65","1.45","N2 S1 P1 O13","de-protonated","0","-9999","C20 H29 O13 N2 P1 S1","20","29","13","2","1","1","-9999","-9999","-9999"
"3779","567.105832","567.105877581","567.106368872","1657333.5","-9999","480397.3","9.85","-1","-0.866311004","0.872688775","0","0.523613265","9","0.944444444","1.333333333","N4 O17","de-protonated","0","-9999","C18 H24 O17 N4","18","24","17","4","-9999","-9999","-9999","-9999","-9999"
"3780","567.108532","567.10857758","567.108541149","5820919.5","-9999","312758.2","38.68","-1","0.064240328","0.99782060400000006","0.916222455","0.965181345","26","0.228571429","0.571428571","O8","de-protonated","0","-9999","C35 H20 O8","35","20","8","-9999","-9999","-9999","-9999","-9999","-9999"
"3780","567.108532","567.10857758","567.108892022","5820919.5","-9999","312758.2","38.68","-1","-0.554464382","0.635131713","0.929726258","0.752969531","3","0.764705882","1.941176471","N2 S2 P1 O13","de-protonated","0","-9999","C17 H33 O13 N2 P1 S2","17","33","13","2","1","2","-9999","-9999","-9999"
"3780","567.108532","567.10857758","567.108378958","5820919.5","-9999","312758.2","38.68","-1","0.350237408","0.648498241","0.898058946","0.748322523","21","0.066666667","0.833333333","N4 S2 P1 O2","de-protonated","0","-9999","C30 H25 O2 N4 P1 S2","30","25","2","4","1","2","-9999","-9999","-9999"
"3781","567.123703","567.123748574","567.12379729","1357828","-9999","345013.3","7.78","-1","-0.085899968","0.499331011","0.703327172","0.580929475","30","0.128205128","0.512820513","O5","de-protonated","0","-9999","C39 H20 O5","39","20","5","-9999","-9999","-9999","-9999","-9999","-9999"
"3781","567.123703","567.123748574","567.124148163","1357828","-9999","345013.3","7.78","-1","-0.704587941","0.913858858","0","0.548315315","7","0.476190476","1.571428571","N2 S2 P1 O10","de-protonated","0","-9999","C21 H33 O10 N2 P1 S2","21","33","10","2","1","2","-9999","-9999","-9999"
"3781","567.123703","567.123748574","567.123278783","1357828","-9999","345013.3","7.78","-1","0.828375508","0.882928396","0","0.529757037","8","0.75","1.45","N2 P1 O15","de-protonated","0","-9999","C20 H29 O15 N2 P1","20","29","15","2","1","-9999","-9999","-9999","-9999"
"3782","567.138758","567.138803568","567.139053431","1964560.1","-9999","299658.4","11.98","-1","-0.440567485","0.48269692","0.6825583","0.562641472","34","0.046511628","0.465116279","O2","de-protonated","0","-9999","C43 H20 O2","43","20","2","-9999","-9999","-9999","-9999","-9999","-9999"
"3782","567.138758","567.138803568","567.138915047","1964560.1","-9999","299658.4","11.98","-1","-0.196563123","0.993013873","0","0.595808324","7","0.681818182","1.454545455","S1 O15","de-protonated","0","-9999","C22 H32 O15 S1","22","32","15","-9999","-9999","1","-9999","-9999","-9999"
"3782","567.138758","567.138803568","567.138401983","1964560.1","-9999","299658.4","11.98","-1","0.708091098","0.456519309","0.725399619","0.564071433","25","0.114285714","0.685714286","N2 S1 O4","de-protonated","0","-9999","C35 H24 O4 N2 S1","35","24","4","2","-9999","1","-9999","-9999","-9999"
"3782","567.138758","567.138803568","567.138534924","1964560.1","-9999","299658.4","11.98","-1","0.473683072","0.48005248","0.793917021","0.605598296","12","0.5","1.208333333","N2 P1 O12","de-protonated","0","-9999","C24 H29 O12 N2 P1","24","29","12","2","1","-9999","-9999","-9999","-9999"
"3783","567.144874","567.144919566","567.144926658","4546069","-9999","324021.7","29.85","-1","-0.012505023","0.499985813","0.719752637","0.587892543","25","0.194444444","0.666666667","O7","de-protonated","0","-9999","C36 H24 O7","36","24","7","-9999","-9999","-9999","-9999","-9999","-9999"
"3783","567.144874","567.144919566","567.145277531","4546069","-9999","324021.7","29.85","-1","-0.631169992","0.465132995","0.837042051","0.613896618","2","0.666666667","2.055555556","N2 S2 P1 O12","de-protonated","0","-9999","C18 H37 O12 N2 P1 S2","18","37","12","2","1","2","-9999","-9999","-9999"
"3783","567.144874","567.144919566","567.144764467","4546069","-9999","324021.7","29.85","-1","0.273473686","0.493260751","0.748902347","0.595517389","20","0.032258065","0.935483871","N4 S2 P1 O1","de-protonated","0","-9999","C31 H29 O1 N4 P1 S2","31","29","1","4","1","2","-9999","-9999","-9999"
"3784","567.173609","567.173654555","567.174136043","1280492.3","-9999","258563.7","7.24","-1","-0.848925327","0.877423604","0","0.526454162","15","0.178571429","1.142857143","N4 S2 O5","de-protonated","0","-9999","C28 H32 O5 N4 S2","28","32","5","4","-9999","2","-9999","-9999","-9999"
"3784","567.173609","567.173654555","567.173266664","1280492.3","-9999","258563.7","7.24","-1","0.683902793","0.918633785","0","0.551180271","16","0.37037037","1.037037037","N4 O10","de-protonated","0","-9999","C27 H28 O10 N4","27","28","10","4","-9999","-9999","-9999","-9999","-9999"
"3785","567.174768","567.174813554","567.175300556","1632301.3","-9999","284474.8","9.68","-1","-0.85864435","0.874785387","0","0.524871232","6","0.608695652","1.565217391","S1 O14","de-protonated","0","-9999","C23 H36 O14 S1","23","36","14","-9999","-9999","1","-9999","-9999","-9999"
"3785","567.174768","567.174813554","567.174787492","1632301.3","-9999","284474.8","9.68","-1","0.045951237","0.499808471","0.719752637","0.587786137","24","0.083333333","0.777777778","N2 S1 O3","de-protonated","0","-9999","C36 H28 O3 N2 S1","36","28","3","2","-9999","1","-9999","-9999","-9999"
"3785","567.174768","567.174813554","567.174920434","1632301.3","-9999","284474.8","9.68","-1","-0.188441596","0.993577428","0","0.596146457","11","0.44","1.32","N2 P1 O11","de-protonated","0","-9999","C25 H33 O11 N2 P1","25","33","11","2","1","-9999","-9999","-9999","-9999"
"3785","567.174768","567.174813554","567.174268985","1632301.3","-9999","284474.8","9.68","-1","0.960144637","0.845968206","0","0.507580923","2","0.764705882","2.176470588","N4 S1 P1 O13","de-protonated","0","-9999","C17 H37 O13 N4 P1 S1","17","37","13","4","1","1","-9999","-9999","-9999"
"3786","567.181398","567.181443552","567.181312168","3861042.5","-9999","312736.7","25.11","-1","0.231644391","0.495155434","0.714192896","0.582770419","24","0.162162162","0.756756757","O6","de-protonated","0","-9999","C37 H28 O6","37","28","6","-9999","-9999","-9999","-9999","-9999","-9999"
"3786","567.181398","567.181443552","567.18166304","3861042.5","-9999","312736.7","25.11","-1","-0.386981041","0.486596566","0.829532115","0.623770785","1","0.578947368","2.157894737","N2 S2 P1 O11","de-protonated","0","-9999","C19 H41 O11 N2 P1 S2","19","41","11","2","1","2","-9999","-9999","-9999"
"3787","567.209762","567.209807541","567.209455468","1417289.5","-9999","220098.5","8.19","-1","0.620709936","0.466239476","0.70871839","0.563231041","23","0.078947368","0.868421053","P1 O3","de-protonated","0","-9999","C38 H33 O3 P1","38","33","3","-9999","1","-9999","-9999","-9999","-9999"
"3787","567.209762","567.209807541","567.209652173","1417289.5","-9999","220098.5","8.19","-1","0.27391645","0.986478118","0","0.591886871","15","0.321428571","1.142857143","N4 O9","de-protonated","0","-9999","C28 H32 O9 N4","28","32","9","4","-9999","-9999","-9999","-9999","-9999"
"3788","567.217832","567.217877538","567.217697677","2087504.1","-9999","310950.4","12.83","-1","0.317093306","0.490960544","0.70871839","0.578063682","23","0.131578947","0.842105263","O5","de-protonated","0","-9999","C38 H32 O5","38","32","5","-9999","-9999","-9999","-9999","-9999","-9999"
"3788","567.217832","567.217877538","567.21804855","2087504.1","-9999","310950.4","12.83","-1","-0.301492496","0.983641997","0","0.590185198","0","0.5","2.25","N2 S2 P1 O10","de-protonated","0","-9999","C20 H45 O10 N2 P1 S2","20","45","10","2","1","2","-9999","-9999","-9999"
"3789","568.111931","568.111976192","568.111895984","1372708.5","-9999","335600.9","7.88","-1","0.141183927","0.996389734","0.916222455","0.964322823","26","0.228571429","0.571428571","13C1 O8","de-protonated","1","3780","C34 H20 O8 13C1","34","20","8","-9999","-9999","-9999","1","-9999","-9999"
"3789","568.111931","568.111976192","568.112246857","1372708.5","-9999","335600.9","7.88","-1","-0.476428124","0.63976714","0.929726258","0.755750787","3","0.764705882","1.941176471","13C1 N2 S2 P1 O13","de-protonated","1","3780","C16 H33 O13 N2 P1 S2 13C1","16","33","13","2","1","2","1","-9999","-9999"
"3789","568.111931","568.111976192","568.112521587","1372708.5","-9999","335600.9","7.88","-1","-0.96001176","0.423003686","0.714192896","0.53947937","30","0.054054054","0.513513514","N3 S1 O2","de-protonated","0","-9999","C37 H19 O2 N3 S1","37","19","2","3","-9999","1","-9999","-9999","-9999"
"3789","568.111931","568.111976192","568.112383202","1372708.5","-9999","335600.9","7.88","-1","-0.71642563","0.911073792","0","0.546644275","3","0.9375","1.9375","N3 S2 O15","de-protonated","0","-9999","C16 H31 O15 N3 S2","16","31","15","3","-9999","2","-9999","-9999","-9999"
"3789","568.111931","568.111976192","568.111733793","1372708.5","-9999","335600.9","7.88","-1","0.426675923","0.645004319","0.898058946","0.74622617","21","0.066666667","0.833333333","13C1 N4 S2 P1 O2","de-protonated","1","3780","C29 H25 O2 N4 P1 S2 13C1","29","25","2","4","1","2","1","-9999","-9999"
"3795","569.051549","569.051593829","569.051420195","1863200","-9999","373975.8","11.27","-1","0.305129428","0.491624152","0.736963647","0.58975995","27","0.303030303","0.424242424","O10","de-protonated","0","-9999","C33 H14 O10","33","14","10","-9999","-9999","-9999","-9999","-9999","-9999"
"3795","569.051549","569.051593829","569.051909452","1863200","-9999","373975.8","11.27","-1","-0.554647143","0.472854823","0.719752637","0.571613949","31","0.055555556","0.416666667","N2 S1 P1 O2","de-protonated","0","-9999","C36 H15 O2 N2 P1 S1","36","15","2","2","1","1","-9999","-9999","-9999"
"3795","569.051549","569.051593829","569.051258003","1863200","-9999","373975.8","11.27","-1","0.590150113","0.469380465","0.767553728","0.58864977","22","0.142857143","0.678571429","N4 S2 P1 O4","de-protonated","0","-9999","C28 H19 O4 N4 P1 S2","28","19","4","4","1","2","-9999","-9999","-9999"
"3796","569.066735","569.066779823","569.066676336","1833004.4","-9999","259107.9","11.06","-1","0.181854215","0.49700864300000003","0.714192896","0.583882345","31","0.189189189","0.378378378","O7","de-protonated","0","-9999","C37 H14 O7","37","14","7","-9999","-9999","-9999","-9999","-9999","-9999"
"3796","569.066735","569.066779823","569.067027209","1833004.4","-9999","259107.9","11.06","-1","-0.434721631","0.966290565","0","0.579774339","8","0.631578947","1.421052632","N2 S2 P1 O12","de-protonated","0","-9999","C19 H27 O12 N2 P1 S2","19","27","12","2","1","2","-9999","-9999","-9999"
"3796","569.066735","569.066779823","569.066514145","1833004.4","-9999","259107.9","11.06","-1","0.466867224","0.480611204","0.742885034","0.585520736","26","0.03125","0.59375","N4 S2 P1 O1","de-protonated","0","-9999","C32 H19 O1 N4 P1 S2","32","19","1","4","1","2","-9999","-9999","-9999"
"3797","569.081746","569.081790817","569.081932477","2108472.8","-9999","325683.7","12.97","-1","-0.248927108","0.494409778","0.692787115","0.573760713","35","0.097560976","0.341463415","O4","de-protonated","0","-9999","C41 H14 O4","41","14","4","-9999","-9999","-9999","-9999","-9999","-9999"
"3797","569.081746","569.081790817","569.081794093","2108472.8","-9999","325683.7","12.97","-1","-0.005755744","0.999993989","0","0.599996393","8","0.85","1.3","S1 O17","de-protonated","0","-9999","C20 H26 O17 S1","20","26","17","-9999","-9999","1","-9999","-9999","-9999"
"3797","569.081746","569.081790817","569.081281028","2108472.8","-9999","325683.7","12.97","-1","0.895810102","0.432248187","0.736963647","0.554134371","26","0.181818182","0.545454545","N2 S1 O6","de-protonated","0","-9999","C33 H18 O6 N2 S1","33","18","6","2","-9999","1","-9999","-9999","-9999"
"3797","569.081746","569.081790817","569.08228335","2108472.8","-9999","325683.7","12.97","-1","-0.865486159","0.436457499","0.800793265","0.582191806","12","0.391304348","1.173913043","N2 S2 P1 O9","de-protonated","0","-9999","C23 H27 O9 N2 P1 S2","23","27","9","2","1","2","-9999","-9999","-9999"
"3797","569.081746","569.081790817","569.08141397","2108472.8","-9999","325683.7","12.97","-1","0.662202316","0.461757882","0.807789663","0.600170594","13","0.636363636","1.045454545","N2 P1 O14","de-protonated","0","-9999","C22 H23 O14 N2 P1","22","23","14","2","1","-9999","-9999","-9999","-9999"
"3798","569.087943","569.087987815","569.087805704","5505086","-9999","325512.9","36.48","-1","0.32000495","0.96710071","0.934673035","0.95412964","26","0.264705882","0.529411765","O9","de-protonated","0","-9999","C34 H18 O9","34","18","9","-9999","-9999","-9999","-9999","-9999","-9999"
"3798","569.087943","569.087987815","569.088294961","5505086","-9999","325512.9","36.48","-1","-0.539716662","0.963823181","0.917730022","0.945385917","30","0.027027027","0.513513514","N2 S1 P1 O1","de-protonated","0","-9999","C37 H19 O1 N2 P1 S1","37","19","1","2","1","1","-9999","-9999","-9999"
"3798","569.087943","569.087987815","569.088156577","5505086","-9999","325512.9","36.48","-1","-0.296548088","0.660807183","0.929124245","0.768134008","3","0.875","1.9375","N2 S2 P1 O14","de-protonated","0","-9999","C16 H31 O14 N2 P1 S2","16","31","14","2","1","2","-9999","-9999","-9999"
"3798","569.087943","569.087987815","569.087643513","5505086","-9999","325512.9","36.48","-1","0.605007417","0.608548809","0.916224778","0.731619197","21","0.103448276","0.793103448","N4 S2 P1 O3","de-protonated","0","-9999","C29 H23 O3 N4 P1 S2","29","23","3","4","1","2","-9999","-9999","-9999"
"3799","569.103261","569.103305809","569.103061845","1986122.3","-9999","352861.2","12.12","-1","0.428681059","0.483602717","0.70871839","0.573648986","30","0.157894737","0.473684211","O6","de-protonated","0","-9999","C38 H18 O6","38","18","6","-9999","-9999","-9999","-9999","-9999","-9999"
"3799","569.103261","569.103305809","569.103412718","1986122.3","-9999","352861.2","12.12","-1","-0.187855519","0.993617188","0","0.596170313","7","0.55","1.55","N2 S2 P1 O11","de-protonated","0","-9999","C20 H31 O11 N2 P1 S2","20","31","11","2","1","2","-9999","-9999","-9999"
"3800","569.118108","569.118152803","569.118317987","1878614.3","-9999","372333.2","11.37","-1","-0.290244262","0.49241534","0.68763467","0.57050307200000006","34","0.071428571","0.428571429","O3","de-protonated","0","-9999","C42 H18 O3","42","18","3","-9999","-9999","-9999","-9999","-9999","-9999"
"3800","569.118108","569.118152803","569.118179602","1878614.3","-9999","372333.2","11.37","-1","-0.047088456","0.999597751","0","0.59975865","7","0.761904762","1.428571429","S1 O16","de-protonated","0","-9999","C21 H30 O16 S1","21","30","16","-9999","-9999","1","-9999","-9999","-9999"
"3800","569.118108","569.118152803","569.117666538","1878614.3","-9999","372333.2","11.37","-1","0.854419714","0.437967436","0.73113591","0.555234826","25","0.147058824","0.647058824","N2 S1 O5","de-protonated","0","-9999","C34 H22 O5 N2 S1","34","22","5","2","-9999","1","-9999","-9999","-9999"
"3800","569.118108","569.118152803","569.118668859","1878614.3","-9999","372333.2","11.37","-1","-0.90676387","0.430702342","0.793917021","0.575988214","11","0.333333333","1.291666667","N2 S2 P1 O8","de-protonated","0","-9999","C24 H31 O8 N2 P1 S2","24","31","8","2","1","2","-9999","-9999","-9999"
"3800","569.118108","569.118152803","569.11779948","1878614.3","-9999","372333.2","11.37","-1","0.620826873","0.932454388","0","0.559472633","12","0.565217391","1.173913043","N2 P1 O13","de-protonated","0","-9999","C23 H27 O13 N2 P1","23","27","13","2","1","-9999","-9999","-9999","-9999"
"3801","569.124371","569.124415801","569.124191213","4109403.3","-9999","333620.5","26.82","-1","0.394619462","0.486069729","0.725399619","0.581801685","25","0.228571429","0.628571429","O8","de-protonated","0","-9999","C35 H22 O8","35","22","8","-9999","-9999","-9999","-9999","-9999","-9999"
"3801","569.124371","569.124415801","569.124542086","4109403.3","-9999","333620.5","26.82","-1","-0.221894205","0.495552897","0.844689208","0.635207421","2","0.764705882","2.058823529","N2 S2 P1 O13","de-protonated","0","-9999","C17 H35 O13 N2 P1 S2","17","35","13","2","1","2","-9999","-9999","-9999"
"3801","569.124371","569.124415801","569.124029022","4109403.3","-9999","333620.5","26.82","-1","0.679603729","0.459805689","0.755017935","0.577890587","20","0.066666667","0.9","N4 S2 P1 O2","de-protonated","0","-9999","C30 H27 O2 N4 P1 S2","30","27","2","4","1","2","-9999","-9999","-9999"
"3802","569.126136","569.1261808","569.126041688","1315420.8","-9999","371960.9","7.48","-1","0.244430969","0.989217627","0","0.593530576","12","0.652173913","1.130434783","N2 O15","de-protonated","0","-9999","C23 H26 O15 N2","23","26","15","2","-9999","-9999","-9999","-9999","-9999"
"3802","569.126136","569.1261808","569.126530945","1315420.8","-9999","371960.9","7.48","-1","-0.615232819","0.933625019","0","0.560175011","16","0.269230769","1.038461538","N4 S1 P1 O7","de-protonated","0","-9999","C26 H27 O7 N4 P1 S1","26","27","7","4","1","1","-9999","-9999","-9999"
"3803","569.139728","569.139772795","569.139447355","1925223.8","-9999","339418.2","11.7","-1","0.571811104","0.471198852","0.703327172","0.56405018","29","0.128205128","0.564102564","O5","de-protonated","0","-9999","C39 H22 O5","39","22","5","-9999","-9999","-9999","-9999","-9999","-9999"
"3803","569.139728","569.139772795","569.139798228","1925223.8","-9999","339418.2","11.7","-1","-0.044686147","0.99963774","0","0.599782644","6","0.476190476","1.666666667","N2 S2 P1 O10","de-protonated","0","-9999","C21 H35 O10 N2 P1 S2","21","35","10","2","1","2","-9999","-9999","-9999"
"3804","569.148916","569.148960791","569.148691885","1275503.4","-9999","364650.6","7.2","-1","0.472471636","0.960304661","0","0.576182796","15","0.344827586","1.034482759","S1 O10","de-protonated","0","-9999","C29 H30 O10 S1","29","30","10","-9999","-9999","1","-9999","-9999","-9999"
"3804","569.148916","569.148960791","569.149181142","1275503.4","-9999","364650.6","7.2","-1","-0.387158136","0.973168923","0","0.583901354","19","0.0625","0.96875","N2 S2 P1 O2","de-protonated","0","-9999","C32 H31 O2 N2 P1 S2","32","31","2","2","1","2","-9999","-9999","-9999"
"3805","569.152724","569.15276879","569.152334514","1831026.4","-9999","272157.6","11.04","-1","0.76302184","0.449874318","0.719752637","0.557825646","24","0.138888889","0.75","P1 O5","de-protonated","0","-9999","C36 H27 O5 P1","36","27","5","-9999","1","-9999","-9999","-9999","-9999"
"3805","569.152724","569.15276879","569.152531219","1831026.4","-9999","272157.6","11.04","-1","0.417412132","0.48444009","0.780512821","0.602869182","16","0.423076923","1","N4 O11","de-protonated","0","-9999","C26 H26 O11 N4","26","26","11","4","-9999","-9999","-9999","-9999","-9999"
"3806","569.154374","569.154418789","569.154703496","1689715.9","-9999","332795.2","10.07","-1","-0.500227258","0.477805947","0.6825583","0.559706888","33","0.046511628","0.511627907","O2","de-protonated","0","-9999","C43 H22 O2","43","22","2","-9999","-9999","-9999","-9999","-9999","-9999"
"3806","569.154374","569.154418789","569.154565111","1689715.9","-9999","332795.2","10.07","-1","-0.257087047","0.988079001","0","0.592847401","6","0.681818182","1.545454545","S1 O15","de-protonated","0","-9999","C22 H34 O15 S1","22","34","15","-9999","-9999","1","-9999","-9999","-9999"
"3806","569.154374","569.154418789","569.154052047","1689715.9","-9999","332795.2","10.07","-1","0.644363301","0.463714873","0.725399619","0.568388772","24","0.114285714","0.742857143","N2 S1 O4","de-protonated","0","-9999","C35 H26 O4 N2 S1","35","26","4","2","-9999","1","-9999","-9999","-9999"
"3806","569.154374","569.154418789","569.154184989","1689715.9","-9999","332795.2","10.07","-1","0.410785442","0.969845498","0","0.581907299","11","0.5","1.291666667","N2 P1 O12","de-protonated","0","-9999","C24 H31 O12 N2 P1","24","31","12","2","1","-9999","-9999","-9999","-9999"
"3807","569.160796","569.160840787","569.160576723","3771513","-9999","343690.5","24.48","-1","0.463953516","0.480847777","0.719752637","0.576409721","24","0.194444444","0.722222222","O7","de-protonated","0","-9999","C36 H26 O7","36","26","7","-9999","-9999","-9999","-9999","-9999","-9999"
"3807","569.160796","569.160840787","569.160927596","3771513","-9999","343690.5","24.48","-1","-0.152520781","0.497893965","0.837042051","0.633553199","1","0.666666667","2.166666667","N2 S2 P1 O12","de-protonated","0","-9999","C18 H39 O12 N2 P1 S2","18","39","12","2","1","2","-9999","-9999","-9999"
"3807","569.160796","569.160840787","569.160414531","3771513","-9999","343690.5","24.48","-1","0.748919584","0.451618167","0.748902347","0.570531839","19","0.032258065","1","N4 S2 P1 O1","de-protonated","0","-9999","C31 H31 O1 N4 P1 S2","31","31","1","4","1","2","-9999","-9999","-9999"
"3808","569.175863","569.175907781","569.175832864","1487493.3","-9999","352341.8","8.67","-1","0.131623537","0.498430691","0.698017357","0.578265357","28","0.1","0.65","O4","de-protonated","0","-9999","C40 H26 O4","40","26","4","-9999","-9999","-9999","-9999","-9999","-9999"
"3808","569.175863","569.175907781","569.17569448","1487493.3","-9999","352341.8","8.67","-1","0.374754875","0.974839074","0","0.584903444","1","0.894736842","2","S1 O17","de-protonated","0","-9999","C19 H38 O17 S1","19","38","17","-9999","-9999","1","-9999","-9999","-9999"
"3808","569.175863","569.175907781","569.176183737","1487493.3","-9999","352341.8","8.67","-1","-0.484834031","0.958244743","0","0.574946846","5","0.409090909","1.772727273","N2 S2 P1 O9","de-protonated","0","-9999","C22 H39 O9 N2 P1 S2","22","39","9","2","1","2","-9999","-9999","-9999"
"3809","569.190194","569.190238775","569.190437557","1475217","-9999","210282.4","8.58","-1","-0.349234985","0.489056339","0.719752637","0.581334858","23","0.083333333","0.833333333","N2 S1 O3","de-protonated","0","-9999","C36 H30 O3 N2 S1","36","30","3","2","-9999","1","-9999","-9999","-9999"
"3809","569.190194","569.190238775","569.190570498","1475217","-9999","210282.4","8.58","-1","-0.58279768","0.94023107","0","0.564138642","10","0.44","1.4","N2 P1 O11","de-protonated","0","-9999","C25 H35 O11 N2 P1","25","35","11","2","1","-9999","-9999","-9999","-9999"
"3809","569.190194","569.190238775","569.189786108","1475217","-9999","210282.4","8.58","-1","0.795283888","0.891578294","0","0.534946976","14","0.178571429","1.214285714","N4 S2 O5","de-protonated","0","-9999","C28 H34 O5 N4 S2","28","34","5","4","-9999","2","-9999","-9999","-9999"
"3809","569.190194","569.190238775","569.18991905","1475217","-9999","210282.4","8.58","-1","0.561720658","0.944355569","0","0.566613341","1","0.764705882","2.294117647","N4 S1 P1 O13","de-protonated","0","-9999","C17 H39 O13 N4 P1 S1","17","39","13","4","1","1","-9999","-9999","-9999"
"3810","569.196952","569.196996773","569.196962232","2099350.3","-9999","324707.7","12.9","-1","0.060683254","0.499666023","0.714192896","0.585476772","23","0.162162162","0.810810811","O6","de-protonated","0","-9999","C37 H30 O6","37","30","6","-9999","-9999","-9999","-9999","-9999","-9999"
"3810","569.196952","569.196996773","569.197313105","2099350.3","-9999","324707.7","12.9","-1","-0.555751387","0.945499264","0","0.567299558","0","0.578947368","2.263157895","N2 S2 P1 O11","de-protonated","0","-9999","C19 H43 O11 N2 P1 S2","19","43","11","2","1","2","-9999","-9999","-9999"
"3810","569.196952","569.196996773","569.196443725","2099350.3","-9999","324707.7","12.9","-1","0.97162882800000006","0.842569679","0","0.505541808","1","0.888888889","2.166666667","N2 P1 O16","de-protonated","0","-9999","C18 H39 O16 N2 P1","18","39","16","2","1","-9999","-9999","-9999","-9999"
"3811","569.207446","569.207490769","569.207347468","2177183","-9999","355746.4","13.44","-1","0.251754563","0.494282796","0.70871839","0.580057034","22","0.026315789","0.921052632","S1 P1 O1","de-protonated","0","-9999","C38 H35 O1 P1 S1","38","35","1","-9999","1","1","-9999","-9999","-9999"
"3811","569.207446","569.207490769","569.207544173","2177183","-9999","355746.4","13.44","-1","-0.093821566","0.499202038","0.767553728","0.606542714","14","0.25","1.214285714","N4 S1 O7","de-protonated","0","-9999","C28 H34 O7 N4 S1","28","34","7","4","-9999","1","-9999","-9999","-9999"
"3811","569.207446","569.207490769","569.207677114","2177183","-9999","355746.4","13.44","-1","-0.327377302","0.980740946","0","0.588444567","1","0.882352941","2.294117647","N4 P1 O15","de-protonated","0","-9999","C17 H39 O15 N4 P1","17","39","15","4","1","-9999","-9999","-9999","-9999"
"3812","569.212233","569.212277767","569.212218373","1259682.9","-9999","359874.6","7.09","-1","0.104343379","0.49901321","0.692787115","0.576522772","27","0.073170732","0.731707317","O3","de-protonated","0","-9999","C41 H30 O3","41","30","3","-9999","-9999","-9999","-9999","-9999","-9999"
"3812","569.212233","569.212277767","569.212079989","1259682.9","-9999","359874.6","7.09","-1","0.347459169","0.978332278","0","0.586999367","0","0.8","2.1","S1 O16","de-protonated","0","-9999","C20 H42 O16 S1","20","42","16","-9999","-9999","1","-9999","-9999","-9999"
"3812","569.212233","569.212277767","569.212569246","1259682.9","-9999","359874.6","7.09","-1","-0.512074767","0.95353459","0","0.572120754","4","0.347826087","1.869565217","N2 S2 P1 O8","de-protonated","0","-9999","C23 H43 O8 N2 P1 S2","23","43","8","2","1","2","-9999","-9999","-9999"
"3813","569.225649","569.225693762","569.226171617","1476269.9","-9999","334895.3","8.59","-1","-0.839482818","0.879965491","0","0.527979295","13","0.137931034","1.310344828","N4 S2 O4","de-protonated","0","-9999","C29 H38 O4 N4 S2","29","38","4","4","-9999","2","-9999","-9999","-9999"
"3813","569.225649","569.225693762","569.225302237","1476269.9","-9999","334895.3","8.59","-1","0.68781953","0.917738677","0","0.550643206","14","0.321428571","1.214285714","N4 O9","de-protonated","0","-9999","C28 H34 O9 N4","28","34","9","4","-9999","-9999","-9999","-9999","-9999"
"3814","569.261165","569.261209748","569.261491042","2960586.8","-9999","328652.4","18.86","-1","-0.494139011","0.478331096","0.703327172","0.568329526","21","0.051282051","1","P1 O2","de-protonated","0","-9999","C39 H39 O2 P1","39","39","2","-9999","1","-9999","-9999","-9999","-9999"
"3814","569.261165","569.261209748","569.261219716","2960586.8","-9999","328652.4","18.86","-1","-0.017510679","0.499972183","0.761234226","0.604477","7","0.24137931","1.586206897","S2 O7","de-protonated","0","-9999","C29 H46 O7 S2","29","46","7","-9999","-9999","2","-9999","-9999","-9999"
"3814","569.261165","569.261209748","569.260839594","2960586.8","-9999","328652.4","18.86","-1","0.65023684","0.46307552","0.748902347","0.577406251","12","0.129032258","1.387096774","N2 S1 P1 O4","de-protonated","0","-9999","C31 H43 O4 N2 P1 S1","31","43","4","2","1","1","-9999","-9999","-9999"
"3814","569.261165","569.261209748","569.261687747","2960586.8","-9999","328652.4","18.86","-1","-0.839682014","0.439956043","0.761234226","0.568467316","13","0.275862069","1.310344828","N4 O8","de-protonated","0","-9999","C29 H38 O8 N4","29","38","8","4","-9999","-9999","-9999","-9999","-9999"
"3815","569.264211","569.264255747","569.263721639","1348813.3","-9999","344550.4","7.71","-1","0.938242157","0.85237477","0","0.511424862","3","0.48","1.84","S1 O12","de-protonated","0","-9999","C25 H46 O12 S1","25","46","12","-9999","-9999","1","-9999","-9999","-9999"
"3815","569.264211","569.264255747","569.264210897","1348813.3","-9999","344550.4","7.71","-1","0.078785687","0.998874349","0","0.599324609","7","0.142857143","1.678571429","N2 S2 P1 O4","de-protonated","0","-9999","C28 H47 O4 N2 P1 S2","28","47","4","2","1","2","-9999","-9999","-9999"
"3816","569.267233","569.267277746","569.267364269","7305423.5","-9999","317165.5","48.94","-1","-0.151990842","0.99083991","0.957370643","0.977452203","12","0.21875","1.34375","P1 O7","de-protonated","0","-9999","C32 H43 O7 P1","32","43","7","-9999","1","-9999","-9999","-9999","-9999"
"3816","569.267233","569.267277746","569.26671282","7305423.5","-9999","317165.5","48.94","-1","0.992373594","0.855085526","0.99159737","0.909690264","3","0.375","1.958333333","N2 S1 P1 O9","de-protonated","0","-9999","C24 H47 O9 N2 P1 S1","24","47","9","2","1","1","-9999","-9999","-9999"
"3816","569.267233","569.267277746","569.267560973","7305423.5","-9999","317165.5","48.94","-1","-0.497530398","0.943821037","0.977724728","0.957382513","4","0.590909091","1.909090909","N4 O13","de-protonated","0","-9999","C22 H42 O13 N4","22","42","13","4","-9999","-9999","-9999","-9999","-9999"
"3817","569.296942","569.296986734","569.296735846","1318247.9","-9999","228421.3","7.49","-1","0.440699064","0.965373528","0","0.579224117","7","0.379310345","1.586206897","O11","de-protonated","0","-9999","C29 H46 O11","29","46","11","-9999","-9999","-9999","-9999","-9999","-9999"
"3817","569.296942","569.296986734","569.297225103","1318247.9","-9999","228421.3","7.49","-1","-0.418707137","0.968689843","0","0.581213906","11","0.09375","1.46875","N2 S1 P1 O3","de-protonated","0","-9999","C32 H47 O3 N2 P1 S1","32","47","3","2","1","1","-9999","-9999","-9999"
"3817","569.296942","569.296986734","569.296573654","1318247.9","-9999","228421.3","7.49","-1","0.72559697","0.908890101","0","0.54533406","2","0.208333333","2.125","N4 S2 P1 O5","de-protonated","0","-9999","C24 H51 O5 N4 P1 S2","24","51","5","4","1","2","-9999","-9999","-9999"
"3818","569.303544","569.303588732","569.303749778","4037869.3","-9999","352995.8","26.32","-1","-0.282883809","0.492792397","0.736963647","0.590460897","11","0.181818182","1.424242424","P1 O6","de-protonated","0","-9999","C33 H47 O6 P1","33","47","6","-9999","1","-9999","-9999","-9999","-9999"
"3818","569.303544","569.303588732","569.30309833","4037869.3","-9999","352995.8","26.32","-1","0.861407338","0.437015679","0.787157861","0.577072552","2","0.32","2.04","N2 S1 P1 O8","de-protonated","0","-9999","C25 H51 O8 N2 P1 S1","25","51","8","2","1","1","-9999","-9999","-9999"
"3818","569.303544","569.303588732","569.303946483","4037869.3","-9999","352995.8","26.32","-1","-0.628401236","0.465427421","0.800793265","0.599573759","3","0.52173913","2","N4 O12","de-protonated","0","-9999","C23 H46 O12 N4","23","46","12","4","-9999","-9999","-9999","-9999","-9999"
"3820","570.091411","570.091455427","570.091160539","1406831.9","-9999","420222.7","8.1","-1","0.517264497","0.952610779","0.934673035","0.945435682","26","0.264705882","0.529411765","13C1 O9","de-protonated","1","3798","C33 H18 O9 13C1","33","18","9","-9999","-9999","-9999","1","-9999","-9999"
"3820","570.091411","570.091455427","570.091649796","1406831.9","-9999","420222.7","8.1","-1","-0.340944184","0.979128755","0.917730022","0.954569262","30","0.027027027","0.513513514","13C1 N2 S1 P1 O1","de-protonated","1","3798","C36 H19 O1 N2 P1 S1 13C1","36","19","1","2","1","1","1","-9999","-9999"
"3820","570.091411","570.091455427","570.091511412","1406831.9","-9999","420222.7","8.1","-1","-0.098203536","0.665501101","0.929124245","0.770950359","3","0.875","1.9375","13C1 N2 S2 P1 O14","de-protonated","1","3798","C15 H31 O14 N2 P1 S2 13C1","15","31","14","2","1","2","1","-9999","-9999"
"3820","570.091411","570.091455427","570.091786142","1406831.9","-9999","420222.7","8.1","-1","-0.580108432","0.470382379","0.719752637","0.570130482","30","0.083333333","0.472222222","N3 S1 O3","de-protonated","0","-9999","C36 H17 O3 N3 S1","36","17","3","3","-9999","1","-9999","-9999","-9999"
"3820","570.091411","570.091455427","570.091919084","1406831.9","-9999","420222.7","8.1","-1","-0.813301797","0.886901799","0","0.532141079","17","0.44","0.88","N3 P1 O11","de-protonated","0","-9999","C25 H22 O11 N3 P1","25","22","11","3","1","-9999","-9999","-9999","-9999"
"3820","570.091411","570.091455427","570.090998348","1406831.9","-9999","420222.7","8.1","-1","0.801765418","0.593270182","0.916224778","0.72245202","21","0.103448276","0.793103448","13C1 N4 S2 P1 O3","de-protonated","1","3798","C28 H23 O3 N4 P1 S2 13C1","28","23","3","4","1","2","1","-9999","-9999"
"3821","570.107594","570.107638421","570.107555348","2822013","-9999","359141.1","17.9","-1","0.145714876","0.99758345","0.889120494","0.954198268","16","0.407407407","0.925925926","N1 S1 O11","de-protonated","0","-9999","C27 H25 O11 N1 S1","27","25","11","1","-9999","1","-9999","-9999","-9999"
"3821","570.107594","570.107638421","570.108044605","2822013","-9999","359141.1","17.9","-1","-0.712468807","0.883315201","0.908081592","0.893221757","20","0.1","0.866666667","N3 S2 P1 O3","de-protonated","0","-9999","C30 H26 O3 N3 P1 S2","30","26","3","3","1","2","-9999","-9999","-9999"
"3821","570.107594","570.107638421","570.107175225","2822013","-9999","359141.1","17.9","-1","0.812471219","0.912775817","0.901865301","0.908411611","21","0.275862069","0.75862069","N3 P1 O8","de-protonated","0","-9999","C29 H22 O8 N3 P1","29","22","8","3","1","-9999","-9999","-9999","-9999"
"3822","570.270515","570.270559358","570.270719104","1994754.3","-9999","359177.7","12.17","-1","-0.280123713","0.985862733","0.957370643","0.974465897","12","0.21875","1.34375","13C1 P1 O7","de-protonated","1","3816","C31 H43 O7 P1 13C1","31","43","7","-9999","1","-9999","1","-9999","-9999"
"3822","570.270515","570.270559358","570.27085545","1994754.3","-9999","359177.7","12.17","-1","-0.519212877","0.476130891","0.748902347","0.585239473","12","0.290322581","1.322580645","N1 O9","de-protonated","0","-9999","C31 H41 O9 N1","31","41","9","1","-9999","-9999","-9999","-9999","-9999"
"3822","570.270515","570.270559358","570.270067655","1994754.3","-9999","359177.7","12.17","-1","0.862227138","0.87380729","0.99159737","0.920923322","3","0.375","1.958333333","13C1 N2 S1 P1 O9","de-protonated","1","3816","C23 H47 O9 N2 P1 S1 13C1","23","47","9","2","1","1","1","-9999","-9999"
"3822","570.270515","570.270559358","570.270204001","1994754.3","-9999","359177.7","12.17","-1","0.623137429","0.465984106","0.800793265","0.59990777","3","0.47826087","1.956521739","N3 S1 O11","de-protonated","0","-9999","C23 H45 O11 N3 S1","23","45","11","3","-9999","1","-9999","-9999","-9999"
"3822","570.270515","570.270559358","570.270915809","1994754.3","-9999","359177.7","12.17","-1","-0.62505527","0.931563493","0.977724728","0.950027987","4","0.590909091","1.909090909","13C1 N4 O13","de-protonated","1","3816","C21 H42 O13 N4 13C1","21","42","13","4","-9999","-9999","1","-9999","-9999"
"3829","571.046066","571.046110058","571.045940891","2015868.8","-9999","308595.7","12.31","-1","0.296240405","0.492101234","0.719752637","0.583161796","31","0.222222222","0.333333333","O8","de-protonated","0","-9999","C36 H12 O8","36","12","8","-9999","-9999","-9999","-9999","-9999","-9999"
"3829","571.046066","571.046110058","571.046291764","2015868.8","-9999","308595.7","12.31","-1","-0.31819844","0.981796007","0","0.589077604","8","0.722222222","1.388888889","N2 S2 P1 O13","de-protonated","0","-9999","C18 H25 O13 N2 P1 S2","18","25","13","2","1","2","-9999","-9999","-9999"
"3829","571.046066","571.046110058","571.0457787","2015868.8","-9999","308595.7","12.31","-1","0.580265582","0.470366815","0.748902347","0.581781028","26","0.064516129","0.548387097","N4 S2 P1 O2","de-protonated","0","-9999","C31 H17 O2 N4 P1 S2","31","17","2","4","1","2","-9999","-9999","-9999"
"3830","571.060415","571.060459052","571.060545584","1476488.6","-9999","278659.9","8.58","-1","-0.151527324","0.497921254","0.742885034","0.595906766","26","0.21875","0.5","N2 S1 O7","de-protonated","0","-9999","C32 H16 O7 N2 S1","32","16","7","2","-9999","1","-9999","-9999","-9999"
"3830","571.060415","571.060459052","571.060678525","1476488.6","-9999","278659.9","8.58","-1","-0.384325194","0.973554927","0","0.584132956","13","0.714285714","1","N2 P1 O15","de-protonated","0","-9999","C21 H21 O15 N2 P1","21","21","15","2","1","-9999","-9999","-9999","-9999"
"3830","571.060415","571.060459052","571.060165461","1476488.6","-9999","278659.9","8.58","-1","0.514116133","0.476586108","0.73113591","0.578406029","31","0.117647059","0.382352941","N4 P1 O4","de-protonated","0","-9999","C34 H13 O4 N4 P1","34","13","4","4","1","-9999","-9999","-9999","-9999"
"3830","571.060415","571.060459052","571.059894135","1476488.6","-9999","278659.9","8.58","-1","0.989243702","0.837305528","0","0.502383317","17","0.375","0.833333333","N4 S2 O9","de-protonated","0","-9999","C24 H20 O9 N4 S2","24","20","9","4","-9999","2","-9999","-9999","-9999"
"3831","571.067345","571.06738905","571.067939639","2499726.5","-9999","329462.4","15.66","-1","-0.964139706","0.422394488","0.73113591","0.545891057","25","0.147058824","0.588235294","S2 O5","de-protonated","0","-9999","C34 H20 O5 S2","34","20","5","-9999","-9999","2","-9999","-9999","-9999"
"3831","571.067345","571.06738905","571.067070259","2499726.5","-9999","329462.4","15.66","-1","0.558236696","0.472512201","0.736963647","0.57829278","26","0.303030303","0.484848485","O10","de-protonated","0","-9999","C33 H16 O10","33","16","10","-9999","-9999","-9999","-9999","-9999","-9999"
"3831","571.067345","571.06738905","571.067559516","2499726.5","-9999","329462.4","15.66","-1","-0.298505409","0.491980965","0.719752637","0.583089634","30","0.055555556","0.472222222","N2 S1 P1 O2","de-protonated","0","-9999","C36 H17 O2 N2 P1 S1","36","17","2","2","1","1","-9999","-9999","-9999"
"3831","571.067345","571.06738905","571.066908068","2499726.5","-9999","329462.4","15.66","-1","0.842251438","0.439611187","0.767553728","0.570788204","21","0.142857143","0.75","N4 S2 P1 O4","de-protonated","0","-9999","C28 H21 O4 N4 P1 S2","28","21","4","4","1","2","-9999","-9999","-9999"
"3832","571.07434","571.074384047","571.074084192","1472148","-9999","287817","8.55","-1","0.525072138","0.475602566","0.714192896","0.571038698","30","0.135135135","0.459459459","P1 O5","de-protonated","0","-9999","C37 H17 O5 P1","37","17","5","-9999","1","-9999","-9999","-9999","-9999"
"3832","571.07434","571.074384047","571.074280896","1472148","-9999","287817","8.55","-1","0.18062554","0.994097618","0","0.596458571","22","0.407407407","0.592592593","N4 O11","de-protonated","0","-9999","C27 H16 O11 N4","27","16","11","4","-9999","-9999","-9999","-9999","-9999"
"3833","571.082426","571.082470044","571.0823264","3110554.5","-9999","328719.7","19.89","-1","0.251528489","0.494293001","0.714192896","0.582252959","30","0.189189189","0.432432432","O7","de-protonated","0","-9999","C37 H16 O7","37","16","7","-9999","-9999","-9999","-9999","-9999","-9999"
"3833","571.082426","571.082470044","571.082677273","3110554.5","-9999","328719.7","19.89","-1","-0.362871181","0.488195409","0.829532115","0.624730091","7","0.631578947","1.526315789","N2 S2 P1 O12","de-protonated","0","-9999","C19 H29 O12 N2 P1 S2","19","29","12","2","1","2","-9999","-9999","-9999"
"3833","571.082426","571.082470044","571.082164209","3110554.5","-9999","328719.7","19.89","-1","0.535535557","0.474645836","0.742885034","0.581941515","25","0.03125","0.65625","N4 S2 P1 O1","de-protonated","0","-9999","C32 H21 O1 N4 P1 S2","32","21","1","4","1","2","-9999","-9999","-9999"
"3834","571.091923","571.09196704","571.09157093","1804450.5","-9999","379683.7","10.85","-1","0.69360105","0.458204837","0.773979033","0.584514515","16","0.444444444","0.888888889","S1 O12","de-protonated","0","-9999","C27 H24 O12 S1","27","24","12","-9999","-9999","1","-9999","-9999","-9999"
"3834","571.091923","571.09196704","571.092060188","1804450.5","-9999","379683.7","10.85","-1","-0.163104416","0.497592272","0.755017935","0.600562537","20","0.133333333","0.833333333","N2 S2 P1 O4","de-protonated","0","-9999","C30 H25 O4 N2 P1 S2","30","25","4","2","1","2","-9999","-9999","-9999"
"3835","571.097589","571.097633038","571.097582542","1359015","-9999","320347.9","7.77","-1","0.08841978","0.499291215","0.692787115","0.576689575","34","0.097560976","0.390243902","O4","de-protonated","0","-9999","C41 H16 O4","41","16","4","-9999","-9999","-9999","-9999","-9999","-9999"
"3835","571.097589","571.097633038","571.097444157","1359015","-9999","320347.9","7.77","-1","0.330732968","0.980348031","0","0.588208819","7","0.85","1.4","S1 O17","de-protonated","0","-9999","C20 H28 O17 S1","20","28","17","-9999","-9999","1","-9999","-9999","-9999"
"3835","571.097589","571.097633038","571.09793341500006","1359015","-9999","320347.9","7.77","-1","-0.525963376","0.951043472","0","0.570626083","11","0.391304348","1.260869565","N2 S2 P1 O9","de-protonated","0","-9999","C23 H29 O9 N2 P1 S2","23","29","9","2","1","2","-9999","-9999","-9999"
"3835","571.097589","571.097633038","571.097064035","1359015","-9999","320347.9","7.77","-1","0.996333738","0.835169443","0","0.501101666","12","0.636363636","1.136363636","N2 P1 O14","de-protonated","0","-9999","C22 H25 O14 N2 P1","22","25","14","2","1","-9999","-9999","-9999","-9999"
"3836","571.103675","571.103719036","571.103455768","3799724","-9999","349629.5","24.66","-1","0.460979876","0.481087809","0.73113591","0.58110705","25","0.264705882","0.588235294","O9","de-protonated","0","-9999","C34 H20 O9","34","20","9","-9999","-9999","-9999","-9999","-9999","-9999"
"3836","571.103675","571.103719036","571.103945026","3799724","-9999","349629.5","24.66","-1","-0.395707562","0.48599389","0.714192896","0.577273492","29","0.027027027","0.567567568","N2 S1 P1 O1","de-protonated","0","-9999","C37 H21 O1 N2 P1 S1","37","21","1","2","1","1","-9999","-9999","-9999"
"3836","571.103675","571.103719036","571.103806641","3799724","-9999","349629.5","24.66","-1","-0.153397191","0.497869744","0.85247738","0.639712798","2","0.875","2.0625","N2 S2 P1 O14","de-protonated","0","-9999","C16 H33 O14 N2 P1 S2","16","33","14","2","1","2","-9999","-9999","-9999"
"3836","571.103675","571.103719036","571.103293577","3799724","-9999","349629.5","24.66","-1","0.744976495","0.452101131","0.761234226","0.575754369","20","0.103448276","0.862068966","N4 S2 P1 O3","de-protonated","0","-9999","C29 H25 O3 N4 P1 S2","29","25","3","4","1","2","-9999","-9999","-9999"
"3837","571.110824","571.110868033","571.110469701","1433778","-9999","250004.7","8.28","-1","0.697468629","0.457757752","0.70871839","0.558142007","29","0.105263158","0.552631579","P1 O4","de-protonated","0","-9999","C38 H21 O4 P1","38","21","4","-9999","1","-9999","-9999","-9999","-9999"
"3837","571.110824","571.110868033","571.110910183","1433778","-9999","250004.7","8.28","-1","-0.073803097","0.999012156","0.889120494","0.955055491","16","0.407407407","0.925925926","13C1 N1 S1 O11","de-protonated","1","3821","C26 H25 O11 N1 S1 13C1","26","25","11","1","-9999","1","1","-9999","-9999"
"3837","571.110824","571.110868033","571.11139944","1433778","-9999","250004.7","8.28","-1","-0.930478895","0.854621469","0.908081592","0.876005518","20","0.1","0.866666667","13C1 N3 S2 P1 O3","de-protonated","1","3821","C29 H26 O3 N3 P1 S2 13C1","29","26","3","3","1","2","1","-9999","-9999"
"3837","571.110824","571.110868033","571.11053006","1433778","-9999","250004.7","8.28","-1","0.59178171","0.938432504","0.901865301","0.923805623","21","0.275862069","0.75862069","13C1 N3 P1 O8","de-protonated","1","3821","C28 H22 O8 N3 P1 13C1","28","22","8","3","1","-9999","1","-9999","-9999"
"3837","571.110824","571.110868033","571.110666406","1433778","-9999","250004.7","8.28","-1","0.353043916","0.977638054","0","0.586582832","21","0.357142857","0.714285714","N4 O10","de-protonated","0","-9999","C28 H20 O10 N4","28","20","10","4","-9999","-9999","-9999","-9999","-9999"
"3838","571.118877","571.11892103","571.11871191","2658488.5","-9999","278086.5","16.76","-1","0.366158609","0.986338134","0.894740698","0.94969916","29","0.157894737","0.526315789","O6","de-protonated","0","-9999","C38 H20 O6","38","20","6","-9999","-9999","-9999","-9999","-9999","-9999"
"3838","571.118877","571.11892103","571.119062783","2658488.5","-9999","278086.5","16.76","-1","-0.248201988","0.946167065","0.781303349","0.880221579","6","0.55","1.65","N2 S2 P1 O11","de-protonated","0","-9999","C20 H33 O11 N2 P1 S2","20","33","11","2","1","2","-9999","-9999","-9999"
"3839","571.128037","571.128081026","571.12795644","1777344","-9999","384589.9","10.66","-1","0.218140962","0.495701423","0.767553728","0.604442345","15","0.392857143","1","S1 O11","de-protonated","0","-9999","C28 H28 O11 S1","28","28","11","-9999","-9999","1","-9999","-9999","-9999"
"3839","571.128037","571.128081026","571.128445697","1777344","-9999","384589.9","10.66","-1","-0.638509517","0.46434717","0.748902347","0.578169241","19","0.096774194","0.935483871","N2 S2 P1 O3","de-protonated","0","-9999","C31 H29 O3 N2 P1 S2","31","29","3","2","1","2","-9999","-9999","-9999"
"3839","571.128037","571.128081026","571.127576317","1777344","-9999","384589.9","10.66","-1","0.883706098","0.433940836","0.755017935","0.562371676","20","0.266666667","0.833333333","N2 P1 O8","de-protonated","0","-9999","C30 H25 O8 N2 P1","30","25","8","2","1","-9999","-9999","-9999","-9999"
"3840","571.133374","571.133418024","571.133968051","1448132.4","-9999","226951.9","8.38","-1","-0.96304351","0.422556433","0.68763467","0.528587728","33","0.071428571","0.476190476","O3","de-protonated","0","-9999","C42 H20 O3","42","20","3","-9999","-9999","-9999","-9999","-9999","-9999"
"3840","571.133374","571.133418024","571.133829667","1448132.4","-9999","226951.9","8.38","-1","-0.720746014","0.910047919","0","0.546028751","6","0.761904762","1.523809524","S1 O16","de-protonated","0","-9999","C21 H32 O16 S1","21","32","16","-9999","-9999","1","-9999","-9999","-9999"
"3840","571.133374","571.133418024","571.133316602","1448132.4","-9999","226951.9","8.38","-1","0.177579938","0.497147211","0.73113591","0.59074269","24","0.147058824","0.705882353","N2 S1 O5","de-protonated","0","-9999","C34 H24 O5 N2 S1","34","24","5","2","-9999","1","-9999","-9999","-9999"
"3840","571.133374","571.133418024","571.133449544","1448132.4","-9999","226951.9","8.38","-1","-0.055188347","0.999447505","0","0.599668503","11","0.565217391","1.260869565","N2 P1 O13","de-protonated","0","-9999","C23 H29 O13 N2 P1","23","29","13","2","1","-9999","-9999","-9999","-9999"
"3840","571.133374","571.133418024","571.13293648","1448132.4","-9999","226951.9","8.38","-1","0.8431388","0.439491908","0.719752637","0.5515962","29","0.055555556","0.583333333","N4 P1 O2","de-protonated","0","-9999","C36 H21 O2 N4 P1","36","21","2","4","1","-9999","-9999","-9999","-9999"
"3841","571.140011","571.140055022","571.139841278","2862793.8","-9999","368806.9","18.18","-1","0.374240751","0.487453595","0.725399619","0.582632004","24","0.228571429","0.685714286","O8","de-protonated","0","-9999","C35 H24 O8","35","24","8","-9999","-9999","-9999","-9999","-9999","-9999"
"3841","571.140011","571.140055022","571.140192151","2862793.8","-9999","368806.9","18.18","-1","-0.240097123","0.494797305","0.844689208","0.634754066","1","0.764705882","2.176470588","N2 S2 P1 O13","de-protonated","0","-9999","C17 H37 O13 N2 P1 S2","17","37","13","2","1","2","-9999","-9999","-9999"
"3841","571.140011","571.140055022","571.139679086","2862793.8","-9999","368806.9","18.18","-1","0.658219253","0.462198747","0.755017935","0.579326422","19","0.066666667","0.966666667","N4 S2 P1 O2","de-protonated","0","-9999","C30 H29 O2 N4 P1 S2","30","29","2","4","1","2","-9999","-9999","-9999"
"3842","571.155365","571.155409016","571.155097419","2642646.3","-9999","333747.5","16.65","-1","0.545555102","0.473713855","0.703327172","0.565559182","28","0.128205128","0.615384615","O5","de-protonated","0","-9999","C39 H24 O5","39","24","5","-9999","-9999","-9999","-9999","-9999","-9999"
"3842","571.155365","571.155409016","571.155448292","2642646.3","-9999","333747.5","16.65","-1","-0.068766468","0.499571164","0.81490939","0.625706455","5","0.476190476","1.761904762","N2 S2 P1 O10","de-protonated","0","-9999","C21 H37 O10 N2 P1 S2","21","37","10","2","1","2","-9999","-9999","-9999"
"3843","571.1684","571.168444011","571.167984579","1878241.1","-9999","361428.6","11.36","-1","0.80437276","0.444614662","0.719752637","0.554669852","23","0.138888889","0.805555556","P1 O5","de-protonated","0","-9999","C36 H29 O5 P1","36","29","5","-9999","1","-9999","-9999","-9999","-9999"
"3843","571.1684","571.168444011","571.168181283","1878241.1","-9999","361428.6","11.36","-1","0.459982693","0.481167983","0.780512821","0.600905918","15","0.423076923","1.076923077","N4 O11","de-protonated","0","-9999","C26 H28 O11 N4","26","28","11","4","-9999","-9999","-9999","-9999","-9999"
"3844","571.176309","571.176353008","571.176226787","1949927.5","-9999","341573.9","11.86","-1","0.220983323","0.495589172","0.719752637","0.585254558","23","0.194444444","0.777777778","O7","de-protonated","0","-9999","C36 H28 O7","36","28","7","-9999","-9999","-9999","-9999","-9999","-9999"
"3844","571.176309","571.176353008","571.17657766","1949927.5","-9999","341573.9","11.86","-1","-0.393315322","0.972320733","0","0.58339244","0","0.666666667","2.277777778","N2 S2 P1 O12","de-protonated","0","-9999","C18 H41 O12 N2 P1 S2","18","41","12","2","1","2","-9999","-9999","-9999"
"3844","571.176309","571.176353008","571.176064596","1949927.5","-9999","341573.9","11.86","-1","0.504943692","0.477395108","0.748902347","0.585998003","18","0.032258065","1.064516129","N4 S2 P1 O1","de-protonated","0","-9999","C31 H33 O1 N4 P1 S2","31","33","1","4","1","2","-9999","-9999","-9999"
"3845","571.18513600000006","571.185180004","571.185471317","1249518.8","-9999","369658.3","7.01","-1","-0.510014866","0.953898932","0","0.572339359","9","0.461538462","1.384615385","S1 O12","de-protonated","0","-9999","C26 H36 O12 S1","26","36","12","-9999","-9999","1","-9999","-9999","-9999"
"3845","571.18513600000006","571.185180004","571.184958253","1249518.8","-9999","369658.3","7.01","-1","0.388230056","0.486511084","0.703327172","0.573237519","27","0.025641026","0.717948718","N2 S1 O1","de-protonated","0","-9999","C39 H28 O1 N2 S1","39","28","1","2","-9999","1","-9999","-9999","-9999"
"3845","571.18513600000006","571.185180004","571.185091195","1249518.8","-9999","369658.3","7.01","-1","0.155482767","0.995623104","0","0.597373863","14","0.321428571","1.178571429","N2 P1 O9","de-protonated","0","-9999","C28 H33 O9 N2 P1","28","33","9","2","1","-9999","-9999","-9999","-9999"
"3845","571.18513600000006","571.185180004","571.184819869","1249518.8","-9999","369658.3","7.01","-1","0.630506249","0.930407356","0","0.558244414","0","0.777777778","2.222222222","N2 S2 O14","de-protonated","0","-9999","C18 H40 O14 N2 S2","18","40","14","2","-9999","2","-9999","-9999","-9999"
"3846","571.191802","571.191846002","571.191482928","2173684.5","-9999","333196.8","13.4","-1","0.635641728","0.464655141","0.698017357","0.558000027","27","0.1","0.7","O4","de-protonated","0","-9999","C40 H28 O4","40","28","4","-9999","-9999","-9999","-9999","-9999","-9999"
"3846","571.191802","571.191846002","571.191344544","2173684.5","-9999","333196.8","13.4","-1","0.877915214","0.869489627","0","0.521693776","0","0.894736842","2.105263158","S1 O17","de-protonated","0","-9999","C19 H40 O17 S1","19","40","17","-9999","-9999","1","-9999","-9999","-9999"
"3846","571.191802","571.191846002","571.191833801","2173684.5","-9999","333196.8","13.4","-1","0.021359236","0.499958612","0.807789663","0.623091032","4","0.409090909","1.863636364","N2 S2 P1 O9","de-protonated","0","-9999","C22 H41 O9 N2 P1 S2","22","41","9","2","1","2","-9999","-9999","-9999"
"3847","571.205411","571.205454996","571.205436172","1940223.4","-9999","266702.2","11.79","-1","0.032954781","0.499901481","0.767553728","0.60696238","13","0.178571429","1.285714286","N4 S2 O5","de-protonated","0","-9999","C28 H36 O5 N4 S2","28","36","5","4","-9999","2","-9999","-9999","-9999"
"3847","571.205411","571.205454996","571.205569114","1940223.4","-9999","266702.2","11.79","-1","-0.199784081","0.992783878","0","0.595670327","0","0.764705882","2.411764706","N4 S1 P1 O13","de-protonated","0","-9999","C17 H41 O13 N4 P1 S1","17","41","13","4","1","1","-9999","-9999","-9999"
"3848","571.228094","571.228137988","571.227868438","1599762","-9999","328111.6","9.43","-1","0.47187782","0.480201189","0.692787115","0.565235559","26","0.073170732","0.780487805","O3","de-protonated","0","-9999","C41 H32 O3","41","32","3","-9999","-9999","-9999","-9999","-9999","-9999"
"3848","571.228094","571.228137988","571.228219311","1599762","-9999","328111.6","9.43","-1","-0.142365443","0.996329167","0","0.5977975","3","0.347826087","1.956521739","N2 S2 P1 O8","de-protonated","0","-9999","C23 H45 O8 N2 P1 S2","23","45","8","2","1","2","-9999","-9999","-9999"
"3850","572.105512","572.105555648","572.105718673","2581986.3","-9999","405363.8","16.23","-1","-0.284956244","0.492687182","0.714192896","0.581289468","29","0.108108108","0.540540541","N1 P1 O4","de-protonated","0","-9999","C37 H20 O4 N1 P1","37","20","4","1","1","-9999","-9999","-9999","-9999"
"3850","572.105512","572.105555648","572.105447347","2581986.3","-9999","405363.8","16.23","-1","0.189302625","0.496759396","0.773979033","0.607647251","15","0.333333333","1","N1 S2 O9","de-protonated","0","-9999","C27 H27 O9 N1 S2","27","27","9","1","-9999","2","-9999","-9999","-9999"
"3850","572.105512","572.105555648","572.105067225","2581986.3","-9999","405363.8","16.23","-1","0.853730567","0.438060994","0.761234226","0.567330287","20","0.206896552","0.827586207","N3 S1 P1 O6","de-protonated","0","-9999","C29 H24 O6 N3 P1 S1","29","24","6","3","1","1","-9999","-9999","-9999"
"3851","572.121946","572.121989642","572.122066745","1746927.8","-9999","382094.2","10.45","-1","-0.134766363","0.996709958","0.894740698","0.955922254","29","0.157894737","0.526315789","13C1 O6","de-protonated","1","3838","C37 H20 O6 13C1","37","20","6","-9999","-9999","-9999","1","-9999","-9999"
"3851","572.121946","572.121989642","572.122417618","1746927.8","-9999","382094.2","10.45","-1","-0.748049223","0.903449894","0.781303349","0.854591276","6","0.55","1.65","13C1 N2 S2 P1 O11","de-protonated","1","3838","C19 H33 O11 N2 P1 S2 13C1","19","33","11","2","1","2","1","-9999","-9999"
"3851","572.121946","572.121989642","572.122553963","1746927.8","-9999","382094.2","10.45","-1","-0.986364453","0.838170182","0","0.502902109","6","0.684210526","1.631578947","N3 S2 O13","de-protonated","0","-9999","C19 H31 O13 N3 S2","19","31","13","3","-9999","2","-9999","-9999","-9999"
"3852","572.124368","572.124411641","572.124346118","2655217.8","-9999","296995.3","16.73","-1","0.114525809","0.49881146","0.70871839","0.582774232","28","0.026315789","0.631578947","N1 S1 P1 O1","de-protonated","0","-9999","C38 H24 O1 N1 P1 S1","38","24","1","1","1","1","-9999","-9999","-9999"
"3852","572.124368","572.124411641","572.124207734","2655217.8","-9999","296995.3","16.73","-1","0.356404136","0.488607631","0.844689208","0.631040262","1","0.823529412","2.117647059","N1 S2 P1 O14","de-protonated","0","-9999","C17 H36 O14 N1 P1 S2","17","36","14","1","1","2","-9999","-9999","-9999"
"3854","572.206965","572.207008609","572.20720982","5372470","-9999","334191.1","35.54","-1","-0.351639902","0.488906789","0.767553728","0.600365565","13","0.285714286","1.25","N3 S1 O8","de-protonated","0","-9999","C28 H35 O8 N3 S1","28","35","8","3","-9999","1","-9999","-9999","-9999"
"3854","572.206965","572.207008609","572.207342762","5372470","-9999","334191.1","35.54","-1","-0.583971215","0.46999875","0.844689208","0.619874933","0","0.941176471","2.352941176","N3 P1 O16","de-protonated","0","-9999","C17 H40 O16 N3 P1","17","40","16","3","1","-9999","-9999","-9999","-9999"
"3858","573.055364","573.055407281","573.055579344","1518320.4","-9999","319083","8.86","-1","-0.3002556","0.983774849","0","0.590264909","12","0.727272727","1","S1 O16","de-protonated","0","-9999","C22 H22 O16 S1","22","22","16","-9999","-9999","1","-9999","-9999","-9999"
"3858","573.055364","573.055407281","573.05506628","1518320.4","-9999","319083","8.86","-1","0.595058177","0.468885295","0.725399619","0.571491024","30","0.142857143","0.4","N2 S1 O5","de-protonated","0","-9999","C35 H14 O5 N2 S1","35","14","5","2","-9999","1","-9999","-9999","-9999"
"3858","573.055364","573.055407281","573.055199222","1518320.4","-9999","319083","8.86","-1","0.363070388","0.976365197","0","0.585819118","17","0.541666667","0.791666667","N2 P1 O13","de-protonated","0","-9999","C24 H19 O13 N2 P1","24","19","13","2","1","-9999","-9999","-9999","-9999"
"3859","573.059113","573.05915628","573.059089032","1270515.5","-9999","389290.1","7.14","-1","0.117348551","0.498752223","0.698017357","0.578458277","34","0.075","0.35","S1 O3","de-protonated","0","-9999","C40 H14 O3 S1","40","14","3","-9999","-9999","1","-9999","-9999","-9999"
"3859","573.059113","573.05915628","573.059221974","1270515.5","-9999","389290.1","7.14","-1","-0.114637499","0.997618286","0","0.598570972","21","0.379310345","0.655172414","P1 O11","de-protonated","0","-9999","C29 H19 O11 P1","29","19","11","-9999","1","-9999","-9999","-9999","-9999"
"3859","573.059113","573.05915628","573.058950648","1270515.5","-9999","389290.1","7.14","-1","0.358832339","0.976907362","0","0.586144417","7","0.842105263","1.368421053","S2 O16","de-protonated","0","-9999","C19 H26 O16 S2","19","26","16","-9999","-9999","2","-9999","-9999","-9999"
"3859","573.059113","573.05915628","573.059418678","1270515.5","-9999","389290.1","7.14","-1","-0.457890679","0.962671319","0","0.577602792","13","0.894736842","0.947368421","N4 O17","de-protonated","0","-9999","C19 H18 O17 N4","19","18","17","4","-9999","-9999","-9999","-9999","-9999"
"3860","573.061897","573.061940279","573.062460335","3375349.8","-9999","299905.8","21.71","-1","-0.907504466","0.430597349","0.714192896","0.544035568","29","0.081081081","0.486486486","S2 O3","de-protonated","0","-9999","C37 H18 O3 S2","37","18","3","-9999","-9999","2","-9999","-9999","-9999"
"3860","573.061897","573.061940279","573.061590955","3375349.8","-9999","299905.8","21.71","-1","0.609573444","0.467400006","0.719752637","0.568341058","30","0.222222222","0.388888889","O8","de-protonated","0","-9999","C36 H14 O8","36","14","8","-9999","-9999","-9999","-9999","-9999","-9999"
"3860","573.061897","573.061940279","573.061941828","3375349.8","-9999","299905.8","21.71","-1","-0.002704406","0.499999336","0.837042051","0.634816422","7","0.722222222","1.5","N2 S2 P1 O13","de-protonated","0","-9999","C18 H27 O13 N2 P1 S2","18","27","13","2","1","2","-9999","-9999","-9999"
"3860","573.061897","573.061940279","573.061428764","3375349.8","-9999","299905.8","21.71","-1","0.892599697","0.432698734","0.748902347","0.559180179","25","0.064516129","0.612903226","N4 S2 P1 O2","de-protonated","0","-9999","C31 H19 O2 N4 P1 S2","31","19","2","4","1","2","-9999","-9999","-9999"
"3861","573.082832","573.08287527","573.082720324","1995527","-9999","354826.9","12.16","-1","0.270374536","0.493411626","0.736963647","0.590832434","25","0.303030303","0.545454545","O10","de-protonated","0","-9999","C33 H18 O10","33","18","10","-9999","-9999","-9999","-9999","-9999","-9999"
"3861","573.082832","573.08287527","573.083209581","1995527","-9999","354826.9","12.16","-1","-0.583353988","0.470060199","0.719752637","0.569937175","29","0.055555556","0.527777778","N2 S1 P1 O2","de-protonated","0","-9999","C36 H19 O2 N2 P1 S1","36","19","2","2","1","1","-9999","-9999","-9999"
"3861","573.082832","573.08287527","573.082558132","1995527","-9999","354826.9","12.16","-1","0.553390258","0.472974328","0.767553728","0.590806088","20","0.142857143","0.821428571","N4 S2 P1 O4","de-protonated","0","-9999","C28 H23 O4 N4 P1 S2","28","23","4","4","1","2","-9999","-9999","-9999"
"3862","573.090023","573.090066268","573.089734256","1613068.9","-9999","328588.4","9.51","-1","0.579335791","0.470458844","0.714192896","0.567952465","29","0.135135135","0.513513514","P1 O5","de-protonated","0","-9999","C37 H19 O5 P1","37","19","5","-9999","1","-9999","-9999","-9999","-9999"
"3862","573.090023","573.090066268","573.089930961","1613068.9","-9999","328588.4","9.51","-1","0.236100649","0.989936393","0","0.593961836","21","0.407407407","0.666666667","N4 O11","de-protonated","0","-9999","C27 H18 O11 N4","27","18","11","4","-9999","-9999","-9999","-9999","-9999"
"3863","573.091887","573.091930267","573.092103238","2714894.5","-9999","308925.5","17.14","-1","-0.301820676","0.491803329","0.677556332","0.56610453","38","0.045454545","0.318181818","O2","de-protonated","0","-9999","C44 H14 O2","44","14","2","-9999","-9999","-9999","-9999","-9999","-9999"
"3863","573.091887","573.091930267","573.091964854","2714894.5","-9999","308925.5","17.14","-1","-0.0603509","0.49966967","0.800793265","0.620119108","11","0.652173913","1.130434783","S1 O15","de-protonated","0","-9999","C23 H26 O15 S1","23","26","15","-9999","-9999","1","-9999","-9999","-9999"
"3863","573.091887","573.091930267","573.091451789","2714894.5","-9999","308925.5","17.14","-1","0.834906248","0.440594938","0.719752637","0.552258018","29","0.111111111","0.5","N2 S1 O4","de-protonated","0","-9999","C36 H18 O4 N2 S1","36","18","4","2","-9999","1","-9999","-9999","-9999"
"3863","573.091887","573.091930267","573.092454111","2714894.5","-9999","308925.5","17.14","-1","-0.91406537","0.429664602","0.780512821","0.570003889","15","0.269230769","1.038461538","N2 S2 P1 O7","de-protonated","0","-9999","C26 H27 O7 N2 P1 S2","26","27","7","2","1","2","-9999","-9999","-9999"
"3863","573.091887","573.091930267","573.091584731","2714894.5","-9999","308925.5","17.14","-1","0.602933132","0.468083339","0.787157861","0.595713148","16","0.48","0.92","N2 P1 O12","de-protonated","0","-9999","C25 H23 O12 N2 P1","25","23","12","2","1","-9999","-9999","-9999","-9999"
"3864","573.098313","573.098356265","573.098845845","4129043.8","-9999","291835.9","26.93","-1","-0.854268289","0.437987998","0.70871839","0.546280155","28","0.052631579","0.578947368","S2 O2","de-protonated","0","-9999","C38 H22 O2 S2","38","22","2","-9999","-9999","2","-9999","-9999","-9999"
"3864","573.098313","573.098356265","573.097976465","4129043.8","-9999","291835.9","26.93","-1","0.662713385","0.461701153","0.714192896","0.56269785","29","0.189189189","0.486486486","O7","de-protonated","0","-9999","C37 H18 O7","37","18","7","-9999","-9999","-9999","-9999","-9999","-9999"
"3864","573.098313","573.098356265","573.098327338","4129043.8","-9999","291835.9","26.93","-1","0.050474375","0.499768918","0.829532115","0.631674197","6","0.631578947","1.631578947","N2 S2 P1 O12","de-protonated","0","-9999","C19 H31 O12 N2 P1 S2","19","31","12","2","1","2","-9999","-9999","-9999"
"3864","573.098313","573.098356265","573.097814273","4129043.8","-9999","291835.9","26.93","-1","0.945721684","0.425099091","0.742885034","0.552213469","24","0.03125","0.71875","N4 S2 P1 O1","de-protonated","0","-9999","C32 H23 O1 N4 P1 S2","32","23","1","4","1","2","-9999","-9999","-9999"
"3865","573.119191","573.119234256","573.119105833","1769253","-9999","334676.9","10.59","-1","0.224078324","0.49546532","0.73113591","0.589733556","24","0.264705882","0.647058824","O9","de-protonated","0","-9999","C34 H22 O9","34","22","9","-9999","-9999","-9999","-9999","-9999","-9999"
"3865","573.119191","573.119234256","573.11959509","1769253","-9999","334676.9","10.59","-1","-0.629595959","0.465300512","0.714192896","0.564857466","28","0.027027027","0.621621622","N2 S1 P1 O1","de-protonated","0","-9999","C37 H23 O1 N2 P1 S1","37","23","1","2","1","1","-9999","-9999","-9999"
"3865","573.119191","573.119234256","573.119456706","1769253","-9999","334676.9","10.59","-1","-0.388137846","0.973034808","0","0.583820885","1","0.875","2.1875","N2 S2 P1 O14","de-protonated","0","-9999","C16 H35 O14 N2 P1 S2","16","35","14","2","1","2","-9999","-9999","-9999"
"3865","573.119191","573.119234256","573.118943642","1769253","-9999","334676.9","10.59","-1","0.507076065","0.477208212","0.761234226","0.590818618","19","0.103448276","0.931034483","N4 S2 P1 O3","de-protonated","0","-9999","C29 H27 O3 N4 P1 S2","29","27","3","4","1","2","-9999","-9999","-9999"
"3866","573.125829","573.125872254","573.126119766","1321642.4","-9999","229624.3","7.5","-1","-0.431862707","0.483362524","0.70871839","0.57350487000000006","28","0.105263158","0.605263158","P1 O4","de-protonated","0","-9999","C38 H23 O4 P1","38","23","4","-9999","1","-9999","-9999","-9999","-9999"
"3866","573.125829","573.125872254","573.12584844","1321642.4","-9999","229624.3","7.5","-1","0.041551716","0.99968677","0","0.599812062","14","0.321428571","1.071428571","S2 O9","de-protonated","0","-9999","C28 H30 O9 S2","28","30","9","-9999","-9999","2","-9999","-9999","-9999"
"3866","573.125829","573.125872254","573.125468317","1321642.4","-9999","229624.3","7.5","-1","0.704796602","0.913810095","0","0.548286057","19","0.2","0.9","N2 S1 P1 O6","de-protonated","0","-9999","C30 H27 O6 N2 P1 S1","30","27","6","2","1","1","-9999","-9999","-9999"
"3866","573.125829","573.125872254","573.12631647","1321642.4","-9999","229624.3","7.5","-1","-0.775075712","0.89672691","0","0.538036146","20","0.357142857","0.785714286","N4 O10","de-protonated","0","-9999","C28 H22 O10 N4","28","22","10","4","-9999","-9999","-9999","-9999","-9999"
"3867","573.13472","573.13476325","573.135231354","3549489.8","-9999","323412.2","22.92","-1","-0.816741964","0.44299992","0.703327172","0.54713082","27","0.025641026","0.666666667","S2 O1","de-protonated","0","-9999","C39 H26 O1 S2","39","26","1","-9999","-9999","2","-9999","-9999","-9999"
"3867","573.13472","573.13476325","573.134361974","3549489.8","-9999","323412.2","22.92","-1","0.70014346","0.45744735","0.70871839","0.557955766","28","0.157894737","0.578947368","O6","de-protonated","0","-9999","C38 H22 O6","38","22","6","-9999","-9999","-9999","-9999","-9999","-9999"
"3867","573.13472","573.13476325","573.134712847","3549489.8","-9999","323412.2","22.92","-1","0.087943295","0.499298828","0.822155738","0.628441592","5","0.55","1.75","N2 S2 P1 O11","de-protonated","0","-9999","C20 H35 O11 N2 P1 S2","20","35","11","2","1","2","-9999","-9999","-9999"
"3868","573.164428","573.164471239","573.164735872","1318218.3","-9999","232980.8","7.47","-1","-0.461705585","0.962058723","0","0.577235234","9","0.52","1.36","S1 O13","de-protonated","0","-9999","C25 H34 O13 S1","25","34","13","-9999","-9999","1","-9999","-9999","-9999"
"3868","573.164428","573.164471239","573.164222808","1318218.3","-9999","232980.8","7.47","-1","0.43343754","0.483243022","0.70871839","0.573433169","27","0.052631579","0.684210526","N2 S1 O2","de-protonated","0","-9999","C38 H26 O2 N2 S1","38","26","2","2","-9999","1","-9999","-9999","-9999"
"3868","573.164428","573.164471239","573.16435575","1318218.3","-9999","232980.8","7.47","-1","0.201493968","0.992660284","0","0.595596171","14","0.37037037","1.148148148","N2 P1 O10","de-protonated","0","-9999","C27 H31 O10 N2 P1","27","31","10","2","1","-9999","-9999","-9999","-9999"
"3868","573.164428","573.164471239","573.164084424","1318218.3","-9999","232980.8","7.47","-1","0.67487711","0.92068027","0","0.552408162","0","0.882352941","2.235294118","N2 S2 O15","de-protonated","0","-9999","C17 H38 O15 N2 S2","17","38","15","2","-9999","2","-9999","-9999","-9999"
"3869","573.171125","573.171168236","573.170747484","3064143.8","-9999","297114.5","19.56","-1","0.734079423","0.453425226","0.703327172","0.553386004","27","0.128205128","0.666666667","O5","de-protonated","0","-9999","C39 H26 O5","39","26","5","-9999","-9999","-9999","-9999","-9999","-9999"
"3869","573.171125","573.171168236","573.171098356","3064143.8","-9999","297114.5","19.56","-1","0.1219181","0.498653288","0.81490939","0.625155729","4","0.476190476","1.857142857","N2 S2 P1 O10","de-protonated","0","-9999","C21 H39 O10 N2 P1 S2","21","39","10","2","1","2","-9999","-9999","-9999"
"3870","573.184249","573.184292231","573.184700727","1665882.6","-9999","263781.2","9.88","-1","-0.712678045","0.455979794","0.773979033","0.58317949","13","0.222222222","1.259259259","N4 S2 O6","de-protonated","0","-9999","C27 H34 O6 N4 S2","27","34","6","4","-9999","2","-9999","-9999","-9999"
"3870","573.184249","573.184292231","573.183831348","1665882.6","-9999","263781.2","9.88","-1","0.80407662","0.889306182","0","0.533583709","14","0.423076923","1.153846154","N4 O11","de-protonated","0","-9999","C26 H30 O11 N4","26","30","11","4","-9999","-9999","-9999","-9999","-9999"
"3870","573.184249","573.184292231","573.184833669","1665882.6","-9999","263781.2","9.88","-1","-0.944613064","0.850521537","0","0.510312922","0","0.875","2.4375","N4 S1 P1 O14","de-protonated","0","-9999","C16 H39 O14 N4 P1 S1","16","39","14","4","1","1","-9999","-9999","-9999"
"3871","573.207482","573.207525222","573.207132993","2690413.8","-9999","331674.5","16.97","-1","0.684271747","0.459274823","0.698017357","0.554771837","26","0.1","0.75","O4","de-protonated","0","-9999","C40 H30 O4","40","30","4","-9999","-9999","-9999","-9999","-9999","-9999"
"3871","573.207482","573.207525222","573.207483866","2690413.8","-9999","331674.5","16.97","-1","0.072149314","0.499527955","0.807789663","0.622832638","3","0.409090909","1.954545455","N2 S2 P1 O9","de-protonated","0","-9999","C22 H43 O9 N2 P1 S2","22","43","9","2","1","2","-9999","-9999","-9999"
"3872","573.243984","573.244027208","573.243518502","1595788","-9999","367853.3","9.39","-1","0.887416898","0.433423656","0.692787115","0.53716904","25","0.073170732","0.829268293","O3","de-protonated","0","-9999","C41 H34 O3","41","34","3","-9999","-9999","-9999","-9999","-9999","-9999"
"3872","573.243984","573.244027208","573.244520824","1595788","-9999","367853.3","9.39","-1","-0.861090855","0.437058908","0.748902347","0.561796284","11","0.193548387","1.387096774","S1 P1 O6","de-protonated","0","-9999","C31 H43 O6 P1 S1","31","43","6","-9999","1","1","-9999","-9999","-9999"
"3872","573.243984","573.244027208","573.243869375","1595788","-9999","367853.3","9.39","-1","0.275333193","0.986338844","0","0.591803306","2","0.347826087","2.043478261","N2 S2 P1 O8","de-protonated","0","-9999","C23 H47 O8 N2 P1 S2","23","47","8","2","1","2","-9999","-9999","-9999"
"3873","573.271538","573.271581198","573.271390477","1261986.6","-9999","364319.2","7.08","-1","0.332688211","0.980117317","0","0.58807039","10","0.15625","1.4375","S2 O5","de-protonated","0","-9999","C32 H46 O5 S2","32","46","5","-9999","-9999","2","-9999","-9999","-9999"
"3873","573.271538","573.271581198","573.271010354","1261986.6","-9999","364319.2","7.08","-1","0.995764905","0.835341182","0","0.501204709","15","0.058823529","1.264705882","N2 S1 P1 O2","de-protonated","0","-9999","C34 H43 O2 N2 P1 S1","34","43","2","2","1","1","-9999","-9999","-9999"
"3873","573.271538","573.271581198","573.271858508","1261986.6","-9999","364319.2","7.08","-1","-0.483732129","0.958430329","0","0.575058197","16","0.1875","1.1875","N4 O6","de-protonated","0","-9999","C32 H38 O6 N4","32","38","6","4","-9999","-9999","-9999","-9999","-9999"
"3874","573.274715","573.274758196","573.274381658","1272229.4","-9999","530708.5","7.15","-1","0.656820917","0.924705979","0","0.554823588","10","0.064516129","1.516129032","N2 S2 P1 O2","de-protonated","0","-9999","C31 H47 O2 N2 P1 S2","31","47","2","2","1","2","-9999","-9999","-9999"
"3874","573.274715","573.274758196","573.275229811","1272229.4","-9999","530708.5","7.15","-1","-0.822666915","0.884439651","0","0.530663791","11","0.206896552","1.448275862","N4 S1 O6","de-protonated","0","-9999","C29 H42 O6 N4 S1","29","42","6","4","-9999","1","-9999","-9999","-9999"
"3875","573.277442","573.277485195","573.27753503","3560871.5","-9999","291919.6","23","-1","-0.086929238","0.499314894","0.725399619","0.589748784","15","0.142857143","1.228571429","P1 O5","de-protonated","0","-9999","C35 H43 O5 P1","35","43","5","-9999","1","-9999","-9999","-9999","-9999"
"3875","573.277442","573.277485195","573.277263704","3560871.5","-9999","291919.6","23","-1","0.386360309","0.486638951","0.787157861","0.606846515","1","0.4","2","S2 O10","de-protonated","0","-9999","C25 H50 O10 S2","25","50","10","-9999","-9999","2","-9999","-9999","-9999"
"3875","573.277442","573.277485195","573.277731734","3560871.5","-9999","291919.6","23","-1","-0.430051711","0.48349944500000003","0.787157861","0.604962811","7","0.44","1.68","N4 O11","de-protonated","0","-9999","C25 H42 O11 N4","25","42","11","4","-9999","-9999","-9999","-9999","-9999"
"3877","574.345632","574.345674782","574.345555021","3271962.3","-9999","293850.8","20.99","-1","0.208518325","0.496070835","0.719752637","0.585543556","13","0.083333333","1.388888889","N1 P1 O3","de-protonated","0","-9999","C36 H50 O3 N1 P1","36","50","3","1","1","-9999","-9999","-9999","-9999"
"3881","574.983683","574.983725536","574.983691506","1465387.3","-9999","210746.3","8.48","-1","0.059183541","0.999364643","0","0.599618786","13","0.684210526","0.894736842","N2 S2 P1 O13","de-protonated","0","-9999","C19 H17 O13 N2 P1 S2","19","17","13","2","1","2","-9999","-9999","-9999"
"3882","574.985837","574.985879535","574.986060488","1378604.9","-9999","384737","7.88","-1","-0.314708467","0.982189579","0","0.589313747","22","0.384615385","0.461538462","N2 S2 O10","de-protonated","0","-9999","C26 H12 O10 N2 S2","26","12","10","2","-9999","2","-9999","-9999","-9999"
"3882","574.985837","574.985879535","574.985680365","1378604.9","-9999","384737","7.88","-1","0.346390432","0.978463923","0","0.587078354","27","0.25","0.321428571","N4 S1 P1 O7","de-protonated","0","-9999","C28 H9 O7 N4 P1 S1","28","9","7","4","1","1","-9999","-9999","-9999"
"3883","574.99022","574.990262533","574.99008324","5886768.5","-9999","273355.1","39.09","-1","0.311819854","0.327504056","0.701867335","0.477249368","26","0.258064516","0.387096774","S2 O8","de-protonated","0","-9999","C31 H12 O8 S2","31","12","8","-9999","-9999","2","-9999","-9999","-9999"
"3883","574.99022","574.990262533","574.990216182","5886768.5","-9999","273355.1","39.09","-1","0.080612839","0.499410782","0.822155738","0.628508764","13","0.8","0.85","S1 P1 O16","de-protonated","0","-9999","C20 H17 O16 P1 S1","20","17","16","-9999","1","1","-9999","-9999","-9999"
"3884","574.993783","574.993825532","574.993587485","2940723.5","-9999","289398.2","18.69","-1","0.41399922","0.484689576","0.844689208","0.628689429","8","0.941176471","1.235294118","S2 P1 O16","de-protonated","0","-9999","C17 H21 O16 P1 S2","17","21","16","-9999","1","2","-9999","-9999","-9999"
"3885","574.996646","574.996688531","574.997097173","16120630","-9999","326351.2","109.93","-1","-0.710685258","0.182485814","0.636330439","0.364023664","30","0.085714286","0.371428571","S2 P1 O3","de-protonated","0","-9999","C35 H13 O3 P1 S2","35","13","3","-9999","1","2","-9999","-9999","-9999"
"3885","574.996646","574.996688531","574.996424497","16120630","-9999","326351.2","109.93","-1","0.459191411","0.320820992","0.774075318","0.502122722","23","0.583333333","0.333333333","N4 O14","de-protonated","0","-9999","C24 H8 O14 N4","24","8","14","4","-9999","-9999","-9999","-9999","-9999"
"3886","575.041111","575.041153513","575.04172489","2074458.8","-9999","361223.2","12.7","-1","-0.99362701","0.417993041","0.719752637","0.538696879","29","0.111111111","0.444444444","S2 O4","de-protonated","0","-9999","C36 H16 O4 S2","36","16","4","-9999","-9999","2","-9999","-9999","-9999"
"3886","575.041111","575.041153513","575.040855511","2074458.8","-9999","361223.2","12.7","-1","0.518229057","0.476219077","0.725399619","0.575891293","30","0.257142857","0.342857143","O9","de-protonated","0","-9999","C35 H12 O9","35","12","9","-9999","-9999","-9999","-9999","-9999","-9999"
"3886","575.041111","575.041153513","575.041344768","2074458.8","-9999","361223.2","12.7","-1","-0.332592554","0.490064317","0.70871839","0.577525946","34","0.026315789","0.342105263","N2 S1 P1 O1","de-protonated","0","-9999","C38 H13 O1 N2 P1 S1","38","13","1","2","1","1","-9999","-9999","-9999"
"3886","575.041111","575.041153513","575.041206383","2074458.8","-9999","361223.2","12.7","-1","-0.091941307","0.998467353","0","0.599080412","7","0.823529412","1.470588235","N2 S2 P1 O14","de-protonated","0","-9999","C17 H25 O14 N2 P1 S2","17","25","14","2","1","2","-9999","-9999","-9999"
"3886","575.041111","575.041153513","575.040693319","2074458.8","-9999","361223.2","12.7","-1","0.80028112","0.445144661","0.755017935","0.569093971","25","0.1","0.566666667","N4 S2 P1 O3","de-protonated","0","-9999","C30 H17 O3 N4 P1 S2","30","17","3","4","1","2","-9999","-9999","-9999"
"3887","575.070952","575.070994502","575.071229409","2346355.5","-9999","309796.3","14.58","-1","-0.408482974","0.485088754","0.807789663","0.614169117","11","0.727272727","1.090909091","S1 O16","de-protonated","0","-9999","C22 H24 O16 S1","22","24","16","-9999","-9999","1","-9999","-9999","-9999"
"3887","575.070952","575.070994502","575.070716344","2346355.5","-9999","309796.3","14.58","-1","0.48369259","0.47921849","0.725399619","0.577690942","29","0.142857143","0.457142857","N2 S1 O5","de-protonated","0","-9999","C35 H16 O5 N2 S1","35","16","5","2","-9999","1","-9999","-9999","-9999"
"3887","575.070952","575.070994502","575.070849286","2346355.5","-9999","309796.3","14.58","-1","0.252517953","0.494248272","0.793917021","0.614115772","16","0.541666667","0.875","N2 P1 O13","de-protonated","0","-9999","C24 H21 O13 N2 P1","24","21","13","2","1","-9999","-9999","-9999","-9999"
"3888","575.074817","575.0748595","575.074739096","1760118.8","-9999","449763.2","10.52","-1","0.209370959","0.496038764","0.698017357","0.576830201","33","0.075","0.4","S1 O3","de-protonated","0","-9999","C40 H16 O3 S1","40","16","3","-9999","-9999","1","-9999","-9999","-9999"
"3888","575.074817","575.0748595","575.074872038","1760118.8","-9999","449763.2","10.52","-1","-0.021801996","0.499956878","0.761234226","0.604467817","20","0.379310345","0.724137931","P1 O11","de-protonated","0","-9999","C29 H21 O11 P1","29","21","11","-9999","1","-9999","-9999","-9999","-9999"
"3888","575.074817","575.0748595","575.074600712","1760118.8","-9999","449763.2","10.52","-1","0.450008363","0.963922169","0","0.578353302","6","0.842105263","1.473684211","S2 O16","de-protonated","0","-9999","C19 H28 O16 S2","19","28","16","-9999","-9999","2","-9999","-9999","-9999"
"3888","575.074817","575.0748595","575.075068743","1760118.8","-9999","449763.2","10.52","-1","-0.363852098","0.976264532","0","0.585758719","12","0.894736842","1.052631579","N4 O17","de-protonated","0","-9999","C19 H20 O17 N4","19","20","17","4","-9999","-9999","-9999","-9999","-9999"
"3889","575.077645","575.077687499","575.0781104","4764537","-9999","313808.2","31.32","-1","-0.73537917","0.453268117","0.714192896","0.557638029","28","0.081081081","0.540540541","S2 O3","de-protonated","0","-9999","C37 H20 O3 S2","37","20","3","-9999","-9999","2","-9999","-9999","-9999"
"3889","575.077645","575.077687499","575.07724102","4764537","-9999","313808.2","31.32","-1","0.776381631","0.448198654","0.719752637","0.556820247","29","0.222222222","0.444444444","O8","de-protonated","0","-9999","C36 H16 O8","36","16","8","-9999","-9999","-9999","-9999","-9999","-9999"
"3889","575.077645","575.077687499","575.078243342","4764537","-9999","313808.2","31.32","-1","-0.966550552","0.422037897","0.780512821","0.565427866","15","0.423076923","0.961538462","S1 P1 O11","de-protonated","0","-9999","C26 H25 O11 P1 S1","26","25","11","-9999","1","1","-9999","-9999","-9999"
"3889","575.077645","575.077687499","575.077591893","4764537","-9999","313808.2","31.32","-1","0.166249716","0.49749875","0.837042051","0.63331607","6","0.722222222","1.611111111","N2 S2 P1 O13","de-protonated","0","-9999","C18 H29 O13 N2 P1 S2","18","29","13","2","1","2","-9999","-9999","-9999"
"3890","575.105606","575.105648489","575.105384321","1474960.3","-9999","273626.4","8.55","-1","0.459337965","0.481219733","0.714192896","0.574408999","28","0.135135135","0.567567568","P1 O5","de-protonated","0","-9999","C37 H21 O5 P1","37","21","5","-9999","1","-9999","-9999","-9999","-9999"
"3890","575.105606","575.105648489","575.105112995","1474960.3","-9999","273626.4","8.55","-1","0.93112352","0.854435399","0","0.51266124","14","0.37037037","1.037037037","S2 O10","de-protonated","0","-9999","C27 H28 O10 S2","27","28","10","-9999","-9999","2","-9999","-9999","-9999"
"3890","575.105606","575.105648489","575.105581025","1474960.3","-9999","273626.4","8.55","-1","0.117305847","0.997506261","0","0.598503756","20","0.407407407","0.740740741","N4 O11","de-protonated","0","-9999","C27 H20 O11 N4","27","20","11","4","-9999","-9999","-9999","-9999","-9999"
"3891","575.107371","575.107413488","575.107753302","2002833.8","-9999","285898.6","11.57","-1","-0.590871299","0.46930793","0.677556332","0.552607291","37","0.045454545","0.363636364","O2","de-protonated","0","-9999","C44 H16 O2","44","16","2","-9999","-9999","-9999","-9999","-9999","-9999"
"3891","575.107371","575.107413488","575.107614918","2002833.8","-9999","285898.6","11.57","-1","-0.350247902","0.48899347","0.800793265","0.613713388","10","0.652173913","1.217391304","S1 O15","de-protonated","0","-9999","C23 H28 O15 S1","23","28","15","-9999","-9999","1","-9999","-9999","-9999"
"3891","575.107371","575.107413488","575.107101854","2002833.8","-9999","285898.6","11.57","-1","0.541871268","0.474058307","0.719752637","0.572336039","28","0.111111111","0.555555556","N2 S1 O4","de-protonated","0","-9999","C36 H20 O4 N2 S1","36","20","4","2","-9999","1","-9999","-9999","-9999"
"3891","575.107371","575.107413488","575.107234796","2002833.8","-9999","285898.6","11.57","-1","0.310711245","0.491317606","0.787157861","0.609653708","15","0.48","1","N2 P1 O12","de-protonated","0","-9999","C25 H25 O12 N2 P1","25","25","12","2","1","-9999","-9999","-9999","-9999"
"3892","575.111057","575.111099486","575.111124606","1434516.8","-9999","515977.9","7.84","-1","-0.04367749","0.499826953","0.692787115","0.577011018","32","0.048780488","0.487804878","S1 O2","de-protonated","0","-9999","C41 H20 O2 S1","41","20","2","-9999","-9999","1","-9999","-9999","-9999"
"3892","575.111057","575.111099486","575.111257548","1434516.8","-9999","515977.9","7.84","-1","-0.274835761","0.986387824","0","0.591832694","19","0.333333333","0.833333333","P1 O10","de-protonated","0","-9999","C30 H25 O10 P1","30","25","10","-9999","1","-9999","-9999","-9999","-9999"
"3892","575.111057","575.111099486","575.110986221","1434516.8","-9999","515977.9","7.84","-1","0.196944629","0.992986824","0","0.595792094","5","0.75","1.6","S2 O15","de-protonated","0","-9999","C20 H32 O15 S2","20","32","15","-9999","-9999","2","-9999","-9999","-9999"
"3892","575.111057","575.111099486","575.110606099","1434516.8","-9999","515977.9","7.84","-1","0.857900262","0.874988148","0","0.524992889","10","0.545454545","1.318181818","N2 S1 P1 O12","de-protonated","0","-9999","C22 H29 O12 N2 P1 S1","22","29","12","2","1","1","-9999","-9999","-9999"
"3892","575.111057","575.111099486","575.111454252","1434516.8","-9999","515977.9","7.84","-1","-0.616864136","0.933284587","0","0.559970752","11","0.8","1.2","N4 O16","de-protonated","0","-9999","C20 H24 O16 N4","20","24","16","4","-9999","-9999","-9999","-9999","-9999"
"3893","575.114045","575.114087485","575.114495909","4687767.5","-9999","294954.1","29.19","-1","-0.710160999","0.4562762","0.70871839","0.557253076","27","0.052631579","0.631578947","S2 O2","de-protonated","0","-9999","C38 H24 O2 S2","38","24","2","-9999","-9999","2","-9999","-9999","-9999"
"3893","575.114045","575.114087485","575.113626529","4687767.5","-9999","294954.1","29.19","-1","0.801504196","0.444986451","0.714192896","0.552669029","28","0.189189189","0.540540541","O7","de-protonated","0","-9999","C37 H20 O7","37","20","7","-9999","-9999","-9999","-9999","-9999","-9999"
"3893","575.114045","575.114087485","575.114628851","4687767.5","-9999","294954.1","29.19","-1","-0.941317762","0.425740585","0.773979033","0.565035964","14","0.37037037","1.074074074","S1 P1 O10","de-protonated","0","-9999","C27 H29 O10 P1 S1","27","29","10","-9999","1","1","-9999","-9999","-9999"
"3893","575.114045","575.114087485","575.113977402","4687767.5","-9999","294954.1","29.19","-1","0.191410867","0.496687055","0.829532115","0.629825079","5","0.631578947","1.736842105","N2 S2 P1 O12","de-protonated","0","-9999","C19 H33 O12 N2 P1 S2","19","33","12","2","1","2","-9999","-9999","-9999"
"3894","575.143596","575.143638474","575.144138812","1910959.9","-9999","235577.9","10.97","-1","-0.869935005","0.43584649600000003","0.672627142","0.530558754","36","0.022222222","0.444444444","O1","de-protonated","0","-9999","C45 H20 O1","45","20","1","-9999","-9999","-9999","-9999","-9999","-9999"
"3894","575.143596","575.143638474","575.144000427","1910959.9","-9999","235577.9","10.97","-1","-0.629326897","0.465329111","0.793917021","0.596764275","9","0.583333333","1.333333333","S1 O14","de-protonated","0","-9999","C24 H32 O14 S1","24","32","14","-9999","-9999","1","-9999","-9999","-9999"
"3894","575.143596","575.143638474","575.143487363","1910959.9","-9999","235577.9","10.97","-1","0.262735585","0.493776358","0.714192896","0.581942973","27","0.081081081","0.648648649","N2 S1 O3","de-protonated","0","-9999","C37 H24 O3 N2 S1","37","24","3","2","-9999","1","-9999","-9999","-9999"
"3894","575.143596","575.143638474","575.143620305","1910959.9","-9999","235577.9","10.97","-1","0.03159025","0.49990947","0.780512821","0.61215081","14","0.423076923","1.115384615","N2 P1 O11","de-protonated","0","-9999","C26 H29 O11 N2 P1","26","29","11","2","1","-9999","-9999","-9999","-9999"
"3895","575.150439","575.150481471","575.150881418","3823541.5","-9999","289034.6","23.52","-1","-0.695378061","0.457999672","0.703327172","0.556130672","26","0.025641026","0.717948718","S2 O1","de-protonated","0","-9999","C39 H28 O1 S2","39","28","1","-9999","-9999","2","-9999","-9999","-9999"
"3895","575.150439","575.150481471","575.150012039","3823541.5","-9999","289034.6","23.52","-1","0.816191525","0.443072175","0.70871839","0.549330661","27","0.157894737","0.631578947","O6","de-protonated","0","-9999","C38 H24 O6","38","24","6","-9999","-9999","-9999","-9999","-9999","-9999"
"3895","575.150439","575.150481471","575.15101436","3823541.5","-9999","289034.6","23.52","-1","-0.926520203","0.427881096","0.767553728","0.563750149","13","0.321428571","1.178571429","S1 P1 O9","de-protonated","0","-9999","C28 H33 O9 P1 S1","28","33","9","-9999","1","1","-9999","-9999","-9999"
"3895","575.150439","575.150481471","575.150362912","3823541.5","-9999","289034.6","23.52","-1","0.206136783","0.496159731","0.822155738","0.626558134","4","0.55","1.85","N2 S2 P1 O11","de-protonated","0","-9999","C20 H37 O11 N2 P1 S2","20","37","11","2","1","2","-9999","-9999","-9999"
"3896","575.180625","575.18066746","575.180385937","1528270.5","-9999","409307.9","8.45","-1","0.489451227","0.957462904","0","0.574477742","8","0.52","1.44","S1 O13","de-protonated","0","-9999","C25 H36 O13 S1","25","36","13","-9999","-9999","1","-9999","-9999","-9999"
"3896","575.180625","575.18066746","575.180875194","1528270.5","-9999","409307.9","8.45","-1","-0.361163963","0.976609833","0","0.5859659","12","0.178571429","1.321428571","N2 S2 P1 O5","de-protonated","0","-9999","C28 H37 O5 N2 P1 S2","28","37","5","2","1","2","-9999","-9999","-9999"
"3897","575.186729","575.186771457","575.186397548","3602387.5","-9999","276168.9","22.07","-1","0.650066114","0.463094174","0.703327172","0.559187373","26","0.128205128","0.717948718","O5","de-protonated","0","-9999","C39 H28 O5","39","28","5","-9999","-9999","-9999","-9999","-9999","-9999"
"3897","575.186729","575.186771457","575.186748421","3602387.5","-9999","276168.9","22.07","-1","0.040050064","0.499854499","0.81490939","0.625876455","3","0.476190476","1.952380952","N2 S2 P1 O10","de-protonated","0","-9999","C21 H41 O10 N2 P1 S2","21","41","10","2","1","2","-9999","-9999","-9999"
"3898","575.223225","575.223267443","575.222783057","2380274","-9999","289802.7","14.05","-1","0.842083696","0.439633725","0.698017357","0.542987178","25","0.1","0.8","O4","de-protonated","0","-9999","C40 H32 O4","40","32","4","-9999","-9999","-9999","-9999","-9999","-9999"
"3898","575.223225","575.223267443","575.223785379","2380274","-9999","289802.7","14.05","-1","-0.900407608","0.43160098","0.755017935","0.560967762","11","0.233333333","1.366666667","S1 P1 O7","de-protonated","0","-9999","C30 H41 O7 P1 S1","30","41","7","-9999","1","1","-9999","-9999","-9999"
"3898","575.223225","575.223267443","575.22313393","2380274","-9999","289802.7","14.05","-1","0.232106116","0.495136196","0.807789663","0.620197583","2","0.409090909","2.045454545","N2 S2 P1 O9","de-protonated","0","-9999","C22 H45 O9 N2 P1 S2","22","45","9","2","1","2","-9999","-9999","-9999"
"3899","575.229111","575.229153441","575.229525664","1414646.9","-9999","375842.1","7.71","-1","-0.647086374","0.46341907","0.73113591","0.570505806","15","0.117647059","1.176470588","S2 O4","de-protonated","0","-9999","C34 H40 O4 S2","34","40","4","-9999","-9999","2","-9999","-9999","-9999"
"3899","575.229111","575.229153441","575.228656284","1414646.9","-9999","375842.1","7.71","-1","0.864276625","0.436623222","0.736963647","0.556759392","16","0.272727273","1.090909091","O9","de-protonated","0","-9999","C33 H36 O9","33","36","9","-9999","-9999","-9999","-9999","-9999","-9999"
"3899","575.229111","575.229153441","575.229658606","1414646.9","-9999","375842.1","7.71","-1","-0.878196926","0.869411579","0","0.521646948","2","0.52173913","1.956521739","S1 P1 O12","de-protonated","0","-9999","C23 H45 O12 P1 S1","23","45","12","-9999","1","1","-9999","-9999","-9999"
"3899","575.229111","575.229153441","575.229145541","1414646.9","-9999","375842.1","7.71","-1","0.013732496","0.499982891","0.719752637","0.58789079","20","0.027777778","1.027777778","N2 S1 P1 O1","de-protonated","0","-9999","C36 H37 O1 N2 P1 S1","36","37","1","2","1","1","-9999","-9999","-9999"
"3900","575.231669","575.23171144","575.232027587","1515513","-9999","317819.9","8.37","-1","-0.549600182","0.47333323","0.755017935","0.586007112","11","0.3","1.333333333","S1 O9","de-protonated","0","-9999","C30 H40 O9 S1","30","40","9","-9999","-9999","1","-9999","-9999","-9999"
"3900","575.231669","575.23171144","575.231647465","1515513","-9999","317819.9","8.37","-1","0.111215878","0.498879091","0.742885034","0.596481469","16","0.1875","1.15625","N2 P1 O6","de-protonated","0","-9999","C32 H37 O6 N2 P1","32","37","6","2","1","-9999","-9999","-9999","-9999"
"3900","575.231669","575.23171144","575.231376139","1515513","-9999","317819.9","8.37","-1","0.582897712","0.940211176","0","0.564126706","2","0.5","2","N2 S2 O11","de-protonated","0","-9999","C22 H44 O11 N2 S2","22","44","11","2","-9999","2","-9999","-9999","-9999"
"3901","575.235332","575.235374438","575.235670217","4606972","-9999","311184.7","28.66","-1","-0.514186686","0.926601396","0.973227927","0.945252008","20","0.108108108","1","P1 O4","de-protonated","0","-9999","C37 H37 O4 P1","37","37","4","-9999","1","-9999","-9999","-9999","-9999"
"3901","575.235332","575.235374438","575.235398891","4606972","-9999","311184.7","28.66","-1","-0.042508446","0.992213106","0.966985936","0.982122238","6","0.333333333","1.62962963","S2 O9","de-protonated","0","-9999","C27 H44 O9 S2","27","44","9","-9999","-9999","2","-9999","-9999","-9999"
"3901","575.235332","575.235374438","575.235018768","4606972","-9999","311184.7","28.66","-1","0.618304076","0.954310885","0.979730743","0.964478828","11","0.206896552","1.413793103","N2 S1 P1 O6","de-protonated","0","-9999","C29 H41 O6 N2 P1 S1","29","41","6","2","1","1","-9999","-9999","-9999"
"3901","575.235332","575.235374438","575.235866921","4606972","-9999","311184.7","28.66","-1","-0.856141005","0.437733513","0.773979033","0.572231721","12","0.37037037","1.333333333","N4 O10","de-protonated","0","-9999","C27 H36 O10 N4","27","36","10","4","-9999","-9999","-9999","-9999","-9999"
"3902","575.238717","575.238759437","575.23904152","2399230.8","-9999","521790.9","14.17","-1","-0.490375534","0.478652788","0.73113591","0.579646037","15","0.117647059","1.205882353","S1 P1 O4","de-protonated","0","-9999","C34 H41 O4 P1 S1","34","41","4","-9999","1","1","-9999","-9999","-9999"
"3902","575.238717","575.238759437","575.238390072","2399230.8","-9999","521790.9","14.17","-1","0.642108619","0.463958994","0.780512821","0.590580525","6","0.230769231","1.730769231","N2 S2 P1 O6","de-protonated","0","-9999","C26 H45 O6 N2 P1 S2","26","45","6","2","1","2","-9999","-9999","-9999"
"3902","575.238717","575.238759437","575.239238225","2399230.8","-9999","521790.9","14.17","-1","-0.832327856","0.44093874","0.793917021","0.582130052","7","0.416666667","1.666666667","N4 S1 O10","de-protonated","0","-9999","C24 H40 O10 N4 S1","24","40","10","4","-9999","1","-9999","-9999","-9999"
"3903","575.24155","575.241592436","575.241410502","11492353","-9999","311418.2","73.86","-1","0.316274228","0.495171724","0.879048178","0.648722305","24","0.024390244","0.87804878","S1 O1","de-protonated","0","-9999","C41 H36 O1 S1","41","36","1","-9999","-9999","1","-9999","-9999","-9999"
"3903","575.24155","575.241592436","575.241543444","11492353","-9999","311418.2","73.86","-1","0.085168228","0.660234101","0.963001425","0.781341031","11","0.3","1.366666667","P1 O9","de-protonated","0","-9999","C30 H41 O9 P1","30","41","9","-9999","1","-9999","-9999","-9999","-9999"
"3903","575.24155","575.241592436","575.241740148","11492353","-9999","311418.2","73.86","-1","-0.256782804","0.956321316","0.93006538","0.945818941","3","0.75","2","N4 O15","de-protonated","0","-9999","C20 H40 O15 N4","20","40","15","4","-9999","-9999","-9999","-9999","-9999"
"3904","575.259822","575.259864429","575.260170888","1352976.4","-9999","351878.6","7.3","-1","-0.532731773","0.949807727","0","0.56988463600000006","10","0.193548387","1.451612903","S1 P1 O6","de-protonated","0","-9999","C31 H45 O6 P1 S1","31","45","6","-9999","1","1","-9999","-9999","-9999"
"3904","575.259822","575.259864429","575.25951944","1352976.4","-9999","351878.6","7.3","-1","0.599710735","0.936825208","0","0.562095125","1","0.347826087","2.130434783","N2 S2 P1 O8","de-protonated","0","-9999","C23 H49 O8 N2 P1 S2","23","49","8","2","1","2","-9999","-9999","-9999"
"3904","575.259822","575.259864429","575.260367593","1352976.4","-9999","351878.6","7.3","-1","-0.874671521","0.870386976","0","0.522232186","2","0.571428571","2.095238095","N4 S1 O12","de-protonated","0","-9999","C21 H44 O12 N4 S1","21","44","12","4","-9999","1","-9999","-9999","-9999"
"3905","575.293194","575.293236416","575.293185094","1521452","-9999","264924.5","8.41","-1","0.08920964","0.499278504","0.725399619","0.58972695","14","0.142857143","1.285714286","P1 O5","de-protonated","0","-9999","C35 H45 O5 P1","35","45","5","-9999","1","-9999","-9999","-9999","-9999"
"3905","575.293194","575.293236416","575.292913768","1521452","-9999","264924.5","8.41","-1","0.560841009","0.944524788","0","0.566714873","0","0.4","2.08","S2 O10","de-protonated","0","-9999","C25 H52 O10 S2","25","52","10","-9999","-9999","2","-9999","-9999","-9999"
"3905","575.293194","575.293236416","575.293381799","1521452","-9999","264924.5","8.41","-1","-0.252710698","0.988479078","0","0.593087447","6","0.44","1.76","N4 O11","de-protonated","0","-9999","C25 H44 O11 N4","25","44","11","4","-9999","-9999","-9999","-9999","-9999"
"3906","575.98985","575.989892147","575.990336059","1828975","-9999","383770.7","10.42","-1","-0.770693867","0.897829674","0","0.538697804","18","0.818181818","0.5","N1 O18","de-protonated","0","-9999","C22 H11 O18 N1","22","11","18","1","-9999","-9999","-9999","-9999","-9999"
"3907","575.996168","575.996210144","575.996565601","4105844.3","-9999","308549.8","25.37","-1","-0.617116617","0.466615914","0.761234226","0.584463239","26","0.24137931","0.379310345","N3 S2 O7","de-protonated","0","-9999","C29 H11 O7 N3 S2","29","11","7","3","-9999","2","-9999","-9999","-9999"
"3907","575.996168","575.996210144","575.996698543","4105844.3","-9999","308549.8","25.37","-1","-0.847919412","0.438847697","0.837042051","0.598125438","13","0.833333333","0.888888889","N3 S1 P1 O15","de-protonated","0","-9999","C18 H16 O15 N3 P1 S1","18","16","15","3","1","1","-9999","-9999","-9999"
"3908","576.000276","576.000318143","576.000588353","1514615.8","-9999","265321.1","8.36","-1","-0.469115216","0.48042775","0.73113591","0.580711014","30","0.147058824","0.323529412","N1 S2 O5","de-protonated","0","-9999","C34 H11 O5 N1 S2","34","11","5","1","-9999","2","-9999","-9999","-9999"
"3908","576.000276","576.000318143","576.000721295","1514615.8","-9999","265321.1","8.36","-1","-0.699916433","0.914947466","0","0.54896848","17","0.565217391","0.695652174","N1 S1 P1 O13","de-protonated","0","-9999","C23 H16 O13 N1 P1 S1","23","16","13","1","1","1","-9999","-9999","-9999"
"3909","576.237731","576.237773051","576.237661796","1893693.3","-9999","407506.8","10.85","-1","0.193071592","0.496629513","0.755017935","0.599984882","10","0.133333333","1.466666667","N1 S2 P1 O4","de-protonated","0","-9999","C30 H44 O4 N1 P1 S2","30","44","4","1","1","2","-9999","-9999","-9999"
"3910","576.238544","576.238586051","576.239025052","1610558.1","-9999","347682.4","8.99","-1","-0.761839102","0.900043122","0.973227927","0.929317044","20","0.108108108","1","13C1 P1 O4","de-protonated","1","3901","C36 H37 O4 P1 13C1","36","37","4","-9999","1","-9999","1","-9999","-9999"
"3910","576.238544","576.238586051","576.238753726","1610558.1","-9999","347682.4","8.99","-1","-0.290982272","0.984754031","0.966985936","0.977646793","6","0.333333333","1.62962963","13C1 S2 O9","de-protonated","1","3901","C26 H44 O9 S2 13C1","26","44","9","-9999","-9999","2","1","-9999","-9999"
"3910","576.238544","576.238586051","576.239161398","1610558.1","-9999","347682.4","8.99","-1","-0.998451824","0.417264706","0.719752637","0.538259878","20","0.166666667","0.972222222","N1 O6","de-protonated","0","-9999","C36 H35 O6 N1","36","35","6","1","-9999","-9999","-9999","-9999","-9999"
"3910","576.238544","576.238586051","576.238373603","1610558.1","-9999","347682.4","8.99","-1","0.368679471","0.975638324","0.979730743","0.977275291","11","0.206896552","1.413793103","13C1 N2 S1 P1 O6","de-protonated","1","3901","C28 H41 O6 N2 P1 S1 13C1","28","41","6","2","1","1","1","-9999","-9999"
"3910","576.238544","576.238586051","576.238509949","1610558.1","-9999","347682.4","8.99","-1","0.132066214","0.498420134","0.767553728","0.606073572","11","0.285714286","1.392857143","N3 S1 O8","de-protonated","0","-9999","C28 H39 O8 N3 S1","28","39","8","3","-9999","1","-9999","-9999","-9999"
"3911","576.244674","576.244716048","576.244765337","3785539","-9999","205609.3","23.27","-1","-0.08553454","0.499336687","0.879048178","0.651221283","24","0.024390244","0.87804878","13C1 S1 O1","de-protonated","1","3903","C40 H36 O1 S1 13C1","40","36","1","-9999","-9999","1","1","-9999","-9999"
"3911","576.244674","576.244716048","576.244898279","3785539","-9999","205609.3","23.27","-1","-0.316238047","0.6546784","0.963001425","0.77800761","11","0.3","1.366666667","13C1 P1 O9","de-protonated","1","3903","C29 H41 O9 P1 13C1","29","41","9","-9999","1","-9999","1","-9999","-9999"
"3911","576.244674","576.244716048","576.245034624","3785539","-9999","205609.3","23.27","-1","-0.552848462","0.473025768","0.761234226","0.588309151","11","0.379310345","1.344827586","N1 O11","de-protonated","0","-9999","C29 H39 O11 N1","29","39","11","1","-9999","-9999","-9999","-9999","-9999"
"3911","576.244674","576.244716048","576.244383176","3785539","-9999","205609.3","23.27","-1","0.577658557","0.470624527","0.81490939","0.608338472","2","0.619047619","2.047619048","N3 S1 O13","de-protonated","0","-9999","C21 H43 O13 N3 S1","21","43","13","3","-9999","1","-9999","-9999","-9999"
"3911","576.244674","576.244716048","576.245094983","3785539","-9999","205609.3","23.27","-1","-0.657593539","0.9245356","0.93006538","0.926747512","3","0.75","2","13C1 N4 O15","de-protonated","1","3903","C19 H40 O15 N4 13C1","19","40","15","4","-9999","-9999","1","-9999","-9999"
"3912","576.274517","576.274559037","576.274047305","1576539.9","-9999","260005.8","8.76","-1","0.888000343","0.433342199","0.748902347","0.559566258","9","0.096774194","1.548387097","N1 S2 P1 O3","de-protonated","0","-9999","C31 H48 O3 N1 P1 S2","31","48","3","1","1","2","-9999","-9999","-9999"
"3912","576.274517","576.274559037","576.274895458","1576539.9","-9999","260005.8","8.76","-1","-0.583786698","0.470017126","0.761234226","0.586503966","10","0.24137931","1.482758621","N3 S1 O7","de-protonated","0","-9999","C29 H43 O7 N3 S1","29","43","7","3","-9999","1","-9999","-9999","-9999"
"3913","576.280576","576.280618034","576.280768685","4743009","-9999","307372.5","29.55","-1","-0.26141898","0.493838192","0.807789663","0.61941878","1","0.545454545","2.136363636","N3 S1 O12","de-protonated","0","-9999","C22 H47 O12 N3 S1","22","47","12","3","-9999","1","-9999","-9999","-9999"
"3917","576.993478","576.993519759","576.992979086","3320243.3","-9999","328986.8","20.21","-1","0.937051733","0.426360053","0.800793265","0.576133338","17","0.695652174","0.608695652","S1 O16","de-protonated","0","-9999","C23 H14 O16 S1","23","14","16","-9999","-9999","1","-9999","-9999","-9999"
"3917","576.993478","576.993519759","576.993468344","3320243.3","-9999","328986.8","20.21","-1","0.089108324","0.499280141","0.780512821","0.611773213","21","0.307692308","0.576923077","N2 S2 P1 O8","de-protonated","0","-9999","C26 H15 O8 N2 P1 S2","26","15","8","2","1","2","-9999","-9999","-9999"
"3918","577.050387","577.050428737","577.050493964","1541090.8","-9999","296734.7","8.53","-1","-0.11303541","0.997684315","0","0.598610589","11","0.80952381","1.047619048","S1 O17","de-protonated","0","-9999","C21 H22 O17 S1","21","22","17","-9999","-9999","1","-9999","-9999","-9999"
"3918","577.050387","577.050428737","577.0499809","1541090.8","-9999","296734.7","8.53","-1","0.77608028","0.448236702","0.73113591","0.561396385","29","0.176470588","0.411764706","N2 S1 O6","de-protonated","0","-9999","C34 H14 O6 N2 S1","34","14","6","2","-9999","1","-9999","-9999","-9999"
"3918","577.050387","577.050428737","577.050983221","1541090.8","-9999","296734.7","8.53","-1","-0.960893414","0.845747436","0","0.507448462","15","0.375","0.958333333","N2 S2 P1 O9","de-protonated","0","-9999","C24 H23 O9 N2 P1 S2","24","23","9","2","1","2","-9999","-9999","-9999"
"3918","577.050387","577.050428737","577.050113841","1541090.8","-9999","296734.7","8.53","-1","0.545698499","0.94740081","0","0.568440486","16","0.608695652","0.826086957","N2 P1 O14","de-protonated","0","-9999","C23 H19 O14 N2 P1","23","19","14","2","1","-9999","-9999","-9999","-9999"
"3919","577.057097","577.057138734","577.057374955","3593704.5","-9999","282181.4","22","-1","-0.409354101","0.48502605","0.719752637","0.578916685","28","0.111111111","0.5","S2 O4","de-protonated","0","-9999","C36 H18 O4 S2","36","18","4","-9999","-9999","2","-9999","-9999","-9999"
"3919","577.057097","577.057138734","577.057507897","3593704.5","-9999","282181.4","22","-1","-0.639732658","0.464215459","0.787157861","0.59339242","15","0.48","0.92","S1 P1 O12","de-protonated","0","-9999","C25 H23 O12 P1 S1","25","23","12","-9999","1","1","-9999","-9999","-9999"
"3919","577.057097","577.057138734","577.056994832","3593704.5","-9999","282181.4","22","-1","0.249371758","0.494389902","0.70871839","0.580121297","33","0.026315789","0.394736842","N2 S1 P1 O1","de-protonated","0","-9999","C38 H15 O1 N2 P1 S1","38","15","1","2","1","1","-9999","-9999","-9999"
"3919","577.057097","577.057138734","577.056856448","3593704.5","-9999","282181.4","22","-1","0.489182554","0.478754292","0.844689208","0.625128258","6","0.823529412","1.588235294","N2 S2 P1 O14","de-protonated","0","-9999","C17 H27 O14 N2 P1 S2","17","27","14","2","1","2","-9999","-9999","-9999"
"3920","577.085378","577.085419723","577.085518256","1455872.1","-9999","319862.5","7.97","-1","-0.170741758","0.497362119","0.714192896","0.58409443","27","0.027027027","0.621621622","S2 P1 O1","de-protonated","0","-9999","C37 H23 O1 P1 S2","37","23","1","-9999","1","2","-9999","-9999","-9999"
"3920","577.085378","577.085419723","577.085986286","1455872.1","-9999","319862.5","7.97","-1","-0.981765733","0.419773907","0.714192896","0.537541503","33","0.054054054","0.405405405","N4 P1 O2","de-protonated","0","-9999","C37 H15 O2 N4 P1","37","15","2","4","1","-9999","-9999","-9999","-9999"
"3920","577.085378","577.085419723","577.08571496","1455872.1","-9999","319862.5","7.97","-1","-0.51160006","0.953618671","0","0.572171203","19","0.259259259","0.814814815","N4 S2 O7","de-protonated","0","-9999","C27 H22 O7 N4 S2","27","22","7","4","-9999","2","-9999","-9999","-9999"
"3920","577.085378","577.085419723","577.08484558","1455872.1","-9999","319862.5","7.97","-1","0.994901856","0.835601629","0","0.501360978","20","0.461538462","0.692307692","N4 O12","de-protonated","0","-9999","C26 H18 O12 N4","26","18","12","4","-9999","-9999","-9999","-9999","-9999"
"3920","577.085378","577.085419723","577.085847902","1455872.1","-9999","319862.5","7.97","-1","-0.741967279","0.904936681","0","0.542962008","6","0.9375","1.6875","N4 S1 P1 O15","de-protonated","0","-9999","C16 H27 O15 N4 P1 S1","16","27","15","4","1","1","-9999","-9999","-9999"
"3921","577.086932","577.086973723","577.087017858","2700801.3","-9999","322961.2","16.14","-1","-0.076479015","0.499469631","0.6825583","0.572705099","37","0.069767442","0.325581395","O3","de-protonated","0","-9999","C43 H14 O3","43","14","3","-9999","-9999","-9999","-9999","-9999","-9999"
"3921","577.086932","577.086973723","577.086879473","2700801.3","-9999","322961.2","16.14","-1","0.163319227","0.497585941","0.807789663","0.62166743","10","0.727272727","1.181818182","S1 O16","de-protonated","0","-9999","C22 H26 O16 S1","22","26","16","-9999","-9999","1","-9999","-9999","-9999"
"3921","577.086932","577.086973723","577.087368731","2700801.3","-9999","322961.2","16.14","-1","-0.684485553","0.459250436","0.787157861","0.590413406","14","0.32","1.08","N2 S2 P1 O8","de-protonated","0","-9999","C25 H27 O8 N2 P1 S2","25","27","8","2","1","2","-9999","-9999","-9999"
"3921","577.086932","577.086973723","577.086499351","2700801.3","-9999","322961.2","16.14","-1","0.822011785","0.442306291","0.793917021","0.582950583","15","0.541666667","0.958333333","N2 P1 O13","de-protonated","0","-9999","C24 H23 O13 N2 P1","24","23","13","2","1","-9999","-9999","-9999","-9999"
"3922","577.090504","577.090545721","577.090389161","1787396.4","-9999","448109.1","10.14","-1","0.271292427","0.493367115","0.698017357","0.575227212","32","0.075","0.45","S1 O3","de-protonated","0","-9999","C40 H18 O3 S1","40","18","3","-9999","-9999","1","-9999","-9999","-9999"
"3922","577.090504","577.090545721","577.090522103","1787396.4","-9999","448109.1","10.14","-1","0.040926893","0.499848059","0.761234226","0.604402526","19","0.379310345","0.793103448","P1 O11","de-protonated","0","-9999","C29 H23 O11 P1","29","23","11","-9999","1","-9999","-9999","-9999","-9999"
"3922","577.090504","577.090545721","577.090250776","1787396.4","-9999","448109.1","10.14","-1","0.511089352","0.95370905","0","0.57222543","5","0.842105263","1.578947368","S2 O16","de-protonated","0","-9999","C19 H30 O16 S2","19","30","16","-9999","-9999","2","-9999","-9999","-9999"
"3922","577.090504","577.090545721","577.090718807","1787396.4","-9999","448109.1","10.14","-1","-0.299928525","0.983809891","0","0.590285934","11","0.894736842","1.157894737","N4 O17","de-protonated","0","-9999","C19 H22 O17 N4","19","22","17","4","-9999","-9999","-9999","-9999","-9999"
"3923","577.093199","577.09324072","577.093760464","6222342.5","-9999","306628.6","39.26","-1","-0.900623339","0.432743764","0.880149046","0.611705876","27","0.081081081","0.594594595","S2 O3","de-protonated","0","-9999","C37 H22 O3 S2","37","22","3","-9999","-9999","2","-9999","-9999","-9999"
"3923","577.093199","577.09324072","577.092891084","6222342.5","-9999","306628.6","39.26","-1","0.605856987","0.934098499","0.96197315","0.945248359","28","0.222222222","0.5","O8","de-protonated","0","-9999","C36 H18 O8","36","18","8","-9999","-9999","-9999","-9999","-9999","-9999"
"3923","577.093199","577.09324072","577.093241957","6222342.5","-9999","306628.6","39.26","-1","-0.002143778","0.6666561","0.909382221","0.763746549","5","0.722222222","1.722222222","N2 S2 P1 O13","de-protonated","0","-9999","C18 H31 O13 N2 P1 S2","18","31","13","2","1","2","-9999","-9999","-9999"
"3923","577.093199","577.09324072","577.092728893","6222342.5","-9999","306628.6","39.26","-1","0.88690615","0.576717268","0.937194733","0.720908254","23","0.064516129","0.741935484","N4 S2 P1 O2","de-protonated","0","-9999","C31 H23 O2 N4 P1 S2","31","23","2","4","1","2","-9999","-9999","-9999"
"3924","577.12115","577.121191709","577.121034385","1408094","-9999","211400.2","7.65","-1","0.272601561","0.493303377","0.714192896","0.581659185","27","0.135135135","0.621621622","P1 O5","de-protonated","0","-9999","C37 H23 O5 P1","37","23","5","-9999","1","-9999","-9999","-9999","-9999"
"3924","577.12115","577.121191709","577.120763059","1408094","-9999","211400.2","7.65","-1","0.742739271","0.904748498","0","0.542849099","13","0.37037037","1.111111111","S2 O10","de-protonated","0","-9999","C27 H30 O10 S2","27","30","10","-9999","-9999","2","-9999","-9999","-9999"
"3924","577.12115","577.121191709","577.12123109","1408094","-9999","211400.2","7.65","-1","-0.068235915","0.999155506","0","0.599493304","19","0.407407407","0.814814815","N4 O11","de-protonated","0","-9999","C27 H22 O11 N4","27","22","11","4","-9999","-9999","-9999","-9999","-9999"
"3925","577.123018","577.123059709","577.123403367","2550815.5","-9999","274618.4","15.16","-1","-0.595467703","0.468843817","0.677556332","0.552328823","36","0.045454545","0.409090909","O2","de-protonated","0","-9999","C44 H18 O2","44","18","2","-9999","-9999","-9999","-9999","-9999","-9999"
"3925","577.123018","577.123059709","577.123264983","2550815.5","-9999","274618.4","15.16","-1","-0.355684703","0.488653052","0.800793265","0.613509138","9","0.652173913","1.304347826","S1 O15","de-protonated","0","-9999","C23 H30 O15 S1","23","30","15","-9999","-9999","1","-9999","-9999","-9999"
"3925","577.123018","577.123059709","577.122751918","2550815.5","-9999","274618.4","15.16","-1","0.53331866000000006","0.474849954","0.719752637","0.572811027","27","0.111111111","0.611111111","N2 S1 O4","de-protonated","0","-9999","C36 H22 O4 N2 S1","36","22","4","2","-9999","1","-9999","-9999","-9999"
"3925","577.123018","577.123059709","577.12288486","2550815.5","-9999","274618.4","15.16","-1","0.302965984","0.491741522","0.787157861","0.609908058","14","0.48","1.08","N2 P1 O12","de-protonated","0","-9999","C25 H27 O12 N2 P1","25","27","12","2","1","-9999","-9999","-9999","-9999"
"3926","577.129646","577.129687706","577.130145974","5472805","-9999","313476.5","34.34","-1","-0.794045421","0.620580612","0.885075752","0.726378668","26","0.052631579","0.684210526","S2 O2","de-protonated","0","-9999","C38 H26 O2 S2","38","26","2","-9999","-9999","2","-9999","-9999","-9999"
"3926","577.129646","577.129687706","577.129276594","5472805","-9999","313476.5","34.34","-1","0.712340089","0.456019641","0.714192896","0.559288943","27","0.189189189","0.594594595","O7","de-protonated","0","-9999","C37 H22 O7","37","22","7","-9999","-9999","-9999","-9999","-9999","-9999"
"3926","577.129646","577.129687706","577.129627467","5472805","-9999","313476.5","34.34","-1","0.104377591","0.652020097","0.930900115","0.763572104","4","0.631578947","1.842105263","N2 S2 P1 O12","de-protonated","0","-9999","C19 H35 O12 N2 P1 S2","19","35","12","2","1","2","-9999","-9999","-9999"
"3926","577.129646","577.129687706","577.129114402","5472805","-9999","313476.5","34.34","-1","0.993371563","0.278687693","0.696579456","0.445844398","22","0.03125","0.84375","N4 S2 P1 O1","de-protonated","0","-9999","C32 H27 O1 N4 P1 S2","32","27","1","4","1","2","-9999","-9999","-9999"
"3927","577.131752","577.131793705","577.132267775","1423398.8","-9999","669181.9","7.75","-1","-0.821422263","0.442384053","0.719752637","0.553331487","27","0.111111111","0.638888889","N2 P1 O4","de-protonated","0","-9999","C36 H23 O4 N2 P1","36","23","4","2","1","-9999","-9999","-9999","-9999"
"3927","577.131752","577.131793705","577.131996448","1423398.8","-9999","669181.9","7.75","-1","-0.351294218","0.977856691","0","0.586714015","13","0.346153846","1.153846154","N2 S2 O9","de-protonated","0","-9999","C26 H30 O9 N2 S2","26","30","9","2","-9999","2","-9999","-9999","-9999"
"3927","577.131752","577.131793705","577.131616326","1423398.8","-9999","669181.9","7.75","-1","0.307346507","0.983006071","0","0.589803642","18","0.214285714","0.964285714","N4 S1 P1 O6","de-protonated","0","-9999","C28 H27 O6 N4 P1 S1","28","27","6","4","1","1","-9999","-9999","-9999"
"3928","577.159558","577.159599694","577.159788876","1866302","-9999","255097.1","10.66","-1","-0.327780671","0.490346959","0.672627142","0.563259032","35","0.022222222","0.488888889","O1","de-protonated","0","-9999","C45 H22 O1","45","22","1","-9999","-9999","-9999","-9999","-9999","-9999"
"3928","577.159558","577.159599694","577.159650492","1866302","-9999","255097.1","10.66","-1","-0.088012724","0.49929772100000003","0.793917021","0.617145441","8","0.583333333","1.416666667","S1 O14","de-protonated","0","-9999","C24 H34 O14 S1","24","34","14","-9999","-9999","1","-9999","-9999","-9999"
"3928","577.159558","577.159599694","577.159137428","1866302","-9999","255097.1","10.66","-1","0.800934832","0.445060124","0.714192896","0.552713233","26","0.081081081","0.702702703","N2 S1 O3","de-protonated","0","-9999","C37 H26 O3 N2 S1","37","26","3","2","-9999","1","-9999","-9999","-9999"
"3928","577.159558","577.159599694","577.160139749","1866302","-9999","255097.1","10.66","-1","-0.93571039600000006","0.426554433","0.773979033","0.565524273","12","0.222222222","1.296296296","N2 S2 P1 O6","de-protonated","0","-9999","C27 H35 O6 N2 P1 S2","27","35","6","2","1","2","-9999","-9999","-9999"
"3928","577.159558","577.159599694","577.159270369","1866302","-9999","255097.1","10.66","-1","0.570596617","0.471317491","0.780512821","0.594995623","13","0.423076923","1.192307692","N2 P1 O11","de-protonated","0","-9999","C26 H31 O11 N2 P1","26","31","11","2","1","-9999","-9999","-9999","-9999"
"3929","577.166059","577.166100692","577.166531483","5284419.5","-9999","323580.5","33.1","-1","-0.746389391","0.451928308","0.703327172","0.552487854","25","0.025641026","0.769230769","S2 O1","de-protonated","0","-9999","C39 H30 O1 S2","39","30","1","-9999","-9999","2","-9999","-9999","-9999"
"3929","577.166059","577.166100692","577.165662103","5284419.5","-9999","323580.5","33.1","-1","0.759901225","0.450262424","0.70871839","0.55364481","26","0.157894737","0.684210526","O6","de-protonated","0","-9999","C38 H26 O6","38","26","6","-9999","-9999","-9999","-9999","-9999","-9999"
"3929","577.166059","577.166100692","577.166664425","5284419.5","-9999","323580.5","33.1","-1","-0.9767243","0.420526628","0.767553728","0.559337468","12","0.321428571","1.25","S1 P1 O9","de-protonated","0","-9999","C28 H35 O9 P1 S1","28","35","9","-9999","1","1","-9999","-9999","-9999"
"3929","577.166059","577.166100692","577.166012976","5284419.5","-9999","323580.5","33.1","-1","0.151977025","0.497908923","0.822155738","0.627607649","3","0.55","1.95","N2 S2 P1 O11","de-protonated","0","-9999","C20 H39 O11 N2 P1 S2","20","39","11","2","1","2","-9999","-9999","-9999"
"3930","577.195128","577.195169681","577.195522937","1444187.8","-9999","240383.4","7.89","-1","-0.612021802","0.467146419","0.70871839","0.563775207","25","0.052631579","0.789473684","N2 S1 O2","de-protonated","0","-9999","C38 H30 O2 N2 S1","38","30","2","2","-9999","1","-9999","-9999","-9999"
"3930","577.195128","577.195169681","577.195655879","1444187.8","-9999","240383.4","7.89","-1","-0.842345172","0.879197184","0","0.52751831","12","0.37037037","1.296296296","N2 P1 O10","de-protonated","0","-9999","C27 H35 O10 N2 P1","27","35","10","2","1","-9999","-9999","-9999","-9999"
"3930","577.195128","577.195169681","577.194871488","1444187.8","-9999","240383.4","7.89","-1","0.516623502","0.952725337","0","0.571635202","16","0.133333333","1.133333333","N4 S2 O4","de-protonated","0","-9999","C30 H34 O4 N4 S2","30","34","4","4","-9999","2","-9999","-9999","-9999"
"3930","577.195128","577.195169681","577.19500443","1444187.8","-9999","240383.4","7.89","-1","0.286299612","0.985237166","0","0.591142299","3","0.631578947","2.052631579","N4 S1 P1 O12","de-protonated","0","-9999","C19 H39 O12 N4 P1 S1","19","39","12","4","1","1","-9999","-9999","-9999"
"3931","577.202395","577.202436678","577.202047612","4187745.8","-9999","315952.7","25.9","-1","0.674054256","0.46043285900000003","0.703327172","0.557590584","25","0.128205128","0.769230769","O5","de-protonated","0","-9999","C39 H30 O5","39","30","5","-9999","-9999","-9999","-9999","-9999","-9999"
"3931","577.202395","577.202436678","577.202398485","4187745.8","-9999","315952.7","25.9","-1","0.06616843","0.499602943","0.81490939","0.625725522","2","0.476190476","2.047619048","N2 S2 P1 O10","de-protonated","0","-9999","C21 H43 O10 N2 P1 S2","21","43","10","2","1","2","-9999","-9999","-9999"
"3932","577.238931","577.238972664","577.238433122","2197120.3","-9999","293827.5","12.83","-1","0.934695251","0.426701416","0.698017357","0.535227792","24","0.1","0.85","O4","de-protonated","0","-9999","C40 H34 O4","40","34","4","-9999","-9999","-9999","-9999","-9999","-9999"
"3932","577.238931","577.238972664","577.239435443","2197120.3","-9999","293827.5","12.83","-1","-0.801711646","0.444959598","0.755017935","0.568982933","10","0.233333333","1.433333333","S1 P1 O7","de-protonated","0","-9999","C30 H43 O7 P1 S1","30","43","7","-9999","1","1","-9999","-9999","-9999"
"3932","577.238931","577.238972664","577.238783995","2197120.3","-9999","293827.5","12.83","-1","0.326847585","0.490401309","0.807789663","0.617356651","1","0.409090909","2.136363636","N2 S2 P1 O9","de-protonated","0","-9999","C22 H47 O9 N2 P1 S2","22","47","9","2","1","2","-9999","-9999","-9999"
"3933","578.096563","578.096604332","578.097115299","1988941.4","-9999","364381.7","11.46","-1","-0.883877558","0.433916974","0.880149046","0.612409802","27","0.081081081","0.594594595","13C1 S2 O3","de-protonated","1","3923","C36 H22 O3 S2 13C1","36","22","3","-9999","-9999","2","1","-9999","-9999"
"3933","578.096563","578.096604332","578.096245919","1988941.4","-9999","364381.7","11.46","-1","0.619988118","0.93263049","0.96197315","0.944367554","28","0.222222222","0.5","13C1 O8","de-protonated","1","3923","C35 H18 O8 13C1","35","18","8","-9999","-9999","-9999","1","-9999","-9999"
"3933","578.096563","578.096604332","578.096596792","1988941.4","-9999","364381.7","11.46","-1","0.013042601","0.66664609","0.909382221","0.763740542","5","0.722222222","1.722222222","13C1 N2 S2 P1 O13","de-protonated","1","3923","C17 H31 O13 N2 P1 S2 13C1","17","31","13","2","1","2","1","-9999","-9999"
"3933","578.096563","578.096604332","578.096871522","1988941.4","-9999","364381.7","11.46","-1","-0.462189262","0.480990359","0.70871839","0.572081571","32","0.052631579","0.447368421","N3 S1 O2","de-protonated","0","-9999","C38 H17 O2 N3 S1","38","17","2","3","-9999","1","-9999","-9999","-9999"
"3933","578.096563","578.096604332","578.097004464","1988941.4","-9999","364381.7","11.46","-1","-0.692153555","0.458371637","0.773979033","0.584614595","19","0.37037037","0.814814815","N3 P1 O10","de-protonated","0","-9999","C27 H22 O10 N3 P1","27","22","10","3","1","-9999","-9999","-9999","-9999"
"3933","578.096563","578.096604332","578.096733138","1988941.4","-9999","364381.7","11.46","-1","-0.222810006","0.991032557","0","0.594619534","5","0.882352941","1.705882353","N3 S2 O15","de-protonated","0","-9999","C17 H29 O15 N3 S2","17","29","15","3","-9999","2","-9999","-9999","-9999"
"3933","578.096563","578.096604332","578.096083728","1988941.4","-9999","364381.7","11.46","-1","0.90054949","0.575441293","0.937194733","0.720142669","23","0.064516129","0.741935484","13C1 N4 S2 P1 O2","de-protonated","1","3923","C30 H23 O2 N4 P1 S2 13C1","30","23","2","4","1","2","1","-9999","-9999"
"3934","578.133222","578.133263318","578.133500809","1531244.1","-9999","317555.8","8.46","-1","-0.410788491","0.646563372","0.885075752","0.741968324","26","0.052631579","0.684210526","13C1 S2 O2","de-protonated","1","3926","C37 H26 O2 S2 13C1","37","26","2","-9999","-9999","2","1","-9999","-9999"
"3934","578.133222","578.133263318","578.133770096","1531244.1","-9999","317555.8","8.46","-1","-0.876575569","0.869860522","0","0.521916313","13","0.461538462","1.115384615","N1 S1 O12","de-protonated","0","-9999","C26 H29 O12 N1 S1","26","29","12","1","-9999","1","-9999","-9999","-9999"
"3934","578.133222","578.133263318","578.132982302","1531244.1","-9999","317555.8","8.46","-1","0.486075643","0.638690109","0.930900115","0.755574112","4","0.631578947","1.842105263","13C1 N2 S2 P1 O12","de-protonated","1","3926","C18 H35 O12 N2 P1 S2 13C1","18","35","12","2","1","2","1","-9999","-9999"
"3934","578.133222","578.133263318","578.133257032","1531244.1","-9999","317555.8","8.46","-1","0.010873465","0.499989274","0.703327172","0.581324433","31","0.025641026","0.538461538","N3 S1 O1","de-protonated","0","-9999","C39 H21 O1 N3 S1","39","21","1","3","-9999","1","-9999","-9999","-9999"
"3934","578.133222","578.133263318","578.133389973","1531244.1","-9999","317555.8","8.46","-1","-0.219076464","0.991329271","0","0.594797563","18","0.321428571","0.928571429","N3 P1 O9","de-protonated","0","-9999","C28 H26 O9 N3 P1","28","26","9","3","1","-9999","-9999","-9999","-9999"
"3934","578.133222","578.133263318","578.133118647","1531244.1","-9999","317555.8","8.46","-1","0.250237768","0.988702181","0","0.593221308","4","0.777777778","1.833333333","N3 S2 O14","de-protonated","0","-9999","C18 H33 O14 N3 S2","18","33","14","3","-9999","2","-9999","-9999","-9999"
"3936","579.035951","579.035991969","579.03577013","1876065.1","-9999","336417.4","10.72","-1","0.383117883","0.486859307","0.73113591","0.584569949","29","0.294117647","0.352941176","O10","de-protonated","0","-9999","C34 H12 O10","34","12","10","-9999","-9999","-9999","-9999","-9999","-9999"
"3936","579.035951","579.035991969","579.036259387","1876065.1","-9999","336417.4","10.72","-1","-0.461833585","0.481019044","0.714192896","0.574288585","33","0.054054054","0.351351351","N2 S1 P1 O2","de-protonated","0","-9999","C37 H13 O2 N2 P1 S1","37","13","2","2","1","1","-9999","-9999","-9999"
"3936","579.035951","579.035991969","579.036121003","1876065.1","-9999","336417.4","10.72","-1","-0.222842681","0.991029938","0","0.594617963","6","0.9375","1.5625","N2 S2 P1 O15","de-protonated","0","-9999","C16 H25 O15 N2 P1 S2","16","25","15","2","1","2","-9999","-9999","-9999"
"3936","579.035951","579.035991969","579.035607939","1876065.1","-9999","336417.4","10.72","-1","0.663223959","0.461644441","0.761234226","0.581480355","24","0.137931034","0.586206897","N4 S2 P1 O4","de-protonated","0","-9999","C29 H17 O4 N4 P1 S2","29","17","4","4","1","2","-9999","-9999","-9999"
"3937","579.066068","579.066108957","579.066144028","2039162.4","-9999","231109.8","11.79","-1","-0.06056447","0.999334658","0","0.599600795","10","0.80952381","1.142857143","S1 O17","de-protonated","0","-9999","C21 H24 O17 S1","21","24","17","-9999","-9999","1","-9999","-9999","-9999"
"3937","579.066068","579.066108957","579.065630964","2039162.4","-9999","231109.8","11.79","-1","0.825456373","0.441851086","0.73113591","0.557565015","28","0.176470588","0.470588235","N2 S1 O6","de-protonated","0","-9999","C34 H16 O6 N2 S1","34","16","6","2","-9999","1","-9999","-9999","-9999"
"3937","579.066068","579.066108957","579.066633286","2039162.4","-9999","231109.8","11.79","-1","-0.905471243","0.430885452","0.793917021","0.576098079","14","0.375","1.041666667","N2 S2 P1 O9","de-protonated","0","-9999","C24 H25 O9 N2 P1 S2","24","25","9","2","1","2","-9999","-9999","-9999"
"3937","579.066068","579.066108957","579.065763906","2039162.4","-9999","231109.8","11.79","-1","0.595876509","0.468802386","0.800793265","0.601598738","15","0.608695652","0.913043478","N2 P1 O14","de-protonated","0","-9999","C23 H21 O14 N2 P1","23","21","14","2","1","-9999","-9999","-9999","-9999"
"3938","579.069806","579.069846956","579.069653716","2152573.5","-9999","392089.8","12.53","-1","0.333707645","0.489998255","0.703327172","0.575329821","32","0.102564103","0.41025641","S1 O4","de-protonated","0","-9999","C39 H16 O4 S1","39","16","4","-9999","-9999","1","-9999","-9999","-9999"
"3938","579.069806","579.069846956","579.069786658","2152573.5","-9999","392089.8","12.53","-1","0.104129488","0.499017248","0.767553728","0.60643184000000006","19","0.428571429","0.75","P1 O12","de-protonated","0","-9999","C28 H21 O12 P1","28","21","12","-9999","1","-9999","-9999","-9999","-9999"
"3938","579.069806","579.069846956","579.069515332","2152573.5","-9999","392089.8","12.53","-1","0.572684957","0.94222670100000006","0","0.565336021","5","0.944444444","1.555555556","S2 O17","de-protonated","0","-9999","C18 H28 O17 S2","18","28","17","-9999","-9999","2","-9999","-9999","-9999"
"3938","579.069806","579.069846956","579.069273594","2152573.5","-9999","392089.8","12.53","-1","0.990144905","0.418517279","0.692787115","0.528225213","37","0.024390244","0.317073171","N2 P1 O1","de-protonated","0","-9999","C41 H13 O1 N2 P1","41","13","1","2","1","-9999","-9999","-9999","-9999"
"3939","579.07249","579.072530955","579.073025019","5660799.5","-9999","305094.4","35.56","-1","-0.85319876","0.611884229","0.890657784","0.723393651","27","0.111111111","0.555555556","S2 O4","de-protonated","0","-9999","C36 H20 O4 S2","36","20","4","-9999","-9999","2","-9999","-9999","-9999"
"3939","579.07249","579.072530955","579.072155639","5660799.5","-9999","305094.4","35.56","-1","0.648132499","0.46330515","0.725399619","0.568142937","28","0.257142857","0.457142857","O9","de-protonated","0","-9999","C35 H16 O9","35","16","9","-9999","-9999","-9999","-9999","-9999","-9999"
"3939","579.07249","579.072530955","579.072644897","5660799.5","-9999","305094.4","35.56","-1","-0.196766102","0.993656599","0.923174761","0.965463864","32","0.026315789","0.447368421","N2 S1 P1 O1","de-protonated","0","-9999","C38 H17 O1 N2 P1 S1","38","17","1","2","1","1","-9999","-9999","-9999"
"3939","579.07249","579.072530955","579.072506512","5660799.5","-9999","305094.4","35.56","-1","0.042209849","0.656262359","0.929726258","0.765647919","5","0.823529412","1.705882353","N2 S2 P1 O14","de-protonated","0","-9999","C17 H29 O14 N2 P1 S2","17","29","14","2","1","2","-9999","-9999","-9999"
"3939","579.07249","579.072530955","579.071993448","5660799.5","-9999","305094.4","35.56","-1","0.928221049","0.285090831","0.70723611","0.453948942","23","0.1","0.7","N4 S2 P1 O3","de-protonated","0","-9999","C30 H21 O3 N4 P1 S2","30","21","3","4","1","2","-9999","-9999","-9999"
"3940","579.102462","579.102502943","579.102667922","2734233","-9999","338052.5","16.35","-1","-0.284886762","0.492690722","0.6825583","0.568637753","36","0.069767442","0.372093023","O3","de-protonated","0","-9999","C43 H16 O3","43","16","3","-9999","-9999","-9999","-9999","-9999","-9999"
"3940","579.102462","579.102502943","579.102529538","2734233","-9999","338052.5","16.35","-1","-0.045923222","0.499808704","0.807789663","0.623001088","9","0.727272727","1.272727273","S1 O16","de-protonated","0","-9999","C22 H28 O16 S1","22","28","16","-9999","-9999","1","-9999","-9999","-9999"
"3940","579.102462","579.102502943","579.102016473","2734233","-9999","338052.5","16.35","-1","0.840041966","0.439907779","0.725399619","0.554104515","27","0.142857143","0.571428571","N2 S1 O5","de-protonated","0","-9999","C35 H20 O5 N2 S1","35","20","5","2","-9999","1","-9999","-9999","-9999"
"3940","579.102462","579.102502943","579.103018795","2734233","-9999","338052.5","16.35","-1","-0.890776921","0.43295403","0.787157861","0.574635562","13","0.32","1.16","N2 S2 P1 O8","de-protonated","0","-9999","C25 H29 O8 N2 P1 S2","25","29","8","2","1","2","-9999","-9999","-9999"
"3940","579.102462","579.102502943","579.102149415","2734233","-9999","338052.5","16.35","-1","0.610476522","0.467306573","0.793917021","0.597950752","14","0.541666667","1.041666667","N2 P1 O13","de-protonated","0","-9999","C24 H25 O13 N2 P1","24","25","13","2","1","-9999","-9999","-9999","-9999"
"3941","579.10636","579.106400942","579.106039225","1408156.1","-9999","459885.7","7.64","-1","0.624611841","0.465828582","0.698017357","0.558704092","31","0.075","0.5","S1 O3","de-protonated","0","-9999","C40 H20 O3 S1","40","20","3","-9999","-9999","1","-9999","-9999","-9999"
"3941","579.10636","579.106400942","579.106172167","1408156.1","-9999","459885.7","7.64","-1","0.395048042","0.972079762","0","0.583247857","18","0.379310345","0.862068966","P1 O11","de-protonated","0","-9999","C29 H25 O11 P1","29","25","11","-9999","1","-9999","-9999","-9999","-9999"
"3941","579.10636","579.106400942","579.105900841","1408156.1","-9999","459885.7","7.64","-1","0.863574208","0.873438772","0","0.524063263","4","0.842105263","1.684210526","S2 O16","de-protonated","0","-9999","C19 H32 O16 S2","19","32","16","-9999","-9999","2","-9999","-9999","-9999"
"3941","579.10636","579.106400942","579.106368872","1408156.1","-9999","459885.7","7.64","-1","0.055378892","0.999443684","0","0.59966621","10","0.894736842","1.263157895","N4 O17","de-protonated","0","-9999","C19 H24 O17 N4","19","24","17","4","-9999","-9999","-9999","-9999","-9999"
"3942","579.109039","579.109079941","579.109410529","6752414.5","-9999","307702.7","42.73","-1","-0.570855628","0.235646104","0.637928532","0.396559075","26","0.081081081","0.648648649","S2 O3","de-protonated","0","-9999","C37 H24 O3 S2","37","24","3","-9999","-9999","2","-9999","-9999","-9999"
"3942","579.109039","579.109079941","579.108541149","6752414.5","-9999","307702.7","42.73","-1","0.930381726","0.28488317","0.683497284","0.444328815","27","0.222222222","0.555555556","O8","de-protonated","0","-9999","C36 H20 O8","36","20","8","-9999","-9999","-9999","-9999","-9999","-9999"
"3942","579.109039","579.109079941","579.10954347","6752414.5","-9999","307702.7","42.73","-1","-0.800417816","0.445126988","0.780512821","0.579281321","13","0.423076923","1.115384615","S1 P1 O11","de-protonated","0","-9999","C26 H29 O11 P1 S1","26","29","11","-9999","1","1","-9999","-9999","-9999"
"3942","579.109039","579.109079941","579.108892022","6752414.5","-9999","307702.7","42.73","-1","0.324496975","0.327025044","0.778715395","0.507701184","4","0.722222222","1.833333333","N2 S2 P1 O13","de-protonated","0","-9999","C18 H33 O13 N2 P1 S2","18","33","13","2","1","2","-9999","-9999","-9999"
"3943","579.138993","579.139033929","579.139053431","1856183.6","-9999","256572.7","10.58","-1","-0.033674393","0.499897132","0.677556332","0.570960812","35","0.045454545","0.454545455","O2","de-protonated","0","-9999","C44 H20 O2","44","20","2","-9999","-9999","-9999","-9999","-9999","-9999"
"3943","579.138993","579.139033929","579.138915047","1856183.6","-9999","256572.7","10.58","-1","0.205274194","0.992383362","0","0.595430017","8","0.652173913","1.391304348","S1 O15","de-protonated","0","-9999","C23 H32 O15 S1","23","32","15","-9999","-9999","1","-9999","-9999","-9999"
"3943","579.138993","579.139033929","579.139404304","1856183.6","-9999","256572.7","10.58","-1","-0.639526638","0.464237659","0.780512821","0.590747723","12","0.269230769","1.269230769","N2 S2 P1 O7","de-protonated","0","-9999","C26 H33 O7 N2 P1 S2","26","33","7","2","1","2","-9999","-9999","-9999"
"3943","579.138993","579.139033929","579.138534924","1856183.6","-9999","256572.7","10.58","-1","0.861632863","0.436984866","0.787157861","0.577054064","13","0.48","1.16","N2 P1 O12","de-protonated","0","-9999","C25 H29 O12 N2 P1","25","29","12","2","1","-9999","-9999","-9999","-9999"
"3944","579.145334","579.145374927","579.145796038","5234877","-9999","328315.6","32.76","-1","-0.727124759","0.454262075","0.70871839","0.556044601","25","0.052631579","0.736842105","S2 O2","de-protonated","0","-9999","C38 H28 O2 S2","38","28","2","-9999","-9999","2","-9999","-9999","-9999"
"3944","579.145334","579.145374927","579.144926658","5234877","-9999","328315.6","32.76","-1","0.774018043","0.448496769","0.714192896","0.55477522","26","0.189189189","0.648648649","O7","de-protonated","0","-9999","C37 H24 O7","37","24","7","-9999","-9999","-9999","-9999","-9999","-9999"
"3944","579.145334","579.145374927","579.14592898","5234877","-9999","328315.6","32.76","-1","-0.956672489","0.423495218","0.773979033","0.563688744","12","0.37037037","1.222222222","S1 P1 O10","de-protonated","0","-9999","C27 H33 O10 P1 S1","27","33","10","-9999","1","1","-9999","-9999","-9999"
"3944","579.145334","579.145374927","579.145277531","5234877","-9999","328315.6","32.76","-1","0.168171453","0.497440739","0.829532115","0.630277289","3","0.631578947","1.947368421","N2 S2 P1 O12","de-protonated","0","-9999","C19 H37 O12 N2 P1 S2","19","37","12","2","1","2","-9999","-9999","-9999"
"3945","579.175001","579.175041915","579.175438941","1609685.8","-9999","254457.8","8.97","-1","-0.685501145","0.459134509","0.672627142","0.544531562","34","0.022222222","0.533333333","O1","de-protonated","0","-9999","C45 H24 O1","45","24","1","-9999","-9999","-9999","-9999","-9999","-9999"
"3945","579.175001","579.175041915","579.175300556","1609685.8","-9999","254457.8","8.97","-1","-0.446567725","0.964461858","0","0.578677115","7","0.583333333","1.5","S1 O14","de-protonated","0","-9999","C24 H36 O14 S1","24","36","14","-9999","-9999","1","-9999","-9999","-9999"
"3945","579.175001","579.175041915","579.174787492","1609685.8","-9999","254457.8","8.97","-1","0.439285789","0.482795699","0.714192896","0.575354578","25","0.081081081","0.756756757","N2 S1 O3","de-protonated","0","-9999","C37 H28 O3 N2 S1","37","28","3","2","-9999","1","-9999","-9999","-9999"
"3945","579.175001","579.175041915","579.174920434","1609685.8","-9999","254457.8","8.97","-1","0.209749282","0.992048986","0","0.595229392","12","0.423076923","1.269230769","N2 P1 O11","de-protonated","0","-9999","C26 H33 O11 N2 P1","26","33","11","2","1","-9999","-9999","-9999","-9999"
"3946","579.181689","579.181729913","579.182181547","4444379.5","-9999","339213.8","27.57","-1","-0.779779949","0.447768786","0.703327172","0.54999214","24","0.025641026","0.820512821","S2 O1","de-protonated","0","-9999","C39 H32 O1 S2","39","32","1","-9999","-9999","2","-9999","-9999","-9999"
"3946","579.181689","579.181729913","579.181312168","4444379.5","-9999","339213.8","27.57","-1","0.721268469","0.454961761","0.70871839","0.556464413","25","0.157894737","0.736842105","O6","de-protonated","0","-9999","C38 H28 O6","38","28","6","-9999","-9999","-9999","-9999","-9999","-9999"
"3946","579.181689","579.181729913","579.18166304","4444379.5","-9999","339213.8","27.57","-1","0.115459971","0.498792015","0.822155738","0.628137504","2","0.55","2.05","N2 S2 P1 O11","de-protonated","0","-9999","C20 H41 O11 N2 P1 S2","20","41","11","2","1","2","-9999","-9999","-9999"
"3947","579.211989","579.212029901","579.211686066","1688052.9","-9999","163582.6","9.48","-1","0.593626411","0.938060228","0","0.562836137","6","0.52","1.6","S1 O13","de-protonated","0","-9999","C25 H40 O13 S1","25","40","13","-9999","-9999","1","-9999","-9999","-9999"
"3947","579.211989","579.212029901","579.212175323","1688052.9","-9999","163582.6","9.48","-1","-0.25106861","0.494313731","0.767553728","0.60360973","10","0.178571429","1.464285714","N2 S2 P1 O5","de-protonated","0","-9999","C28 H41 O5 N2 P1 S2","28","41","5","2","1","2","-9999","-9999","-9999"
"3948","579.218132","579.218172899","579.217697677","3409146","-9999","330162.5","20.78","-1","0.820454523","0.442511614","0.703327172","0.546837837","24","0.128205128","0.820512821","O5","de-protonated","0","-9999","C39 H32 O5","39","32","5","-9999","-9999","-9999","-9999","-9999","-9999"
"3948","579.218132","579.218172899","579.218699998","3409146","-9999","330162.5","20.78","-1","-0.910018651","0.430240469","0.761234226","0.562637972","10","0.275862069","1.413793103","S1 P1 O8","de-protonated","0","-9999","C29 H41 O8 P1 S1","29","41","8","-9999","1","1","-9999","-9999","-9999"
"3948","579.218132","579.218172899","579.21804855","3409146","-9999","330162.5","20.78","-1","0.214684021","0.495836021","0.81490939","0.623465369","1","0.476190476","2.142857143","N2 S2 P1 O10","de-protonated","0","-9999","C21 H45 O10 N2 P1 S2","21","45","10","2","1","2","-9999","-9999","-9999"
"3949","579.25455","579.254590885","579.254083186","1447192.6","-9999","331691","7.9","-1","0.87646918","0.43494498","0.698017357","0.540173931","23","0.1","0.9","O4","de-protonated","0","-9999","C40 H36 O4","40","36","4","-9999","-9999","-9999","-9999","-9999","-9999"
"3949","579.25455","579.254590885","579.255085508","1447192.6","-9999","331691","7.9","-1","-0.853895393","0.876077245","0","0.525646347","9","0.233333333","1.5","S1 P1 O7","de-protonated","0","-9999","C30 H45 O7 P1 S1","30","45","7","-9999","1","1","-9999","-9999","-9999"
"3949","579.25455","579.254590885","579.254434059","1447192.6","-9999","331691","7.9","-1","0.270736695","0.986788162","0","0.592072897","0","0.409090909","2.227272727","N2 S2 P1 O9","de-protonated","0","-9999","C22 H49 O9 N2 P1 S2","22","49","9","2","1","2","-9999","-9999","-9999"
"3950","580.076062","580.076102567","580.076379854","1545419.6","-9999","266598.8","8.54","-1","-0.478018816","0.63959092","0.890657784","0.740017666","27","0.111111111","0.555555556","13C1 S2 O4","de-protonated","1","3939","C35 H20 O4 S2 13C1","35","20","4","-9999","-9999","2","1","-9999","-9999"
"3950","580.076062","580.076102567","580.076649142","1545419.6","-9999","266598.8","8.54","-1","-0.94224578","0.851211149","0","0.510726689","14","0.583333333","0.958333333","N1 S1 O14","de-protonated","0","-9999","C24 H23 O14 N1 S1","24","23","14","1","-9999","1","-9999","-9999","-9999"
"3950","580.076062","580.076102567","580.075999732","1545419.6","-9999","266598.8","8.54","-1","0.177278659","0.994313709","0.923174761","0.96585813","32","0.026315789","0.447368421","13C1 N2 S1 P1 O1","de-protonated","1","3939","C37 H17 O1 N2 P1 S1 13C1","37","17","1","2","1","1","1","-9999","-9999"
"3950","580.076062","580.076102567","580.075861347","1545419.6","-9999","266598.8","8.54","-1","0.415841343","0.646073539","0.929726258","0.759534626","5","0.823529412","1.705882353","13C1 N2 S2 P1 O14","de-protonated","1","3939","C16 H29 O14 N2 P1 S2 13C1","16","29","14","2","1","2","1","-9999","-9999"
"3950","580.076062","580.076102567","580.076136078","1545419.6","-9999","266598.8","8.54","-1","-0.057769183","0.499697319","0.714192896","0.58549555","32","0.081081081","0.405405405","N3 S1 O3","de-protonated","0","-9999","C37 H15 O3 N3 S1","37","15","3","3","-9999","1","-9999","-9999","-9999"
"3950","580.076062","580.076102567","580.076269019","1545419.6","-9999","266598.8","8.54","-1","-0.286948912","0.985170628","0","0.591102377","19","0.423076923","0.769230769","N3 P1 O11","de-protonated","0","-9999","C26 H20 O11 N3 P1","26","20","11","3","1","-9999","-9999","-9999","-9999"
"3951","580.104107","580.104147556","580.104659501","1640931","-9999","215175.2","9.17","-1","-0.88250411","0.434108026","0.719752637","0.548365871","26","0.083333333","0.638888889","N1 S2 O3","de-protonated","0","-9999","C36 H23 O3 N1 S2","36","23","3","1","-9999","2","-9999","-9999","-9999"
"3951","580.104107","580.104147556","580.103790121","1640931","-9999","215175.2","9.17","-1","0.616157194","0.466716105","0.725399619","0.570189511","27","0.228571429","0.542857143","N1 O8","de-protonated","0","-9999","C35 H19 O8 N1","35","19","8","1","-9999","-9999","-9999","-9999","-9999"
"3951","580.104107","580.104147556","580.104140994","1640931","-9999","215175.2","9.17","-1","0.011312113","0.999976781","0","0.599986069","4","0.764705882","1.882352941","N3 S2 P1 O13","de-protonated","0","-9999","C17 H32 O13 N3 P1 S2","17","32","13","3","1","2","-9999","-9999","-9999"
"3952","580.177033","580.177073528","580.17743052","2021408.5","-9999","236030.4","11.66","-1","-0.615314591","0.466803986","0.70871839","0.563569748","24","0.026315789","0.815789474","N1 S2 O1","de-protonated","0","-9999","C38 H31 O1 N1 S2","38","31","1","1","-9999","2","-9999","-9999","-9999"
"3952","580.177033","580.177073528","580.17656114","2021408.5","-9999","236030.4","11.66","-1","0.883159138","0.434016935","0.714192896","0.54608732","25","0.162162162","0.72972973","N1 O6","de-protonated","0","-9999","C37 H27 O6 N1","37","27","6","1","-9999","-9999","-9999","-9999","-9999"
"3952","580.177033","580.177073528","580.177563461","2021408.5","-9999","236030.4","11.66","-1","-0.84445418","0.439314923","0.773979033","0.573180567","11","0.333333333","1.333333333","N1 S1 P1 O9","de-protonated","0","-9999","C27 H36 O9 N1 P1 S1","27","36","9","1","1","1","-9999","-9999","-9999"
"3952","580.177033","580.177073528","580.176912013","2021408.5","-9999","236030.4","11.66","-1","0.27838976","0.986035985","0","0.591621591","2","0.578947368","2.105263158","N3 S2 P1 O11","de-protonated","0","-9999","C19 H40 O11 N3 P1 S2","19","40","11","3","1","2","-9999","-9999","-9999"
"3953","580.269787","580.269827492","580.269810078","1425006.6","-9999","381873.8","7.75","-1","0.030010684","0.999836593","0","0.599901956","9","0.285714286","1.535714286","N3 S1 O8","de-protonated","0","-9999","C28 H43 O8 N3 S1","28","43","8","3","-9999","1","-9999","-9999","-9999"
"3954","580.313415","580.313455475","580.313589642","2953875.5","-9999","285127.4","17.78","-1","-0.231197829","0.495174004","0.748902347","0.596665341","7","0.161290323","1.64516129","N1 S2 O5","de-protonated","0","-9999","C31 H51 O5 N1 S2","31","51","5","1","-9999","2","-9999","-9999","-9999"
"3954","580.313415","580.313455475","580.31320952","2953875.5","-9999","285127.4","17.78","-1","0.423831948","0.483965601","0.736963647","0.58516482","12","0.060606061","1.454545455","N3 S1 P1 O2","de-protonated","0","-9999","C33 H48 O2 N3 P1 S1","33","48","2","3","1","1","-9999","-9999","-9999"
"3955","580.319983","580.320023473","580.319734195","8328345","-9999","315672.5","53.07","-1","0.498479152","0.63832172","0.907507676","0.745996103","12","0.147058824","1.411764706","N1 P1 O5","de-protonated","0","-9999","C34 H48 O5 N1 P1","34","48","5","1","1","-9999","-9999","-9999","-9999"
"3956","581.052081","581.05212119","581.052289574","1995010.4","-9999","277177.1","11.49","-1","-0.289792818","0.492438737","0.725399619","0.585623089","27","0.142857143","0.514285714","S2 O5","de-protonated","0","-9999","C35 H18 O5 S2","35","18","5","-9999","-9999","2","-9999","-9999","-9999"
"3956","581.052081","581.05212119","581.052422516","1995010.4","-9999","277177.1","11.49","-1","-0.518587478","0.476186967","0.793917021","0.603278988","14","0.541666667","0.958333333","S1 P1 O13","de-protonated","0","-9999","C24 H23 O13 P1 S1","24","23","13","-9999","1","1","-9999","-9999","-9999"
"3956","581.052081","581.05212119","581.051909452","1995010.4","-9999","277177.1","11.49","-1","0.364404172","0.488096657","0.714192896","0.578535153","32","0.054054054","0.405405405","N2 S1 P1 O2","de-protonated","0","-9999","C37 H15 O2 N2 P1 S1","37","15","2","2","1","1","-9999","-9999","-9999"
"3956","581.052081","581.05212119","581.051771068","1995010.4","-9999","277177.1","11.49","-1","0.602566221","0.936241815","0","0.561745089","5","0.9375","1.6875","N2 S2 P1 O15","de-protonated","0","-9999","C16 H27 O15 N2 P1 S2","16","27","15","2","1","2","-9999","-9999","-9999"
"3957","581.067035","581.067075184","581.067545716","1678607.3","-9999","351399","9.41","-1","-0.809771351","0.44391221","0.703327172","0.547678194","31","0.051282051","0.461538462","S2 O2","de-protonated","0","-9999","C39 H18 O2 S2","39","18","2","-9999","-9999","2","-9999","-9999","-9999"
"3957","581.067035","581.067075184","581.066676336","1678607.3","-9999","351399","9.41","-1","0.686406629","0.459031031","0.70871839","0.558905974","32","0.184210526","0.368421053","O7","de-protonated","0","-9999","C38 H14 O7","38","14","7","-9999","-9999","-9999","-9999","-9999","-9999"
"3957","581.067035","581.067075184","581.067027209","1678607.3","-9999","351399","9.41","-1","0.082563795","0.998763869","0","0.599258321","9","0.6","1.35","N2 S2 P1 O12","de-protonated","0","-9999","C20 H27 O12 N2 P1 S2","20","27","12","2","1","2","-9999","-9999","-9999"
"3957","581.067035","581.067075184","581.066514145","1678607.3","-9999","351399","9.41","-1","0.965533782","0.42218836","0.736963647","0.548098475","27","0.03030303","0.575757576","N4 S2 P1 O1","de-protonated","0","-9999","C33 H19 O1 N4 P1 S2","33","19","1","4","1","2","-9999","-9999","-9999"
"3958","581.081653","581.081693178","581.081932477","2537755.5","-9999","311315.7","15.05","-1","-0.411816147","0.484848153","0.68763467","0.56596276","36","0.095238095","0.333333333","O4","de-protonated","0","-9999","C42 H14 O4","42","14","4","-9999","-9999","-9999","-9999","-9999","-9999"
"3958","581.081653","581.081693178","581.081794093","2537755.5","-9999","311315.7","15.05","-1","-0.173666588","0.49727122","0.81490939","0.624326488","9","0.80952381","1.238095238","S1 O17","de-protonated","0","-9999","C21 H26 O17 S1","21","26","17","-9999","-9999","1","-9999","-9999","-9999"
"3958","581.081653","581.081693178","581.081281028","2537755.5","-9999","311315.7","15.05","-1","0.709280734","0.456379658","0.73113591","0.566282159","27","0.176470588","0.529411765","N2 S1 O6","de-protonated","0","-9999","C34 H18 O6 N2 S1","34","18","6","2","-9999","1","-9999","-9999","-9999"
"3958","581.081653","581.081693178","581.08141397","2537755.5","-9999","311315.7","15.05","-1","0.480497261","0.479486461","0.800793265","0.608009183","14","0.608695652","1","N2 P1 O14","de-protonated","0","-9999","C23 H23 O14 N2 P1","23","23","14","2","1","-9999","-9999","-9999","-9999"
"3959","581.085389","581.085429177","581.08530378","1725214.6","-9999","427188.5","9.71","-1","0.215796738","0.495792927","0.703327172","0.578806625","31","0.102564103","0.461538462","S1 O4","de-protonated","0","-9999","C39 H18 O4 S1","39","18","4","-9999","-9999","1","-9999","-9999","-9999"
"3959","581.085389","581.085429177","581.085436722","1725214.6","-9999","427188.5","9.71","-1","-0.012985039","0.499984703","0.767553728","0.607012313","18","0.428571429","0.821428571","P1 O12","de-protonated","0","-9999","C28 H23 O12 P1","28","23","12","-9999","1","-9999","-9999","-9999","-9999"
"3959","581.085389","581.085429177","581.085165396","1725214.6","-9999","427188.5","9.71","-1","0.453945065","0.963299963","0","0.577979978","4","0.944444444","1.666666667","S2 O17","de-protonated","0","-9999","C18 H30 O17 S2","18","30","17","-9999","-9999","2","-9999","-9999","-9999"
"3959","581.085389","581.085429177","581.084923658","1725214.6","-9999","427188.5","9.71","-1","0.86995689","0.435843484","0.692787115","0.538620937","36","0.024390244","0.365853659","N2 P1 O1","de-protonated","0","-9999","C41 H15 O1 N2 P1","41","15","1","2","1","-9999","-9999","-9999","-9999"
"3960","581.08832399999994","581.088364176","581.088675084","6266657","-9999","315145.1","39.53","-1","-0.535044228","0.635980429","0.896948152","0.740367518","26","0.111111111","0.611111111","S2 O4","de-protonated","0","-9999","C36 H22 O4 S2","36","22","4","-9999","-9999","2","-9999","-9999","-9999"
"3960","581.08832399999994","581.088364176","581.087805704","6266657","-9999","315145.1","39.53","-1","0.96107976","0.422846238","0.725399619","0.54386759","27","0.257142857","0.514285714","O9","de-protonated","0","-9999","C35 H18 O9","35","18","9","-9999","-9999","-9999","-9999","-9999","-9999"
"3960","581.08832399999994","581.088364176","581.088808026","6266657","-9999","315145.1","39.53","-1","-0.763824505","0.905910261","0.992095399","0.940384316","13","0.48","1.08","S1 P1 O12","de-protonated","0","-9999","C25 H27 O12 P1 S1","25","27","12","-9999","1","1","-9999","-9999","-9999"
"3960","581.08832399999994","581.088364176","581.088294961","6266657","-9999","315145.1","39.53","-1","0.119111638","0.664065024","0.890433874","0.754612564","31","0.026315789","0.5","N2 S1 P1 O1","de-protonated","0","-9999","C38 H19 O1 N2 P1 S1","38","19","1","2","1","1","-9999","-9999","-9999"
"3960","581.08832399999994","581.088364176","581.088156577","6266657","-9999","315145.1","39.53","-1","0.357258716","0.649127682","0.923649782","0.758936522","4","0.823529412","1.823529412","N2 S2 P1 O14","de-protonated","0","-9999","C17 H31 O14 N2 P1 S2","17","31","14","2","1","2","-9999","-9999","-9999"
"3961","581.103908","581.10394817","581.103931225","1492526.4","-9999","272304","8.19","-1","0.029159232","0.499922867","0.698017357","0.579160663","30","0.025","0.55","S2 O1","de-protonated","0","-9999","C40 H22 O1 S2","40","22","1","-9999","-9999","2","-9999","-9999","-9999"
"3961","581.103908","581.10394817","581.104064167","1492526.4","-9999","272304","8.19","-1","-0.199615169","0.99279603","0","0.595677618","17","0.310344828","0.931034483","S1 P1 O9","de-protonated","0","-9999","C29 H27 O9 P1 S1","29","27","9","-9999","1","1","-9999","-9999","-9999"
"3961","581.103908","581.10394817","581.103412718","1492526.4","-9999","272304","8.19","-1","0.921439252","0.857221391","0","0.514332835","8","0.523809524","1.476190476","N2 S2 P1 O11","de-protonated","0","-9999","C21 H31 O11 N2 P1 S2","21","31","11","2","1","2","-9999","-9999","-9999"
"3961","581.103908","581.10394817","581.104399256","1492526.4","-9999","272304","8.19","-1","-0.776256567","0.448214446","0.698017357","0.54813561","36","0.05","0.35","N4 O2","de-protonated","0","-9999","C40 H14 O2 N4","40","14","2","4","-9999","-9999","-9999","-9999","-9999"
"3961","581.103908","581.10394817","581.104260871","1492526.4","-9999","272304","8.19","-1","-0.538116302","0.948814524","0","0.569288715","9","0.789473684","1.368421053","N4 S1 O15","de-protonated","0","-9999","C19 H26 O15 N4 S1","19","26","15","4","-9999","1","-9999","-9999","-9999"
"3962","581.118199","581.118239164","581.118317987","2034746.3","-9999","222221.1","11.75","-1","-0.13563916","0.498333638","0.6825583","0.572023503","35","0.069767442","0.418604651","O3","de-protonated","0","-9999","C43 H18 O3","43","18","3","-9999","-9999","-9999","-9999","-9999","-9999"
"3962","581.118199","581.118239164","581.118179602","2034746.3","-9999","222221.1","11.75","-1","0.102495553","0.998095636","0","0.598857381","8","0.727272727","1.363636364","S1 O16","de-protonated","0","-9999","C22 H30 O16 S1","22","30","16","-9999","-9999","1","-9999","-9999","-9999"
"3962","581.118199","581.118239164","581.117666538","2034746.3","-9999","222221.1","11.75","-1","0.985387835","0.419231547","0.725399619","0.541698776","26","0.142857143","0.628571429","N2 S1 O5","de-protonated","0","-9999","C35 H22 O5 N2 S1","35","22","5","2","-9999","1","-9999","-9999","-9999"
"3962","581.118199","581.118239164","581.118668859","2034746.3","-9999","222221.1","11.75","-1","-0.739427837","0.452777298","0.787157861","0.586529523","12","0.32","1.24","N2 S2 P1 O8","de-protonated","0","-9999","C25 H31 O8 N2 P1 S2","25","31","8","2","1","2","-9999","-9999","-9999"
"3962","581.118199","581.118239164","581.11779948","2034746.3","-9999","222221.1","11.75","-1","0.756618623","0.450669319","0.793917021","0.5879684","13","0.541666667","1.125","N2 P1 O13","de-protonated","0","-9999","C24 H27 O13 N2 P1","24","27","13","2","1","-9999","-9999","-9999","-9999"
"3963","581.124747","581.124787162","581.125060593","5658432","-9999","317400.6","35.53","-1","-0.470521047","0.647446304","0.874887803","0.738422904","25","0.081081081","0.702702703","S2 O3","de-protonated","0","-9999","C37 H26 O3 S2","37","26","3","-9999","-9999","2","-9999","-9999","-9999"
"3963","581.124747","581.124787162","581.125193535","5658432","-9999","317400.6","35.53","-1","-0.699287015","0.931097248","0.984108779","0.952301861","12","0.423076923","1.192307692","S1 P1 O11","de-protonated","0","-9999","C26 H31 O11 P1 S1","26","31","11","-9999","1","1","-9999","-9999","-9999"
"3963","581.124747","581.124787162","581.124542086","5658432","-9999","317400.6","35.53","-1","0.421726085","0.63688222","0.93031813","0.754256584","3","0.722222222","1.944444444","N2 S2 P1 O13","de-protonated","0","-9999","C18 H35 O13 N2 P1 S2","18","35","13","2","1","2","-9999","-9999","-9999"
"3964","581.154448","581.15448815","581.154703496","1826137","-9999","284346.2","10.38","-1","-0.370548088","0.48769691","0.677556332","0.563640678","34","0.045454545","0.5","O2","de-protonated","0","-9999","C44 H22 O2","44","22","2","-9999","-9999","-9999","-9999","-9999","-9999"
"3964","581.154448","581.15448815","581.154565111","1826137","-9999","284346.2","10.38","-1","-0.132428339","0.996822944","0","0.598093766","7","0.652173913","1.47826087","S1 O15","de-protonated","0","-9999","C23 H34 O15 S1","23","34","15","-9999","-9999","1","-9999","-9999","-9999"
"3964","581.154448","581.15448815","581.154052047","1826137","-9999","284346.2","10.38","-1","0.750408458","0.451435277","0.719752637","0.558762221","25","0.111111111","0.722222222","N2 S1 O4","de-protonated","0","-9999","C36 H26 O4 N2 S1","36","26","4","2","-9999","1","-9999","-9999","-9999"
"3964","581.154448","581.15448815","581.155054369","1826137","-9999","284346.2","10.38","-1","-0.97429882","0.420887866","0.780512821","0.564737848","11","0.269230769","1.346153846","N2 S2 P1 O7","de-protonated","0","-9999","C26 H35 O7 N2 P1 S2","26","35","7","2","1","2","-9999","-9999","-9999"
"3964","581.154448","581.15448815","581.154184989","1826137","-9999","284346.2","10.38","-1","0.521653623","0.47591146","0.787157861","0.60041002","12","0.48","1.24","N2 P1 O12","de-protonated","0","-9999","C25 H31 O12 N2 P1","25","31","12","2","1","-9999","-9999","-9999","-9999"
"3965","581.158214","581.158254149","581.158074799","1665372","-9999","391711.7","9.32","-1","0.308607018","0.491433797","0.692787115","0.571975124","29","0.048780488","0.634146341","S1 O2","de-protonated","0","-9999","C41 H26 O2 S1","41","26","2","-9999","-9999","1","-9999","-9999","-9999"
"3965","581.158214","581.158254149","581.158207741","1665372","-9999","391711.7","9.32","-1","0.079853867","0.499421818","0.755017935","0.601660265","16","0.333333333","1.033333333","P1 O10","de-protonated","0","-9999","C30 H31 O10 P1","30","31","10","-9999","1","-9999","-9999","-9999","-9999"
"3965","581.158214","581.158254149","581.157936415","1665372","-9999","391711.7","9.32","-1","0.546725546","0.947207958","0","0.568324775","2","0.75","1.9","S2 O15","de-protonated","0","-9999","C20 H38 O15 S2","20","38","15","-9999","-9999","2","-9999","-9999","-9999"
"3965","581.158214","581.158254149","581.158404445","1665372","-9999","391711.7","9.32","-1","-0.258615824","0.987937663","0","0.592762598","8","0.8","1.5","N4 O16","de-protonated","0","-9999","C20 H30 O16 N4","20","30","16","4","-9999","-9999","-9999","-9999","-9999"
"3966","581.161127","581.161167148","581.161446103","4524894.5","-9999","296513.6","28.09","-1","-0.479995684","0.479528377","0.70871839","0.571204382","24","0.052631579","0.789473684","S2 O2","de-protonated","0","-9999","C38 H30 O2 S2","38","30","2","-9999","-9999","2","-9999","-9999","-9999"
"3966","581.161127","581.161167148","581.161579044","4524894.5","-9999","296513.6","28.09","-1","-0.708747328","0.456442298","0.773979033","0.583456992","11","0.37037037","1.296296296","S1 P1 O10","de-protonated","0","-9999","C27 H35 O10 P1 S1","27","35","10","-9999","1","1","-9999","-9999","-9999"
"3966","581.161127","581.161167148","581.160927596","4524894.5","-9999","296513.6","28.09","-1","0.412195577","0.484820648","0.829532115","0.622705235","2","0.631578947","2.052631579","N2 S2 P1 O12","de-protonated","0","-9999","C19 H39 O12 N2 P1 S2","19","39","12","2","1","2","-9999","-9999","-9999"
"3967","581.190139","581.190179136","581.190437557","1807479.3","-9999","228483.1","10.25","-1","-0.44463951","0.482381316","0.714192896","0.575105948","24","0.081081081","0.810810811","N2 S1 O3","de-protonated","0","-9999","C37 H30 O3 N2 S1","37","30","3","2","-9999","1","-9999","-9999","-9999"
"3967","581.190139","581.190179136","581.190570498","1807479.3","-9999","228483.1","10.25","-1","-0.673379751","0.460508795","0.780512821","0.588510405","11","0.423076923","1.346153846","N2 P1 O11","de-protonated","0","-9999","C26 H35 O11 N2 P1","26","35","11","2","1","-9999","-9999","-9999","-9999"
"3967","581.190139","581.190179136","581.189786108","1807479.3","-9999","228483.1","10.25","-1","0.676248031","0.460185443","0.761234226","0.580604956","15","0.172413793","1.172413793","N4 S2 O5","de-protonated","0","-9999","C29 H34 O5 N4 S2","29","34","5","4","-9999","2","-9999","-9999","-9999"
"3967","581.190139","581.190179136","581.18991905","1807479.3","-9999","228483.1","10.25","-1","0.447507277","0.964314864","0","0.578588918","2","0.722222222","2.166666667","N4 S1 P1 O13","de-protonated","0","-9999","C18 H39 O13 N4 P1 S1","18","39","13","4","1","1","-9999","-9999","-9999"
"3968","581.197545","581.197585133","581.197831612","3208061.5","-9999","318133.9","19.45","-1","-0.424086948","0.483946614","0.703327172","0.571698837","23","0.025641026","0.871794872","S2 O1","de-protonated","0","-9999","C39 H34 O1 S2","39","34","1","-9999","-9999","2","-9999","-9999","-9999"
"3968","581.197545","581.197585133","581.197964554","3208061.5","-9999","318133.9","19.45","-1","-0.652824284","0.46279231","0.767553728","0.584696877","10","0.321428571","1.392857143","S1 P1 O9","de-protonated","0","-9999","C28 H39 O9 P1 S1","28","39","9","-9999","1","1","-9999","-9999","-9999"
"3968","581.197545","581.197585133","581.197313105","3208061.5","-9999","318133.9","19.45","-1","0.468048508","0.480514903","0.822155738","0.617171237","1","0.55","2.15","N2 S2 P1 O11","de-protonated","0","-9999","C20 H43 O11 N2 P1 S2","20","43","11","2","1","2","-9999","-9999","-9999"
"3968","581.197545","581.197585133","581.198161258","3208061.5","-9999","318133.9","19.45","-1","-0.991270574","0.418347937","0.837042051","0.585825582","2","0.833333333","2.111111111","N4 S1 O15","de-protonated","0","-9999","C18 H38 O15 N4 S1","18","38","15","4","-9999","1","-9999","-9999","-9999"
"3969","581.213542","581.213582127","581.213220695","1423242.9","-9999","230988.6","7.73","-1","0.621858499","0.466118755","0.742885034","0.576825267","14","0.1875","1.21875","S1 P1 O6","de-protonated","0","-9999","C32 H39 O6 P1 S1","32","39","6","-9999","1","1","-9999","-9999","-9999"
"3969","581.213542","581.213582127","581.214068848","1423242.9","-9999","230988.6","7.73","-1","-0.837420866","0.880517749","0","0.52831065","15","0.333333333","1.133333333","N2 O10","de-protonated","0","-9999","C30 H34 O10 N2","30","34","10","2","-9999","-9999","-9999","-9999","-9999"
"3969","581.213542","581.213582127","581.213417399","1423242.9","-9999","230988.6","7.73","-1","0.283420661","0.985530427","0","0.591318256","6","0.545454545","1.727272727","N4 S1 O12","de-protonated","0","-9999","C22 H38 O12 N4 S1","22","38","12","4","-9999","1","-9999","-9999","-9999"
"3970","581.220748","581.220788124","581.221082781","3847057","-9999","263640.9","23.64","-1","-0.50696092","0.944623523","0.987066157","0.961600576","19","0.147058824","1.029411765","N2 P1 O5","de-protonated","0","-9999","C34 H35 O5 N2 P1","34","35","5","2","1","-9999","-9999","-9999","-9999"
"3970","581.220748","581.220788124","581.220811455","3847057","-9999","263640.9","23.64","-1","-0.04014002","0.997988935","0.95015273200000006","0.978854454","5","0.416666667","1.75","N2 S2 O10","de-protonated","0","-9999","C24 H42 O10 N2 S2","24","42","10","2","-9999","2","-9999","-9999","-9999"
"3970","581.220748","581.220788124","581.220431332","3847057","-9999","263640.9","23.64","-1","0.613867452","0.943960726","0.963556933","0.951799209","10","0.269230769","1.5","N4 S1 P1 O7","de-protonated","0","-9999","C26 H39 O7 N4 P1 S1","26","39","7","4","1","1","-9999","-9999","-9999"
"3971","581.228481","581.228521121","581.228476836","1869719.5","-9999","298489.8","10.66","-1","0.076192612","0.499473594","0.719752637","0.587585211","18","0.083333333","1.083333333","S1 P1 O3","de-protonated","0","-9999","C36 H39 O3 P1 S1","36","39","3","-9999","1","1","-9999","-9999","-9999"
"3971","581.228481","581.228521121","581.228673541","1869719.5","-9999","298489.8","10.66","-1","-0.262236158","0.493799849","0.780512821","0.608485038","10","0.346153846","1.461538462","N4 S1 O9","de-protonated","0","-9999","C26 H38 O9 N4 S1","26","38","9","4","-9999","1","-9999","-9999","-9999"
"3972","581.233944","581.233984119","581.234350063","2041244.1","-9999","350718.2","11.79","-1","-0.629597281","0.465300372","0.761234226","0.583673913","9","0.275862069","1.482758621","S1 P1 O8","de-protonated","0","-9999","C29 H43 O8 P1 S1","29","43","8","-9999","1","1","-9999","-9999","-9999"
"3972","581.233944","581.233984119","581.233698614","2041244.1","-9999","350718.2","11.79","-1","0.49120537","0.957164097","0","0.574298458","0","0.476190476","2.238095238","N2 S2 P1 O10","de-protonated","0","-9999","C21 H47 O10 N2 P1 S2","21","47","10","2","1","2","-9999","-9999","-9999"
"3972","581.233944","581.233984119","581.234546767","2041244.1","-9999","350718.2","11.79","-1","-0.968022392","0.843639811","0","0.506183887","1","0.736842105","2.210526316","N4 S1 O14","de-protonated","0","-9999","C19 H42 O14 N4 S1","19","42","14","4","-9999","1","-9999","-9999","-9999"
"3973","581.323328","581.323368085","581.32308903","2211815.8","-9999","313684.5","12.91","-1","0.480033125","0.639366999","0.907507676","0.74662327","12","0.147058824","1.411764706","13C1 N1 P1 O5","de-protonated","1","3955","C33 H48 O5 N1 P1 13C1","33","48","5","1","1","-9999","1","-9999","-9999"
"3973","581.323328","581.323368085","581.323225376","2211815.8","-9999","313684.5","12.91","-1","0.245489451","0.494562276","0.736963647","0.591522825","12","0.212121212","1.393939394","N2 O7","de-protonated","0","-9999","C33 H46 O7 N2","33","46","7","2","-9999","-9999","-9999","-9999","-9999"
"3974","582.091709","582.091748788","582.092029919","1775217.6","-9999","281893.9","10.04","-1","-0.482966768","0.639039337","0.896948152","0.742202863","26","0.111111111","0.611111111","13C1 S2 O4","de-protonated","1","3960","C35 H22 O4 S2 13C1","35","22","4","-9999","-9999","2","1","-9999","-9999"
"3974","582.091709","582.091748788","582.092162861","1775217.6","-9999","281893.9","10.04","-1","-0.711352708","0.912271943","0.992095399","0.944201326","13","0.48","1.08","13C1 S1 P1 O12","de-protonated","1","3960","C24 H27 O12 P1 S1 13C1","24","27","12","-9999","1","1","1","-9999","-9999"
"3974","582.091709","582.091748788","582.092299206","1775217.6","-9999","281893.9","10.04","-1","-0.945586219","0.850237708","0","0.510142625","13","0.583333333","1.041666667","N1 S1 O14","de-protonated","0","-9999","C24 H25 O14 N1 S1","24","25","14","1","-9999","1","-9999","-9999","-9999"
"3974","582.091709","582.091748788","582.091649796","1775217.6","-9999","281893.9","10.04","-1","0.170061559","0.663177386","0.890433874","0.754079981","31","0.026315789","0.5","13C1 N2 S1 P1 O1","de-protonated","1","3960","C37 H19 O1 N2 P1 S1 13C1","37","19","1","2","1","1","1","-9999","-9999"
"3974","582.091709","582.091748788","582.091511412","1775217.6","-9999","281893.9","10.04","-1","0.407798153","0.646850612","0.923649782","0.75757028","4","0.823529412","1.823529412","13C1 N2 S2 P1 O14","de-protonated","1","3960","C16 H31 O14 N2 P1 S2 13C1","16","31","14","2","1","2","1","-9999","-9999"
"3974","582.091709","582.091748788","582.091786142","1775217.6","-9999","281893.9","10.04","-1","-0.064172365","0.499626528","0.714192896","0.585453076","31","0.081081081","0.459459459","N3 S1 O3","de-protonated","0","-9999","C37 H17 O3 N3 S1","37","17","3","3","-9999","1","-9999","-9999","-9999"
"3974","582.091709","582.091748788","582.091919084","1775217.6","-9999","281893.9","10.04","-1","-0.292558496","0.492294847","0.780512821","0.607582036","18","0.423076923","0.846153846","N3 P1 O11","de-protonated","0","-9999","C26 H22 O11 N3 P1","26","22","11","3","1","-9999","-9999","-9999","-9999"
"3975","582.12819","582.128229774","582.128415428","1446544.5","-9999","320583.5","7.88","-1","-0.31892372","0.654475794","0.874887803","0.742640598","25","0.081081081","0.702702703","13C1 S2 O3","de-protonated","1","3963","C36 H26 O3 S2 13C1","36","26","3","-9999","-9999","2","1","-9999","-9999"
"3975","582.12819","582.128229774","582.12854837","1446544.5","-9999","320583.5","7.88","-1","-0.547295422","0.947100811","0.984108779","0.961903998","12","0.423076923","1.192307692","13C1 S1 P1 O11","de-protonated","1","3963","C25 H31 O11 P1 S1 13C1","25","31","11","-9999","1","1","1","-9999","-9999"
"3975","582.12819","582.128229774","582.128684716","1446544.5","-9999","320583.5","7.88","-1","-0.781514331","0.895097665","0","0.537058599","12","0.52","1.16","N1 S1 O13","de-protonated","0","-9999","C25 H29 O13 N1 S1","25","29","13","1","-9999","1","-9999","-9999","-9999"
"3975","582.12819","582.128229774","582.127896921","1446544.5","-9999","320583.5","7.88","-1","0.571785671","0.628268451","0.93031813","0.749088323","3","0.722222222","1.944444444","13C1 N2 S2 P1 O13","de-protonated","1","3963","C17 H35 O13 N2 P1 S2 13C1","17","35","13","2","1","2","1","-9999","-9999"
"3975","582.12819","582.128229774","582.128171651","1446544.5","-9999","320583.5","7.88","-1","0.099844576","0.499096392","0.70871839","0.582945191","30","0.052631579","0.552631579","N3 S1 O2","de-protonated","0","-9999","C38 H21 O2 N3 S1","38","21","2","3","-9999","1","-9999","-9999","-9999"
"3975","582.12819","582.128229774","582.128304593","1446544.5","-9999","320583.5","7.88","-1","-0.128527318","0.997007088","0","0.598204253","17","0.37037037","0.962962963","N3 P1 O10","de-protonated","0","-9999","C27 H26 O10 N3 P1","27","26","10","3","1","-9999","-9999","-9999","-9999"
"3975","582.12819","582.128229774","582.128033267","1446544.5","-9999","320583.5","7.88","-1","0.337566238","0.979536035","0","0.587721621","3","0.882352941","1.941176471","N3 S2 O15","de-protonated","0","-9999","C17 H33 O15 N3 S2","17","33","15","3","-9999","2","-9999","-9999","-9999"
"3976","582.224043","582.224082737","582.223725808","1323233.8","-9999","307642.5","7.07","-1","0.613043113","0.467040378","0.725399619","0.570384074","18","0.085714286","1.085714286","N1 S1 P1 O3","de-protonated","0","-9999","C35 H38 O3 N1 P1 S1","35","38","3","1","1","1","-9999","-9999","-9999"
"3976","582.224043","582.224082737","582.224437616","1323233.8","-9999","307642.5","7.07","-1","-0.609523205","0.9348104","0.987066157","0.955712703","19","0.147058824","1.029411765","13C1 N2 P1 O5","de-protonated","1","3970","C33 H35 O5 N2 P1 13C1","33","35","5","2","1","-9999","1","-9999","-9999"
"3976","582.224043","582.224082737","582.22416629","1323233.8","-9999","307642.5","7.07","-1","-0.143506831","0.996270181","0.95015273200000006","0.977823201","5","0.416666667","1.75","13C1 N2 S2 O10","de-protonated","1","3970","C23 H42 O10 N2 S2 13C1","23","42","10","2","-9999","2","1","-9999","-9999"
"3976","582.224043","582.224082737","582.224573962","1323233.8","-9999","307642.5","7.07","-1","-0.843703524","0.878831899","0","0.527299139","19","0.212121212","1","N3 O7","de-protonated","0","-9999","C33 H33 O7 N3","33","33","7","3","-9999","-9999","-9999","-9999","-9999"
"3976","582.224043","582.224082737","582.223786167","1323233.8","-9999","307642.5","7.07","-1","0.509373512","0.954012099","0.963556933","0.957830032","10","0.269230769","1.5","13C1 N4 S1 P1 O7","de-protonated","1","3970","C25 H39 O7 N4 P1 S1 13C1","25","39","7","4","1","1","1","-9999","-9999"
"3977","583.033045","583.033084424","583.033404604","2362767.8","-9999","297707.1","13.89","-1","-0.549163173","0.473374471","0.807789663","0.607140548","14","0.590909091","0.909090909","N2 S2 O13","de-protonated","0","-9999","C22 H20 O13 N2 S2","22","20","13","2","-9999","2","-9999","-9999","-9999"
"3977","583.033045","583.033084424","583.032535224","2362767.8","-9999","297707.1","13.89","-1","0.941970409","0.425645645","0.81490939","0.581351143","15","0.857142857","0.761904762","N2 O18","de-protonated","0","-9999","C21 H16 O18 N2","21","16","18","2","-9999","-9999","-9999","-9999","-9999"
"3977","583.033045","583.033084424","583.03289154","2362767.8","-9999","297707.1","13.89","-1","0.330828292","0.490168407","0.725399619","0.584260891","32","0.057142857","0.342857143","N4 S2 O2","de-protonated","0","-9999","C35 H12 O2 N4 S2","35","12","2","4","-9999","2","-9999","-9999","-9999"
"3977","583.033045","583.033084424","583.033024482","2362767.8","-9999","297707.1","13.89","-1","0.102810721","0.499041959","0.793917021","0.616991984","19","0.416666667","0.708333333","N4 S1 P1 O10","de-protonated","0","-9999","C24 H17 O10 N4 P1 S1","24","17","10","4","1","1","-9999","-9999","-9999"
"3978","583.067636","583.067675411","583.067939639","3884461","-9999","296732.9","23.88","-1","-0.453169191","0.481711495","0.725399619","0.579186744","26","0.142857143","0.571428571","S2 O5","de-protonated","0","-9999","C35 H20 O5 S2","35","20","5","-9999","-9999","2","-9999","-9999","-9999"
"3978","583.067636","583.067675411","583.068072581","3884461","-9999","296732.9","23.88","-1","-0.681172878","0.459627576","0.793917021","0.593343354","13","0.541666667","1.041666667","S1 P1 O13","de-protonated","0","-9999","C24 H25 O13 P1 S1","24","25","13","-9999","1","1","-9999","-9999","-9999"
"3978","583.067636","583.067675411","583.067559516","3884461","-9999","296732.9","23.88","-1","0.198766149","0.496428481","0.714192896","0.583534247","31","0.054054054","0.459459459","N2 S1 P1 O2","de-protonated","0","-9999","C37 H17 O2 N2 P1 S1","37","17","2","2","1","1","-9999","-9999","-9999"
"3978","583.067636","583.067675411","583.067421132","3884461","-9999","296732.9","23.88","-1","0.436104838","0.483039697","0.85247738","0.630814771","4","0.9375","1.8125","N2 S2 P1 O15","de-protonated","0","-9999","C16 H29 O15 N2 P1 S2","16","29","15","2","1","2","-9999","-9999","-9999"
"3979","583.082907","583.082946405","583.08319578","2208186","-9999","290748.8","12.87","-1","-0.427684458","0.483677612","0.703327172","0.571537436","30","0.051282051","0.512820513","S2 O2","de-protonated","0","-9999","C39 H20 O2 S2","39","20","2","-9999","-9999","2","-9999","-9999","-9999"
"3979","583.082907","583.082946405","583.083328722","2208186","-9999","290748.8","12.87","-1","-0.655682184","0.462478393","0.767553728","0.584508527","17","0.357142857","0.892857143","S1 P1 O10","de-protonated","0","-9999","C28 H25 O10 P1 S1","28","25","10","-9999","1","1","-9999","-9999","-9999"
"3979","583.082907","583.082946405","583.082677273","2208186","-9999","290748.8","12.87","-1","0.461566327","0.962081167","0","0.5772487","8","0.6","1.45","N2 S2 P1 O12","de-protonated","0","-9999","C20 H29 O12 N2 P1 S2","20","29","12","2","1","2","-9999","-9999","-9999"
"3979","583.082907","583.082946405","583.083525426","2208186","-9999","290748.8","12.87","-1","-0.993034128","0.836164768","0","0.501698861","9","0.888888889","1.333333333","N4 S1 O16","de-protonated","0","-9999","C18 H24 O16 N4 S1","18","24","16","4","-9999","1","-9999","-9999","-9999"
"3980","583.096815","583.096854399","583.096931093","1757637.9","-9999","235920.5","9.92","-1","-0.131528281","0.498432958","0.73113591","0.591514139","26","0.176470588","0.588235294","N2 S1 O6","de-protonated","0","-9999","C34 H20 O6 N2 S1","34","20","6","2","-9999","1","-9999","-9999","-9999"
"3980","583.096815","583.096854399","583.097064035","1757637.9","-9999","235920.5","9.92","-1","-0.359520704","0.976819713","0","0.586091828","13","0.608695652","1.086956522","N2 P1 O14","de-protonated","0","-9999","C23 H25 O14 N2 P1","23","25","14","2","1","-9999","-9999","-9999","-9999"
"3980","583.096815","583.096854399","583.09655097","1757637.9","-9999","235920.5","9.92","-1","0.520374855","0.476026541","0.719752637","0.573516979","31","0.083333333","0.472222222","N4 P1 O3","de-protonated","0","-9999","C36 H17 O3 N4 P1","36","17","3","4","1","-9999","-9999","-9999","-9999"
"3980","583.096815","583.096854399","583.096279644","1757637.9","-9999","235920.5","9.92","-1","0.985694752","0.419185531","0.780512821","0.563716447","17","0.307692308","0.923076923","N4 S2 O8","de-protonated","0","-9999","C26 H24 O8 N4 S2","26","24","8","4","-9999","2","-9999","-9999","-9999"
"3981","583.103967","583.104006396","583.104325148","5644748","-9999","280846.8","35.43","-1","-0.5466463","0.31574095","0.676201412","0.459925135","25","0.111111111","0.666666667","S2 O4","de-protonated","0","-9999","C36 H24 O4 S2","36","24","4","-9999","-9999","2","-9999","-9999","-9999"
"3981","583.103967","583.104006396","583.103455768","5644748","-9999","280846.8","35.43","-1","0.944305925","0.425305538","0.725399619","0.54534317","26","0.257142857","0.571428571","O9","de-protonated","0","-9999","C35 H20 O9","35","20","9","-9999","-9999","-9999","-9999","-9999","-9999"
"3981","583.103967","583.104006396","583.10445809","5644748","-9999","280846.8","35.43","-1","-0.774635737","0.448418929","0.787157861","0.583914502","12","0.48","1.16","S1 P1 O12","de-protonated","0","-9999","C25 H29 O12 P1 S1","25","29","12","-9999","1","1","-9999","-9999","-9999"
"3981","583.103967","583.104006396","583.103945026","5644748","-9999","280846.8","35.43","-1","0.105248299","0.498996037","0.70871839","0.582884978","30","0.026315789","0.552631579","N2 S1 P1 O1","de-protonated","0","-9999","C38 H21 O1 N2 P1 S1","38","21","1","2","1","1","-9999","-9999","-9999"
"3981","583.103967","583.104006396","583.103806641","5644748","-9999","280846.8","35.43","-1","0.342572156","0.326310361","0.785329736","0.509918111","3","0.823529412","1.941176471","N2 S2 P1 O14","de-protonated","0","-9999","C17 H33 O14 N2 P1 S2","17","33","14","2","1","2","-9999","-9999","-9999"
"3982","583.119237","583.119276391","583.11958129","2158041","-9999","239325.7","12.54","-1","-0.522875624","0.475801249","0.698017357","0.564687692","29","0.025","0.6","S2 O1","de-protonated","0","-9999","C40 H24 O1 S2","40","24","1","-9999","-9999","2","-9999","-9999","-9999"
"3982","583.119237","583.119276391","583.11871191","2158041","-9999","239325.7","12.54","-1","0.968037628","0.421817648","0.703327172","0.534421457","30","0.153846154","0.512820513","O6","de-protonated","0","-9999","C39 H20 O6","39","20","6","-9999","-9999","-9999","-9999","-9999","-9999"
"3982","583.119237","583.119276391","583.119714231","2158041","-9999","239325.7","12.54","-1","-0.750859102","0.451379863","0.761234226","0.575321608","16","0.310344828","1","S1 P1 O9","de-protonated","0","-9999","C29 H29 O9 P1 S1","29","29","9","-9999","1","1","-9999","-9999","-9999"
"3982","583.119237","583.119276391","583.119062783","2158041","-9999","239325.7","12.54","-1","0.366319588","0.487972715","0.81490939","0.618747385","7","0.523809524","1.571428571","N2 S2 P1 O11","de-protonated","0","-9999","C21 H33 O11 N2 P1 S2","21","33","11","2","1","2","-9999","-9999","-9999"
"3983","583.13372","583.133759385","583.133968051","1645029.4","-9999","235953.9","9.18","-1","-0.357835498","0.488517002","0.6825583","0.566133521","34","0.069767442","0.465116279","O3","de-protonated","0","-9999","C43 H20 O3","43","20","3","-9999","-9999","-9999","-9999","-9999","-9999"
"3983","583.13372","583.133759385","583.133829667","1645029.4","-9999","235953.9","9.18","-1","-0.12052397","0.997367742","0","0.598420645","7","0.727272727","1.454545455","S1 O16","de-protonated","0","-9999","C22 H32 O16 S1","22","32","16","-9999","-9999","1","-9999","-9999","-9999"
"3983","583.13372","583.133759385","583.133316602","1645029.4","-9999","235953.9","9.18","-1","0.759316323","0.450335028","0.725399619","0.560360864","25","0.142857143","0.685714286","N2 S1 O5","de-protonated","0","-9999","C35 H24 O5 N2 S1","35","24","5","2","-9999","1","-9999","-9999","-9999"
"3983","583.13372","583.133759385","583.134318924","1645029.4","-9999","235953.9","9.18","-1","-0.959536998","0.846147278","0","0.507688367","11","0.32","1.32","N2 S2 P1 O8","de-protonated","0","-9999","C25 H33 O8 N2 P1 S2","25","33","8","2","1","2","-9999","-9999","-9999"
"3983","583.13372","583.133759385","583.133449544","1645029.4","-9999","235953.9","9.18","-1","0.531337923","0.95006337","0","0.570038022","12","0.541666667","1.208333333","N2 P1 O13","de-protonated","0","-9999","C24 H29 O13 N2 P1","24","29","13","2","1","-9999","-9999","-9999","-9999"
"3984","583.140339","583.140378382","583.140710658","3848683","-9999","280738.7","23.64","-1","-0.569802839","0.471394912","0.714192896","0.568514105","24","0.081081081","0.756756757","S2 O3","de-protonated","0","-9999","C37 H28 O3 S2","37","28","3","-9999","-9999","2","-9999","-9999","-9999"
"3984","583.140339","583.140378382","583.139841278","3848683","-9999","280738.7","23.64","-1","0.921056322","0.42866557","0.719752637","0.545100397","25","0.222222222","0.666666667","O8","de-protonated","0","-9999","C36 H24 O8","36","24","8","-9999","-9999","-9999","-9999","-9999","-9999"
"3984","583.140339","583.140378382","583.140843599","3848683","-9999","280738.7","23.64","-1","-0.797778046","0.445467867","0.780512821","0.579485848","11","0.423076923","1.269230769","S1 P1 O11","de-protonated","0","-9999","C26 H33 O11 P1 S1","26","33","11","-9999","1","1","-9999","-9999","-9999"
"3984","583.140339","583.140378382","583.140192151","3848683","-9999","280738.7","23.64","-1","0.319360112","0.490832038","0.837042051","0.629316043","2","0.722222222","2.055555556","N2 S2 P1 O13","de-protonated","0","-9999","C18 H37 O13 N2 P1 S2","18","37","13","2","1","2","-9999","-9999","-9999"
"3985","583.155696","583.155735376","583.156099741","1720311.9","-9999","274976.6","9.67","-1","-0.624814162","0.465807216","0.755017935","0.581491504","15","0.266666667","1.1","S1 P1 O8","de-protonated","0","-9999","C30 H33 O8 P1 S1","30","33","8","-9999","1","1","-9999","-9999","-9999"
"3985","583.155696","583.155735376","583.155448292","1720311.9","-9999","274976.6","9.67","-1","0.492294964","0.956978001","0","0.574186801","6","0.454545455","1.681818182","N2 S2 P1 O10","de-protonated","0","-9999","C22 H37 O10 N2 P1 S2","22","37","10","2","1","2","-9999","-9999","-9999"
"3985","583.155696","583.155735376","583.156296445","1720311.9","-9999","274976.6","9.67","-1","-0.962124019","0.845384355","0","0.507230613","7","0.7","1.6","N4 S1 O14","de-protonated","0","-9999","C20 H32 O14 N4 S1","20","32","14","4","-9999","1","-9999","-9999","-9999"
"3986","583.169559","583.169598371","583.169702112","1414659.8","-9999","248276","7.66","-1","-0.177890858","0.497137241","0.719752637","0.586183399","24","0.111111111","0.777777778","N2 S1 O4","de-protonated","0","-9999","C36 H28 O4 N2 S1","36","28","4","2","-9999","1","-9999","-9999","-9999"
"3986","583.169559","583.169598371","583.169835053","1414659.8","-9999","248276","7.66","-1","-0.405854821","0.970554337","0","0.582332602","11","0.48","1.32","N2 P1 O12","de-protonated","0","-9999","C25 H33 O12 N2 P1","25","33","12","2","1","-9999","-9999","-9999","-9999"
"3986","583.169559","583.169598371","583.169321989","1414659.8","-9999","248276","7.66","-1","0.473930899","0.480032024","0.70871839","0.57150657","29","0.026315789","0.657894737","N4 P1 O1","de-protonated","0","-9999","C38 H25 O1 N4 P1","38","25","1","4","1","-9999","-9999","-9999","-9999"
"3986","583.169559","583.169598371","583.169050663","1414659.8","-9999","248276","7.66","-1","0.93919271","0.852098804","0","0.511259282","15","0.214285714","1.142857143","N4 S2 O6","de-protonated","0","-9999","C28 H32 O6 N4 S2","28","32","6","4","-9999","2","-9999","-9999","-9999"
"3986","583.169559","583.169598371","583.169183605","1414659.8","-9999","248276","7.66","-1","0.711228238","0.912301254","0","0.547380753","2","0.823529412","2.176470588","N4 S1 P1 O14","de-protonated","0","-9999","C17 H37 O14 N4 P1 S1","17","37","14","4","1","1","-9999","-9999","-9999"
"3987","583.17667","583.176709368","583.177096167","2725385.8","-9999","324474.2","16.27","-1","-0.663261007","0.461640325","0.70871839","0.560471551","23","0.052631579","0.842105263","S2 O2","de-protonated","0","-9999","C38 H32 O2 S2","38","32","2","-9999","-9999","2","-9999","-9999","-9999"
"3987","583.17667","583.176709368","583.176226787","2725385.8","-9999","324474.2","16.27","-1","0.827504997","0.441579678","0.714192896","0.550624966","24","0.189189189","0.756756757","O7","de-protonated","0","-9999","C37 H28 O7","37","28","7","-9999","-9999","-9999","-9999","-9999","-9999"
"3987","583.17667","583.176709368","583.177229109","2725385.8","-9999","324474.2","16.27","-1","-0.891221968","0.432891731","0.773979033","0.569326652","10","0.37037037","1.37037037","S1 P1 O10","de-protonated","0","-9999","C27 H37 O10 P1 S1","27","37","10","-9999","1","1","-9999","-9999","-9999"
"3987","583.17667","583.176709368","583.17657766","2725385.8","-9999","324474.2","16.27","-1","0.225846385","0.495393809","0.829532115","0.629049131","1","0.631578947","2.157894737","N2 S2 P1 O12","de-protonated","0","-9999","C19 H41 O12 N2 P1 S2","19","41","12","2","1","2","-9999","-9999","-9999"
"3988","583.192196","583.192235362","583.19248525","1425943","-9999","349625.1","7.74","-1","-0.428482287","0.967235335","0","0.580341201","14","0.225806452","1.193548387","S1 P1 O7","de-protonated","0","-9999","C31 H37 O7 P1 S1","31","37","7","-9999","1","1","-9999","-9999","-9999"
"3988","583.192196","583.192235362","583.191833801","1425943","-9999","349625.1","7.74","-1","0.688557361","0.917569584","0","0.55054175","5","0.391304348","1.782608696","N2 S2 P1 O9","de-protonated","0","-9999","C23 H41 O9 N2 P1 S2","23","41","9","2","1","2","-9999","-9999","-9999"
"3988","583.192196","583.192235362","583.192681954","1425943","-9999","349625.1","7.74","-1","-0.765771166","0.899062699","0","0.539437619","6","0.619047619","1.714285714","N4 S1 O13","de-protonated","0","-9999","C21 H36 O13 N4 S1","21","36","13","4","-9999","1","-9999","-9999","-9999"
"3989","583.205261","583.205300357","583.205436172","1392673.9","-9999","234314.1","7.52","-1","-0.232876826","0.990208001","0","0.594124801","14","0.172413793","1.24137931","N4 S2 O5","de-protonated","0","-9999","C29 H36 O5 N4 S2","29","36","5","4","-9999","2","-9999","-9999","-9999"
"3989","583.205261","583.205300357","583.205569114","1392673.9","-9999","234314.1","7.52","-1","-0.460826808","0.962200252","0","0.577320151","1","0.722222222","2.277777778","N4 S1 P1 O13","de-protonated","0","-9999","C18 H41 O13 N4 P1 S1","18","41","13","4","1","1","-9999","-9999","-9999"
"3990","583.213106","583.213145354","583.213481676","1954344.6","-9999","342633.3","11.21","-1","-0.576670592","0.470721924","0.703327172","0.563764023","22","0.025641026","0.923076923","S2 O1","de-protonated","0","-9999","C39 H36 O1 S2","39","36","1","-9999","-9999","2","-9999","-9999","-9999"
"3990","583.213106","583.213145354","583.212612296","1954344.6","-9999","342633.3","11.21","-1","0.914002536","0.429673557","0.70871839","0.54129149","23","0.157894737","0.842105263","O6","de-protonated","0","-9999","C38 H32 O6","38","32","6","-9999","-9999","-9999","-9999","-9999","-9999"
"3990","583.213106","583.213145354","583.213614618","1954344.6","-9999","342633.3","11.21","-1","-0.804617351","0.444582914","0.767553728","0.57377124","9","0.321428571","1.464285714","S1 P1 O9","de-protonated","0","-9999","C28 H41 O9 P1 S1","28","41","9","-9999","1","1","-9999","-9999","-9999"
"3990","583.213106","583.213145354","583.212963169","1954344.6","-9999","342633.3","11.21","-1","0.312381408","0.982449681","0","0.589469809","0","0.55","2.25","N2 S2 P1 O11","de-protonated","0","-9999","C20 H45 O11 N2 P1 S2","20","45","11","2","1","2","-9999","-9999","-9999"
"3991","583.313263","583.313302316","583.313526616","1950333.9","-9999","312279.2","11.18","-1","-0.384528153","0.486763681","0.692787115","0.569173055","20","0.024390244","1.097560976","P1 O1","de-protonated","0","-9999","C41 H45 O1 P1","41","45","1","-9999","1","-9999","-9999","-9999","-9999"
"3991","583.313263","583.313302316","583.31325529","1950333.9","-9999","312279.2","11.18","-1","0.080618238","0.499410703","0.748902347","0.59920736","6","0.193548387","1.677419355","S2 O6","de-protonated","0","-9999","C31 H52 O6 S2","31","52","6","-9999","-9999","2","-9999","-9999","-9999"
"3991","583.313263","583.313302316","583.312875167","1950333.9","-9999","312279.2","11.18","-1","0.732279751","0.453642394","0.736963647","0.566970895","11","0.090909091","1.484848485","N2 S1 P1 O3","de-protonated","0","-9999","C33 H49 O3 N2 P1 S1","33","49","3","2","1","1","-9999","-9999","-9999"
"3991","583.313263","583.313302316","583.313723321","1950333.9","-9999","312279.2","11.18","-1","-0.721747057","0.454904753","0.748902347","0.572503791","12","0.225806452","1.419354839","N4 O7","de-protonated","0","-9999","C31 H44 O7 N4","31","44","7","4","-9999","-9999","-9999","-9999","-9999"
"3992","583.316787","583.316826314","583.316897919","1488000.8","-9999","435209.4","8.14","-1","-0.122755153","0.498634758","0.70871839","0.582668211","15","0.026315789","1.289473684","S1 P1 O1","de-protonated","0","-9999","C38 H49 O1 P1 S1","38","49","1","-9999","1","1","-9999","-9999","-9999"
"3992","583.316787","583.316826314","583.316246471","1488000.8","-9999","435209.4","8.14","-1","0.994046589","0.835859585","0","0.501515751","6","0.1","1.766666667","N2 S2 P1 O3","de-protonated","0","-9999","C30 H53 O3 N2 P1 S2","30","53","3","2","1","2","-9999","-9999","-9999"
"3992","583.316787","583.316826314","583.317094624","1488000.8","-9999","435209.4","8.14","-1","-0.459972196","0.962337651","0","0.577402591","7","0.25","1.714285714","N4 S1 O7","de-protonated","0","-9999","C28 H48 O7 N4 S1","28","48","7","4","-9999","1","-9999","-9999","-9999"
"3993","583.319656","583.319695313","583.320269223","5715587","-9999","305467","35.9","-1","-0.983867036","0.279639616","0.681183322","0.440257098","10","0.028571429","1.514285714","S2 P1 O1","de-protonated","0","-9999","C35 H53 O1 P1 S2","35","53","1","-9999","1","2","-9999","-9999","-9999"
"3993","583.319656","583.319695313","583.319399843","5715587","-9999","305467","35.9","-1","0.506532589","0.963837795","0.952892999","0.959459877","11","0.176470588","1.441176471","P1 O6","de-protonated","0","-9999","C34 H49 O6 P1","34","49","6","-9999","1","-9999","-9999","-9999","-9999"
"3993","583.319656","583.319695313","583.319596547","5715587","-9999","305467","35.9","-1","0.16931678","0.997173994","0.98432589","0.992034752","3","0.5","2","N4 O12","de-protonated","0","-9999","C24 H48 O12 N4","24","48","12","4","-9999","-9999","-9999","-9999","-9999"
"3994","584.322942","584.322980925","584.322754678","1628632.8","-9999","376531.4","9.06","-1","0.387195872","0.973163763","0.952892999","0.965055457","11","0.176470588","1.441176471","13C1 P1 O6","de-protonated","1","3993","C33 H49 O6 P1 13C1","33","49","6","-9999","1","-9999","1","-9999","-9999"
"3994","584.322942","584.322980925","584.322891023","1628632.8","-9999","376531.4","9.06","-1","0.153856267","0.497857002","0.736963647","0.59349966","11","0.242424242","1.424242424","N1 O8","de-protonated","0","-9999","C33 H47 O8 N1","33","47","8","1","-9999","-9999","-9999","-9999","-9999"
"3994","584.322942","584.322980925","584.322951382","1628632.8","-9999","376531.4","9.06","-1","0.050559145","0.999536283","0.98432589","0.993452126","3","0.5","2","13C1 N4 O12","de-protonated","1","3993","C23 H48 O12 N4 13C1","23","48","12","4","-9999","-9999","1","-9999","-9999"
"3995","585.062579","585.062617639","585.062460335","2539599.5","-9999","256367.3","15.04","-1","0.268866943","0.493484414","0.70871839","0.579578004","30","0.078947368","0.473684211","S2 O3","de-protonated","0","-9999","C38 H18 O3 S2","38","18","3","-9999","-9999","2","-9999","-9999","-9999"
"3995","585.062579","585.062617639","585.062593277","2539599.5","-9999","256367.3","15.04","-1","0.041640374","0.499842716","0.773979033","0.609497243","17","0.407407407","0.851851852","S1 P1 O11","de-protonated","0","-9999","C27 H23 O11 P1 S1","27","23","11","-9999","1","1","-9999","-9999","-9999"
"3996","585.076894","585.076932634","585.076847097","1754203.8","-9999","341098.5","9.88","-1","0.146197891","0.498064629","0.692787115","0.575953624","35","0.12195122","0.341463415","O5","de-protonated","0","-9999","C41 H14 O5","41","14","5","-9999","-9999","-9999","-9999","-9999","-9999"
"3996","585.076894","585.076932634","585.076708712","1754203.8","-9999","341098.5","9.88","-1","0.382721492","0.973772251","0","0.584263351","8","0.9","1.3","S1 O18","de-protonated","0","-9999","C20 H26 O18 S1","20","26","18","-9999","-9999","1","-9999","-9999","-9999"
"3996","585.076894","585.076932634","585.07719797","1754203.8","-9999","341098.5","9.88","-1","-0.453505828","0.963369635","0","0.578021781","12","0.434782609","1.173913043","N2 S2 P1 O10","de-protonated","0","-9999","C23 H27 O10 N2 P1 S2","23","27","10","2","1","2","-9999","-9999","-9999"
"3997","585.08332","585.083358631","585.083589703","3770465.3","-9999","325474.9","23.12","-1","-0.39493865","0.486047502","0.725399619","0.581788349","25","0.142857143","0.628571429","S2 O5","de-protonated","0","-9999","C35 H22 O5 S2","35","22","5","-9999","-9999","2","-9999","-9999","-9999"
"3997","585.08332","585.083358631","585.083722645","3770465.3","-9999","325474.9","23.12","-1","-0.622156863","0.466087364","0.793917021","0.597219227","12","0.541666667","1.125","S1 P1 O13","de-protonated","0","-9999","C24 H27 O13 P1 S1","24","27","13","-9999","1","1","-9999","-9999","-9999"
"3997","585.08332","585.083358631","585.083209581","3770465.3","-9999","325474.9","23.12","-1","0.254750768","0.494146707","0.714192896","0.582165182","30","0.054054054","0.513513514","N2 S1 P1 O2","de-protonated","0","-9999","C37 H19 O2 N2 P1 S1","37","19","2","2","1","1","-9999","-9999","-9999"
"3997","585.08332","585.083358631","585.083071196","3770465.3","-9999","325474.9","23.12","-1","0.491271823","0.478576379","0.85247738","0.62813678","3","0.9375","1.9375","N2 S2 P1 O15","de-protonated","0","-9999","C16 H31 O15 N2 P1 S2","16","31","15","2","1","2","-9999","-9999","-9999"
"3998","585.090604","585.090642628","585.091071667","1374823.5","-9999","154265.3","7.39","-1","-0.733284799","0.453521167","0.703327172","0.553443569","35","0.025641026","0.384615385","N4 P1 O1","de-protonated","0","-9999","C39 H15 O1 N4 P1","39","15","1","4","1","-9999","-9999","-9999","-9999"
"3998","585.090604","585.090642628","585.090800341","1374823.5","-9999","154265.3","7.39","-1","-0.269551716","0.986902803","0","0.592141682","21","0.206896552","0.75862069","N4 S2 O6","de-protonated","0","-9999","C29 H22 O6 N4 S2","29","22","6","4","-9999","2","-9999","-9999","-9999"
"3998","585.090604","585.090642628","585.090933282","1374823.5","-9999","154265.3","7.39","-1","-0.496767156","0.956210241","0","0.573726145","8","0.777777778","1.5","N4 S1 P1 O14","de-protonated","0","-9999","C18 H27 O14 N4 P1 S1","18","27","14","4","1","1","-9999","-9999","-9999"
"3999","585.096021","585.096059626","585.095474541","1441900","-9999","312697.1","7.83","-1","0.999982092","0.417033232","0.68763467","0.525273807","34","0.047619048","0.428571429","S1 O2","de-protonated","0","-9999","C42 H18 O2 S1","42","18","2","-9999","-9999","1","-9999","-9999","-9999"
"3999","585.096021","585.096059626","585.096476863","1441900","-9999","312697.1","7.83","-1","-0.713107359","0.455929153","0.742885034","0.570711505","20","0.15625","0.84375","S2 P1 O5","de-protonated","0","-9999","C32 H27 O5 P1 S2","32","27","5","-9999","1","2","-9999","-9999","-9999"
"3999","585.096021","585.096059626","585.095607483","1441900","-9999","312697.1","7.83","-1","0.772768178","0.897308249","0","0.53838495","21","0.322580645","0.741935484","P1 O10","de-protonated","0","-9999","C31 H23 O10 P1","31","23","10","-9999","1","-9999","-9999","-9999","-9999"
"3999","585.096021","585.096059626","585.095804188","1441900","-9999","312697.1","7.83","-1","0.436575984","0.966007323","0","0.579604394","13","0.761904762","1.047619048","N4 O16","de-protonated","0","-9999","C21 H22 O16 N4","21","22","16","4","-9999","-9999","-9999","-9999","-9999"
"4000","585.098721","585.098759625","585.098845845","3740782.3","-9999","270558.3","22.92","-1","-0.147358635","0.498033836","0.703327172","0.58015117","29","0.051282051","0.564102564","S2 O2","de-protonated","0","-9999","C39 H22 O2 S2","39","22","2","-9999","-9999","2","-9999","-9999","-9999"
"4000","585.098721","585.098759625","585.098978786","3740782.3","-9999","270558.3","22.92","-1","-0.374570979","0.487431724","0.767553728","0.599480526","16","0.357142857","0.964285714","S1 P1 O10","de-protonated","0","-9999","C28 H27 O10 P1 S1","28","27","10","-9999","1","1","-9999","-9999","-9999"
"4000","585.098721","585.098759625","585.098327338","3740782.3","-9999","270558.3","22.92","-1","0.73882895","0.452850037","0.822155738","0.600572318","7","0.6","1.55","N2 S2 P1 O12","de-protonated","0","-9999","C20 H31 O12 N2 P1 S2","20","31","12","2","1","2","-9999","-9999","-9999"
"4000","585.098721","585.098759625","585.099313875","3740782.3","-9999","270558.3","22.92","-1","-0.94727511","0.42487233","0.703327172","0.536254267","35","0.076923077","0.358974359","N4 O3","de-protonated","0","-9999","C39 H14 O3 N4","39","14","3","4","-9999","-9999","-9999","-9999","-9999"
"4000","585.098721","585.098759625","585.099175491","3740782.3","-9999","270558.3","22.92","-1","-0.71076085","0.45620564","0.837042051","0.608540204","8","0.888888889","1.444444444","N4 S1 O16","de-protonated","0","-9999","C18 H26 O16 N4 S1","18","26","16","4","-9999","1","-9999","-9999","-9999"
"4001","585.113249","585.11328762","585.113232606","1470202.8","-9999","242578.4","8.02","-1","0.094022137","0.499198625","0.68763467","0.574573043","34","0.095238095","0.428571429","O4","de-protonated","0","-9999","C42 H18 O4","42","18","4","-9999","-9999","-9999","-9999","-9999","-9999"
"4001","585.113249","585.11328762","585.113094222","1470202.8","-9999","242578.4","8.02","-1","0.330531018","0.980371786","0","0.588223072","7","0.80952381","1.428571429","S1 O17","de-protonated","0","-9999","C21 H30 O17 S1","21","30","17","-9999","-9999","1","-9999","-9999","-9999"
"4001","585.113249","585.11328762","585.113583479","1470202.8","-9999","242578.4","8.02","-1","-0.505644257","0.954667568","0","0.572800541","11","0.375","1.291666667","N2 S2 P1 O9","de-protonated","0","-9999","C24 H31 O9 N2 P1 S2","24","31","9","2","1","2","-9999","-9999","-9999"
"4001","585.113249","585.11328762","585.112714099","1470202.8","-9999","242578.4","8.02","-1","0.980188146","0.840019446","0","0.504011668","12","0.608695652","1.173913043","N2 P1 O14","de-protonated","0","-9999","C23 H27 O14 N2 P1","23","27","14","2","1","-9999","-9999","-9999","-9999"
"4002","585.119648","585.119686617","585.119975213","3589248.3","-9999","332143","21.93","-1","-0.493224517","0.478409471","0.719752637","0.574946737","24","0.111111111","0.722222222","S2 O4","de-protonated","0","-9999","C36 H26 O4 S2","36","26","4","-9999","-9999","2","-9999","-9999","-9999"
"4002","585.119648","585.119686617","585.119105833","3589248.3","-9999","332143","21.93","-1","0.992591674","0.418149036","0.725399619","0.541049269","25","0.257142857","0.628571429","O9","de-protonated","0","-9999","C35 H22 O9","35","22","9","-9999","-9999","-9999","-9999","-9999","-9999"
"4002","585.119648","585.119686617","585.120108154","3589248.3","-9999","332143","21.93","-1","-0.720428577","0.455061732","0.787157861","0.587900184","11","0.48","1.24","S1 P1 O12","de-protonated","0","-9999","C25 H31 O12 P1 S1","25","31","12","-9999","1","1","-9999","-9999","-9999"
"4002","585.119648","585.119686617","585.11959509","3589248.3","-9999","332143","21.93","-1","0.156424437","0.497785023","0.70871839","0.582158369","29","0.026315789","0.605263158","N2 S1 P1 O1","de-protonated","0","-9999","C38 H23 O1 N2 P1 S1","38","23","1","2","1","1","-9999","-9999","-9999"
"4002","585.119648","585.119686617","585.119456706","3589248.3","-9999","332143","21.93","-1","0.39293076","0.486187039","0.844689208","0.629587907","2","0.823529412","2.058823529","N2 S2 P1 O14","de-protonated","0","-9999","C17 H35 O14 N2 P1 S2","17","35","14","2","1","2","-9999","-9999","-9999"
"4003","585.125954","585.125992615","585.126119766","1649797.6","-9999","252907.9","9.2","-1","-0.217305091","0.495734162","0.703327172","0.578771366","29","0.102564103","0.58974359","P1 O4","de-protonated","0","-9999","C39 H23 O4 P1","39","23","4","-9999","1","-9999","-9999","-9999","-9999"
"4003","585.125954","585.125992615","585.12584844","1649797.6","-9999","252907.9","9.2","-1","0.246400455","0.494522065","0.761234226","0.601206929","15","0.310344828","1.034482759","S2 O9","de-protonated","0","-9999","C29 H30 O9 S2","29","30","9","-9999","-9999","2","-9999","-9999","-9999"
"4003","585.125954","585.125992615","585.125981381","1649797.6","-9999","252907.9","9.2","-1","0.019198507","0.999933123","0","0.599959874","2","0.944444444","1.944444444","S1 P1 O17","de-protonated","0","-9999","C18 H35 O17 P1 S1","18","35","17","-9999","1","1","-9999","-9999","-9999"
"4003","585.125954","585.125992615","585.125468317","1649797.6","-9999","252907.9","9.2","-1","0.896043368","0.432215406","0.748902347","0.558890182","20","0.193548387","0.870967742","N2 S1 P1 O6","de-protonated","0","-9999","C31 H27 O6 N2 P1 S1","31","27","6","2","1","1","-9999","-9999","-9999"
"4003","585.125954","585.125992615","585.12631647","1649797.6","-9999","252907.9","9.2","-1","-0.553479421","0.472965858","0.761234226","0.588273205","21","0.344827586","0.75862069","N4 O10","de-protonated","0","-9999","C29 H22 O10 N4","29","22","10","4","-9999","-9999","-9999","-9999","-9999"
"4004","585.128356","585.128394614","585.128488747","1567367.6","-9999","272226","8.65","-1","-0.160876688","0.49765744","0.667769153","0.565702125","38","0.02173913","0.391304348","O1","de-protonated","0","-9999","C46 H18 O1","46","18","1","-9999","-9999","-9999","-9999","-9999","-9999"
"4004","585.128356","585.128394614","585.128350363","1567367.6","-9999","272226","8.65","-1","0.075625966","0.998962781","0","0.599377669","11","0.56","1.2","S1 O14","de-protonated","0","-9999","C25 H30 O14 S1","25","30","14","-9999","-9999","1","-9999","-9999","-9999"
"4004","585.128356","585.128394614","585.127837299","1567367.6","-9999","272226","8.65","-1","0.952467326","0.424112579","0.70871839","0.537954904","29","0.078947368","0.578947368","N2 S1 O3","de-protonated","0","-9999","C38 H22 O3 N2 S1","38","22","3","2","-9999","1","-9999","-9999","-9999"
"4004","585.128356","585.128394614","585.12883962","1567367.6","-9999","272226","8.65","-1","-0.760527295","0.900369323","0","0.540221594","15","0.214285714","1.107142857","N2 S2 P1 O6","de-protonated","0","-9999","C28 H31 O6 N2 P1 S2","28","31","6","2","1","2","-9999","-9999","-9999"
"4004","585.128356","585.128394614","585.12797024","1567367.6","-9999","272226","8.65","-1","0.72526599","0.908969298","0","0.545381579","16","0.407407407","1","N2 P1 O11","de-protonated","0","-9999","C27 H27 O11 N2 P1","27","27","11","2","1","-9999","-9999","-9999","-9999"
"4005","585.13507","585.135108611","585.135231354","2502797.3","-9999","269494.6","14.8","-1","-0.209768208","0.496023779","0.698017357","0.57682121","28","0.025","0.65","S2 O1","de-protonated","0","-9999","C40 H26 O1 S2","40","26","1","-9999","-9999","2","-9999","-9999","-9999"
"4005","585.13507","585.135108611","585.135364296","2502797.3","-9999","269494.6","14.8","-1","-0.436966409","0.482973773","0.761234226","0.594277954","15","0.310344828","1.068965517","S1 P1 O9","de-protonated","0","-9999","C29 H31 O9 P1 S1","29","31","9","-9999","1","1","-9999","-9999","-9999"
"4005","585.13507","585.135108611","585.134712847","2502797.3","-9999","269494.6","14.8","-1","0.676364215","0.460172321","0.81490939","0.602067149","6","0.523809524","1.666666667","N2 S2 P1 O11","de-protonated","0","-9999","C21 H35 O11 N2 P1 S2","21","35","11","2","1","2","-9999","-9999","-9999"
"4005","585.13507","585.135108611","585.135561","2502797.3","-9999","269494.6","14.8","-1","-0.773135354","0.448607919","0.829532115","0.600977597","7","0.789473684","1.578947368","N4 S1 O15","de-protonated","0","-9999","C19 H30 O15 N4 S1","19","30","15","4","-9999","1","-9999","-9999","-9999"
"4006","585.137458","585.13749661","585.137733277","1980559.4","-9999","244992.3","11.37","-1","-0.40446399","0.485376416","0.719752637","0.579126904","24","0.166666667","0.722222222","S1 O6","de-protonated","0","-9999","C36 H26 O6 S1","36","26","6","-9999","-9999","1","-9999","-9999","-9999"
"4006","585.137458","585.13749661","585.137866219","1980559.4","-9999","244992.3","11.37","-1","-0.631661175","0.465080648","0.787157861","0.593911533","11","0.56","1.24","P1 O14","de-protonated","0","-9999","C25 H31 O14 P1","25","31","14","-9999","1","-9999","-9999","-9999","-9999"
"4006","585.137458","585.13749661","585.137353155","1980559.4","-9999","244992.3","11.37","-1","0.245165305","0.494576548","0.70871839","0.580233285","29","0.078947368","0.605263158","N2 P1 O3","de-protonated","0","-9999","C38 H23 O3 N2 P1","38","23","3","2","1","-9999","-9999","-9999","-9999"
"4006","585.137458","585.13749661","585.137081829","1980559.4","-9999","244992.3","11.37","-1","0.708862164","0.456428815","0.767553728","0.58087878","15","0.285714286","1.071428571","N2 S2 O8","de-protonated","0","-9999","C28 H30 O8 N2 S2","28","30","8","2","-9999","2","-9999","-9999","-9999"
"4006","585.137458","585.13749661","585.137214771","1980559.4","-9999","244992.3","11.37","-1","0.481664472","0.958777527","0","0.575266516","2","0.941176471","2.058823529","N2 S1 P1 O16","de-protonated","0","-9999","C17 H35 O16 N2 P1 S1","17","35","16","2","1","1","-9999","-9999","-9999"
"4007","585.141459","585.141497609","585.141375907","1371794.8","-9999","433352.7","7.37","-1","0.207987054","0.496090753","0.6825583","0.570677772","33","0.023255814","0.534883721","P1 O1","de-protonated","0","-9999","C43 H23 O1 P1","43","23","1","-9999","1","-9999","-9999","-9999","-9999"
"4007","585.141459","585.141497609","585.141104581","1371794.8","-9999","433352.7","7.37","-1","0.671680708","0.460699792","0.736963647","0.571205334","19","0.181818182","0.909090909","S2 O6","de-protonated","0","-9999","C33 H30 O6 S2","33","30","6","-9999","-9999","2","-9999","-9999","-9999"
"4007","585.141459","585.141497609","585.141237523","1371794.8","-9999","433352.7","7.37","-1","0.444484587","0.964786746","0","0.578872048","6","0.636363636","1.590909091","S1 P1 O14","de-protonated","0","-9999","C22 H35 O14 P1 S1","22","35","14","-9999","1","1","-9999","-9999","-9999"
"4007","585.141459","585.141497609","585.141572611","1371794.8","-9999","433352.7","7.37","-1","-0.128178654","0.49851164","0.736963647","0.593892443","25","0.212121212","0.666666667","N4 O7","de-protonated","0","-9999","C33 H22 O7 N4","33","22","7","4","-9999","-9999","-9999","-9999","-9999"
"4008","585.14415","585.144188608","585.14474721","5598357","-9999","317554.8","35.12","-1","-0.954639911","0.282529233","0.656222442","0.432006517","28","0.025","0.675","S1 P1 O1","de-protonated","0","-9999","C40 H27 O1 P1 S1","40","27","1","-9999","1","1","-9999","-9999","-9999"
"4008","585.14415","585.144188608","585.143606504","5598357","-9999","317554.8","35.12","-1","0.994804513","0.89309064","0.990095232","0.931892477","15","0.379310345","1.034482759","S1 O11","de-protonated","0","-9999","C29 H30 O11 S1","29","30","11","-9999","-9999","1","-9999","-9999","-9999"
"4008","585.14415","585.144188608","585.144608826","5598357","-9999","317554.8","35.12","-1","-0.718144016","0.303555454","0.772211541","0.491017889","1","0.736842105","2.052631579","S2 P1 O14","de-protonated","0","-9999","C19 H39 O14 P1 S2","19","39","14","-9999","1","2","-9999","-9999","-9999"
"4008","585.14415","585.144188608","585.144095762","5598357","-9999","317554.8","35.12","-1","0.158672285","0.659530864","0.937667908","0.770785682","19","0.09375","0.96875","N2 S2 P1 O3","de-protonated","0","-9999","C32 H31 O3 N2 P1 S2","32","31","3","2","1","2","-9999","-9999","-9999"
"4009","585.148594","585.148632606","585.148118514","1349784.9","-9999","302105.4","7.23","-1","0.878568035","0.434654369","0.714192896","0.54646978","23","0.027027027","0.837837838","S2 P1 O1","de-protonated","0","-9999","C37 H31 O1 P1 S2","37","31","1","-9999","1","2","-9999","-9999","-9999"
"4009","585.148594","585.148632606","585.148966667","1349784.9","-9999","302105.4","7.23","-1","-0.570898619","0.47128801","0.725399619","0.572932653","24","0.142857143","0.742857143","N2 S1 O5","de-protonated","0","-9999","C35 H26 O5 N2 S1","35","26","5","2","-9999","1","-9999","-9999","-9999"
"4009","585.148594","585.148632606","585.149099608","1349784.9","-9999","302105.4","7.23","-1","-0.798091405","0.890854895","0","0.534512937","11","0.541666667","1.291666667","N2 P1 O13","de-protonated","0","-9999","C24 H31 O13 N2 P1","24","31","13","2","1","-9999","-9999","-9999","-9999"
"4009","585.148594","585.148632606","585.148586544","1349784.9","-9999","302105.4","7.23","-1","0.078718096","0.499438139","0.714192896","0.585340042","29","0.054054054","0.621621622","N4 P1 O2","de-protonated","0","-9999","C37 H23 O2 N4 P1","37","23","2","4","1","-9999","-9999","-9999","-9999"
"4009","585.148594","585.148632606","585.148315218","1349784.9","-9999","302105.4","7.23","-1","0.542405976","0.948016878","0","0.568810127","15","0.259259259","1.111111111","N4 S2 O7","de-protonated","0","-9999","C27 H30 O7 N4 S2","27","30","7","4","-9999","2","-9999","-9999","-9999"
"4009","585.148594","585.148632606","585.14844816","1349784.9","-9999","302105.4","7.23","-1","0.315212684","0.982132976","0","0.589279785","2","0.9375","2.1875","N4 S1 P1 O15","de-protonated","0","-9999","C16 H35 O15 N4 P1 S1","16","35","15","4","1","1","-9999","-9999","-9999"
"4010","585.156113","585.156151603","585.156360722","2139295.5","-9999","342705.5","12.41","-1","-0.357372795","0.488546337","0.714192896","0.578804961","23","0.081081081","0.810810811","S2 O3","de-protonated","0","-9999","C37 H30 O3 S2","37","30","3","-9999","-9999","2","-9999","-9999","-9999"
"4010","585.156113","585.156151603","585.156493664","2139295.5","-9999","342705.5","12.41","-1","-0.584562758","0.469939805","0.780512821","0.594169011","10","0.423076923","1.346153846","S1 P1 O11","de-protonated","0","-9999","C26 H35 O11 P1 S1","26","35","11","-9999","1","1","-9999","-9999","-9999"
"4010","585.156113","585.156151603","585.155842215","2139295.5","-9999","342705.5","12.41","-1","0.528727501","0.950540525","0","0.570324315","1","0.722222222","2.166666667","N2 S2 P1 O13","de-protonated","0","-9999","C18 H39 O13 N2 P1 S2","18","39","13","2","1","2","-9999","-9999","-9999"
"4011","585.171369","585.171407597","585.171749805","2550956.3","-9999","307833.1","15.11","-1","-0.584799047","0.469916245","0.755017935","0.583956921","14","0.266666667","1.166666667","S1 P1 O8","de-protonated","0","-9999","C30 H35 O8 P1 S1","30","35","8","-9999","1","1","-9999","-9999","-9999"
"4011","585.171369","585.171407597","585.171098356","2550956.3","-9999","307833.1","15.11","-1","0.528462187","0.475294451","0.807789663","0.608292536","5","0.454545455","1.772727273","N2 S2 P1 O10","de-protonated","0","-9999","C22 H39 O10 N2 P1 S2","22","39","10","2","1","2","-9999","-9999","-9999"
"4011","585.171369","585.171407597","585.17194651","2550956.3","-9999","307833.1","15.11","-1","-0.92094704","0.428681228","0.822155738","0.586071032","6","0.7","1.7","N4 S1 O14","de-protonated","0","-9999","C20 H34 O14 N4 S1","20","34","14","4","-9999","1","-9999","-9999","-9999"
"4012","585.192806","585.192844589","585.192746231","1573054.6","-9999","260289.4","8.69","-1","0.168077102","0.497443603","0.70871839","0.581953518","22","0.052631579","0.894736842","S2 O2","de-protonated","0","-9999","C38 H34 O2 S2","38","34","2","-9999","-9999","2","-9999","-9999","-9999"
"4012","585.192806","585.192844589","585.192879173","1573054.6","-9999","260289.4","8.69","-1","-0.059098855","0.99936646","0","0.599619876","9","0.37037037","1.444444444","S1 P1 O10","de-protonated","0","-9999","C27 H39 O10 P1 S1","27","39","10","-9999","1","1","-9999","-9999","-9999"
"4012","585.192806","585.192844589","585.193214262","1573054.6","-9999","260289.4","8.69","-1","-0.631711271","0.465075307","0.70871839","0.56253254","28","0.078947368","0.684210526","N4 O3","de-protonated","0","-9999","C38 H26 O3 N4","38","26","3","4","-9999","-9999","-9999","-9999","-9999"
"4012","585.192806","585.192844589","585.193075878","1573054.6","-9999","260289.4","8.69","-1","-0.395234887","0.972053718","0","0.583232231","1","0.941176471","2.235294118","N4 S1 O16","de-protonated","0","-9999","C17 H38 O16 N4 S1","17","38","16","4","-9999","1","-9999","-9999","-9999"
"4013","585.207551","585.207589583","585.207132993","1986763.3","-9999","306870.1","11.41","-1","0.780220122","0.447713","0.692787115","0.545742646","27","0.097560976","0.731707317","O4","de-protonated","0","-9999","C41 H30 O4","41","30","4","-9999","-9999","-9999","-9999","-9999","-9999"
"4013","585.207551","585.207589583","585.208135314","1986763.3","-9999","306870.1","11.41","-1","-0.932542093","0.427012811","0.748902347","0.555768625","13","0.225806452","1.258064516","S1 P1 O7","de-protonated","0","-9999","C31 H39 O7 P1 S1","31","39","7","-9999","1","1","-9999","-9999","-9999"
"4013","585.207551","585.207589583","585.207483866","1986763.3","-9999","306870.1","11.41","-1","0.180649536","0.497048027","0.800793265","0.618546122","4","0.391304348","1.869565217","N2 S2 P1 O9","de-protonated","0","-9999","C23 H43 O9 N2 P1 S2","23","43","9","2","1","2","-9999","-9999","-9999"
"4014","586.103219","586.103257237","586.103610673","1693129","-9999","336139.9","9.48","-1","-0.603026728","0.929666007","0.732254158","0.850701267","29","0.052631579","0.578947368","N1 S1 P1 O2","de-protonated","0","-9999","C38 H22 O2 N1 P1 S1","38","22","2","1","1","1","-9999","-9999","-9999"
"4014","586.103219","586.103257237","586.103472289","1693129","-9999","336139.9","9.48","-1","-0.366917656","0.975867777","0","0.585520666","2","0.882352941","2","N1 S2 P1 O15","de-protonated","0","-9999","C17 H34 O15 N1 P1 S2","17","34","15","1","1","2","-9999","-9999","-9999"
"4014","586.103219","586.103257237","586.102959224","1693129","-9999","336139.9","9.48","-1","0.508464482","0.959369361","0.685954612","0.850003461","20","0.133333333","0.866666667","N3 S2 P1 O4","de-protonated","0","-9999","C30 H26 O4 N3 P1 S2","30","26","4","3","1","2","-9999","-9999","-9999"
"4015","586.147233","586.14727122","586.146961339","1852910.8","-9999","365065.3","10.52","-1","0.528673989","0.950550284","0.990095232","0.966368263","15","0.379310345","1.034482759","13C1 S1 O11","de-protonated","1","4008","C28 H30 O11 S1 13C1","28","30","11","-9999","-9999","1","1","-9999","-9999"
"4015","586.147233","586.14727122","586.147450597","1852910.8","-9999","365065.3","10.52","-1","-0.306026577","0.655433658","0.937667908","0.768327358","19","0.09375","0.96875","13C1 N2 S2 P1 O3","de-protonated","1","4008","C31 H31 O3 N2 P1 S2 13C1","31","31","3","2","1","2","1","-9999","-9999"
"4015","586.147233","586.14727122","586.147586942","1852910.8","-9999","365065.3","10.52","-1","-0.538639627","0.96901027","0.61398816","0.827001426","19","0.161290323","0.935483871","N3 S2 O5","de-protonated","0","-9999","C31 H29 O5 N3 S2","31","29","5","3","-9999","2","-9999","-9999","-9999"
"4015","586.147233","586.14727122","586.146717562","1852910.8","-9999","365065.3","10.52","-1","0.944571616","0.42526681","0.755017935","0.55716726","20","0.333333333","0.833333333","N3 O10","de-protonated","0","-9999","C30 H25 O10 N3","30","25","10","3","-9999","-9999","-9999","-9999","-9999"
"4015","586.147233","586.14727122","586.147719884","1852910.8","-9999","365065.3","10.52","-1","-0.765445352","0.899144089","0","0.539486453","6","0.65","1.7","N3 S1 P1 O13","de-protonated","0","-9999","C20 H34 O13 N3 P1 S1","20","34","13","3","1","1","-9999","-9999","-9999"
"4017","586.251461","586.25149918","586.251654634","2197063.8","-9999","281636.2","12.78","-1","-0.265166503","0.493661395","0.70871839","0.579684193","21","0.078947368","1","N1 P1 O3","de-protonated","0","-9999","C38 H38 O3 N1 P1","38","38","3","1","1","-9999","-9999","-9999","-9999"
"4017","586.251461","586.25149918","586.251383308","2197063.8","-9999","281636.2","12.78","-1","0.19764876","0.496468382","0.767553728","0.60490252","7","0.285714286","1.607142857","N1 S2 O8","de-protonated","0","-9999","C28 H45 O8 N1 S2","28","45","8","1","-9999","2","-9999","-9999","-9999"
"4017","586.251461","586.25149918","586.251003185","2197063.8","-9999","281636.2","12.78","-1","0.846044401","0.439100685","0.755017935","0.565467585","12","0.166666667","1.4","N3 S1 P1 O5","de-protonated","0","-9999","C30 H42 O5 N3 P1 S1","30","42","5","3","1","1","-9999","-9999","-9999"
"4018","586.287508","586.287546166","586.288040143","2725478.8","-9999","284498.3","16.25","-1","-0.84255102","0.439570928","0.703327172","0.545073426","20","0.051282051","1.076923077","N1 P1 O2","de-protonated","0","-9999","C39 H42 O2 N1 P1","39","42","2","1","1","-9999","-9999","-9999","-9999"
"4018","586.287508","586.287546166","586.287768817","2725478.8","-9999","284498.3","16.25","-1","-0.379764747","0.487085338","0.761234226","0.596744893","6","0.24137931","1.689655172","N1 S2 O7","de-protonated","0","-9999","C29 H49 O7 N1 S2","29","49","7","1","-9999","2","-9999","-9999","-9999"
"4018","586.287508","586.287546166","586.287388695","2725478.8","-9999","284498.3","16.25","-1","0.26859028","0.493497729","0.748902347","0.595659576","11","0.129032258","1.483870968","N3 S1 P1 O4","de-protonated","0","-9999","C31 H46 O4 N3 P1 S1","31","46","4","3","1","1","-9999","-9999","-9999"
"4019","586.294322","586.294360163","586.29478275","7733356.5","-9999","297137.3","49.13","-1","-0.720775407","0.618468119","0.877175908","0.721951235","10","0.060606061","1.515151515","N1 S2 P1 O2","de-protonated","0","-9999","C33 H50 O2 N1 P1 S2","33","50","2","1","1","2","-9999","-9999","-9999"
"4019","586.294322","586.294360163","586.29391337","7733356.5","-9999","297137.3","49.13","-1","0.762063189","0.878259663","0.928690283","0.898431911","11","0.21875","1.4375","N1 P1 O7","de-protonated","0","-9999","C32 H46 O7 N1 P1","32","46","7","1","1","-9999","-9999","-9999","-9999"
"4020","587.041637","587.041674874","587.04172489","1692397.1","-9999","403895.1","9.47","-1","-0.085200472","0.499341855","0.714192896","0.585282271","30","0.108108108","0.432432432","S2 O4","de-protonated","0","-9999","C37 H16 O4 S2","37","16","4","-9999","-9999","2","-9999","-9999","-9999"
"4020","587.041637","587.041674874","587.041857832","1692397.1","-9999","403895.1","9.47","-1","-0.311660846","0.982529843","0","0.589517906","17","0.461538462","0.807692308","S1 P1 O12","de-protonated","0","-9999","C26 H21 O12 P1 S1","26","21","12","-9999","1","1","-9999","-9999","-9999"
"4020","587.041637","587.041674874","587.041344768","1692397.1","-9999","403895.1","9.47","-1","0.562322042","0.472119873","0.703327172","0.564602792","35","0.025641026","0.333333333","N2 S1 P1 O1","de-protonated","0","-9999","C39 H13 O1 N2 P1 S1","39","13","1","2","1","1","-9999","-9999","-9999"
"4020","587.041637","587.041674874","587.041206383","1692397.1","-9999","403895.1","9.47","-1","0.79805423","0.890864487","0","0.534518692","8","0.777777778","1.388888889","N2 S2 P1 O14","de-protonated","0","-9999","C18 H25 O14 N2 P1 S2","18","25","14","2","1","2","-9999","-9999","-9999"
"4021","587.071326","587.071363863","587.071229409","1880326.5","-9999","275838.9","10.7","-1","0.229025038","0.990527716","0","0.59431663","12","0.695652174","1.043478261","S1 O16","de-protonated","0","-9999","C23 H24 O16 S1","23","24","16","-9999","-9999","1","-9999","-9999","-9999"
"4021","587.071326","587.071363863","587.071718666","1880326.5","-9999","275838.9","10.7","-1","-0.604361151","0.467936934","0.780512821","0.592967289","16","0.307692308","0.961538462","N2 S2 P1 O8","de-protonated","0","-9999","C26 H25 O8 N2 P1 S2","26","25","8","2","1","2","-9999","-9999","-9999"
"4021","587.071326","587.071363863","587.070849286","1880326.5","-9999","275838.9","10.7","-1","0.876515213","0.434938611","0.787157861","0.575826311","17","0.52","0.84","N2 P1 O13","de-protonated","0","-9999","C25 H21 O13 N2 P1","25","21","13","2","1","-9999","-9999","-9999","-9999"
"4022","587.078045","587.07808286","587.0781104","4351756.5","-9999","316590","26.92","-1","-0.046909698","0.499800399","0.70871839","0.583367595","29","0.078947368","0.526315789","S2 O3","de-protonated","0","-9999","C38 H20 O3 S2","38","20","3","-9999","-9999","2","-9999","-9999","-9999"
"4022","587.078045","587.07808286","587.078243342","4351756.5","-9999","316590","26.92","-1","-0.273356046","0.493266508","0.773979033","0.605551518","16","0.407407407","0.925925926","S1 P1 O11","de-protonated","0","-9999","C27 H25 O11 P1 S1","27","25","11","-9999","1","1","-9999","-9999","-9999"
"4022","587.078045","587.07808286","587.077591893","4351756.5","-9999","316590","26.92","-1","0.836290295","0.440410062","0.829532115","0.596058883","7","0.684210526","1.526315789","N2 S2 P1 O13","de-protonated","0","-9999","C19 H29 O13 N2 P1 S2","19","29","13","2","1","2","-9999","-9999","-9999"
"4022","587.078045","587.07808286","587.07857843","4351756.5","-9999","316590","26.92","-1","-0.844129432","0.439358637","0.70871839","0.547102538","35","0.105263158","0.315789474","N4 O4","de-protonated","0","-9999","C38 H12 O4 N4","38","12","4","4","-9999","-9999","-9999","-9999","-9999"
"4023","587.099102","587.099139852","587.099239768","2101534.5","-9999","295841","12.15","-1","-0.170185636","0.49737923","0.725399619","0.588587385","24","0.142857143","0.685714286","S2 O5","de-protonated","0","-9999","C35 H24 O5 S2","35","24","5","-9999","-9999","2","-9999","-9999","-9999"
"4023","587.099102","587.099139852","587.09937271","2101534.5","-9999","295841","12.15","-1","-0.396623806","0.485929876","0.793917021","0.609124734","11","0.541666667","1.208333333","S1 P1 O13","de-protonated","0","-9999","C24 H29 O13 P1 S1","24","29","13","-9999","1","1","-9999","-9999","-9999"
"4023","587.099102","587.099139852","587.098859645","2101534.5","-9999","295841","12.15","-1","0.477273389","0.479755175","0.714192896","0.573530264","29","0.054054054","0.567567568","N2 S1 P1 O2","de-protonated","0","-9999","C37 H21 O2 N2 P1 S1","37","21","2","2","1","1","-9999","-9999","-9999"
"4023","587.099102","587.099139852","587.098721261","2101534.5","-9999","295841","12.15","-1","0.712982464","0.911887775","0","0.547132665","2","0.9375","2.0625","N2 S2 P1 O15","de-protonated","0","-9999","C16 H33 O15 N2 P1 S2","16","33","15","2","1","2","-9999","-9999","-9999"
"4023","587.099102","587.099139852","587.099707798","2101534.5","-9999","295841","12.15","-1","-0.96737658","0.421915582","0.725399619","0.543309197","30","0.171428571","0.457142857","N4 O6","de-protonated","0","-9999","C35 H16 O6 N4","35","16","6","4","-9999","-9999","-9999","-9999","-9999"
"4024","587.106538","587.106575849","587.106965508","2146404.8","-9999","164892.7","12.45","-1","-0.663693509","0.923184508","0.732254158","0.846812368","29","0.052631579","0.578947368","13C1 N1 S1 P1 O2","de-protonated","1","4014","C37 H22 O2 N1 P1 S1 13C1","37","22","2","1","1","1","1","-9999","-9999"
"4024","587.106538","587.106575849","587.107101854","2146404.8","-9999","164892.7","12.45","-1","-0.895926315","0.432231856","0.714192896","0.545016272","29","0.108108108","0.540540541","N2 S1 O4","de-protonated","0","-9999","C37 H20 O4 N2 S1","37","20","4","2","-9999","1","-9999","-9999","-9999"
"4024","587.106538","587.106575849","587.10631406","2146404.8","-9999","164892.7","12.45","-1","0.445898113","0.964566445","0.685954612","0.853121712","20","0.133333333","0.866666667","13C1 N3 S2 P1 O4","de-protonated","1","4014","C29 H26 O4 N3 P1 S2 13C1","29","26","4","3","1","2","1","-9999","-9999"
"4024","587.106538","587.106575849","587.106721731","2146404.8","-9999","164892.7","12.45","-1","-0.24847643","0.494429889","0.703327172","0.577988802","34","0.025641026","0.435897436","N4 P1 O1","de-protonated","0","-9999","C39 H17 O1 N4 P1","39","17","1","4","1","-9999","-9999","-9999","-9999"
"4024","587.106538","587.106575849","587.106450405","2146404.8","-9999","164892.7","12.45","-1","0.213664792","0.495875301","0.761234226","0.602018871","20","0.206896552","0.827586207","N4 S2 O6","de-protonated","0","-9999","C29 H24 O6 N4 S2","29","24","6","4","-9999","2","-9999","-9999","-9999"
"4024","587.106538","587.106575849","587.106583347","2146404.8","-9999","164892.7","12.45","-1","-0.012770683","0.999970408","0","0.599982245","7","0.777777778","1.611111111","N4 S1 P1 O14","de-protonated","0","-9999","C18 H29 O14 N4 P1 S1","18","29","14","4","1","1","-9999","-9999","-9999"
"4025","587.111318","587.111355847","587.111124606","1436456.9","-9999","398656.5","7.78","-1","0.393863172","0.486122325","0.68763467","0.566727263","33","0.047619048","0.476190476","S1 O2","de-protonated","0","-9999","C42 H20 O2 S1","42","20","2","-9999","-9999","1","-9999","-9999","-9999"
"4025","587.111318","587.111355847","587.111257548","1436456.9","-9999","398656.5","7.78","-1","0.167429459","0.994926432","0","0.596955859","20","0.322580645","0.806451613","P1 O10","de-protonated","0","-9999","C31 H25 O10 P1","31","25","10","-9999","1","-9999","-9999","-9999","-9999"
"4025","587.111318","587.111355847","587.110986221","1436456.9","-9999","398656.5","7.78","-1","0.629567303","0.930607117","0","0.55836427","6","0.714285714","1.523809524","S2 O15","de-protonated","0","-9999","C21 H32 O15 S2","21","32","15","-9999","-9999","2","-9999","-9999","-9999"
"4025","587.111318","587.111355847","587.111454252","1436456.9","-9999","398656.5","7.78","-1","-0.167608329","0.994915613","0","0.596949368","12","0.761904762","1.142857143","N4 O16","de-protonated","0","-9999","C21 H24 O16 N4","21","24","16","4","-9999","-9999","-9999","-9999","-9999"
"4026","587.114366","587.114403846","587.114495909","4214571.5","-9999","310523.2","26.02","-1","-0.156805953","0.497774229","0.703327172","0.579995406","28","0.051282051","0.615384615","S2 O2","de-protonated","0","-9999","C39 H24 O2 S2","39","24","2","-9999","-9999","2","-9999","-9999","-9999"
"4026","587.114366","587.114403846","587.114628851","4214571.5","-9999","310523.2","26.02","-1","-0.383238242","0.486851159","0.767553728","0.599132187","15","0.357142857","1.035714286","S1 P1 O10","de-protonated","0","-9999","C28 H29 O10 P1 S1","28","29","10","-9999","1","1","-9999","-9999","-9999"
"4026","587.114366","587.114403846","587.113977402","4214571.5","-9999","310523.2","26.02","-1","0.726339208","0.454356195","0.822155738","0.601476012","6","0.6","1.65","N2 S2 P1 O12","de-protonated","0","-9999","C20 H33 O12 N2 P1 S2","20","33","12","2","1","2","-9999","-9999","-9999"
"4026","587.114366","587.114403846","587.11496394","4214571.5","-9999","310523.2","26.02","-1","-0.953976193","0.423891272","0.703327172","0.535665632","34","0.076923077","0.41025641","N4 O3","de-protonated","0","-9999","C39 H16 O3 N4","39","16","3","4","-9999","-9999","-9999","-9999","-9999"
"4026","587.114366","587.114403846","587.114825555","4214571.5","-9999","310523.2","26.02","-1","-0.718273922","0.455317765","0.837042051","0.608007479","7","0.888888889","1.555555556","N4 S1 O16","de-protonated","0","-9999","C18 H28 O16 N4 S1","18","28","16","4","-9999","1","-9999","-9999","-9999"
"4027","587.132322","587.132359839","587.132253974","1605947","-9999","340120.1","8.9","-1","0.180309069","0.497059111","0.703327172","0.579566335","28","0.102564103","0.615384615","S1 O4","de-protonated","0","-9999","C39 H24 O4 S1","39","24","4","-9999","-9999","1","-9999","-9999","-9999"
"4027","587.132322","587.132359839","587.132386916","1605947","-9999","340120.1","8.9","-1","-0.046116448","0.499807091","0.767553728","0.606905746","15","0.428571429","1.035714286","P1 O12","de-protonated","0","-9999","C28 H29 O12 P1","28","29","12","-9999","1","-9999","-9999","-9999","-9999"
"4027","587.132322","587.132359839","587.132115589","1605947","-9999","340120.1","8.9","-1","0.416004667","0.969086418","0","0.581451851","1","0.944444444","2","S2 O17","de-protonated","0","-9999","C18 H36 O17 S2","18","36","17","-9999","-9999","2","-9999","-9999","-9999"
"4027","587.132322","587.132359839","587.131873851","1605947","-9999","340120.1","8.9","-1","0.827731915","0.441549585","0.692787115","0.542044597","33","0.024390244","0.512195122","N2 P1 O1","de-protonated","0","-9999","C41 H21 O1 N2 P1","41","21","1","2","1","-9999","-9999","-9999","-9999"
"4028","587.135248","587.135285838","587.135625277","1594173.5","-9999","266560.4","8.82","-1","-0.578127381","0.470578258","0.719752637","0.57024801","23","0.111111111","0.777777778","S2 O4","de-protonated","0","-9999","C36 H28 O4 S2","36","28","4","-9999","-9999","2","-9999","-9999","-9999"
"4028","587.135248","587.135285838","587.134755897","1594173.5","-9999","266560.4","8.82","-1","0.902587836","0.431293244","0.725399619","0.548935794","24","0.257142857","0.685714286","O9","de-protonated","0","-9999","C35 H24 O9","35","24","9","-9999","-9999","-9999","-9999","-9999","-9999"
"4028","587.135248","587.135285838","587.135758219","1594173.5","-9999","266560.4","8.82","-1","-0.804551425","0.889182944","0","0.533509766","10","0.48","1.32","S1 P1 O12","de-protonated","0","-9999","C25 H33 O12 P1 S1","25","33","12","-9999","1","1","-9999","-9999","-9999"
"4028","587.135248","587.135285838","587.135245155","1594173.5","-9999","266560.4","8.82","-1","0.069291257","0.499564597","0.70871839","0.583226114","28","0.026315789","0.657894737","N2 S1 P1 O1","de-protonated","0","-9999","C38 H25 O1 N2 P1 S1","38","25","1","2","1","1","-9999","-9999","-9999"
"4028","587.135248","587.135285838","587.13510677","1594173.5","-9999","266560.4","8.82","-1","0.304985628","0.983263957","0","0.589958374","1","0.823529412","2.176470588","N2 S2 P1 O14","de-protonated","0","-9999","C17 H37 O14 N2 P1 S2","17","37","14","2","1","2","-9999","-9999","-9999"
"4029","587.142217","587.142254835","587.14176983","5250883.5","-9999","283950.6","32.83","-1","0.82604444","0.92425106","0.995013809","0.952556159","28","0.102564103","0.641025641","P1 O4","de-protonated","0","-9999","C39 H25 O4 P1","39","25","4","-9999","1","-9999","-9999","-9999","-9999"
"4029","587.142217","587.142254835","587.142835914","5250883.5","-9999","283950.6","32.83","-1","-0.98967258","0.418588297","0.755017935","0.553160152","19","0.166666667","0.933333333","N4 S2 O5","de-protonated","0","-9999","C30 H28 O5 N4 S2","30","28","5","4","-9999","2","-9999","-9999","-9999"
"4029","587.142217","587.142254835","587.141966535","5250883.5","-9999","283950.6","32.83","-1","0.491023843","0.977521804","0.947079137","0.965344737","20","0.344827586","0.827586207","N4 O10","de-protonated","0","-9999","C29 H24 O10 N4","29","24","10","4","-9999","-9999","-9999","-9999","-9999"
"4030","587.150761","587.150798832","587.150881418","3253066.8","-9999","292084.3","19.71","-1","-0.140656296","0.49820831","0.698017357","0.578131929","27","0.025","0.7","S2 O1","de-protonated","0","-9999","C40 H28 O1 S2","40","28","1","-9999","-9999","2","-9999","-9999","-9999"
"4030","587.150761","587.150798832","587.15101436","3253066.8","-9999","292084.3","19.71","-1","-0.367074556","0.487923692","0.761234226","0.597247906","14","0.310344828","1.137931034","S1 P1 O9","de-protonated","0","-9999","C29 H33 O9 P1 S1","29","33","9","-9999","1","1","-9999","-9999","-9999"
"4030","587.150761","587.150798832","587.150362912","3253066.8","-9999","292084.3","19.71","-1","0.742434152","0.452411446","0.81490939","0.597410624","5","0.523809524","1.761904762","N2 S2 P1 O11","de-protonated","0","-9999","C21 H37 O11 N2 P1 S2","21","37","11","2","1","2","-9999","-9999","-9999"
"4030","587.150761","587.150798832","587.150941777","3253066.8","-9999","292084.3","19.71","-1","-0.243455861","0.989303023","0.61398816","0.839177078","19","0.161290323","0.935483871","13C1 N3 S2 O5","de-protonated","1","4015","C30 H29 O5 N3 S2 13C1","30","29","5","3","-9999","2","1","-9999","-9999"
"4030","587.150761","587.150798832","587.151349449","3253066.8","-9999","292084.3","19.71","-1","-0.937777148","0.426254851","0.698017357","0.534959853","33","0.05","0.5","N4 O2","de-protonated","0","-9999","C40 H20 O2 N4","40","20","2","4","-9999","-9999","-9999","-9999","-9999"
"4030","587.150761","587.150798832","587.151211065","3253066.8","-9999","292084.3","19.71","-1","-0.70208948","0.457220909","0.829532115","0.606145391","6","0.789473684","1.684210526","N4 S1 O15","de-protonated","0","-9999","C19 H32 O15 N4 S1","19","32","15","4","-9999","1","-9999","-9999","-9999"
"4031","587.187244","587.187281818","587.18739987","2843498.3","-9999","299258.5","17.02","-1","-0.201045956","0.996121699","0.911845832","0.962411353","13","0.266666667","1.233333333","S1 P1 O8","de-protonated","0","-9999","C30 H37 O8 P1 S1","30","37","8","-9999","1","1","-9999","-9999","-9999"
"4031","587.187244","587.187281818","587.186748421","2843498.3","-9999","299258.5","17.02","-1","0.908394185","0.430471135","0.807789663","0.581398546","4","0.454545455","1.863636364","N2 S2 P1 O10","de-protonated","0","-9999","C22 H41 O10 N2 P1 S2","22","41","10","2","1","2","-9999","-9999","-9999"
"4031","587.187244","587.187281818","587.187734958","2843498.3","-9999","299258.5","17.02","-1","-0.771713279","0.91515693","0.974076652","0.938724819","32","0.024390244","0.585365854","N4 O1","de-protonated","0","-9999","C41 H24 O1 N4","41","24","1","4","-9999","-9999","-9999","-9999","-9999"
"4031","587.187244","587.187281818","587.187596574","2843498.3","-9999","299258.5","17.02","-1","-0.536040175","0.961385672","0.844708029","0.914714615","5","0.7","1.8","N4 S1 O14","de-protonated","0","-9999","C20 H36 O14 N4 S1","20","36","14","4","-9999","1","-9999","-9999","-9999"
"4032","587.223594","587.223631804","587.223785379","2421641.3","-9999","373157","14.25","-1","-0.261527306","0.493833116","0.748902347","0.595860808","12","0.225806452","1.322580645","S1 P1 O7","de-protonated","0","-9999","C31 H41 O7 P1 S1","31","41","7","-9999","1","1","-9999","-9999","-9999"
"4032","587.223594","587.223631804","587.22313393","2421641.3","-9999","373157","14.25","-1","0.847844025","0.438857877","0.800793265","0.583632032","3","0.391304348","1.956521739","N2 S2 P1 O9","de-protonated","0","-9999","C23 H45 O9 N2 P1 S2","23","45","9","2","1","2","-9999","-9999","-9999"
"4032","587.223594","587.223631804","587.223982083","2421641.3","-9999","373157","14.25","-1","-0.596500748","0.468739075","0.81490939","0.607207201","4","0.619047619","1.904761905","N4 S1 O13","de-protonated","0","-9999","C21 H40 O13 N4 S1","21","40","13","4","-9999","1","-9999","-9999","-9999"
"4033","587.235414","587.235451799","587.235670217","2217363.5","-9999","302088.7","12.91","-1","-0.371941973","0.487605334","0.70871839","0.576050556","21","0.105263158","0.973684211","P1 O4","de-protonated","0","-9999","C38 H37 O4 P1","38","37","4","-9999","1","-9999","-9999","-9999","-9999"
"4033","587.235414","587.235451799","587.235398891","2217363.5","-9999","302088.7","12.91","-1","0.090097712","0.499264078","0.767553728","0.606579938","7","0.321428571","1.571428571","S2 O9","de-protonated","0","-9999","C28 H44 O9 S2","28","44","9","-9999","-9999","2","-9999","-9999","-9999"
"4033","587.235414","587.235451799","587.235018768","2217363.5","-9999","302088.7","12.91","-1","0.737406783","0.45302258","0.755017935","0.573820722","12","0.2","1.366666667","N2 S1 P1 O6","de-protonated","0","-9999","C30 H41 O6 N2 P1 S1","30","41","6","2","1","1","-9999","-9999","-9999"
"4033","587.235414","587.235451799","587.235866921","2217363.5","-9999","302088.7","12.91","-1","-0.706908599","0.456657932","0.767553728","0.58101625","13","0.357142857","1.285714286","N4 O10","de-protonated","0","-9999","C28 H36 O10 N4","28","36","10","4","-9999","-9999","-9999","-9999","-9999"
"4034","587.241858","587.241895797","587.241410502","4657049","-9999","300859","28.93","-1","0.826397571","0.441726456","0.68763467","0.540089742","25","0.023809524","0.857142857","S1 O1","de-protonated","0","-9999","C42 H36 O1 S1","42","36","1","-9999","-9999","1","-9999","-9999","-9999"
"4034","587.241858","587.241895797","587.242412824","4657049","-9999","300859","28.93","-1","-0.88043151100000006","0.43439593","0.742885034","0.557791572","11","0.125","1.40625","S2 P1 O4","de-protonated","0","-9999","C32 H45 O4 P1 S2","32","45","4","-9999","1","2","-9999","-9999","-9999"
"4034","587.241858","587.241895797","587.241543444","4657049","-9999","300859","28.93","-1","0.600013996","0.468381682","0.748902347","0.580589948","12","0.290322581","1.322580645","P1 O9","de-protonated","0","-9999","C31 H41 O9 P1","31","41","9","-9999","1","-9999","-9999","-9999","-9999"
"4034","587.241858","587.241895797","587.241740148","4657049","-9999","300859","28.93","-1","0.265050395","0.49366691","0.81490939","0.622163902","4","0.714285714","1.904761905","N4 O15","de-protonated","0","-9999","C21 H40 O15 N4","21","40","15","4","-9999","-9999","-9999","-9999","-9999"
"4035","587.278395","587.278432783","587.278798333","2879416.5","-9999","329302.9","17.26","-1","-0.622447466","0.466056777","0.736963647","0.574419525","10","0.090909091","1.484848485","S2 P1 O3","de-protonated","0","-9999","C33 H49 O3 P1 S2","33","49","3","-9999","1","2","-9999","-9999","-9999"
"4035","587.278395","587.278432783","587.277928953","2879416.5","-9999","329302.9","17.26","-1","0.857906701","0.437493197","0.742885034","0.559649932","11","0.25","1.40625","P1 O8","de-protonated","0","-9999","C32 H45 O8 P1","32","45","8","-9999","1","-9999","-9999","-9999","-9999"
"4035","587.278395","587.278432783","587.278995037","2879416.5","-9999","329302.9","17.26","-1","-0.957389409","0.423389786","0.800793265","0.574351178","2","0.391304348","2.086956522","N4 S2 O9","de-protonated","0","-9999","C23 H48 O9 N4 S2","23","48","9","4","-9999","2","-9999","-9999","-9999"
"4035","587.278395","587.278432783","587.278125657","2879416.5","-9999","329302.9","17.26","-1","0.522963766","0.475793291","0.807789663","0.60859184","3","0.636363636","2","N4 O14","de-protonated","0","-9999","C22 H44 O14 N4","22","44","14","4","-9999","-9999","-9999","-9999","-9999"
"4036","587.297773","587.297810775","587.298137585","1764809","-9999","374478.6","9.94","-1","-0.556463285","0.63024229","0.877175908","0.729015738","10","0.060606061","1.515151515","13C1 N1 S2 P1 O2","de-protonated","1","4019","C32 H50 O2 N1 P1 S2 13C1","32","50","2","1","1","2","1","-9999","-9999"
"4036","587.297773","587.297810775","587.297268205","1764809","-9999","374478.6","9.94","-1","0.923842232","0.85653197","0.928690283","0.885395295","11","0.21875","1.4375","13C1 N1 P1 O7","de-protonated","1","4019","C31 H46 O7 N1 P1 13C1","31","46","7","1","1","-9999","1","-9999","-9999"
"4036","587.297773","587.297810775","587.298273931","1764809","-9999","374478.6","9.94","-1","-0.788620521","0.446643666","0.742885034","0.565140213","10","0.125","1.5","N2 S2 O4","de-protonated","0","-9999","C32 H48 O4 N2 S2","32","48","4","2","-9999","2","-9999","-9999","-9999"
"4036","587.297773","587.297810775","587.297404551","1764809","-9999","374478.6","9.94","-1","0.691684308","0.458425648","0.748902347","0.574616327","11","0.290322581","1.419354839","N2 O9","de-protonated","0","-9999","C31 H44 O9 N2","31","44","9","2","-9999","-9999","-9999","-9999","-9999"
"4036","587.297773","587.297810775","587.297893808","1764809","-9999","374478.6","9.94","-1","-0.141381319","0.498189825","0.73113591","0.591368259","15","0.029411765","1.323529412","N4 S1 P1 O1","de-protonated","0","-9999","C34 H45 O1 N4 P1 S1","34","45","1","4","1","1","-9999","-9999","-9999"
"4037","588.100895","588.100932465","588.100633293","1858171.4","-9999","362453.6","10.55","-1","0.508708401","0.477064661","0.714192896","0.571915955","29","0.135135135","0.540540541","N1 P1 O5","de-protonated","0","-9999","C37 H20 O5 N1 P1","37","20","5","1","1","-9999","-9999","-9999","-9999"
"4037","588.100895","588.100932465","588.100361967","1858171.4","-9999","362453.6","10.55","-1","0.970068937","0.421516432","0.773979033","0.562501473","15","0.37037037","1","N1 S2 O10","de-protonated","0","-9999","C27 H27 O10 N1 S2","27","27","10","1","-9999","2","-9999","-9999","-9999"
"4038","588.120048","588.120085457","588.120621955","1438859.6","-9999","428044.6","7.79","-1","-0.912223924","0.859853739","0","0.515912243","11","0.739130435","1.173913043","N1 O17","de-protonated","0","-9999","C23 H27 O17 N1","23","27","17","1","-9999","-9999","-9999","-9999","-9999"
"4038","588.120048","588.120085457","588.120108891","1438859.6","-9999","428044.6","7.79","-1","-0.03984467","0.994035473","0.720643818","0.884678811","29","0.166666667","0.527777778","N3 O6","de-protonated","0","-9999","C36 H19 O6 N3","36","19","6","3","-9999","-9999","-9999","-9999","-9999"
"4039","588.145348","588.145385448","588.145124665","2162337.5","-9999","237118.8","12.54","-1","0.443397925","0.964955663","0.995013809","0.976978921","28","0.102564103","0.641025641","13C1 P1 O4","de-protonated","1","4029","C38 H25 O4 P1 13C1","38","25","4","-9999","1","-9999","1","-9999","-9999"
"4039","588.145348","588.145385448","588.145261011","2162337.5","-9999","237118.8","12.54","-1","0.211574786","0.495955274","0.70871839","0.58106052","28","0.157894737","0.605263158","N1 O6","de-protonated","0","-9999","C38 H23 O6 N1","38","23","6","1","-9999","-9999","-9999","-9999","-9999"
"4039","588.145348","588.145385448","588.145611884","2162337.5","-9999","237118.8","12.54","-1","-0.385000258","0.973463189","0","0.584077914","5","0.55","1.8","N3 S2 P1 O11","de-protonated","0","-9999","C20 H36 O11 N3 P1 S2","20","36","11","3","1","2","-9999","-9999","-9999"
"4039","588.145348","588.145385448","588.14532137","2162337.5","-9999","237118.8","12.54","-1","0.108948988","0.997848543","0.947079137","0.977540781","20","0.344827586","0.827586207","13C1 N4 O10","de-protonated","1","4029","C28 H24 O10 N4 13C1","28","24","10","4","-9999","-9999","1","-9999","-9999"
"4040","588.17694","588.176977435","588.176775615","1331900.8","-9999","374440.8","7.09","-1","0.34312867","0.489431651","0.719752637","0.581560046","22","0.083333333","0.888888889","N1 S1 P1 O3","de-protonated","0","-9999","C36 H32 O3 N1 P1 S1","36","32","3","1","1","1","-9999","-9999","-9999"
"4041","588.190688","588.19072543","588.190754705","1420488.5","-9999","346113.4","7.67","-1","-0.049770657","0.999550631","0.911845832","0.964468712","13","0.266666667","1.233333333","13C1 S1 P1 O8","de-protonated","1","4031","C29 H37 O8 P1 S1 13C1","29","37","8","-9999","1","1","1","-9999","-9999"
"4041","588.190688","588.19072543","588.19089105","1420488.5","-9999","346113.4","7.67","-1","-0.281575697","0.98571685","0","0.59143011","13","0.344827586","1.206896552","N1 S1 O10","de-protonated","0","-9999","C29 H35 O10 N1 S1","29","35","10","1","-9999","1","-9999","-9999","-9999"
"4041","588.190688","588.19072543","588.190510928","1420488.5","-9999","346113.4","7.67","-1","0.364681606","0.976157487","0","0.585694492","18","0.225806452","1.032258065","N3 P1 O7","de-protonated","0","-9999","C31 H32 O7 N3 P1","31","32","7","3","1","-9999","-9999","-9999","-9999"
"4041","588.190688","588.19072543","588.190239602","1420488.5","-9999","346113.4","7.67","-1","0.825971577","0.883565755","0","0.530139453","4","0.571428571","1.857142857","N3 S2 O12","de-protonated","0","-9999","C21 H39 O12 N3 S2","21","39","12","3","-9999","2","-9999","-9999","-9999"
"4041","588.190688","588.19072543","588.191089794","1420488.5","-9999","346113.4","7.67","-1","-0.619464603","0.932740301","0.974076652","0.949274842","32","0.024390244","0.585365854","13C1 N4 O1","de-protonated","1","4031","C40 H24 O1 N4 13C1","40","24","1","4","-9999","-9999","1","-9999","-9999"
"4041","588.190688","588.19072543","588.190951409","1420488.5","-9999","346113.4","7.67","-1","-0.384193483","0.973572808","0.844708029","0.922026897","5","0.7","1.8","13C1 N4 S1 O14","de-protonated","1","4031","C19 H36 O14 N4 S1 13C1","19","36","14","4","-9999","1","1","-9999","-9999"
"4042","588.208389","588.208426423","588.208649115","3321047.8","-9999","253562.1","20.15","-1","-0.378593282","0.487163861","0.761234226","0.596792007","13","0.413793103","1.206896552","N1 O12","de-protonated","0","-9999","C29 H35 O12 N1","29","35","12","1","-9999","-9999","-9999","-9999","-9999"
"4042","588.208389","588.208426423","588.208136051","3321047.8","-9999","253562.1","20.15","-1","0.493655884","0.478372518","0.68763467","0.562077379","31","0.023809524","0.642857143","N3 O1","de-protonated","0","-9999","C42 H27 O1 N3","42","27","1","3","-9999","-9999","-9999","-9999","-9999"
"4042","588.208389","588.208426423","588.207997666","3321047.8","-9999","253562.1","20.15","-1","0.728920448","0.454046616","0.81490939","0.598391726","4","0.666666667","1.857142857","N3 S1 O14","de-protonated","0","-9999","C21 H39 O14 N3 S1","21","39","14","3","-9999","1","-9999","-9999","-9999"
"4044","588.915581","588.91561815","588.915337163","2141496.8","-9999","402890.2","12.4","-1","0.477126674","0.95953473","0","0.575720838","15","0.842105263","0.578947368","S2 P1 O16","de-protonated","0","-9999","C19 H11 O16 P1 S2","19","11","16","-9999","1","2","-9999","-9999","-9999"
"4046","589.050676","589.050713098","589.050493964","1694637.3","-9999","311863.7","9.47","-1","0.372011758","0.975201481","0","0.585120888","12","0.772727273","1","S1 O17","de-protonated","0","-9999","C22 H22 O17 S1","22","22","17","-9999","-9999","1","-9999","-9999","-9999"
"4046","589.050676","589.050713098","589.050983221","1694637.3","-9999","311863.7","9.47","-1","-0.458574296","0.96256189","0","0.577537134","16","0.36","0.92","N2 S2 P1 O9","de-protonated","0","-9999","C25 H23 O9 N2 P1 S2","25","23","9","2","1","2","-9999","-9999","-9999"
"4047","589.054141","589.054178096","589.054003652","1329584.3","-9999","458151.1","7.07","-1","0.29614368","0.492106351","0.698017357","0.574470753","34","0.1","0.35","S1 O4","de-protonated","0","-9999","C40 H14 O4 S1","40","14","4","-9999","-9999","1","-9999","-9999","-9999"
"4047","589.054141","589.054178096","589.054136593","1329584.3","-9999","458151.1","7.07","-1","0.070456836","0.999099664","0","0.599459799","21","0.413793103","0.655172414","P1 O12","de-protonated","0","-9999","C29 H19 O12 P1","29","19","12","-9999","1","-9999","-9999","-9999","-9999"
"4047","589.054141","589.054178096","589.053865267","1329584.3","-9999","458151.1","7.07","-1","0.531070364","0.950112374","0","0.570067424","7","0.894736842","1.368421053","S2 O17","de-protonated","0","-9999","C19 H26 O17 S2","19","26","17","-9999","-9999","2","-9999","-9999","-9999"
"4047","589.054141","589.054178096","589.054333298","1329584.3","-9999","458151.1","7.07","-1","-0.263475864","0.987482916","0","0.59248975","13","0.947368421","0.947368421","N4 O18","de-protonated","0","-9999","C19 H18 O18 N4","19","18","18","4","-9999","-9999","-9999","-9999","-9999"
"4048","589.057389","589.057426095","589.057374955","3677619","-9999","330762.7","22.49","-1","0.086816747","0.499316665","0.714192896","0.585267157","29","0.108108108","0.486486486","S2 O4","de-protonated","0","-9999","C37 H18 O4 S2","37","18","4","-9999","-9999","2","-9999","-9999","-9999"
"4048","589.057389","589.057426095","589.057507897","3677619","-9999","330762.7","22.49","-1","-0.138868759","0.498253481","0.780512821","0.611157217","16","0.461538462","0.884615385","S1 P1 O12","de-protonated","0","-9999","C26 H23 O12 P1 S1","26","23","12","-9999","1","1","-9999","-9999","-9999"
"4048","589.057389","589.057426095","589.056994832","3677619","-9999","330762.7","22.49","-1","0.732123664","0.453661209","0.703327172","0.553527594","34","0.025641026","0.384615385","N2 S1 P1 O1","de-protonated","0","-9999","C39 H15 O1 N2 P1 S1","39","15","1","2","1","1","-9999","-9999","-9999"
"4048","589.057389","589.057426095","589.056856448","3677619","-9999","330762.7","22.49","-1","0.967049256","0.421964059","0.837042051","0.587995256","7","0.777777778","1.5","N2 S2 P1 O14","de-protonated","0","-9999","C18 H27 O14 N2 P1 S2","18","27","14","2","1","2","-9999","-9999","-9999"
"4049","589.085135","589.085172084","589.085518256","1654475.1","-9999","286855","9.2","-1","-0.587642253","0.469632098","0.70871839","0.565266615","28","0.026315789","0.605263158","S2 P1 O1","de-protonated","0","-9999","C38 H23 O1 P1 S2","38","23","1","-9999","1","2","-9999","-9999","-9999"
"4049","589.085135","589.085172084","589.084648876","1654475.1","-9999","286855","9.2","-1","0.888171725","0.433318265","0.714192896","0.545668118","29","0.162162162","0.513513514","P1 O6","de-protonated","0","-9999","C37 H19 O6 P1","37","19","6","-9999","1","-9999","-9999","-9999","-9999"
"4049","589.085135","589.085172084","589.08571496","1654475.1","-9999","286855","9.2","-1","-0.921556944","0.428593827","0.767553728","0.564177787","20","0.25","0.785714286","N4 S2 O7","de-protonated","0","-9999","C28 H22 O7 N4 S2","28","22","7","4","-9999","2","-9999","-9999","-9999"
"4049","589.085135","589.085172084","589.08484558","1654475.1","-9999","286855","9.2","-1","0.554256049","0.945784068","0","0.567470441","21","0.444444444","0.666666667","N4 O12","de-protonated","0","-9999","C27 H18 O12 N4","27","18","12","4","-9999","-9999","-9999","-9999","-9999"
"4050","589.08704","589.087077083","589.087017858","2209740.8","-9999","247033.5","12.85","-1","0.10053841","0.499083801","0.677556332","0.570472814","38","0.068181818","0.318181818","O3","de-protonated","0","-9999","C44 H14 O3","44","14","3","-9999","-9999","-9999","-9999","-9999","-9999"
"4050","589.08704","589.087077083","589.086879473","2209740.8","-9999","247033.5","12.85","-1","0.335451882","0.489894493","0.800793265","0.614254002","11","0.695652174","1.130434783","S1 O16","de-protonated","0","-9999","C23 H26 O16 S1","23","26","16","-9999","-9999","1","-9999","-9999","-9999"
"4050","589.08704","589.087077083","589.087368731","2209740.8","-9999","247033.5","12.85","-1","-0.49508284","0.478250069","0.780512821","0.599155169","15","0.307692308","1.038461538","N2 S2 P1 O8","de-protonated","0","-9999","C26 H27 O8 N2 P1 S2","26","27","8","2","1","2","-9999","-9999","-9999"
"4050","589.08704","589.087077083","589.086499351","2209740.8","-9999","247033.5","12.85","-1","0.980726639","0.419929258","0.787157861","0.566820699","16","0.52","0.92","N2 P1 O13","de-protonated","0","-9999","C25 H23 O13 N2 P1","25","23","13","2","1","-9999","-9999","-9999","-9999"
"4051","589.090516","589.090553082","589.090389161","1664975.8","-9999","378610.3","9.27","-1","0.278261556","0.493024377","0.692787115","0.572929472","33","0.073170732","0.43902439","S1 O3","de-protonated","0","-9999","C41 H18 O3 S1","41","18","3","-9999","-9999","1","-9999","-9999","-9999"
"4051","589.090516","589.090553082","589.090522103","1664975.8","-9999","378610.3","9.27","-1","0.052588656","0.499749159","0.755017935","0.601856669","20","0.366666667","0.766666667","P1 O11","de-protonated","0","-9999","C30 H23 O11 P1","30","23","11","-9999","1","-9999","-9999","-9999","-9999"
"4051","589.090516","589.090553082","589.090250776","1664975.8","-9999","378610.3","9.27","-1","0.513173726","0.95333967","0","0.572003802","6","0.8","1.5","S2 O16","de-protonated","0","-9999","C20 H30 O16 S2","20","30","16","-9999","-9999","2","-9999","-9999","-9999"
"4051","589.090516","589.090553082","589.090718807","1664975.8","-9999","378610.3","9.27","-1","-0.281323413","0.98574225","0","0.59144535","12","0.85","1.1","N4 O17","de-protonated","0","-9999","C20 H22 O17 N4","20","22","17","4","-9999","-9999","-9999","-9999","-9999"
"4052","589.093708","589.093745081","589.093760464","5618130.5","-9999","311162.9","35.22","-1","-0.026113577","0.664693885","0.878424779","0.750186243","28","0.078947368","0.578947368","S2 O3","de-protonated","0","-9999","C38 H22 O3 S2","38","22","3","-9999","-9999","2","-9999","-9999","-9999"
"4052","589.093708","589.093745081","589.093893406","5618130.5","-9999","311162.9","35.22","-1","-0.251785118","0.979672931","0.985950756","0.982184061","15","0.407407407","1","S1 P1 O11","de-protonated","0","-9999","C27 H27 O11 P1 S1","27","27","11","-9999","1","1","-9999","-9999","-9999"
"4052","589.093708","589.093745081","589.093241957","5618130.5","-9999","311162.9","35.22","-1","0.854064465","0.883100017","0.888855247","0.885402109","6","0.684210526","1.631578947","N2 S2 P1 O13","de-protonated","0","-9999","C19 H31 O13 N2 P1 S2","19","31","13","2","1","2","-9999","-9999","-9999"
"4052","589.093708","589.093745081","589.094228495","5618130.5","-9999","311162.9","35.22","-1","-0.820605553","0.863705782","0.920690113","0.886499514","34","0.105263158","0.368421053","N4 O4","de-protonated","0","-9999","C38 H14 O4 N4","38","14","4","4","-9999","-9999","-9999","-9999","-9999"
"4053","589.121165","589.12120207","589.121034385","1389546.1","-9999","325149","7.47","-1","0.284635992","0.49270349","0.70871839","0.57910945","28","0.131578947","0.605263158","P1 O5","de-protonated","0","-9999","C38 H23 O5 P1","38","23","5","-9999","1","-9999","-9999","-9999","-9999"
"4053","589.121165","589.12120207","589.120763059","1389546.1","-9999","325149","7.47","-1","0.745197314","0.904148276","0","0.542488966","14","0.357142857","1.071428571","S2 O10","de-protonated","0","-9999","C28 H30 O10 S2","28","30","10","-9999","-9999","2","-9999","-9999","-9999"
"4053","589.121165","589.12120207","589.12123109","1389546.1","-9999","325149","7.47","-1","-0.04925886","0.999559823","0","0.599735894","20","0.392857143","0.785714286","N4 O11","de-protonated","0","-9999","C28 H22 O11 N4","28","22","11","4","-9999","-9999","-9999","-9999","-9999"
"4054","589.123277","589.123314069","589.123403367","1828332","-9999","235685.2","10.35","-1","-0.151576878","0.497919897","0.672627142","0.567802795","37","0.044444444","0.4","O2","de-protonated","0","-9999","C45 H18 O2","45","18","2","-9999","-9999","-9999","-9999","-9999","-9999"
"4054","589.123277","589.123314069","589.123264983","1828332","-9999","235685.2","10.35","-1","0.083322025","0.998741075","0","0.599244645","10","0.625","1.25","S1 O15","de-protonated","0","-9999","C24 H30 O15 S1","24","30","15","-9999","-9999","1","-9999","-9999","-9999"
"4054","589.123277","589.123314069","589.122751918","1828332","-9999","235685.2","10.35","-1","0.954217422","0.423855869","0.714192896","0.53999068","28","0.108108108","0.594594595","N2 S1 O4","de-protonated","0","-9999","C37 H22 O4 N2 S1","37","22","4","2","-9999","1","-9999","-9999","-9999"
"4054","589.123277","589.123314069","589.12375424","1828332","-9999","235685.2","10.35","-1","-0.747161192","0.451833793","0.773979033","0.580691889","14","0.259259259","1.148148148","N2 S2 P1 O7","de-protonated","0","-9999","C27 H31 O7 N2 P1 S2","27","31","7","2","1","2","-9999","-9999","-9999"
"4054","589.123277","589.123314069","589.12288486","1828332","-9999","235685.2","10.35","-1","0.728556766","0.454090288","0.780512821","0.584659301","15","0.461538462","1.038461538","N2 P1 O12","de-protonated","0","-9999","C26 H27 O12 N2 P1","26","27","12","2","1","-9999","-9999","-9999","-9999"
"4054","589.123277","589.123314069","589.123463726","1828332","-9999","235685.2","10.35","-1","-0.254032246","0.988358971","0.720643818","0.88127291","29","0.166666667","0.527777778","13C1 N3 O6","de-protonated","1","4038","C35 H19 O6 N3 13C1","35","19","6","3","-9999","-9999","1","-9999","-9999"
"4055","589.129865","589.129902067","589.130145974","5118449.5","-9999","293544.6","31.94","-1","-0.41401153","0.984668183","0.910585916","0.955035276","27","0.051282051","0.666666667","S2 O2","de-protonated","0","-9999","C39 H26 O2 S2","39","26","2","-9999","-9999","2","-9999","-9999","-9999"
"4055","589.129865","589.129902067","589.130278915","5118449.5","-9999","293544.6","31.94","-1","-0.639669046","0.960228145","0.974812472","0.966061876","14","0.357142857","1.107142857","S1 P1 O10","de-protonated","0","-9999","C28 H31 O10 P1 S1","28","31","10","-9999","1","1","-9999","-9999","-9999"
"4055","589.129865","589.129902067","589.129627467","5118449.5","-9999","293544.6","31.94","-1","0.466111809","0.913222969","0.970585517","0.936167988","5","0.6","1.75","N2 S2 P1 O12","de-protonated","0","-9999","C20 H35 O12 N2 P1 S2","20","35","12","2","1","2","-9999","-9999","-9999"
"4055","589.129865","589.129902067","589.13047562","5118449.5","-9999","293544.6","31.94","-1","-0.973558349","0.89489825","0.955699205","0.919218632","6","0.888888889","1.666666667","N4 S1 O16","de-protonated","0","-9999","C18 H30 O16 N4 S1","18","30","16","4","-9999","1","-9999","-9999","-9999"
"4056","589.160126","589.160163055","589.159788876","1587211.8","-9999","173202.9","8.76","-1","0.635106002","0.464712541","0.667769153","0.545935186","36","0.02173913","0.47826087","O1","de-protonated","0","-9999","C46 H22 O1","46","22","1","-9999","-9999","-9999","-9999","-9999","-9999"
"4056","589.160126","589.160163055","589.159650492","1587211.8","-9999","173202.9","8.76","-1","0.869990584","0.871677696","0","0.523006618","9","0.56","1.36","S1 O14","de-protonated","0","-9999","C25 H34 O14 S1","25","34","14","-9999","-9999","1","-9999","-9999","-9999"
"4056","589.160126","589.160163055","589.160139749","1587211.8","-9999","173202.9","8.76","-1","0.039558002","0.999716103","0","0.599829662","13","0.214285714","1.25","N2 S2 P1 O6","de-protonated","0","-9999","C28 H35 O6 N2 P1 S2","28","35","6","2","1","2","-9999","-9999","-9999"
"4057","589.166554","589.166591053","589.166531483","4035089.3","-9999","286791.7","24.83","-1","0.101108583","0.990175628","0.945849502","0.972445178","26","0.025","0.75","S2 O1","de-protonated","0","-9999","C40 H30 O1 S2","40","30","1","-9999","-9999","2","-9999","-9999","-9999"
"4057","589.166554","589.166591053","589.166664425","4035089.3","-9999","286791.7","24.83","-1","-0.124535112","0.972842687","0.990933629","0.980079064","13","0.310344828","1.206896552","S1 P1 O9","de-protonated","0","-9999","C29 H35 O9 P1 S1","29","35","9","-9999","1","1","-9999","-9999","-9999"
"4057","589.166554","589.166591053","589.166012976","4035089.3","-9999","286791.7","24.83","-1","0.981178022","0.891820054","0.937258464","0.909995418","4","0.523809524","1.857142857","N2 S2 P1 O11","de-protonated","0","-9999","C21 H39 O11 N2 P1 S2","21","39","11","2","1","2","-9999","-9999","-9999"
"4057","589.166554","589.166591053","589.166999514","4035089.3","-9999","286791.7","24.83","-1","-0.693285362","0.458241239","0.698017357","0.554151686","32","0.05","0.55","N4 O2","de-protonated","0","-9999","C40 H22 O2 N4","40","22","2","4","-9999","-9999","-9999","-9999","-9999"
"4057","589.166554","589.166591053","589.166861129","4035089.3","-9999","286791.7","24.83","-1","-0.458403967","0.916699952","0.92263574","0.919074267","5","0.789473684","1.789473684","N4 S1 O15","de-protonated","0","-9999","C19 H34 O15 N4 S1","19","34","15","4","-9999","1","-9999","-9999","-9999"
"4058","589.196315","589.196352041","589.196036001","1628714.9","-9999","254088.3","9.03","-1","0.536391946","0.949133564","0","0.569480139","8","0.5","1.461538462","S1 O13","de-protonated","0","-9999","C26 H38 O13 S1","26","38","13","-9999","-9999","1","-9999","-9999","-9999"
"4058","589.196315","589.196352041","589.196525259","1628714.9","-9999","254088.3","9.03","-1","-0.293989076","0.492219899","0.761234226","0.59982563","12","0.172413793","1.344827586","N2 S2 P1 O5","de-protonated","0","-9999","C29 H39 O5 N2 P1 S2","29","39","5","2","1","2","-9999","-9999","-9999"
"4059","589.202791","589.202828039","589.203049934","3567152.5","-9999","254140.4","21.76","-1","-0.376602422","0.487296781","0.755017935","0.594385242","12","0.266666667","1.3","S1 P1 O8","de-protonated","0","-9999","C30 H39 O8 P1 S1","30","39","8","-9999","1","1","-9999","-9999","-9999"
"4059","589.202791","589.202828039","589.202398485","3567152.5","-9999","254140.4","21.76","-1","0.729042152","0.454031998","0.807789663","0.595535064","3","0.454545455","1.954545455","N2 S2 P1 O10","de-protonated","0","-9999","C22 H43 O10 N2 P1 S2","22","43","10","2","1","2","-9999","-9999","-9999"
"4059","589.202791","589.202828039","589.203385023","3567152.5","-9999","254140.4","21.76","-1","-0.945317406","0.425158065","0.692787115","0.532209685","31","0.024390244","0.634146341","N4 O1","de-protonated","0","-9999","C41 H26 O1 N4","41","26","1","4","-9999","-9999","-9999","-9999","-9999"
"4059","589.202791","589.202828039","589.203246639","3567152.5","-9999","254140.4","21.76","-1","-0.710450575","0.456242143","0.822155738","0.602607581","4","0.7","1.9","N4 S1 O14","de-protonated","0","-9999","C20 H38 O14 N4 S1","20","38","14","4","-9999","1","-9999","-9999","-9999"
"4060","589.239177","589.239214025","589.239435443","2371664","-9999","302947.2","13.91","-1","-0.375770355","0.487352136","0.748902347","0.59197222","11","0.225806452","1.387096774","S1 P1 O7","de-protonated","0","-9999","C31 H43 O7 P1 S1","31","43","7","-9999","1","1","-9999","-9999","-9999"
"4060","589.239177","589.239214025","589.238783995","2371664","-9999","302947.2","13.91","-1","0.729805946","0.453940211","0.800793265","0.592681432","2","0.391304348","2.043478261","N2 S2 P1 O9","de-protonated","0","-9999","C23 H47 O9 N2 P1 S2","23","47","9","2","1","2","-9999","-9999","-9999"
"4060","589.239177","589.239214025","589.239632148","2371664","-9999","302947.2","13.91","-1","-0.709597894","0.456342394","0.81490939","0.599769193","3","0.619047619","2","N4 S1 O13","de-protonated","0","-9999","C21 H42 O13 N4 S1","21","42","13","4","-9999","1","-9999","-9999","-9999"
"4061","589.92159","589.921626761","589.92181952399994","2120349.3","-9999","290023","12.26","-1","-0.326760559","0.980812741","0","0.588487645","15","0.882352941","0.588235294","N3 S2 P1 O15","de-protonated","0","-9999","C17 H10 O15 N3 P1 S2","17","10","15","3","1","2","-9999","-9999","-9999"
"4062","590.096973","590.097009693","590.097115299","1511220.9","-9999","368760.9","8.26","-1","-0.17896421","0.662803587","0.878424779","0.749052064","28","0.078947368","0.578947368","13C1 S2 O3","de-protonated","1","4052","C37 H22 O3 S2 13C1","37","22","3","-9999","-9999","2","1","-9999","-9999"
"4062","590.096973","590.097009693","590.097248241","1511220.9","-9999","368760.9","8.26","-1","-0.404252002","0.970783029","0.985950756","0.97685012","15","0.407407407","1","13C1 S1 P1 O11","de-protonated","1","4052","C26 H27 O11 P1 S1 13C1","26","27","11","-9999","1","1","1","-9999","-9999"
"4062","590.096973","590.097009693","590.097384587","1511220.9","-9999","368760.9","8.26","-1","-0.635308042","0.929381796","0","0.557629078","15","0.5","0.961538462","N1 S1 O13","de-protonated","0","-9999","C26 H25 O13 N1 S1","26","25","13","1","-9999","1","-9999","-9999","-9999"
"4062","590.096973","590.097009693","590.096596792","1511220.9","-9999","368760.9","8.26","-1","0.699717111","0.896087497","0.888855247","0.893194597","6","0.684210526","1.631578947","13C1 N2 S2 P1 O13","de-protonated","1","4052","C18 H31 O13 N2 P1 S2 13C1","18","31","13","2","1","2","1","-9999","-9999"
"4062","590.096973","590.097009693","590.096871522","1511220.9","-9999","368760.9","8.26","-1","0.234149074","0.495050625","0.703327172","0.578361244","33","0.051282051","0.435897436","N3 S1 O2","de-protonated","0","-9999","C39 H17 O2 N3 S1","39","17","2","3","-9999","1","-9999","-9999","-9999"
"4062","590.096973","590.097009693","590.097004464","1511220.9","-9999","368760.9","8.26","-1","0.008861095","0.999985753","0","0.599991452","20","0.357142857","0.785714286","N3 P1 O10","de-protonated","0","-9999","C28 H22 O10 N3 P1","28","22","10","3","1","-9999","-9999","-9999","-9999"
"4062","590.096973","590.097009693","590.096733138","1511220.9","-9999","368760.9","8.26","-1","0.468660561","0.960929837","0","0.576557902","6","0.833333333","1.611111111","N3 S2 O15","de-protonated","0","-9999","C18 H29 O15 N3 S2","18","29","15","3","-9999","2","-9999","-9999","-9999"
"4062","590.096973","590.097009693","590.09758333","1511220.9","-9999","368760.9","8.26","-1","-0.972105174","0.842428138","0.920690113","0.873732928","34","0.105263158","0.368421053","13C1 N4 O4","de-protonated","1","4052","C37 H14 O4 N4 13C1","37","14","4","4","-9999","-9999","1","-9999","-9999"
"4063","590.133473","590.133509679","590.133500809","1338196.3","-9999","334151.2","7.12","-1","0.015030964","0.999959006","0.910585916","0.96420977","27","0.051282051","0.666666667","13C1 S2 O2","de-protonated","1","4055","C38 H26 O2 S2 13C1","38","26","2","-9999","-9999","2","1","-9999","-9999"
"4063","590.133473","590.133509679","590.13363375","1338196.3","-9999","334151.2","7.12","-1","-0.210242982","0.992011663","0.974812472","0.985131986","14","0.357142857","1.107142857","13C1 S1 P1 O10","de-protonated","1","4055","C27 H31 O10 P1 S1 13C1","27","31","10","-9999","1","1","1","-9999","-9999"
"4063","590.133473","590.133509679","590.133770096","1338196.3","-9999","334151.2","7.12","-1","-0.44128482","0.965283036","0","0.579169822","14","0.444444444","1.074074074","N1 S1 O12","de-protonated","0","-9999","C27 H29 O12 N1 S1","27","29","12","1","-9999","1","-9999","-9999","-9999"
"4063","590.133473","590.133509679","590.132982302","1338196.3","-9999","334151.2","7.12","-1","0.89365827900000006","0.8651006","0.970585517","0.907294567","5","0.6","1.75","13C1 N2 S2 P1 O12","de-protonated","1","4055","C19 H35 O12 N2 P1 S2 13C1","19","35","12","2","1","2","1","-9999","-9999"
"4063","590.133473","590.133509679","590.133257032","1338196.3","-9999","334151.2","7.12","-1","0.428118857","0.483644987","0.698017357","0.569393935","32","0.025","0.525","N3 S1 O1","de-protonated","0","-9999","C40 H21 O1 N3 S1","40","21","1","3","-9999","1","-9999","-9999","-9999"
"4063","590.133473","590.133509679","590.133389973","1338196.3","-9999","334151.2","7.12","-1","0.202844725","0.992561916","0","0.59553715","19","0.310344828","0.896551724","N3 P1 O9","de-protonated","0","-9999","C29 H26 O9 N3 P1","29","26","9","3","1","-9999","-9999","-9999","-9999"
"4063","590.133473","590.133509679","590.133118647","1338196.3","-9999","334151.2","7.12","-1","0.66261593","0.923423946","0","0.554054368","5","0.736842105","1.736842105","N3 S2 O14","de-protonated","0","-9999","C19 H33 O14 N3 S2","19","33","14","3","-9999","2","-9999","-9999","-9999"
"4063","590.133473","590.133509679","590.133830455","1338196.3","-9999","334151.2","7.12","-1","-0.543564744","0.947800439","0.955699205","0.950959945","6","0.888888889","1.666666667","13C1 N4 S1 O16","de-protonated","1","4055","C17 H30 O16 N4 S1 13C1","17","30","16","4","-9999","1","1","-9999","-9999"
"4064","590.169664","590.169700665","590.169886318","1329523.5","-9999","386931","7.07","-1","-0.314575633","0.982204476","0.945849502","0.967662487","26","0.025","0.75","13C1 S2 O1","de-protonated","1","4057","C39 H30 O1 S2 13C1","39","30","1","-9999","-9999","2","1","-9999","-9999"
"4064","590.169664","590.169700665","590.17001926","1329523.5","-9999","386931","7.07","-1","-0.539835616","0.948495505","0.990933629","0.965470755","13","0.310344828","1.206896552","13C1 S1 P1 O9","de-protonated","1","4057","C28 H35 O9 P1 S1 13C1","28","35","9","-9999","1","1","1","-9999","-9999"
"4064","590.169664","590.169700665","590.170155605","1329523.5","-9999","386931","7.07","-1","-0.770863134","0.897787166","0","0.5386723","13","0.392857143","1.178571429","N1 S1 O11","de-protonated","0","-9999","C28 H33 O11 N1 S1","28","33","11","1","-9999","1","-9999","-9999","-9999"
"4064","590.169664","590.169700665","590.169367811","1329523.5","-9999","386931","7.07","-1","0.563997223","0.943916535","0.937258464","0.941253307","4","0.523809524","1.857142857","13C1 N2 S2 P1 O11","de-protonated","1","4057","C20 H39 O11 N2 P1 S2 13C1","20","39","11","2","1","2","1","-9999","-9999"
"4064","590.169664","590.169700665","590.169775483","1329523.5","-9999","386931","7.07","-1","-0.126773513","0.997088091","0","0.598252855","18","0.266666667","1","N3 P1 O8","de-protonated","0","-9999","C30 H30 O8 N3 P1","30","30","8","3","1","-9999","-9999","-9999","-9999"
"4064","590.169664","590.169700665","590.169504157","1329523.5","-9999","386931","7.07","-1","0.332969195","0.980084055","0","0.588050433","4","0.65","1.85","N3 S2 O13","de-protonated","0","-9999","C20 H37 O13 N3 S2","20","37","13","3","-9999","2","-9999","-9999","-9999"
"4064","590.169664","590.169700665","590.170215964","1329523.5","-9999","386931","7.07","-1","-0.873136718","0.870810734","0.92263574","0.891540736","5","0.789473684","1.789473684","13C1 N4 S1 O15","de-protonated","1","4057","C18 H34 O15 N4 S1 13C1","18","34","15","4","-9999","1","1","-9999","-9999"
"4068","591.036702","591.03673833","591.03663951","1482338","-9999","356615.4","8.06","-1","0.167197349","0.497470227","0.719752637","0.586383191","29","0.138888889","0.444444444","S2 O5","de-protonated","0","-9999","C36 H16 O5 S2","36","16","5","-9999","-9999","2","-9999","-9999","-9999"
"4068","591.036702","591.03673833","591.036772452","1482338","-9999","356615.4","8.06","-1","-0.057732399","0.999395409","0","0.599637245","16","0.52","0.84","S1 P1 O13","de-protonated","0","-9999","C25 H21 O13 P1 S1","25","21","13","-9999","1","1","-9999","-9999","-9999"
"4068","591.036702","591.03673833","591.036259387","1482338","-9999","356615.4","8.06","-1","0.810343311","0.443837577","0.70871839","0.549789902","34","0.052631579","0.342105263","N2 S1 P1 O2","de-protonated","0","-9999","C38 H13 O2 N2 P1 S1","38","13","2","2","1","1","-9999","-9999","-9999"
"4069","591.064772","591.064808319","591.064782811","1529338.4","-9999","269294.2","8.37","-1","0.043156095","0.499831059","0.714192896","0.585575794","28","0.054054054","0.567567568","S2 P1 O2","de-protonated","0","-9999","C37 H21 O2 P1 S2","37","21","2","-9999","1","2","-9999","-9999","-9999"
"4069","591.064772","591.064808319","591.065250842","1529338.4","-9999","269294.2","8.37","-1","-0.748686548","0.451646767","0.714192896","0.556665219","34","0.081081081","0.351351351","N4 P1 O3","de-protonated","0","-9999","C37 H13 O3 N4 P1","37","13","3","4","1","-9999","-9999","-9999","-9999"
"4069","591.064772","591.064808319","591.064979515","1529338.4","-9999","269294.2","8.37","-1","-0.289640646","0.98489323","0","0.590935938","20","0.296296296","0.740740741","N4 S2 O8","de-protonated","0","-9999","C27 H20 O8 N4 S2","27","20","8","4","-9999","2","-9999","-9999","-9999"
"4070","591.066374","591.066410318","591.066144028","2619515.8","-9999","302876.2","15.53","-1","0.450524888","0.481920409","0.807789663","0.61226811","11","0.772727273","1.090909091","S1 O17","de-protonated","0","-9999","C22 H24 O17 S1","22","24","17","-9999","-9999","1","-9999","-9999","-9999"
"4070","591.066374","591.066410318","591.066633286","2619515.8","-9999","302876.2","15.53","-1","-0.377228774","0.487255034","0.787157861","0.607216165","15","0.36","1","N2 S2 P1 O9","de-protonated","0","-9999","C25 H25 O9 N2 P1 S2","25","25","9","2","1","2","-9999","-9999","-9999"
"4071","591.069978","591.070014317","591.069653716","2118783","-9999","465564.9","12.24","-1","0.610081845","0.467347421","0.698017357","0.559615395","33","0.1","0.4","S1 O4","de-protonated","0","-9999","C40 H16 O4 S1","40","16","4","-9999","-9999","1","-9999","-9999","-9999"
"4071","591.069978","591.070014317","591.069786658","2118783","-9999","465564.9","12.24","-1","0.385164561","0.486720419","0.761234226","0.596525942","20","0.413793103","0.724137931","P1 O12","de-protonated","0","-9999","C29 H21 O12 P1","29","21","12","-9999","1","-9999","-9999","-9999","-9999"
"4071","591.069978","591.070014317","591.069515332","2118783","-9999","465564.9","12.24","-1","0.844207461","0.87869627","0","0.527217762","6","0.894736842","1.473684211","S2 O17","de-protonated","0","-9999","C19 H28 O17 S2","19","28","17","-9999","-9999","2","-9999","-9999","-9999"
"4071","591.069978","591.070014317","591.069983362","2118783","-9999","465564.9","12.24","-1","0.052370525","0.99950247","0","0.599701482","12","0.947368421","1.052631579","N4 O18","de-protonated","0","-9999","C19 H20 O18 N4","19","20","18","4","-9999","-9999","-9999","-9999","-9999"
"4072","591.073085","591.073121316","591.073025019","5867649.5","-9999","319740","36.85","-1","0.162917846","0.641895734","0.891056854","0.741560182","28","0.108108108","0.540540541","S2 O4","de-protonated","0","-9999","C37 H20 O4 S2","37","20","4","-9999","-9999","2","-9999","-9999","-9999"
"4072","591.073085","591.073121316","591.073157961","5867649.5","-9999","319740","36.85","-1","-0.061998055","0.984948546","0.999722171","0.990857996","15","0.461538462","0.961538462","S1 P1 O12","de-protonated","0","-9999","C26 H25 O12 P1 S1","26","25","12","-9999","1","1","-9999","-9999","-9999"
"4072","591.073085","591.073121316","591.072644897","5867649.5","-9999","319740","36.85","-1","0.806024214","0.296266773","0.662912124","0.442924913","33","0.025641026","0.435897436","N2 S1 P1 O1","de-protonated","0","-9999","C39 H17 O1 N2 P1 S1","39","17","1","2","1","1","-9999","-9999","-9999"
"4072","591.073085","591.073121316","591.07349305","5867649.5","-9999","319740","36.85","-1","-0.62891385","0.963044839","0.933957905","0.951410066","34","0.135135135","0.324324324","N4 O5","de-protonated","0","-9999","C37 H12 O5 N4","37","12","5","4","-9999","-9999","-9999","-9999","-9999"
"4073","591.088459","591.08849531","591.088281161","1369230.9","-9999","347197.7","7.32","-1","0.362296323","0.488232337","0.692787115","0.570054248","32","0.024390244","0.487804878","S2 O1","de-protonated","0","-9999","C41 H20 O1 S2","41","20","1","-9999","-9999","2","-9999","-9999","-9999"
"4073","591.088459","591.08849531","591.088414102","1369230.9","-9999","347197.7","7.32","-1","0.137386182","0.996581021","0","0.597948612","19","0.3","0.833333333","S1 P1 O9","de-protonated","0","-9999","C30 H25 O9 P1 S1","30","25","9","-9999","1","1","-9999","-9999","-9999"
"4073","591.088459","591.08849531","591.089037787","1369230.9","-9999","347197.7","7.32","-1","-0.917758755","0.877181211","0.888855247","0.881850825","6","0.684210526","1.631578947","N2 S1 34S1 P1 O13","de-protonated","1","4052","C19 H31 O13 N2 P1 S1 34S1","19","31","13","2","1","1","-9999","-9999","1"
"4073","591.088459","591.08849531","591.088610807","1369230.9","-9999","347197.7","7.32","-1","-0.195397285","0.993096213","0","0.595857728","11","0.75","1.2","N4 S1 O15","de-protonated","0","-9999","C20 H24 O15 N4 S1","20","24","15","4","-9999","1","-9999","-9999","-9999"
"4074","591.101557","591.101593305","591.10116832","1876634.3","-9999","282378.4","10.65","-1","0.718970795","0.455235025","0.70871839","0.556628371","27","0.026315789","0.657894737","S2 P1 O1","de-protonated","0","-9999","C38 H25 O1 P1 S2","38","25","1","-9999","1","2","-9999","-9999","-9999"
"4074","591.101557","591.101593305","591.102016473","1876634.3","-9999","282378.4","10.65","-1","-0.715897901","0.455599379","0.719752637","0.561260682","28","0.138888889","0.555555556","N2 S1 O5","de-protonated","0","-9999","C36 H20 O5 N2 S1","36","20","5","2","-9999","1","-9999","-9999","-9999"
"4074","591.101557","591.101593305","591.102149415","1876634.3","-9999","282378.4","10.65","-1","-0.940802573","0.425815497","0.787157861","0.570352442","15","0.52","1","N2 P1 O13","de-protonated","0","-9999","C25 H25 O13 N2 P1","25","25","13","2","1","-9999","-9999","-9999","-9999"
"4074","591.101557","591.101593305","591.101636351","1876634.3","-9999","282378.4","10.65","-1","-0.07282364","0.499519095","0.70871839","0.583198813","33","0.052631579","0.447368421","N4 P1 O2","de-protonated","0","-9999","C38 H17 O2 N4 P1","38","17","2","4","1","-9999","-9999","-9999","-9999"
"4074","591.101557","591.101593305","591.101365025","1876634.3","-9999","282378.4","10.65","-1","0.386194315","0.486650275","0.767553728","0.599011656","19","0.25","0.857142857","N4 S2 O7","de-protonated","0","-9999","C28 H24 O7 N4 S2","28","24","7","4","-9999","2","-9999","-9999","-9999"
"4074","591.101557","591.101593305","591.101497966","1876634.3","-9999","282378.4","10.65","-1","0.161289148","0.995290882","0","0.597174529","6","0.882352941","1.705882353","N4 S1 P1 O15","de-protonated","0","-9999","C17 H29 O15 N4 P1 S1","17","29","15","4","1","1","-9999","-9999","-9999"
"4075","591.102859","591.102895304","591.102667922","1771163.5","-9999","451552.3","9.96","-1","0.384674501","0.486753739","0.677556332","0.563074776","37","0.068181818","0.363636364","O3","de-protonated","0","-9999","C44 H16 O3","44","16","3","-9999","-9999","-9999","-9999","-9999","-9999"
"4075","591.102859","591.102895304","591.102529538","1771163.5","-9999","451552.3","9.96","-1","0.618786988","0.932882318","0","0.559729391","10","0.695652174","1.217391304","S1 O16","de-protonated","0","-9999","C23 H28 O16 S1","23","28","16","-9999","-9999","1","-9999","-9999","-9999"
"4075","591.102859","591.102895304","591.103018795","1771163.5","-9999","451552.3","9.96","-1","-0.208915861","0.496055898","0.780512821","0.609838667","14","0.307692308","1.115384615","N2 S2 P1 O8","de-protonated","0","-9999","C26 H29 O8 N2 P1 S2","26","29","8","2","1","2","-9999","-9999","-9999"
"4076","591.106151","591.106187303","591.106039225","1736862.3","-9999","298642","9.73","-1","0.250509251","0.494338896","0.692787115","0.573718184","32","0.073170732","0.487804878","S1 O3","de-protonated","0","-9999","C41 H20 O3 S1","41","20","3","-9999","-9999","1","-9999","-9999","-9999"
"4076","591.106151","591.106187303","591.106172167","1736862.3","-9999","298642","9.73","-1","0.025605892","0.49994051900000003","0.755017935","0.601971485","19","0.366666667","0.833333333","P1 O11","de-protonated","0","-9999","C30 H25 O11 P1","30","25","11","-9999","1","-9999","-9999","-9999","-9999"
"4076","591.106151","591.106187303","591.105900841","1736862.3","-9999","298642","9.73","-1","0.484620371","0.958280758","0","0.574968455","5","0.8","1.6","S2 O16","de-protonated","0","-9999","C20 H32 O16 S2","20","32","16","-9999","-9999","2","-9999","-9999","-9999"
"4076","591.106151","591.106187303","591.106368872","1736862.3","-9999","298642","9.73","-1","-0.30716754","0.983025687","0","0.589815412","11","0.85","1.2","N4 O17","de-protonated","0","-9999","C20 H24 O17 N4","20","24","17","4","-9999","-9999","-9999","-9999","-9999"
"4077","591.109513","591.109549302","591.109410529","6176929","-9999","301097.9","38.88","-1","0.234766879","0.247512302","0.631824613","0.401237226","27","0.078947368","0.631578947","S2 O3","de-protonated","0","-9999","C38 H24 O3 S2","38","24","3","-9999","-9999","2","-9999","-9999","-9999"
"4077","591.109513","591.109549302","591.10954347","6176929","-9999","301097.9","38.88","-1","0.009864807","0.499991171","0.773979033","0.609586316","14","0.407407407","1.074074074","S1 P1 O11","de-protonated","0","-9999","C27 H29 O11 P1 S1","27","29","11","-9999","1","1","-9999","-9999","-9999"
"4077","591.109513","591.109549302","591.109878559","6176929","-9999","301097.9","38.88","-1","-0.557016133","0.315085949","0.669687134","0.456926423","33","0.105263158","0.421052632","N4 O4","de-protonated","0","-9999","C38 H16 O4 N4","38","16","4","4","-9999","-9999","-9999","-9999","-9999"
"4078","591.13892","591.13895629","591.139053431","2197178.8","-9999","263078.2","12.76","-1","-0.164328793","0.497556076","0.672627142","0.567584503","36","0.044444444","0.444444444","O2","de-protonated","0","-9999","C45 H20 O2","45","20","2","-9999","-9999","-9999","-9999","-9999","-9999"
"4078","591.13892","591.13895629","591.138915047","2197178.8","-9999","263078.2","12.76","-1","0.069769156","0.499558573","0.793917021","0.617301952","9","0.625","1.333333333","S1 O15","de-protonated","0","-9999","C24 H32 O15 S1","24","32","15","-9999","-9999","1","-9999","-9999","-9999"
"4078","591.13892","591.13895629","591.138401983","2197178.8","-9999","263078.2","12.76","-1","0.937694982","0.42626677","0.714192896","0.541437221","27","0.108108108","0.648648649","N2 S1 O4","de-protonated","0","-9999","C37 H24 O4 N2 S1","37","24","4","2","-9999","1","-9999","-9999","-9999"
"4078","591.13892","591.13895629","591.139404304","2197178.8","-9999","263078.2","12.76","-1","-0.757882293","0.450512846","0.773979033","0.579899321","13","0.259259259","1.222222222","N2 S2 P1 O7","de-protonated","0","-9999","C27 H33 O7 N2 P1 S2","27","33","7","2","1","2","-9999","-9999","-9999"
"4078","591.13892","591.13895629","591.138534924","2197178.8","-9999","263078.2","12.76","-1","0.712803781","0.455964965","0.780512821","0.585784107","14","0.461538462","1.115384615","N2 P1 O12","de-protonated","0","-9999","C26 H29 O12 N2 P1","26","29","12","2","1","-9999","-9999","-9999","-9999"
"4079","591.145719","591.145755288","591.145796038","4783296.5","-9999","286729.4","29.73","-1","-0.068934661","0.975915395","0.938464768","0.960935144","26","0.051282051","0.717948718","S2 O2","de-protonated","0","-9999","C39 H28 O2 S2","39","28","2","-9999","-9999","2","-9999","-9999","-9999"
"4079","591.145719","591.145755288","591.14592898","4783296.5","-9999","286729.4","29.73","-1","-0.293822822","0.984537022","0.997308676","0.989645683","13","0.357142857","1.178571429","S1 P1 O10","de-protonated","0","-9999","C28 H33 O10 P1 S1","28","33","10","-9999","1","1","-9999","-9999","-9999"
"4079","591.145719","591.145755288","591.145277531","4783296.5","-9999","286729.4","29.73","-1","0.808187992","0.444118604","0.822155738","0.595333458","4","0.6","1.85","N2 S2 P1 O12","de-protonated","0","-9999","C20 H37 O12 N2 P1 S2","20","37","12","2","1","2","-9999","-9999","-9999"
"4079","591.145719","591.145755288","591.146264069","4783296.5","-9999","286729.4","29.73","-1","-0.860668698","0.930371778","0.938464768","0.933608974","32","0.076923077","0.512820513","N4 O3","de-protonated","0","-9999","C39 H20 O3 N4","39","20","3","4","-9999","-9999","-9999","-9999","-9999"
"4079","591.145719","591.145755288","591.146125684","4783296.5","-9999","286729.4","29.73","-1","-0.626573768","0.965476817","0.927820353","0.950414231","5","0.888888889","1.777777778","N4 S1 O16","de-protonated","0","-9999","C18 H32 O16 N4 S1","18","32","16","4","-9999","1","-9999","-9999","-9999"
"4080","591.175435","591.175471276","591.175438941","2062042.3","-9999","239949.5","11.87","-1","0.054696736","0.499728651","0.667769153","0.566944852","35","0.02173913","0.52173913","O1","de-protonated","0","-9999","C46 H24 O1","46","24","1","-9999","-9999","-9999","-9999","-9999","-9999"
"4080","591.175435","591.175471276","591.175300556","2062042.3","-9999","239949.5","11.87","-1","0.288780327","0.492491082","0.787157861","0.610357794","8","0.56","1.44","S1 O14","de-protonated","0","-9999","C25 H36 O14 S1","25","36","14","-9999","-9999","1","-9999","-9999","-9999"
"4080","591.175435","591.175471276","591.175789814","2062042.3","-9999","239949.5","11.87","-1","-0.538820362","0.474341998","0.767553728","0.59162669","12","0.214285714","1.321428571","N2 S2 P1 O6","de-protonated","0","-9999","C28 H37 O6 N2 P1 S2","28","37","6","2","1","2","-9999","-9999","-9999"
"4080","591.175435","591.175471276","591.174920434","2062042.3","-9999","239949.5","11.87","-1","0.931775517","0.427123556","0.773979033","0.565865747","13","0.407407407","1.222222222","N2 P1 O11","de-protonated","0","-9999","C27 H33 O11 N2 P1","27","33","11","2","1","-9999","-9999","-9999","-9999"
"4081","591.18223","591.182266274","591.182181547","4316384","-9999","309443.2","26.67","-1","0.143316397","0.990145618","0.976886256","0.984841873","25","0.025","0.8","S2 O1","de-protonated","0","-9999","C40 H32 O1 S2","40","32","1","-9999","-9999","2","-9999","-9999","-9999"
"4081","591.18223","591.182266274","591.182314489","4316384","-9999","309443.2","26.67","-1","-0.081557971","0.975228772","0.959896875","0.969096013","12","0.310344828","1.275862069","S1 P1 O9","de-protonated","0","-9999","C29 H37 O9 P1 S1","29","37","9","-9999","1","1","-9999","-9999","-9999"
"4081","591.18223","591.182266274","591.182649578","4316384","-9999","309443.2","26.67","-1","-0.648369079","0.463279365","0.698017357","0.557174562","31","0.05","0.6","N4 O2","de-protonated","0","-9999","C40 H24 O2 N4","40","24","2","4","-9999","-9999","-9999","-9999","-9999"
"4081","591.18223","591.182266274","591.182511194","4316384","-9999","309443.2","26.67","-1","-0.414288507","0.922597479","0.891598986","0.910198082","4","0.789473684","1.894736842","N4 S1 O15","de-protonated","0","-9999","C19 H36 O15 N4 S1","19","36","15","4","-9999","1","-9999","-9999","-9999"
"4082","591.21165800000006","591.211694262","591.211686066","1425657.8","-9999","292933.3","7.69","-1","0.013863805","0.999965125","0","0.599979075","7","0.5","1.538461538","S1 O13","de-protonated","0","-9999","C26 H40 O13 S1","26","40","13","-9999","-9999","1","-9999","-9999","-9999"
"4082","591.21165800000006","591.211694262","591.211173001","1425657.8","-9999","292933.3","7.69","-1","0.881682751","0.434222179","0.703327172","0.541864176","25","0.051282051","0.820512821","N2 S1 O2","de-protonated","0","-9999","C39 H32 O2 N2 S1","39","32","2","2","-9999","1","-9999","-9999","-9999"
"4082","591.21165800000006","591.211694262","591.212175323","1425657.8","-9999","292933.3","7.69","-1","-0.813685723","0.886801283","0","0.53208077","11","0.172413793","1.413793103","N2 S2 P1 O5","de-protonated","0","-9999","C29 H41 O5 N2 P1 S2","29","41","5","2","1","2","-9999","-9999","-9999"
"4082","591.21165800000006","591.211694262","591.211305943","1425657.8","-9999","292933.3","7.69","-1","0.656819245","0.924706348","0","0.554823809","12","0.357142857","1.321428571","N2 P1 O10","de-protonated","0","-9999","C28 H37 O10 N2 P1","28","37","10","2","1","-9999","-9999","-9999","-9999"
"4083","591.215515","591.215551261","591.215328695","1338621","-9999","350230","7.12","-1","0.376454164","0.974613305","0","0.584767983","16","0.242424242","1.121212121","P1 O8","de-protonated","0","-9999","C33 H37 O8 P1","33","37","8","-9999","1","-9999","-9999","-9999","-9999"
"4083","591.215515","591.215551261","591.215057369","1338621","-9999","350230","7.12","-1","0.835384056","0.88106228","0","0.528637368","2","0.565217391","1.913043478","S2 O13","de-protonated","0","-9999","C23 H44 O13 S2","23","44","13","-9999","-9999","2","-9999","-9999","-9999"
"4083","591.215515","591.215551261","591.2155254","1338621","-9999","350230","7.12","-1","0.043742056","0.999652882","0","0.599791729","8","0.608695652","1.565217391","N4 O14","de-protonated","0","-9999","C23 H36 O14 N4","23","36","14","4","-9999","-9999","-9999","-9999","-9999"
"4084","591.218529","591.218565259","591.218699998","3562751.5","-9999","257893.1","21.72","-1","-0.227900458","0.495310037","0.755017935","0.599193196","11","0.266666667","1.366666667","S1 P1 O8","de-protonated","0","-9999","C30 H41 O8 P1 S1","30","41","8","-9999","1","1","-9999","-9999","-9999"
"4084","591.218529","591.218565259","591.21804855","3562751.5","-9999","257893.1","21.72","-1","0.873974786","0.435289705","0.807789663","0.584289688","2","0.454545455","2.045454545","N2 S2 P1 O10","de-protonated","0","-9999","C22 H45 O10 N2 P1 S2","22","45","10","2","1","2","-9999","-9999","-9999"
"4084","591.218529","591.218565259","591.219035087","3562751.5","-9999","257893.1","21.72","-1","-0.7946766","0.445867256","0.692787115","0.5446352","30","0.024390244","0.682926829","N4 O1","de-protonated","0","-9999","C41 H28 O1 N4","41","28","1","4","-9999","-9999","-9999","-9999","-9999"
"4084","591.218529","591.218565259","591.218896703","3562751.5","-9999","257893.1","21.72","-1","-0.560610468","0.472284549","0.822155738","0.612233025","3","0.7","2","N4 S1 O14","de-protonated","0","-9999","C20 H40 O14 N4 S1","20","40","14","4","-9999","1","-9999","-9999","-9999"
"4085","591.255063","591.255099245","591.255085508","1887519.3","-9999","273886.4","10.72","-1","0.023234496","0.499951026","0.748902347","0.599531554","10","0.225806452","1.451612903","S1 P1 O7","de-protonated","0","-9999","C31 H45 O7 P1 S1","31","45","7","-9999","1","1","-9999","-9999","-9999"
"4085","591.255063","591.255099245","591.255282212","1887519.3","-9999","273886.4","10.72","-1","-0.309455123","0.982774117","0","0.58966447","2","0.619047619","2.095238095","N4 S1 O13","de-protonated","0","-9999","C21 H44 O13 N4 S1","21","44","13","4","-9999","1","-9999","-9999","-9999"
"4087","592.076717","592.076752928","592.076379854","1652712.4","-9999","391381.3","9.18","-1","0.63011006","0.620327784","0.891056854","0.728619412","28","0.108108108","0.540540541","13C1 S2 O4","de-protonated","1","4072","C36 H20 O4 S2 13C1","36","20","4","-9999","-9999","2","1","-9999","-9999"
"4087","592.076717","592.076752928","592.076512796","1652712.4","-9999","391381.3","9.18","-1","0.405575206","0.970594294","0.999722171","0.982245445","15","0.461538462","0.961538462","13C1 S1 P1 O12","de-protonated","1","4072","C25 H25 O12 P1 S1 13C1","25","25","12","-9999","1","1","1","-9999","-9999"
"4087","592.076717","592.076752928","592.076649142","1652712.4","-9999","391381.3","9.18","-1","0.175291381","0.994440127","0","0.596664076","15","0.56","0.92","N1 S1 O14","de-protonated","0","-9999","C25 H23 O14 N1 S1","25","23","14","1","-9999","1","-9999","-9999","-9999"
"4087","592.076717","592.076752928","592.077138399","1652712.4","-9999","391381.3","9.18","-1","-0.651049317","0.462986693","0.767553728","0.584813507","19","0.214285714","0.857142857","N3 S2 P1 O6","de-protonated","0","-9999","C28 H24 O6 N3 P1 S2","28","24","6","3","1","2","-9999","-9999","-9999"
"4087","592.076717","592.076752928","592.076269019","1652712.4","-9999","391381.3","9.18","-1","0.817307632","0.885851253","0","0.531510752","20","0.407407407","0.740740741","N3 P1 O11","de-protonated","0","-9999","C27 H20 O11 N3 P1","27","20","11","3","1","-9999","-9999","-9999","-9999"
"4087","592.076717","592.076752928","592.076847885","1652712.4","-9999","391381.3","9.18","-1","-0.160380138","0.99534369","0.933957905","0.970789376","34","0.135135135","0.324324324","13C1 N4 O5","de-protonated","1","4072","C36 H12 O5 N4 13C1","36","12","5","4","-9999","-9999","1","-9999","-9999"
"4088","592.141101","592.141136903","592.14104501","1428256.4","-9999","294795","7.7","-1","0.155186951","0.497819853","0.70871839","0.582179268","26","0.052631579","0.710526316","N1 S2 O2","de-protonated","0","-9999","C38 H27 O2 N1 S2","38","27","2","1","-9999","2","-9999","-9999","-9999"
"4088","592.141101","592.141136903","592.141177952","1428256.4","-9999","294795","7.7","-1","-0.069323277","0.999128389","0","0.599477033","13","0.37037037","1.185185185","N1 S1 P1 O10","de-protonated","0","-9999","C27 H32 O10 N1 P1 S1","27","32","10","1","1","1","-9999","-9999","-9999"
"4089","592.149421","592.1494569","592.149150873","1470503.5","-9999","336570.9","7.98","-1","0.51680641","0.952692661","0.938464768","0.947001504","26","0.051282051","0.717948718","13C1 S2 O2","de-protonated","1","4079","C38 H28 O2 S2 13C1","38","28","2","-9999","-9999","2","1","-9999","-9999"
"4089","592.149421","592.1494569","592.149283815","1470503.5","-9999","336570.9","7.98","-1","0.292299175","0.98461679","0.997308676","0.989693544","13","0.357142857","1.178571429","13C1 S1 P1 O10","de-protonated","1","4079","C27 H33 O10 P1 S1 13C1","27","33","10","-9999","1","1","1","-9999","-9999"
"4089","592.149421","592.1494569","592.14942016","1470503.5","-9999","336570.9","7.98","-1","0.062043676","0.999301772","0","0.599581063","13","0.444444444","1.148148148","N1 S1 O12","de-protonated","0","-9999","C27 H31 O12 N1 S1","27","31","12","1","-9999","1","-9999","-9999","-9999"
"4089","592.149421","592.1494569","592.148907096","1470503.5","-9999","336570.9","7.98","-1","0.928488376","0.427597734","0.698017357","0.535765583","31","0.025","0.575","N3 S1 O1","de-protonated","0","-9999","C40 H23 O1 N3 S1","40","23","1","3","-9999","1","-9999","-9999","-9999"
"4089","592.149421","592.1494569","592.149909418","1470503.5","-9999","336570.9","7.98","-1","-0.764195377","0.899456085","0","0.539673651","17","0.133333333","1.066666667","N3 S2 P1 O4","de-protonated","0","-9999","C30 H32 O4 N3 P1 S2","30","32","4","3","1","2","-9999","-9999","-9999"
"4089","592.149421","592.1494569","592.149040038","1470503.5","-9999","336570.9","7.98","-1","0.703980955","0.914000641","0","0.548400384","18","0.310344828","0.965517241","N3 P1 O9","de-protonated","0","-9999","C29 H28 O9 N3 P1","29","28","9","3","1","-9999","-9999","-9999","-9999"
"4089","592.149421","592.1494569","592.149618904","1470503.5","-9999","336570.9","7.98","-1","-0.273586553","0.986510449","0.938464768","0.967292176","32","0.076923077","0.512820513","13C1 N4 O3","de-protonated","1","4079","C38 H20 O3 N4 13C1","38","20","3","4","-9999","-9999","1","-9999","-9999"
"4089","592.149421","592.1494569","592.149480519","1470503.5","-9999","336570.9","7.98","-1","-0.039888143","0.999711345","0.927820353","0.970954948","5","0.888888889","1.777777778","13C1 N4 S1 O16","de-protonated","1","4079","C17 H32 O16 N4 S1 13C1","17","32","16","4","-9999","1","1","-9999","-9999"
"4090","592.185324","592.185359886","592.185536382","1669190.6","-9999","296987.9","9.28","-1","-0.298042998","0.984011181","0.976886256","0.981161211","25","0.025","0.8","13C1 S2 O1","de-protonated","1","4081","C39 H32 O1 S2 13C1","39","32","1","-9999","-9999","2","1","-9999","-9999"
"4090","592.185324","592.185359886","592.185669324","1669190.6","-9999","296987.9","9.28","-1","-0.522536256","0.95166376","0.959896875","0.954957006","12","0.310344828","1.275862069","13C1 S1 P1 O9","de-protonated","1","4081","C28 H37 O9 P1 S1 13C1","28","37","9","-9999","1","1","1","-9999","-9999"
"4090","592.185324","592.185359886","592.18580567","1669190.6","-9999","296987.9","9.28","-1","-0.75277742","0.451143682","0.767553728","0.5777077","12","0.392857143","1.25","N1 S1 O11","de-protonated","0","-9999","C28 H35 O11 N1 S1","28","35","11","1","-9999","1","-9999","-9999","-9999"
"4090","592.185324","592.185359886","592.185425547","1669190.6","-9999","296987.9","9.28","-1","-0.110880106","0.498885842","0.755017935","0.601338679","17","0.266666667","1.066666667","N3 P1 O8","de-protonated","0","-9999","C30 H32 O8 N3 P1","30","32","8","3","1","-9999","-9999","-9999","-9999"
"4090","592.185324","592.185359886","592.185154221","1669190.6","-9999","296987.9","9.28","-1","0.34729776","0.978352185","0","0.587011311","3","0.65","1.95","N3 S2 O13","de-protonated","0","-9999","C20 H39 O13 N3 S2","20","39","13","3","-9999","2","-9999","-9999","-9999"
"4090","592.185324","592.185359886","592.185866029","1669190.6","-9999","296987.9","9.28","-1","-0.854702893","0.875857952","0.891598986","0.882154366","4","0.789473684","1.894736842","13C1 N4 S1 O15","de-protonated","1","4081","C18 H36 O15 N4 S1 13C1","18","36","15","4","-9999","1","1","-9999","-9999"
"4091","592.239624","592.239659865","592.239949244","2840694","-9999","304515.5","16.97","-1","-0.488618143","0.478802236","0.761234226","0.591775032","11","0.413793103","1.344827586","N1 O12","de-protonated","0","-9999","C29 H39 O12 N1","29","39","12","1","-9999","-9999","-9999","-9999","-9999"
"4091","592.239624","592.239659865","592.23943618","2840694","-9999","304515.5","16.97","-1","0.377693636","0.487224008","0.68763467","0.567388273","29","0.023809524","0.738095238","N3 O1","de-protonated","0","-9999","C42 H31 O1 N3","42","31","1","3","-9999","-9999","-9999","-9999","-9999"
"4091","592.239624","592.239659865","592.239297795","2840694","-9999","304515.5","16.97","-1","0.611356756","0.467215388","0.81490939","0.606292989","2","0.666666667","2.047619048","N3 S1 O14","de-protonated","0","-9999","C21 H43 O14 N3 S1","21","43","14","3","-9999","1","-9999","-9999","-9999"
"4093","593.045712","593.045747553","593.045408583","1834803","-9999","284915.3","10.37","-1","0.571574635","0.942443938","0","0.565466363","11","0.857142857","1.047619048","S1 O18","de-protonated","0","-9999","C21 H22 O18 S1","21","22","18","-9999","-9999","1","-9999","-9999","-9999"
"4093","593.045712","593.045747553","593.045897841","1834803","-9999","284915.3","10.37","-1","-0.253416536","0.988415005","0","0.593049003","15","0.416666667","0.958333333","N2 S2 P1 O10","de-protonated","0","-9999","C24 H23 O10 N2 P1 S2","24","23","10","2","1","2","-9999","-9999","-9999"
"4094","593.052355","593.052390551","593.052289574","3622712.8","-9999","316402.6","22.1","-1","0.170265045","0.49737679","0.719752637","0.586327129","28","0.138888889","0.5","S2 O5","de-protonated","0","-9999","C36 H18 O5 S2","36","18","5","-9999","-9999","2","-9999","-9999","-9999"
"4094","593.052355","593.052390551","593.052422516","3622712.8","-9999","316402.6","22.1","-1","-0.053900219","0.499736494","0.787157861","0.614705041","15","0.52","0.92","S1 P1 O13","de-protonated","0","-9999","C25 H23 O13 P1 S1","25","23","13","-9999","1","1","-9999","-9999","-9999"
"4094","593.052355","593.052390551","593.051909452","3622712.8","-9999","316402.6","22.1","-1","0.8112251","0.443722439","0.70871839","0.549720819","33","0.052631579","0.394736842","N2 S1 P1 O2","de-protonated","0","-9999","C38 H15 O2 N2 P1 S1","38","15","2","2","1","1","-9999","-9999","-9999"
"4095","593.081891","593.081926539","593.081932477","2663250.5","-9999","279594.6","15.8","-1","-0.010012198","0.499990906","0.6825583","0.573017863","37","0.093023256","0.325581395","O4","de-protonated","0","-9999","C43 H14 O4","43","14","4","-9999","-9999","-9999","-9999","-9999","-9999"
"4095","593.081891","593.081926539","593.081794093","2663250.5","-9999","279594.6","15.8","-1","0.223318905","0.495495866","0.807789663","0.620413385","10","0.772727273","1.181818182","S1 O17","de-protonated","0","-9999","C22 H26 O17 S1","22","26","17","-9999","-9999","1","-9999","-9999","-9999"
"4095","593.081891","593.081926539","593.08228335","2663250.5","-9999","279594.6","15.8","-1","-0.601621366","0.46821756","0.787157861","0.595793681","14","0.36","1.08","N2 S2 P1 O9","de-protonated","0","-9999","C25 H27 O9 N2 P1 S2","25","27","9","2","1","2","-9999","-9999","-9999"
"4095","593.081891","593.081926539","593.08141397","2663250.5","-9999","279594.6","15.8","-1","0.864247107","0.436627265","0.793917021","0.579543167","15","0.583333333","0.958333333","N2 P1 O14","de-protonated","0","-9999","C24 H23 O14 N2 P1","24","23","14","2","1","-9999","-9999","-9999","-9999"
"4096","593.08554","593.085575538","593.08530378","1748821.6","-9999","380293.4","9.8","-1","0.458209324","0.481310166","0.698017357","0.567993042","32","0.1","0.45","S1 O4","de-protonated","0","-9999","C40 H18 O4 S1","40","18","4","-9999","-9999","1","-9999","-9999","-9999"
"4096","593.08554","593.085575538","593.085436722","1748821.6","-9999","380293.4","9.8","-1","0.234056474","0.49505452","0.761234226","0.601526402","19","0.413793103","0.793103448","P1 O12","de-protonated","0","-9999","C29 H23 O12 P1","29","23","12","-9999","1","-9999","-9999","-9999","-9999"
"4096","593.08554","593.085575538","593.085165396","1748821.6","-9999","380293.4","9.8","-1","0.691539209","0.916884686","0","0.550130812","5","0.894736842","1.578947368","S2 O17","de-protonated","0","-9999","C19 H30 O17 S2","19","30","17","-9999","-9999","2","-9999","-9999","-9999"
"4096","593.08554","593.085575538","593.085633427","1748821.6","-9999","380293.4","9.8","-1","-0.097606485","0.998272827","0","0.598963696","11","0.947368421","1.157894737","N4 O18","de-protonated","0","-9999","C19 H22 O18 N4","19","22","18","4","-9999","-9999","-9999","-9999","-9999"
"4097","593.088721","593.088756536","593.088675084","6664024.5","-9999","307052.4","42.07","-1","0.137336404","0.499139156","0.852719153","0.640571154","27","0.108108108","0.594594595","S2 O4","de-protonated","0","-9999","C37 H22 O4 S2","37","22","4","-9999","-9999","2","-9999","-9999","-9999"
"4097","593.088721","593.088756536","593.088808026","6664024.5","-9999","307052.4","42.07","-1","-0.0868151","0.995270871","0.995303441","0.995283899","14","0.461538462","1.038461538","S1 P1 O12","de-protonated","0","-9999","C26 H27 O12 P1 S1","26","27","12","-9999","1","1","-9999","-9999","-9999"
"4097","593.088721","593.088756536","593.088294961","6664024.5","-9999","307052.4","42.07","-1","0.778257116","0.607228935","0.877702744","0.715418458","32","0.025641026","0.487179487","N2 S1 P1 O1","de-protonated","0","-9999","C39 H19 O1 N2 P1 S1","39","19","1","2","1","1","-9999","-9999","-9999"
"4097","593.088721","593.088756536","593.089143114","6664024.5","-9999","307052.4","42.07","-1","-0.651804182","0.607464375","0.891339129","0.721014277","33","0.135135135","0.378378378","N4 O5","de-protonated","0","-9999","C37 H14 O5 N4","37","14","5","4","-9999","-9999","-9999","-9999","-9999"
"4098","593.118105","593.118140525","593.118317987","2391922","-9999","262209.7","14.02","-1","-0.299200679","0.491943869","0.677556332","0.566188854","36","0.068181818","0.409090909","O3","de-protonated","0","-9999","C44 H18 O3","44","18","3","-9999","-9999","-9999","-9999","-9999","-9999"
"4098","593.118105","593.118140525","593.118179602","2391922","-9999","262209.7","14.02","-1","-0.065883958","0.499606348","0.800793265","0.620081115","9","0.695652174","1.304347826","S1 O16","de-protonated","0","-9999","C23 H30 O16 S1","23","30","16","-9999","-9999","1","-9999","-9999","-9999"
"4098","593.118105","593.118140525","593.117666538","2391922","-9999","262209.7","14.02","-1","0.799145437","0.445291401","0.719752637","0.555075896","27","0.138888889","0.611111111","N2 S1 O5","de-protonated","0","-9999","C36 H22 O5 N2 S1","36","22","5","2","-9999","1","-9999","-9999","-9999"
"4098","593.118105","593.118140525","593.118668859","2391922","-9999","262209.7","14.02","-1","-0.890773383","0.432954525","0.780512821","0.571977843","13","0.307692308","1.192307692","N2 S2 P1 O8","de-protonated","0","-9999","C26 H31 O8 N2 P1 S2","26","31","8","2","1","2","-9999","-9999","-9999"
"4098","593.118105","593.118140525","593.11779948","2391922","-9999","262209.7","14.02","-1","0.575004741","0.470885817","0.787157861","0.597394635","14","0.52","1.08","N2 P1 O13","de-protonated","0","-9999","C25 H27 O13 N2 P1","25","27","13","2","1","-9999","-9999","-9999","-9999"
"4099","593.122164","593.122199524","593.12168929","1471861.6","-9999","420354.9","7.98","-1","0.860251306","0.437173529","0.692787115","0.539418963","31","0.073170732","0.536585366","S1 O3","de-protonated","0","-9999","C41 H22 O3 S1","41","22","3","-9999","-9999","1","-9999","-9999","-9999"
"4099","593.122164","593.122199524","593.122691611","1471861.6","-9999","420354.9","7.98","-1","-0.829656156","0.441294143","0.748902347","0.564337425","17","0.193548387","1","S2 P1 O6","de-protonated","0","-9999","C31 H31 O6 P1 S2","31","31","6","-9999","1","2","-9999","-9999","-9999"
"4099","593.122164","593.122199524","593.121822232","1471861.6","-9999","420354.9","7.98","-1","0.636112116","0.929209414","0","0.557525648","18","0.366666667","0.9","P1 O11","de-protonated","0","-9999","C30 H27 O11 P1","30","27","11","-9999","1","-9999","-9999","-9999","-9999"
"4099","593.122164","593.122199524","593.122018936","1471861.6","-9999","420354.9","7.98","-1","0.30446937","0.983320093","0","0.589992056","10","0.85","1.3","N4 O17","de-protonated","0","-9999","C20 H26 O17 N4","20","26","17","4","-9999","-9999","-9999","-9999","-9999"
"4100","593.125148","593.125183522","593.125060593","5965688.5","-9999","295665.8","37.48","-1","0.207256854","0.497592288","0.819357527","0.626298384","26","0.078947368","0.684210526","S2 O3","de-protonated","0","-9999","C38 H26 O3 S2","38","26","3","-9999","-9999","2","-9999","-9999","-9999"
"4100","593.125148","593.125183522","593.125193535","5965688.5","-9999","295665.8","37.48","-1","-0.016880915","0.990468646","0.961511948","0.978885967","13","0.407407407","1.148148148","S1 P1 O11","de-protonated","0","-9999","C27 H31 O11 P1 S1","27","31","11","-9999","1","1","-9999","-9999","-9999"
"4100","593.125148","593.125183522","593.125528624","5965688.5","-9999","295665.8","37.48","-1","-0.581835378","0.602253253","0.857220049","0.704239971","32","0.105263158","0.473684211","N4 O4","de-protonated","0","-9999","C38 H18 O4 N4","38","18","4","4","-9999","-9999","-9999","-9999","-9999"
"4101","593.154072","593.154107511","593.154565111","2236049.5","-9999","191122","13","-1","-0.771468778","0.448817506","0.793917021","0.586857312","8","0.625","1.416666667","S1 O15","de-protonated","0","-9999","C24 H34 O15 S1","24","34","15","-9999","-9999","1","-9999","-9999","-9999"
"4101","593.154072","593.154107511","593.154052047","2236049.5","-9999","191122","13","-1","0.093506943","0.499207376","0.714192896","0.585201584","26","0.108108108","0.702702703","N2 S1 O4","de-protonated","0","-9999","C37 H26 O4 N2 S1","37","26","4","2","-9999","1","-9999","-9999","-9999"
"4101","593.154072","593.154107511","593.154184989","2236049.5","-9999","191122","13","-1","-0.130619845","0.498454496","0.780512821","0.611277826","13","0.461538462","1.192307692","N2 P1 O12","de-protonated","0","-9999","C26 H31 O12 N2 P1","26","31","12","2","1","-9999","-9999","-9999","-9999"
"4101","593.154072","593.154107511","593.153671925","2236049.5","-9999","191122","13","-1","0.734356986","0.453391694","0.703327172","0.553365885","31","0.025641026","0.58974359","N4 P1 O1","de-protonated","0","-9999","C39 H23 O1 N4 P1","39","23","1","4","1","-9999","-9999","-9999","-9999"
"4101","593.154072","593.154107511","593.15353354","2236049.5","-9999","191122","13","-1","0.96766004","0.843747186","0","0.506248311","4","0.777777778","1.944444444","N4 S1 P1 O14","de-protonated","0","-9999","C18 H35 O14 N4 P1 S1","18","35","14","4","1","1","-9999","-9999","-9999"
"4102","593.1586","593.158635509","593.158074799","1362837.4","-9999","523791.6","7.27","-1","0.945296533","0.425161109","0.68763467","0.530150533","30","0.047619048","0.619047619","S1 O2","de-protonated","0","-9999","C42 H26 O2 S1","42","26","2","-9999","-9999","1","-9999","-9999","-9999"
"4102","593.1586","593.158635509","593.159077121","1362837.4","-9999","523791.6","7.27","-1","-0.74450741","0.904316902","0","0.542590141","16","0.15625","1.09375","S2 P1 O5","de-protonated","0","-9999","C32 H35 O5 P1 S2","32","35","5","-9999","1","2","-9999","-9999","-9999"
"4102","593.1586","593.158635509","593.158207741","1362837.4","-9999","523791.6","7.27","-1","0.721171074","0.909946718","0","0.545968031","17","0.322580645","1","P1 O10","de-protonated","0","-9999","C31 H31 O10 P1","31","31","10","-9999","1","-9999","-9999","-9999","-9999"
"4102","593.1586","593.158635509","593.158404445","1362837.4","-9999","523791.6","7.27","-1","0.38954864300000003","0.972841117","0","0.58370467","9","0.761904762","1.428571429","N4 O16","de-protonated","0","-9999","C21 H30 O16 N4","21","30","16","4","-9999","-9999","-9999","-9999","-9999"
"4103","593.161543","593.161578508","593.161446103","4814744","-9999","327415.6","29.93","-1","0.223220533","0.495499815","0.703327172","0.578630758","25","0.051282051","0.769230769","S2 O2","de-protonated","0","-9999","C39 H30 O2 S2","39","30","2","-9999","-9999","2","-9999","-9999","-9999"
"4103","593.161543","593.161578508","593.161579044","4814744","-9999","327415.6","29.93","-1","-9.0349e-4","0.499999926","0.767553728","0.607021447","12","0.357142857","1.25","S1 P1 O10","de-protonated","0","-9999","C28 H35 O10 P1 S1","28","35","10","-9999","1","1","-9999","-9999","-9999"
"4103","593.161543","593.161578508","593.161914133","4814744","-9999","327415.6","29.93","-1","-0.565823307","0.471781621","0.703327172","0.564399841","31","0.076923077","0.564102564","N4 O3","de-protonated","0","-9999","C39 H22 O3 N4","39","22","3","4","-9999","-9999","-9999","-9999","-9999"
"4103","593.161543","593.161578508","593.161775749","4814744","-9999","327415.6","29.93","-1","-0.332523797","0.490068384","0.837042051","0.628857851","4","0.888888889","1.888888889","N4 S1 O16","de-protonated","0","-9999","C18 H34 O16 N4 S1","18","34","16","4","-9999","1","-9999","-9999","-9999"
"4104","593.190655","593.190690497","593.191089005","1666481.1","-9999","212526.5","9.26","-1","-0.671804006","0.460685945","0.667769153","0.543519228","34","0.02173913","0.565217391","O1","de-protonated","0","-9999","C46 H26 O1","46","26","1","-9999","-9999","-9999","-9999","-9999","-9999"
"4104","593.190655","593.190690497","593.190950621","1666481.1","-9999","212526.5","9.26","-1","-0.438515995","0.965709797","0","0.579425878","7","0.56","1.52","S1 O14","de-protonated","0","-9999","C25 H38 O14 S1","25","38","14","-9999","-9999","1","-9999","-9999","-9999"
"4104","593.190655","593.190690497","593.190437557","1666481.1","-9999","212526.5","9.26","-1","0.426406958","0.48377338","0.70871839","0.573751384","25","0.078947368","0.789473684","N2 S1 O3","de-protonated","0","-9999","C38 H30 O3 N2 S1","38","30","3","2","-9999","1","-9999","-9999","-9999"
"4104","593.190655","593.190690497","593.190570498","1666481.1","-9999","212526.5","9.26","-1","0.202293843","0.496301056","0.773979033","0.607372247","12","0.407407407","1.296296296","N2 P1 O11","de-protonated","0","-9999","C27 H35 O11 N2 P1","27","35","11","2","1","-9999","-9999","-9999","-9999"
"4105","593.197809","593.197844494","593.197831612","3827639.5","-9999","287471.4","23.45","-1","0.021716944","0.499957214","0.698017357","0.579181271","24","0.025","0.85","S2 O1","de-protonated","0","-9999","C40 H34 O1 S2","40","34","1","-9999","-9999","2","-9999","-9999","-9999"
"4105","593.197809","593.197844494","593.197964554","3827639.5","-9999","287471.4","23.45","-1","-0.202393287","0.496297432","0.761234226","0.60227215","11","0.310344828","1.344827586","S1 P1 O9","de-protonated","0","-9999","C29 H39 O9 P1 S1","29","39","9","-9999","1","1","-9999","-9999","-9999"
"4105","593.197809","593.197844494","593.197313105","3827639.5","-9999","287471.4","23.45","-1","0.895805464","0.432248839","0.81490939","0.585313059","2","0.523809524","2.047619048","N2 S2 P1 O11","de-protonated","0","-9999","C21 H43 O11 N2 P1 S2","21","43","11","2","1","2","-9999","-9999","-9999"
"4105","593.197809","593.197844494","593.198299643","3827639.5","-9999","287471.4","23.45","-1","-0.767278339","0.449342923","0.698017357","0.548812697","30","0.05","0.65","N4 O2","de-protonated","0","-9999","C40 H26 O2 N4","40","26","2","4","-9999","-9999","-9999","-9999","-9999"
"4105","593.197809","593.197844494","593.198161258","3827639.5","-9999","287471.4","23.45","-1","-0.533993186","0.474787928","0.829532115","0.616685603","3","0.789473684","2","N4 S1 O15","de-protonated","0","-9999","C19 H38 O15 N4 S1","19","38","15","4","-9999","1","-9999","-9999","-9999"
"4106","593.234273","593.23430848","593.234350063","2551255.3","-9999","303551.4","15.07","-1","-0.07009495","0.499554443","0.755017935","0.601739839","10","0.266666667","1.433333333","S1 P1 O8","de-protonated","0","-9999","C30 H43 O8 P1 S1","30","43","8","-9999","1","1","-9999","-9999","-9999"
"4106","593.234273","593.23430848","593.234685152","2551255.3","-9999","303551.4","15.07","-1","-0.63494543","0.464729737","0.692787115","0.555952688","29","0.024390244","0.731707317","N4 O1","de-protonated","0","-9999","C41 H30 O1 N4","41","30","1","4","-9999","-9999","-9999","-9999","-9999"
"4106","593.234273","593.23430848","593.234546767","2551255.3","-9999","303551.4","15.07","-1","-0.401674554","0.485574499","0.822155738","0.620206995","2","0.7","2.1","N4 S1 O14","de-protonated","0","-9999","C20 H42 O14 N4 S1","20","42","14","4","-9999","1","-9999","-9999","-9999"
"4107","593.485538","593.485573383","593.485677325","1453746.3","-9999","272407.9","7.86","-1","-0.175138174","0.497224907","0.698017357","0.577541887","8","0.025","1.675","P1 O1","de-protonated","0","-9999","C40 H67 O1 P1","40","67","1","-9999","1","-9999","-9999","-9999","-9999"
"4107","593.485538","593.485573383","593.48587403","1453746.3","-9999","272407.9","7.86","-1","-0.506577327","0.954503978","0","0.572702387","0","0.233333333","2.2","N4 O7","de-protonated","0","-9999","C30 H66 O7 N4","30","66","7","4","-9999","-9999","-9999","-9999","-9999"
"4109","594.092002","594.092037149","594.092029919","1822915","-9999","295525.3","10.28","-1","0.012169396","0.499986564","0.852719153","0.6410796","27","0.108108108","0.594594595","13C1 S2 O4","de-protonated","1","4097","C36 H22 O4 S2 13C1","36","22","4","-9999","-9999","2","1","-9999","-9999"
"4109","594.092002","594.092037149","594.092162861","1822915","-9999","295525.3","10.28","-1","-0.211603513","0.99190836","0.995303441","0.993266392","14","0.461538462","1.038461538","13C1 S1 P1 O12","de-protonated","1","4097","C25 H27 O12 P1 S1 13C1","25","27","12","-9999","1","1","1","-9999","-9999"
"4109","594.092002","594.092037149","594.092299206","1822915","-9999","295525.3","10.28","-1","-0.441105884","0.482655346","0.787157861","0.604456352","14","0.56","1","N1 S1 O14","de-protonated","0","-9999","C25 H25 O14 N1 S1","25","25","14","1","-9999","1","-9999","-9999","-9999"
"4109","594.092002","594.092037149","594.091649796","1822915","-9999","295525.3","10.28","-1","0.652007584","0.61717574100000006","0.877702744","0.721386542","32","0.025641026","0.487179487","13C1 N2 S1 P1 O1","de-protonated","1","4097","C38 H19 O1 N2 P1 S1 13C1","38","19","1","2","1","1","1","-9999","-9999"
"4109","594.092002","594.092037149","594.091786142","1822915","-9999","295525.3","10.28","-1","0.422504817","0.484064245","0.70871839","0.573925903","32","0.078947368","0.447368421","N3 S1 O3","de-protonated","0","-9999","C38 H17 O3 N3 S1","38","17","3","3","-9999","1","-9999","-9999","-9999"
"4109","594.092002","594.092037149","594.091919084","1822915","-9999","295525.3","10.28","-1","0.198731724","0.496429714","0.773979033","0.607449441","19","0.407407407","0.814814815","N3 P1 O11","de-protonated","0","-9999","C27 H22 O11 N3 P1","27","22","11","3","1","-9999","-9999","-9999","-9999"
"4109","594.092002","594.092037149","594.091647758","1822915","-9999","295525.3","10.28","-1","0.655439397","0.925010212","0","0.555006127","5","0.941176471","1.705882353","N3 S2 O16","de-protonated","0","-9999","C17 H29 O16 N3 S2","17","29","16","3","-9999","2","-9999","-9999","-9999"
"4109","594.092002","594.092037149","594.09249795","1822915","-9999","295525.3","10.28","-1","-0.775638323","0.59772331","0.891339129","0.715169638","33","0.135135135","0.378378378","13C1 N4 O5","de-protonated","1","4097","C36 H14 O5 N4 13C1","36","14","5","4","-9999","-9999","1","-9999","-9999"
"4110","594.12832","594.128355135","594.128415428","1376994.8","-9999","404073.9","7.35","-1","-0.10148252","0.499066529","0.819357527","0.627182929","26","0.078947368","0.684210526","13C1 S2 O3","de-protonated","1","4100","C37 H26 O3 S2 13C1","37","26","3","-9999","-9999","2","1","-9999","-9999"
"4110","594.12832","594.128355135","594.12854837","1376994.8","-9999","404073.9","7.35","-1","-0.3252417","0.980988998","0.961511948","0.973198178","13","0.407407407","1.148148148","13C1 S1 P1 O11","de-protonated","1","4100","C26 H31 O11 P1 S1 13C1","26","31","11","-9999","1","1","1","-9999","-9999"
"4110","594.12832","594.128355135","594.128684716","1376994.8","-9999","404073.9","7.35","-1","-0.554729989","0.945693874","0","0.567416325","13","0.5","1.115384615","N1 S1 O13","de-protonated","0","-9999","C26 H29 O13 N1 S1","26","29","13","1","-9999","1","-9999","-9999","-9999"
"4110","594.12832","594.128355135","594.128171651","1376994.8","-9999","404073.9","7.35","-1","0.308827724","0.491421646","0.703327172","0.576183856","31","0.051282051","0.538461538","N3 S1 O2","de-protonated","0","-9999","C39 H21 O2 N3 S1","39","21","2","3","-9999","1","-9999","-9999","-9999"
"4110","594.12832","594.128355135","594.128304593","1376994.8","-9999","404073.9","7.35","-1","0.085068361","0.998687785","0","0.599212671","18","0.357142857","0.928571429","N3 P1 O10","de-protonated","0","-9999","C28 H26 O10 N3 P1","28","26","10","3","1","-9999","-9999","-9999","-9999"
"4110","594.12832","594.128355135","594.128033267","1376994.8","-9999","404073.9","7.35","-1","0.541748012","0.948139591","0","0.568883754","4","0.833333333","1.833333333","N3 S2 O15","de-protonated","0","-9999","C18 H33 O15 N3 S2","18","33","15","3","-9999","2","-9999","-9999","-9999"
"4110","594.12832","594.128355135","594.128883459","1376994.8","-9999","404073.9","7.35","-1","-0.889241903","0.577558313","0.857220049","0.689423007","32","0.105263158","0.473684211","13C1 N4 O4","de-protonated","1","4100","C37 H18 O4 N4 13C1","37","18","4","4","-9999","-9999","1","-9999","-9999"
"4111","595.061296","595.061330774","595.061058648","1415185.9","-9999","280432.1","7.15","-1","0.457307786","0.962764507","0","0.577658704","10","0.857142857","1.142857143","S1 O18","de-protonated","0","-9999","C21 H24 O18 S1","21","24","18","-9999","-9999","1","-9999","-9999","-9999"
"4111","595.061296","595.061330774","595.061547905","1415185.9","-9999","280432.1","7.15","-1","-0.364888801","0.976130713","0","0.585678428","14","0.416666667","1.041666667","N2 S2 P1 O10","de-protonated","0","-9999","C24 H25 O10 N2 P1 S2","24","25","10","2","1","2","-9999","-9999","-9999"
"4112","595.068035","595.068069771","595.067939639","4996632","-9999","317141.2","29.26","-1","0.218684912","0.495680052","0.719752637","0.585309086","27","0.138888889","0.555555556","S2 O5","de-protonated","0","-9999","C36 H20 O5 S2","36","20","5","-9999","-9999","2","-9999","-9999","-9999"
"4112","595.068035","595.068069771","595.068072581","4996632","-9999","317141.2","29.26","-1","-0.004721057","0.499997978","0.787157861","0.614861931","14","0.52","1","S1 P1 O13","de-protonated","0","-9999","C25 H25 O13 P1 S1","25","25","13","-9999","1","1","-9999","-9999","-9999"
"4112","595.068035","595.068069771","595.067559516","4996632","-9999","317141.2","29.26","-1","0.857473898","0.437552136","0.70871839","0.546018638","32","0.052631579","0.447368421","N2 S1 P1 O2","de-protonated","0","-9999","C38 H17 O2 N2 P1 S1","38","17","2","2","1","1","-9999","-9999","-9999"
"4112","595.068035","595.068069771","595.06840767","4996632","-9999","317141.2","29.26","-1","-0.567830968","0.471586826","0.719752637","0.570853151","33","0.166666667","0.333333333","N4 O6","de-protonated","0","-9999","C36 H12 O6 N4","36","12","6","4","-9999","-9999","-9999","-9999","-9999"
"4113","595.083335","595.083369765","595.08319578","1709605.1","-9999","309171.9","8.97","-1","0.292371178","0.492304634","0.698017357","0.574589723","31","0.05","0.5","S2 O2","de-protonated","0","-9999","C40 H20 O2 S2","40","20","2","-9999","-9999","2","-9999","-9999","-9999"
"4113","595.083335","595.083369765","595.083328722","1709605.1","-9999","309171.9","8.97","-1","0.068970921","0.499568612","0.761234226","0.604234857","18","0.344827586","0.862068966","S1 P1 O10","de-protonated","0","-9999","C29 H25 O10 P1 S1","29","25","10","-9999","1","1","-9999","-9999","-9999"
"4113","595.083335","595.083369765","595.083663811","1709605.1","-9999","309171.9","8.97","-1","-0.494124596","0.478332333","0.698017357","0.566206342","37","0.075","0.3","N4 O3","de-protonated","0","-9999","C40 H12 O3 N4","40","12","3","4","-9999","-9999","-9999","-9999","-9999"
"4113","595.083335","595.083369765","595.083525426","1709605.1","-9999","309171.9","8.97","-1","-0.261578481","0.987661434","0","0.59259686","10","0.842105263","1.263157895","N4 S1 O16","de-protonated","0","-9999","C19 H24 O16 N4 S1","19","24","16","4","-9999","1","-9999","-9999","-9999"
"4114","595.097475","595.09750976","595.097582542","2182705.5","-9999","311518.9","11.89","-1","-0.122302146","0.498644802","0.6825583","0.572210201","36","0.093023256","0.372093023","O4","de-protonated","0","-9999","C43 H16 O4","43","16","4","-9999","-9999","-9999","-9999","-9999","-9999"
"4114","595.097475","595.09750976","595.097444157","2182705.5","-9999","311518.9","11.89","-1","0.110238616","0.498898682","0.807789663","0.622455075","9","0.772727273","1.272727273","S1 O17","de-protonated","0","-9999","C22 H28 O17 S1","22","28","17","-9999","-9999","1","-9999","-9999","-9999"
"4114","595.097475","595.09750976","595.096931093","2182705.5","-9999","311518.9","11.89","-1","0.97239111600000006","0.421171576","0.725399619","0.542862793","27","0.171428571","0.571428571","N2 S1 O6","de-protonated","0","-9999","C35 H20 O6 N2 S1","35","20","6","2","-9999","1","-9999","-9999","-9999"
"4114","595.097475","595.09750976","595.09793341500006","2182705.5","-9999","311518.9","11.89","-1","-0.711907415","0.456070634","0.787157861","0.588505525","13","0.36","1.16","N2 S2 P1 O9","de-protonated","0","-9999","C25 H29 O9 N2 P1 S2","25","29","9","2","1","2","-9999","-9999","-9999"
"4114","595.097475","595.09750976","595.097064035","2182705.5","-9999","311518.9","11.89","-1","0.748995863","0.451608805","0.793917021","0.588532091","14","0.583333333","1.041666667","N2 P1 O14","de-protonated","0","-9999","C24 H25 O14 N2 P1","24","25","14","2","1","-9999","-9999","-9999","-9999"
"4115","595.101756","595.101790758","595.101956167","1515061.4","-9999","327603.3","7.76","-1","-0.277949492","0.493039905","0.755017935","0.597831117","17","0.233333333","0.966666667","S2 P1 O7","de-protonated","0","-9999","C30 H29 O7 P1 S2","30","29","7","-9999","1","2","-9999","-9999","-9999"
"4115","595.101756","595.101790758","595.102152871","1515061.4","-9999","327603.3","7.76","-1","-0.608488433","0.935024208","0","0.561014525","9","0.65","1.4","N4 S2 O13","de-protonated","0","-9999","C20 H28 O13 N4 S2","20","28","13","4","-9999","2","-9999","-9999","-9999"
"4115","595.101756","595.101790758","595.101283491","1515061.4","-9999","327603.3","7.76","-1","0.852404637","0.876481689","0","0.525889013","10","0.947368421","1.263157895","N4 O18","de-protonated","0","-9999","C19 H24 O18 N4","19","24","18","4","-9999","-9999","-9999","-9999","-9999"
"4116","595.104467","595.104501757","595.104325148","6354487.5","-9999","275588.7","37.65","-1","0.296769723","0.49602964","0.83619975","0.632097684","26","0.108108108","0.648648649","S2 O4","de-protonated","0","-9999","C37 H24 O4 S2","37","24","4","-9999","-9999","2","-9999","-9999","-9999"
"4116","595.104467","595.104501757","595.10445809","6354487.5","-9999","275588.7","37.65","-1","0.073377396","0.995503089","0.978784038","0.988815468","13","0.461538462","1.115384615","S1 P1 O12","de-protonated","0","-9999","C26 H29 O12 P1 S1","26","29","12","-9999","1","1","-9999","-9999","-9999"
"4116","595.104467","595.104501757","595.103945026","6354487.5","-9999","275588.7","37.65","-1","0.935519703","0.593117554","0.861183341","0.700343869","31","0.025641026","0.538461538","N2 S1 P1 O1","de-protonated","0","-9999","C39 H21 O1 N2 P1 S1","39","21","1","2","1","1","-9999","-9999","-9999"
"4116","595.104467","595.104501757","595.104793179","6354487.5","-9999","275588.7","37.65","-1","-0.48969813","0.618244292","0.874819726","0.720874465","32","0.135135135","0.432432432","N4 O5","de-protonated","0","-9999","C37 H16 O5 N4","37","16","5","4","-9999","-9999","-9999","-9999","-9999"
"4117","595.11575","595.115784753","595.116209986","2351681.5","-9999","362037.8","12.93","-1","-0.714538402","0.455760169","0.677556332","0.544478634","35","0.022727273","0.454545455","S1 O1","de-protonated","0","-9999","C44 H20 O1 S1","44","20","1","-9999","-9999","1","-9999","-9999","-9999"
"4117","595.11575","595.115784753","595.116342928","2351681.5","-9999","362037.8","12.93","-1","-0.937926042","0.426233251","0.736963647","0.55052541","22","0.272727273","0.757575758","P1 O9","de-protonated","0","-9999","C33 H25 O9 P1","33","25","9","-9999","1","-9999","-9999","-9999","-9999"
"4117","595.11575","595.115784753","595.116071602","2351681.5","-9999","362037.8","12.93","-1","-0.482005057","0.479360215","0.800793265","0.607933435","8","0.608695652","1.391304348","S2 O14","de-protonated","0","-9999","C23 H32 O14 S2","23","32","14","-9999","-9999","2","-9999","-9999","-9999"
"4117","595.11575","595.115784753","595.115202222","2351681.5","-9999","362037.8","12.93","-1","0.97885403","0.420208953","0.807789663","0.575241237","9","0.863636364","1.272727273","O19","de-protonated","0","-9999","C22 H28 O19","22","28","19","-9999","-9999","-9999","-9999","-9999","-9999"
"4117","595.11575","595.115784753","595.115558538","2351681.5","-9999","362037.8","12.93","-1","0.380119946","0.487061484","0.719752637","0.580137945","26","0.083333333","0.666666667","N2 S2 O3","de-protonated","0","-9999","C36 H24 O3 N2 S2","36","24","3","2","-9999","2","-9999","-9999","-9999"
"4117","595.11575","595.115784753","595.115691479","2351681.5","-9999","362037.8","12.93","-1","0.156731817","0.497776328","0.787157861","0.613528942","13","0.44","1.16","N2 S1 P1 O11","de-protonated","0","-9999","C25 H29 O11 N2 P1 S1","25","29","11","2","1","1","-9999","-9999","-9999"
"4118","595.119768","595.119802751","595.11958129","1689669","-9999","375115.4","8.84","-1","0.372129816","0.487592968","0.692787115","0.569670627","30","0.024390244","0.585365854","S2 O1","de-protonated","0","-9999","C41 H24 O1 S2","41","24","1","-9999","-9999","2","-9999","-9999","-9999"
"4118","595.119768","595.119802751","595.119714231","1689669","-9999","375115.4","8.84","-1","0.1487432","0.497996789","0.755017935","0.600805248","17","0.3","0.966666667","S1 P1 O9","de-protonated","0","-9999","C30 H29 O9 P1 S1","30","29","9","-9999","1","1","-9999","-9999","-9999"
"4118","595.119768","595.119802751","595.12004932","1689669","-9999","375115.4","8.84","-1","-0.414317934","0.484666359","0.692787115","0.567914661","36","0.048780488","0.390243902","N4 O2","de-protonated","0","-9999","C41 H16 O2 N4","41","16","2","4","-9999","-9999","-9999","-9999","-9999"
"4118","595.119768","595.119802751","595.119910936","1689669","-9999","375115.4","8.84","-1","-0.181786019","0.994021759","0","0.596413056","9","0.75","1.4","N4 S1 O15","de-protonated","0","-9999","C20 H28 O15 N4 S1","20","28","15","4","-9999","1","-9999","-9999","-9999"
"4119","595.134059","595.134093746","595.133968051","2214993.5","-9999","236702.1","12.09","-1","0.211204204","0.495969373","0.677556332","0.568604157","35","0.068181818","0.454545455","O3","de-protonated","0","-9999","C44 H20 O3","44","20","3","-9999","-9999","-9999","-9999","-9999","-9999"
"4119","595.134059","595.134093746","595.133829667","2214993.5","-9999","236702.1","12.09","-1","0.443730826","0.482451978","0.800793265","0.609788493","8","0.695652174","1.391304348","S1 O16","de-protonated","0","-9999","C23 H32 O16 S1","23","32","16","-9999","-9999","1","-9999","-9999","-9999"
"4119","595.134059","595.134093746","595.134318924","2214993.5","-9999","236702.1","12.09","-1","-0.378365214","0.487179122","0.780512821","0.604512601","12","0.307692308","1.269230769","N2 S2 P1 O8","de-protonated","0","-9999","C26 H33 O8 N2 P1 S2","26","33","8","2","1","2","-9999","-9999","-9999"
"4120","595.138042","595.138076744","595.138341676","1487957","-9999","387083.6","7.6","-1","-0.445159798","0.482340797","0.748902347","0.588965417","16","0.193548387","1.064516129","S2 P1 O6","de-protonated","0","-9999","C31 H33 O6 P1 S2","31","33","6","-9999","1","2","-9999","-9999","-9999"
"4120","595.138042","595.138076744","595.13853838","1487957","-9999","387083.6","7.6","-1","-0.775678475","0.896574831","0","0.537944899","8","0.571428571","1.523809524","N4 S2 O12","de-protonated","0","-9999","C21 H32 O12 N4 S2","21","32","12","4","-9999","2","-9999","-9999","-9999"
"4120","595.138042","595.138076744","595.137669001","1487957","-9999","387083.6","7.6","-1","0.685125035","0.918354916","0","0.55101295","9","0.85","1.4","N4 O17","de-protonated","0","-9999","C20 H28 O17 N4","20","28","17","4","-9999","-9999","-9999","-9999","-9999"
"4121","595.140865","595.140899743","595.140710658","6774359.5","-9999","306311.1","40.24","-1","0.317715662","0.479701177","0.828940711","0.619396991","25","0.078947368","0.736842105","S2 O3","de-protonated","0","-9999","C38 H28 O3 S2","38","28","3","-9999","-9999","2","-9999","-9999","-9999"
"4121","595.140865","595.140899743","595.140843599","6774359.5","-9999","306311.1","40.24","-1","0.094336988","0.941490383","0.971095131","0.953332282","12","0.407407407","1.222222222","S1 P1 O11","de-protonated","0","-9999","C27 H33 O11 P1 S1","27","33","11","-9999","1","1","-9999","-9999","-9999"
"4121","595.140865","595.140899743","595.141178688","6774359.5","-9999","306311.1","40.24","-1","-0.468704125","0.320307572","0.669687134","0.460059397","31","0.105263158","0.526315789","N4 O4","de-protonated","0","-9999","C38 H20 O4 N4","38","20","4","4","-9999","-9999","-9999","-9999","-9999"
"4122","595.170242","595.170276732","595.17035356","1970289.1","-9999","286443.6","10.58","-1","-0.129086641","0.498490511","0.672627142","0.568145163","34","0.044444444","0.533333333","O2","de-protonated","0","-9999","C45 H24 O2","45","24","2","-9999","-9999","-9999","-9999","-9999","-9999"
"4122","595.170242","595.170276732","595.170215176","1970289.1","-9999","286443.6","10.58","-1","0.103425687","0.499030474","0.793917021","0.616985093","7","0.625","1.5","S1 O15","de-protonated","0","-9999","C24 H36 O15 S1","24","36","15","-9999","-9999","1","-9999","-9999","-9999"
"4122","595.170242","595.170276732","595.169702112","1970289.1","-9999","286443.6","10.58","-1","0.965472765","0.422197386","0.714192896","0.53899559","25","0.108108108","0.756756757","N2 S1 O4","de-protonated","0","-9999","C37 H28 O4 N2 S1","37","28","4","2","-9999","1","-9999","-9999","-9999"
"4122","595.170242","595.170276732","595.170704433","1970289.1","-9999","286443.6","10.58","-1","-0.718619816","0.455276705","0.773979033","0.582757636","11","0.259259259","1.37037037","N2 S2 P1 O7","de-protonated","0","-9999","C27 H37 O7 N2 P1 S2","27","37","7","2","1","2","-9999","-9999","-9999"
"4122","595.170242","595.170276732","595.169835053","1970289.1","-9999","286443.6","10.58","-1","0.742104828","0.452451581","0.780512821","0.583676077","12","0.461538462","1.269230769","N2 P1 O12","de-protonated","0","-9999","C26 H33 O12 N2 P1","26","33","12","2","1","-9999","-9999","-9999","-9999"
"4123","595.177206","595.177240729","595.177096167","4079223.3","-9999","280101.2","23.6","-1","0.242889262","0.993485577","0.978452178","0.987472218","24","0.051282051","0.820512821","S2 O2","de-protonated","0","-9999","C39 H32 O2 S2","39","32","2","-9999","-9999","2","-9999","-9999","-9999"
"4123","595.177206","595.177240729","595.177229109","4079223.3","-9999","280101.2","23.6","-1","0.019524262","0.998901263","0.957321266","0.982269264","11","0.357142857","1.321428571","S1 P1 O10","de-protonated","0","-9999","C28 H37 O10 P1 S1","28","37","10","-9999","1","1","-9999","-9999","-9999"
"4123","595.177206","595.177240729","595.177564198","4079223.3","-9999","280101.2","23.6","-1","-0.543482388","0.934749202","0.978452178","0.952230392","30","0.076923077","0.615384615","N4 O3","de-protonated","0","-9999","C39 H24 O3 N4","39","24","3","4","-9999","-9999","-9999","-9999","-9999"
"4123","595.177206","595.177240729","595.177425813","4079223.3","-9999","280101.2","23.6","-1","-0.310972974","0.974174466","0.887832943","0.939637857","3","0.888888889","2","N4 S1 O16","de-protonated","0","-9999","C18 H36 O16 N4 S1","18","36","16","4","-9999","1","-9999","-9999","-9999"
"4124","595.206202","595.206236718","595.20673907","1458960.8","-9999","210369.6","7.42","-1","-0.843995473","0.439376666","0.667769153","0.530733661","33","0.02173913","0.608695652","O1","de-protonated","0","-9999","C46 H28 O1","46","28","1","-9999","-9999","-9999","-9999","-9999","-9999"
"4124","595.206202","595.206236718","595.206600685","1458960.8","-9999","210369.6","7.42","-1","-0.611497526","0.934401589","0","0.560640953","6","0.56","1.6","S1 O14","de-protonated","0","-9999","C25 H40 O14 S1","25","40","14","-9999","-9999","1","-9999","-9999","-9999"
"4124","595.206202","595.206236718","595.206087621","1458960.8","-9999","210369.6","7.42","-1","0.250496239","0.494339481","0.70871839","0.580091044","24","0.078947368","0.842105263","N2 S1 O3","de-protonated","0","-9999","C38 H32 O3 N2 S1","38","32","3","2","-9999","1","-9999","-9999","-9999"
"4124","595.206202","595.206236718","595.206220563","1458960.8","-9999","210369.6","7.42","-1","0.027142116","0.999866337","0","0.599919802","11","0.407407407","1.37037037","N2 P1 O11","de-protonated","0","-9999","C27 H37 O11 N2 P1","27","37","11","2","1","-9999","-9999","-9999","-9999"
"4125","595.2136","595.213634715","595.213481676","3145367.3","-9999","296051.9","17.83","-1","0.257115659","0.494038182","0.698017357","0.575629852","23","0.025","0.9","S2 O1","de-protonated","0","-9999","C40 H36 O1 S2","40","36","1","-9999","-9999","2","-9999","-9999","-9999"
"4125","595.2136","595.213634715","595.213614618","3145367.3","-9999","296051.9","17.83","-1","0.033764309","0.499896582","0.761234226","0.60443164","10","0.310344828","1.413793103","S1 P1 O9","de-protonated","0","-9999","C29 H41 O9 P1 S1","29","41","9","-9999","1","1","-9999","-9999","-9999"
"4125","595.2136","595.213634715","595.213949707","3145367.3","-9999","296051.9","17.83","-1","-0.529207932","0.475226433","0.698017357","0.564342803","29","0.05","0.7","N4 O2","de-protonated","0","-9999","C40 H28 O2 N4","40","28","2","4","-9999","-9999","-9999","-9999","-9999"
"4125","595.2136","595.213634715","595.213811323","3145367.3","-9999","296051.9","17.83","-1","-0.296712728","0.492076228","0.829532115","0.627058582","2","0.789473684","2.105263158","N4 S1 O15","de-protonated","0","-9999","C19 H40 O15 N4 S1","19","40","15","4","-9999","1","-9999","-9999","-9999"
"4126","595.249606","595.249640701","595.250000127","1839286.6","-9999","321645.5","9.77","-1","-0.603824096","0.46799203","0.755017935","0.582802392","9","0.266666667","1.5","S1 P1 O8","de-protonated","0","-9999","C30 H45 O8 P1 S1","30","45","8","-9999","1","1","-9999","-9999","-9999"
"4126","595.249606","595.249640701","595.249348679","1839286.6","-9999","321645.5","9.77","-1","0.490588335","0.957269316","0","0.57436159","0","0.454545455","2.227272727","N2 S2 P1 O10","de-protonated","0","-9999","C22 H49 O10 N2 P1 S2","22","49","10","2","1","2","-9999","-9999","-9999"
"4126","595.249606","595.249640701","595.250196832","1839286.6","-9999","321645.5","9.77","-1","-0.934280721","0.853522808","0","0.512113685","1","0.7","2.2","N4 S1 O14","de-protonated","0","-9999","C20 H44 O14 N4 S1","20","44","14","4","-9999","1","-9999","-9999","-9999"
"4127","595.276977","595.277011691","595.277141107","3295950.8","-9999","285696","18.76","-1","-0.217404844","0.495730261","0.692787115","0.574553003","22","0.048780488","1","P1 O2","de-protonated","0","-9999","C41 H41 O2 P1","41","41","2","-9999","1","-9999","-9999","-9999","-9999"
"4127","595.276977","595.277011691","595.276869781","3295950.8","-9999","285696","18.76","-1","0.238393314","0.494870504","0.748902347","0.596483241","8","0.225806452","1.548387097","S2 O7","de-protonated","0","-9999","C31 H48 O7 S2","31","48","7","-9999","-9999","2","-9999","-9999","-9999"
"4127","595.276977","595.277011691","595.276489658","3295950.8","-9999","285696","18.76","-1","0.876958111","0.434877326","0.736963647","0.555711855","13","0.121212121","1.363636364","N2 S1 P1 O4","de-protonated","0","-9999","C33 H45 O4 N2 P1 S1","33","45","4","2","1","1","-9999","-9999","-9999"
"4127","595.276977","595.277011691","595.277337811","3295950.8","-9999","285696","18.76","-1","-0.547846531","0.473498549","0.748902347","0.583660068","14","0.258064516","1.290322581","N4 O8","de-protonated","0","-9999","C31 H40 O8 N4","31","40","8","4","-9999","-9999","-9999","-9999","-9999"
"4128","595.280536","595.280570689","595.28051241","1603281.8","-9999","325955.1","8.31","-1","0.097902029","0.49913118","0.70871839","0.582966064","17","0.052631579","1.184210526","S1 P1 O2","de-protonated","0","-9999","C38 H45 O2 P1 S1","38","45","2","-9999","1","1","-9999","-9999","-9999"
"4128","595.280536","595.280570689","595.280709114","1603281.8","-9999","325955.1","8.31","-1","-0.23253789","0.495118172","0.767553728","0.604092394","9","0.285714286","1.571428571","N4 S1 O8","de-protonated","0","-9999","C28 H44 O8 N4 S1","28","44","8","4","-9999","1","-9999","-9999","-9999"
"4129","595.283664","595.283698688","595.283883713","9058004","-9999","305290.2","54.34","-1","-0.310818694","0.492978697","0.846980291","0.634579335","12","0.057142857","1.4","S2 P1 O2","de-protonated","0","-9999","C35 H49 O2 P1 S2","35","49","2","-9999","1","2","-9999","-9999","-9999"
"4129","595.283664","595.283698688","595.284080418","9058004","-9999","305290.2","54.34","-1","-0.641256607","0.623391679","0.931992599","0.746832047","4","0.32","1.92","N4 S2 O8","de-protonated","0","-9999","C25 H48 O8 N4 S2","25","48","8","4","-9999","2","-9999","-9999","-9999"
"4129","595.283664","595.283698688","595.283211038","9058004","-9999","305290.2","54.34","-1","0.819189945","0.876505743","0.990548623","0.922122895","5","0.541666667","1.833333333","N4 O13","de-protonated","0","-9999","C24 H44 O13 N4","24","44","13","4","-9999","-9999","-9999","-9999","-9999"
"4132","596.107653","596.107687369","596.107679983","1571494","-9999","275329.4","8.11","-1","0.012390475","0.499986072","0.83619975","0.634471543","26","0.108108108","0.648648649","13C1 S2 O4","de-protonated","1","4116","C36 H24 O4 S2 13C1","36","24","4","-9999","-9999","2","1","-9999","-9999"
"4132","596.107653","596.107687369","596.107812925","1571494","-9999","275329.4","8.11","-1","-0.210625779","0.991982664","0.978784038","0.986703213","13","0.461538462","1.115384615","13C1 S1 P1 O12","de-protonated","1","4116","C25 H29 O12 P1 S1 13C1","25","29","12","-9999","1","1","1","-9999","-9999"
"4132","596.107653","596.107687369","596.108087655","1571494","-9999","275329.4","8.11","-1","-0.67149856","0.460720245","0.667769153","0.543539808","40","0.02173913","0.326086957","N1 O1","de-protonated","0","-9999","C46 H15 O1 N1","46","15","1","1","-9999","-9999","-9999","-9999","-9999"
"4132","596.107653","596.107687369","596.107949271","1571494","-9999","275329.4","8.11","-1","-0.439352122","0.965581188","0","0.579348713","13","0.56","1.08","N1 S1 O14","de-protonated","0","-9999","C25 H27 O14 N1 S1","25","27","14","1","-9999","1","-9999","-9999","-9999"
"4132","596.107653","596.107687369","596.107299861","1571494","-9999","275329.4","8.11","-1","0.650065144","0.61745904","0.861183341","0.71494876","31","0.025641026","0.538461538","13C1 N2 S1 P1 O1","de-protonated","1","4116","C38 H21 O1 N2 P1 S1 13C1","38","21","1","2","1","1","1","-9999","-9999"
"4132","596.107653","596.107687369","596.107436206","1571494","-9999","275329.4","8.11","-1","0.421338407","0.484150704","0.70871839","0.573977778","31","0.078947368","0.5","N3 S1 O3","de-protonated","0","-9999","C38 H19 O3 N3 S1","38","19","3","3","-9999","1","-9999","-9999","-9999"
"4132","596.107653","596.107687369","596.107569148","1571494","-9999","275329.4","8.11","-1","0.19832197","0.992888738","0","0.595733243","18","0.407407407","0.888888889","N3 P1 O11","de-protonated","0","-9999","C27 H24 O11 N3 P1","27","24","11","3","1","-9999","-9999","-9999","-9999"
"4132","596.107653","596.107687369","596.107297822","1571494","-9999","275329.4","8.11","-1","0.653485352","0.925439601","0","0.55526376","4","0.941176471","1.823529412","N3 S2 O16","de-protonated","0","-9999","C17 H31 O16 N3 S2","17","31","16","3","-9999","2","-9999","-9999","-9999"
"4132","596.107653","596.107687369","596.108148014","1571494","-9999","275329.4","8.11","-1","-0.772753391","0.59820798","0.874819726","0.708852679","32","0.135135135","0.432432432","13C1 N4 O5","de-protonated","1","4116","C36 H16 O5 N4 13C1","36","16","5","4","-9999","-9999","1","-9999","-9999"
"4133","596.143674","596.143708355","596.144065493","1663173.6","-9999","237331","8.67","-1","-0.59907871","0.468477005","0.828940711","0.612662487","25","0.078947368","0.736842105","13C1 S2 O3","de-protonated","1","4121","C37 H28 O3 S2 13C1","37","28","3","-9999","-9999","2","1","-9999","-9999"
"4133","596.143674","596.143708355","596.144198434","1663173.6","-9999","237331","8.67","-1","-0.822081216","0.88459426","0.971095131","0.919194608","12","0.407407407","1.222222222","13C1 S1 P1 O11","de-protonated","1","4121","C26 H33 O11 P1 S1 13C1","26","33","11","-9999","1","1","1","-9999","-9999"
"4133","596.143674","596.143708355","596.143821716","1663173.6","-9999","237331","8.67","-1","-0.190155988","0.49673021","0.703327172","0.579368995","30","0.051282051","0.58974359","N3 S1 O2","de-protonated","0","-9999","C39 H23 O2 N3 S1","39","23","2","3","-9999","1","-9999","-9999","-9999"
"4133","596.143674","596.143708355","596.143954658","1663173.6","-9999","237331","8.67","-1","-0.413158677","0.484750726","0.767553728","0.597871927","17","0.357142857","1","N3 P1 O10","de-protonated","0","-9999","C28 H28 O10 N3 P1","28","28","10","3","1","-9999","-9999","-9999","-9999"
"4133","596.143674","596.143708355","596.143683331","1663173.6","-9999","237331","8.67","-1","0.041976646","0.999680331","0","0.599808199","3","0.833333333","1.944444444","N3 S2 O15","de-protonated","0","-9999","C18 H35 O15 N3 S2","18","35","15","3","-9999","2","-9999","-9999","-9999"
"4134","596.180485","596.180519341","596.180451002","1548261.9","-9999","350418","7.96","-1","0.114628384","0.997618665","0.978452178","0.98995207","24","0.051282051","0.820512821","13C1 S2 O2","de-protonated","1","4123","C38 H32 O2 S2 13C1","38","32","2","-9999","-9999","2","1","-9999","-9999"
"4134","596.180485","596.180519341","596.180583944","1548261.9","-9999","350418","7.96","-1","-0.108360671","0.997871691","0.957321266","0.981651521","11","0.357142857","1.321428571","13C1 S1 P1 O10","de-protonated","1","4123","C27 H37 O10 P1 S1 13C1","27","37","10","-9999","1","1","1","-9999","-9999"
"4134","596.180485","596.180519341","596.180720289","1548261.9","-9999","350418","7.96","-1","-0.337059119","0.979596843","0","0.587758106","11","0.444444444","1.296296296","N1 S1 O12","de-protonated","0","-9999","C27 H35 O12 N1 S1","27","35","12","1","-9999","1","-9999","-9999","-9999"
"4134","596.180485","596.180519341","596.180207225","1548261.9","-9999","350418","7.96","-1","0.52352644","0.475742459","0.698017357","0.564652418","29","0.025","0.675","N3 S1 O1","de-protonated","0","-9999","C40 H27 O1 N3 S1","40","27","1","3","-9999","1","-9999","-9999","-9999"
"4134","596.180485","596.180519341","596.180340167","1548261.9","-9999","350418","7.96","-1","0.300537203","0.491872324","0.761234226","0.599617085","16","0.310344828","1.103448276","N3 P1 O9","de-protonated","0","-9999","C29 H32 O9 N3 P1","29","32","9","3","1","-9999","-9999","-9999","-9999"
"4134","596.180485","596.180519341","596.180068841","1548261.9","-9999","350418","7.96","-1","0.755645073","0.901579454","0","0.540947672","2","0.736842105","2.052631579","N3 S2 O14","de-protonated","0","-9999","C19 H39 O14 N3 S2","19","39","14","3","-9999","2","-9999","-9999","-9999"
"4134","596.180485","596.180519341","596.180919033","1548261.9","-9999","350418","7.96","-1","-0.670419726","0.921682569","0.978452178","0.944390413","30","0.076923077","0.615384615","13C1 N4 O3","de-protonated","1","4123","C38 H24 O3 N4 13C1","38","24","3","4","-9999","-9999","1","-9999","-9999"
"4134","596.180485","596.180519341","596.180780648","1548261.9","-9999","350418","7.96","-1","-0.438301648","0.96574273","0.887832943","0.934578815","3","0.888888889","2","13C1 N4 S1 O16","de-protonated","1","4123","C17 H36 O16 N4 S1 13C1","17","36","16","4","-9999","1","1","-9999","-9999"
"4135","596.287059","596.2870933","596.287238548","2217027.5","-9999","316860.5","12.09","-1","-0.243587853","0.494645742","0.846980291","0.635579561","12","0.057142857","1.4","13C1 S2 P1 O2","de-protonated","1","4129","C34 H49 O2 P1 S2 13C1","34","49","2","-9999","1","2","1","-9999","-9999"
"4135","596.287059","596.2870933","596.287374894","2217027.5","-9999","316860.5","12.09","-1","-0.472245364","0.480170954","0.73113591","0.580556937","12","0.117647059","1.382352941","N1 S2 O4","de-protonated","0","-9999","C34 H47 O4 N1 S2","34","47","4","1","-9999","2","-9999","-9999","-9999"
"4135","596.287059","596.2870933","596.286505514","2217027.5","-9999","316860.5","12.09","-1","0.985744128","0.419178127","0.736963647","0.546292335","13","0.272727273","1.303030303","N1 O9","de-protonated","0","-9999","C33 H43 O9 N1","33","43","9","1","-9999","-9999","-9999","-9999","-9999"
"4135","596.287059","596.2870933","596.286994771","2217027.5","-9999","316860.5","12.09","-1","0.165236828","0.49752906","0.719752637","0.586418491","17","0.027777778","1.222222222","N3 S1 P1 O1","de-protonated","0","-9999","C36 H44 O1 N3 P1 S1","36","44","1","3","1","1","-9999","-9999","-9999"
"4135","596.287059","596.2870933","596.287435253","2217027.5","-9999","316860.5","12.09","-1","-0.57346977","0.628048618","0.931992599","0.74962621","4","0.32","1.92","13C1 N4 S2 O8","de-protonated","1","4129","C24 H48 O8 N4 S2 13C1","24","48","8","4","-9999","2","1","-9999","-9999"
"4135","596.287059","596.2870933","596.286565873","2217027.5","-9999","316860.5","12.09","-1","0.884519427","0.867655228","0.990548623","0.916812586","5","0.541666667","1.833333333","13C1 N4 O13","de-protonated","1","4129","C23 H44 O13 N4 13C1","23","44","13","4","-9999","-9999","1","-9999","-9999"
"4136","597.046861","597.046895006","597.047204194","1618142.3","-9999","275781.2","8.39","-1","-0.517861428","0.476251991","0.725399619","0.575911042","27","0.171428571","0.514285714","S2 O6","de-protonated","0","-9999","C35 H18 O6 S2","35","18","6","-9999","-9999","2","-9999","-9999","-9999"
"4136","597.046861","597.046895006","597.046334814","1618142.3","-9999","275781.2","8.39","-1","0.938272492","0.426182983","0.73113591","0.548164154","28","0.323529412","0.411764706","O11","de-protonated","0","-9999","C34 H14 O11","34","14","11","-9999","-9999","-9999","-9999","-9999","-9999"
"4136","597.046861","597.046895006","597.047337136","1618142.3","-9999","275781.2","8.39","-1","-0.740526622","0.90528744","0","0.543172464","14","0.583333333","0.958333333","S1 P1 O14","de-protonated","0","-9999","C24 H23 O14 P1 S1","24","23","14","-9999","1","1","-9999","-9999","-9999"
"4136","597.046861","597.046895006","597.046824072","1618142.3","-9999","275781.2","8.39","-1","0.118809446","0.498721002","0.714192896","0.58490976","32","0.081081081","0.405405405","N2 S1 P1 O3","de-protonated","0","-9999","C37 H15 O3 N2 P1 S1","37","15","3","2","1","1","-9999","-9999","-9999"
"4137","597.063082","597.063116","597.062593277","1840876.6","-9999","281952.1","9.77","-1","0.875491108","0.435080234","0.767553728","0.568069632","18","0.392857143","0.821428571","S1 P1 O11","de-protonated","0","-9999","C28 H23 O11 P1 S1","28","23","11","-9999","1","1","-9999","-9999","-9999"
"4137","597.063082","597.063116","597.06344143","1840876.6","-9999","281952.1","9.77","-1","-0.545051256","0.47376109","0.780512821","0.596461782","19","0.576923077","0.692307692","N2 O15","de-protonated","0","-9999","C26 H18 O15 N2","26","18","15","2","-9999","-9999","-9999","-9999","-9999"
"4137","597.063082","597.063116","597.062789982","1840876.6","-9999","281952.1","9.77","-1","0.546037212","0.947337245","0","0.568402347","10","0.944444444","1.222222222","N4 S1 O17","de-protonated","0","-9999","C18 H22 O17 N4 S1","18","22","17","4","-9999","1","-9999","-9999","-9999"
"4138","597.076627","597.076660995","597.076847097","1703928.5","-9999","261352.9","8.92","-1","-0.311688413","0.49126339","0.68763467","0.569811902","36","0.119047619","0.333333333","O5","de-protonated","0","-9999","C42 H14 O5","42","14","5","-9999","-9999","-9999","-9999","-9999","-9999"
"4138","597.076627","597.076660995","597.076708712","1703928.5","-9999","261352.9","8.92","-1","-0.07991855","0.998841763","0","0.599305058","9","0.857142857","1.238095238","S1 O18","de-protonated","0","-9999","C21 H26 O18 S1","21","26","18","-9999","-9999","1","-9999","-9999","-9999"
"4138","597.076627","597.076660995","597.076195648","1703928.5","-9999","261352.9","8.92","-1","0.779375813","0.447819984","0.73113591","0.561146354","27","0.205882353","0.529411765","N2 S1 O7","de-protonated","0","-9999","C34 H18 O7 N2 S1","34","18","7","2","-9999","1","-9999","-9999","-9999"
"4138","597.076627","597.076660995","597.07719797","1703928.5","-9999","261352.9","8.92","-1","-0.899339075","0.86350322","0","0.518101932","13","0.416666667","1.125","N2 S2 P1 O10","de-protonated","0","-9999","C24 H27 O10 N2 P1 S2","24","27","10","2","1","2","-9999","-9999","-9999"
"4138","597.076627","597.076660995","597.07632859","1703928.5","-9999","261352.9","8.92","-1","0.556721142","0.945314199","0","0.56718852","14","0.652173913","1","N2 P1 O15","de-protonated","0","-9999","C23 H23 O15 N2 P1","23","23","15","2","1","-9999","-9999","-9999","-9999"
"4139","597.083779","597.083812992","597.083589703","5156095","-9999","298169.7","30.24","-1","0.373965495","0.982866301","0.94388853","0.967275193","26","0.138888889","0.611111111","S2 O5","de-protonated","0","-9999","C36 H22 O5 S2","36","22","5","-9999","-9999","2","-9999","-9999","-9999"
"4139","597.083779","597.083812992","597.083722645","5156095","-9999","298169.7","30.24","-1","0.151313672","0.997925956","0.988706246","0.994238072","13","0.52","1.08","S1 P1 O13","de-protonated","0","-9999","C25 H27 O13 P1 S1","25","27","13","-9999","1","1","-9999","-9999","-9999"
"4139","597.083779","597.083812992","597.084057734","5156095","-9999","298169.7","30.24","-1","-0.409895368","0.957644604","0.94388853","0.952142175","32","0.166666667","0.388888889","N4 O6","de-protonated","0","-9999","C36 H14 O6 N4","36","14","6","4","-9999","-9999","-9999","-9999","-9999"
"4140","597.09912","597.099153986","597.098845845","2261260.3","-9999","305539.6","12.36","-1","0.51606437","0.47641258","0.698017357","0.565054491","30","0.05","0.55","S2 O2","de-protonated","0","-9999","C40 H22 O2 S2","40","22","2","-9999","-9999","2","-9999","-9999","-9999"
"4140","597.09912","597.099153986","597.098978786","2261260.3","-9999","305539.6","12.36","-1","0.293418204","0.492249849","0.761234226","0.5998436","17","0.344827586","0.931034483","S1 P1 O10","de-protonated","0","-9999","C29 H27 O10 P1 S1","29","27","10","-9999","1","1","-9999","-9999","-9999"
"4140","597.09912","597.099153986","597.099313875","2261260.3","-9999","305539.6","12.36","-1","-0.267776577","0.493536811","0.698017357","0.57532903","36","0.075","0.35","N4 O3","de-protonated","0","-9999","C40 H14 O3 N4","40","14","3","4","-9999","-9999","-9999","-9999","-9999"
"4140","597.09912","597.099153986","597.099175491","2261260.3","-9999","305539.6","12.36","-1","-0.036015425","0.999764669","0","0.599858801","9","0.842105263","1.368421053","N4 S1 O16","de-protonated","0","-9999","C19 H26 O16 N4 S1","19","26","16","4","-9999","1","-9999","-9999","-9999"
"4141","597.108027","597.108060983","597.108361701","1451284.1","-9999","336536.5","7.36","-1","-0.503624255","0.477510394","0.698017357","0.565713179","30","0.05","0.575","S1 P1 O2","de-protonated","0","-9999","C40 H23 O2 P1 S1","40","23","2","-9999","1","1","-9999","-9999","-9999"
"4141","597.108027","597.108060983","597.108223316","1451284.1","-9999","336536.5","7.36","-1","-0.271866669","0.986678387","0","0.592007032","3","0.789473684","1.842105263","S2 P1 O15","de-protonated","0","-9999","C19 H35 O15 P1 S2","19","35","15","-9999","1","2","-9999","-9999","-9999"
"4141","597.108027","597.108060983","597.107710252","1451284.1","-9999","336536.5","7.36","-1","0.587382176","0.46965814","0.742885034","0.578948898","21","0.125","0.84375","N2 S2 P1 O4","de-protonated","0","-9999","C32 H27 O4 N2 P1 S2","32","27","4","2","1","2","-9999","-9999","-9999"
"4141","597.108027","597.108060983","597.108558405","1451284.1","-9999","336536.5","7.36","-1","-0.833052444","0.881684408","0","0.529010645","22","0.266666667","0.733333333","N4 S1 O8","de-protonated","0","-9999","C30 H22 O8 N4 S1","30","22","8","4","-9999","1","-9999","-9999","-9999"
"4142","597.113327","597.113360981","597.113232606","2063640.8","-9999","299916.4","11.14","-1","0.214991932","0.495824118","0.6825583","0.570517791","35","0.093023256","0.418604651","O4","de-protonated","0","-9999","C43 H18 O4","43","18","4","-9999","-9999","-9999","-9999","-9999","-9999"
"4142","597.113327","597.113360981","597.113094222","2063640.8","-9999","299916.4","11.14","-1","0.446747794","0.482216854","0.807789663","0.612445978","8","0.772727273","1.363636364","S1 O17","de-protonated","0","-9999","C22 H30 O17 S1","22","30","17","-9999","-9999","1","-9999","-9999","-9999"
"4142","597.113327","597.113360981","597.113583479","2063640.8","-9999","299916.4","11.14","-1","-0.37262323","0.487560458","0.787157861","0.607399419","12","0.36","1.24","N2 S2 P1 O9","de-protonated","0","-9999","C25 H31 O9 N2 P1 S2","25","31","9","2","1","2","-9999","-9999","-9999"
"4143","597.117105","597.117138979","597.116603909","1434396.1","-9999","324434.3","7.26","-1","0.896089212","0.432208962","0.698017357","0.53853232","30","0.1","0.55","S1 O4","de-protonated","0","-9999","C40 H22 O4 S1","40","22","4","-9999","-9999","1","-9999","-9999","-9999"
"4143","597.117105","597.117138979","597.117606231","1434396.1","-9999","324434.3","7.26","-1","-0.782512269","0.894844205","0","0.536906523","16","0.233333333","1.033333333","S2 P1 O7","de-protonated","0","-9999","C30 H31 O7 P1 S2","30","31","7","-9999","1","2","-9999","-9999","-9999"
"4143","597.117105","597.117138979","597.116736851","1434396.1","-9999","324434.3","7.26","-1","0.673449582","0.921001872","0","0.552601123","17","0.413793103","0.931034483","P1 O12","de-protonated","0","-9999","C29 H27 O12 P1","29","27","12","-9999","1","-9999","-9999","-9999","-9999"
"4143","597.117105","597.117138979","597.116933556","1434396.1","-9999","324434.3","7.26","-1","0.344025626","0.978753837","0","0.587252302","9","0.947368421","1.368421053","N4 O18","de-protonated","0","-9999","C19 H26 O18 N4","19","26","18","4","-9999","-9999","-9999","-9999","-9999"
"4144","597.120164","597.120197978","597.119975213","4820255","-9999","318072.8","28.16","-1","0.37306614","0.48753124","0.714192896","0.578195903","25","0.108108108","0.702702703","S2 O4","de-protonated","0","-9999","C37 H26 O4 S2","37","26","4","-9999","-9999","2","-9999","-9999","-9999"
"4144","597.120164","597.120197978","597.120108154","4820255","-9999","318072.8","28.16","-1","0.150427884","0.497951249","0.780512821","0.610975877","12","0.461538462","1.192307692","S1 P1 O12","de-protonated","0","-9999","C26 H31 O12 P1 S1","26","31","12","-9999","1","1","-9999","-9999","-9999"
"4144","597.120164","597.120197978","597.120443243","4820255","-9999","318072.8","28.16","-1","-0.410746958","0.484925531","0.714192896","0.576632477","31","0.135135135","0.486486486","N4 O5","de-protonated","0","-9999","C37 H18 O5 N4","37","18","5","4","-9999","-9999","-9999","-9999","-9999"
"4145","597.135641","597.135674972","597.135231354","2103084.3","-9999","266846.6","11.38","-1","0.742910396","0.452353381","0.692787115","0.548526875","29","0.024390244","0.634146341","S2 O1","de-protonated","0","-9999","C41 H26 O1 S2","41","26","1","-9999","-9999","2","-9999","-9999","-9999"
"4145","597.135641","597.135674972","597.135364296","2103084.3","-9999","266846.6","11.38","-1","0.520277746","0.47603527","0.755017935","0.587628336","16","0.3","1.033333333","S1 P1 O9","de-protonated","0","-9999","C30 H31 O9 P1 S1","30","31","9","-9999","1","1","-9999","-9999","-9999"
"4145","597.135641","597.135674972","597.136212449","2103084.3","-9999","266846.6","11.38","-1","-0.900090997","0.431645626","0.767553728","0.566008867","17","0.464285714","0.928571429","N2 O13","de-protonated","0","-9999","C28 H26 O13 N2","28","26","13","2","-9999","-9999","-9999","-9999","-9999"
"4145","597.135641","597.135674972","597.135699385","2103084.3","-9999","266846.6","11.38","-1","-0.040882967","0.499848385","0.692787115","0.577023877","35","0.048780488","0.43902439","N4 O2","de-protonated","0","-9999","C41 H18 O2 N4","41","18","2","4","-9999","-9999","-9999","-9999","-9999"
"4145","597.135641","597.135674972","597.135561","2103084.3","-9999","266846.6","11.38","-1","0.190864116","0.993411784","0","0.59604707","8","0.75","1.5","N4 S1 O15","de-protonated","0","-9999","C20 H30 O15 N4 S1","20","30","15","4","-9999","1","-9999","-9999","-9999"
"4146","597.149804","597.149837967","597.149618115","1632312.8","-9999","270079.8","8.48","-1","0.36816749","0.487852555","0.677556332","0.563734066","34","0.068181818","0.5","O3","de-protonated","0","-9999","C44 H22 O3","44","22","3","-9999","-9999","-9999","-9999","-9999","-9999"
"4146","597.149804","597.149837967","597.149479731","1632312.8","-9999","270079.8","8.48","-1","0.599909266","0.936784725","0","0.562070835","7","0.695652174","1.47826087","S1 O16","de-protonated","0","-9999","C23 H34 O16 S1","23","34","16","-9999","-9999","1","-9999","-9999","-9999"
"4146","597.149804","597.149837967","597.149968988","1632312.8","-9999","270079.8","8.48","-1","-0.219411958","0.99130281","0","0.594781686","11","0.307692308","1.346153846","N2 S2 P1 O8","de-protonated","0","-9999","C26 H35 O8 N2 P1 S2","26","35","8","2","1","2","-9999","-9999","-9999"
"4147","597.156582","597.156615964","597.156360722","3729726.8","-9999","318456.3","21.43","-1","0.427428782","0.4836968","0.70871839","0.573705436","24","0.078947368","0.789473684","S2 O3","de-protonated","0","-9999","C38 H30 O3 S2","38","30","3","-9999","-9999","2","-9999","-9999","-9999"
"4147","597.156582","597.156615964","597.156493664","3729726.8","-9999","318456.3","21.43","-1","0.204804079","0.496209038","0.773979033","0.607317036","11","0.407407407","1.296296296","S1 P1 O11","de-protonated","0","-9999","C27 H35 O11 P1 S1","27","35","11","-9999","1","1","-9999","-9999","-9999"
"4147","597.156582","597.156615964","597.156828753","3729726.8","-9999","318456.3","21.43","-1","-0.356336601","0.488611899","0.70871839","0.576654495","30","0.105263158","0.578947368","N4 O4","de-protonated","0","-9999","C38 H22 O4 N4","38","22","4","4","-9999","-9999","-9999","-9999","-9999"
"4148","597.172017","597.172050958","597.171749805","1606476.4","-9999","303888.1","8.32","-1","0.504298518","0.477451514","0.748902347","0.586031847","15","0.258064516","1.129032258","S1 P1 O8","de-protonated","0","-9999","C31 H35 O8 P1 S1","31","35","8","-9999","1","1","-9999","-9999","-9999"
"4148","597.172017","597.172050958","597.172597958","1606476.4","-9999","303888.1","8.32","-1","-0.915983659","0.429390998","0.761234226","0.562128289","16","0.413793103","1.034482759","N2 O12","de-protonated","0","-9999","C29 H30 O12 N2","29","30","12","2","-9999","-9999","-9999","-9999","-9999"
"4148","597.172017","597.172050958","597.172084894","1606476.4","-9999","303888.1","8.32","-1","-0.056827993","0.499707099","0.68763467","0.574878127","34","0.023809524","0.523809524","N4 O1","de-protonated","0","-9999","C42 H22 O1 N4","42","22","1","4","-9999","-9999","-9999","-9999","-9999"
"4148","597.172017","597.172050958","597.17194651","1606476.4","-9999","303888.1","8.32","-1","0.174904965","0.994464545","0","0.596678727","7","0.666666667","1.619047619","N4 S1 O14","de-protonated","0","-9999","C21 H34 O14 N4 S1","21","34","14","4","-9999","1","-9999","-9999","-9999"
"4149","597.18565","597.185683953","597.186003625","1552344.3","-9999","208210.6","7.98","-1","-0.535297428","0.474667798","0.672627142","0.553851535","33","0.044444444","0.577777778","O2","de-protonated","0","-9999","C45 H26 O2","45","26","2","-9999","-9999","-9999","-9999","-9999","-9999"
"4149","597.18565","597.185683953","597.18586524","1552344.3","-9999","208210.6","7.98","-1","-0.303569981","0.983417671","0","0.590050602","6","0.625","1.583333333","S1 O15","de-protonated","0","-9999","C24 H38 O15 S1","24","38","15","-9999","-9999","1","-9999","-9999","-9999"
"4149","597.18565","597.185683953","597.185352176","1552344.3","-9999","208210.6","7.98","-1","0.555567124","0.472767198","0.714192896","0.569337477","24","0.108108108","0.810810811","N2 S1 O4","de-protonated","0","-9999","C37 H30 O4 N2 S1","37","30","4","2","-9999","1","-9999","-9999","-9999"
"4149","597.18565","597.185683953","597.185485118","1552344.3","-9999","208210.6","7.98","-1","0.3329532","0.980085949","0","0.588051569","11","0.461538462","1.346153846","N2 P1 O12","de-protonated","0","-9999","C26 H35 O12 N2 P1","26","35","12","2","1","-9999","-9999","-9999","-9999"
"4150","597.192989","597.19302295","597.192746231","2714974.8","-9999","329376.6","15.16","-1","0.463365292","0.480895372","0.703327172","0.569868092","23","0.051282051","0.871794872","S2 O2","de-protonated","0","-9999","C39 H34 O2 S2","39","34","2","-9999","-9999","2","-9999","-9999","-9999"
"4150","597.192989","597.19302295","597.192879173","2714974.8","-9999","329376.6","15.16","-1","0.240754145","0.494768941","0.767553728","0.603882856","10","0.357142857","1.392857143","S1 P1 O10","de-protonated","0","-9999","C28 H39 O10 P1 S1","28","39","10","-9999","1","1","-9999","-9999","-9999"
"4150","597.192989","597.19302295","597.193214262","2714974.8","-9999","329376.6","15.16","-1","-0.32035236499999997","0.490775509","0.703327172","0.575796174","29","0.076923077","0.666666667","N4 O3","de-protonated","0","-9999","C39 H26 O3 N4","39","26","3","4","-9999","-9999","-9999","-9999","-9999"
"4150","597.192989","597.19302295","597.193075878","2714974.8","-9999","329376.6","15.16","-1","-0.088627666","0.49928788","0.837042051","0.634389549","2","0.888888889","2.111111111","N4 S1 O16","de-protonated","0","-9999","C18 H38 O16 N4 S1","18","38","16","4","-9999","1","-9999","-9999","-9999"
"4151","597.224157","597.224190938","597.224752673","4972922","-9999","298268.4","29.1","-1","-0.940576199","0.425848404","0.81490939","0.581472799","1","0.904761905","2","O19","de-protonated","0","-9999","C21 H42 O19","21","42","19","-9999","-9999","-9999","-9999","-9999","-9999"
"4151","597.224157","597.224190938","597.224239609","4972922","-9999","298268.4","29.1","-1","-0.081495583","0.992048727","0.97257718","0.984260108","19","0.235294118","1","N2 O8","de-protonated","0","-9999","C34 H34 O8 N2","34","34","8","2","-9999","-9999","-9999","-9999","-9999"
"4152","597.229578","597.229611936","597.229131741","1447038.8","-9999","239548.9","7.33","-1","0.804037966","0.444658106","0.698017357","0.546001807","22","0.025","0.95","S2 O1","de-protonated","0","-9999","C40 H38 O1 S2","40","38","1","-9999","-9999","2","-9999","-9999","-9999"
"4152","597.229578","597.229611936","597.229264683","1447038.8","-9999","239548.9","7.33","-1","0.581440306","0.940500714","0","0.564300429","9","0.310344828","1.482758621","S1 P1 O9","de-protonated","0","-9999","C29 H43 O9 P1 S1","29","43","9","-9999","1","1","-9999","-9999","-9999"
"4152","597.229578","597.229611936","597.230112836","1447038.8","-9999","239548.9","7.33","-1","-0.838705204","0.88017388","0","0.528104328","10","0.481481481","1.407407407","N2 O13","de-protonated","0","-9999","C27 H38 O13 N2","27","38","13","2","-9999","-9999","-9999","-9999","-9999"
"4152","597.229578","597.229611936","597.229599771","1447038.8","-9999","239548.9","7.33","-1","0.020367789","0.499962365","0.698017357","0.579184362","28","0.05","0.75","N4 O2","de-protonated","0","-9999","C40 H30 O2 N4","40","30","2","4","-9999","-9999","-9999","-9999","-9999"
"4152","597.229578","597.229611936","597.229461387","1447038.8","-9999","239548.9","7.33","-1","0.252078449","0.988536322","0","0.593121793","1","0.789473684","2.210526316","N4 S1 O15","de-protonated","0","-9999","C19 H42 O15 N4 S1","19","42","15","4","-9999","1","-9999","-9999","-9999"
"4153","597.299403","597.299436909","597.299533778","1525692.1","-9999","360171.9","7.82","-1","-0.16217839","0.497619469","0.725399619","0.588731529","11","0.057142857","1.457142857","S2 P1 O2","de-protonated","0","-9999","C35 H51 O2 P1 S2","35","51","2","-9999","1","2","-9999","-9999","-9999"
"4153","597.299403","597.299436909","597.300001808","1525692.1","-9999","360171.9","7.82","-1","-0.945755442","0.425094166","0.725399619","0.545216347","17","0.085714286","1.228571429","N4 P1 O3","de-protonated","0","-9999","C35 H43 O3 N4 P1","35","43","3","4","1","-9999","-9999","-9999","-9999"
"4153","597.299403","597.299436909","597.299730482","1525692.1","-9999","360171.9","7.82","-1","-0.491501255","0.957113599","0","0.574268159","3","0.32","2","N4 S2 O8","de-protonated","0","-9999","C25 H50 O8 N4 S2","25","50","8","4","-9999","2","-9999","-9999","-9999"
"4153","597.299403","597.299436909","597.298861102","1525692.1","-9999","360171.9","7.82","-1","0.964017078","0.84482522","0","0.506895132","4","0.541666667","1.916666667","N4 O13","de-protonated","0","-9999","C24 H46 O13 N4","24","46","13","4","-9999","-9999","-9999","-9999","-9999"
"4154","597.487891","597.487924836","597.487802582","2208866","-9999","326133.4","12.04","-1","0.204613191","0.496216075","0.736963647","0.592515104","3","0.090909091","2.03030303","N4 P1 O3","de-protonated","0","-9999","C33 H67 O3 N4 P1","33","67","3","4","1","-9999","-9999","-9999","-9999"
"4155","598.067383","598.067416612","598.067225164","1640031.8","-9999","268606.7","8.52","-1","0.320111208","0.490789263","0.70871839","0.577960914","31","0.078947368","0.473684211","N1 S1 P1 O3","de-protonated","0","-9999","C38 H18 O3 N1 P1 S1","38","18","3","1","1","1","-9999","-9999","-9999"
"4155","598.067383","598.067416612","598.067086779","1640031.8","-9999","268606.7","8.52","-1","0.551497414","0.94630769","0","0.567784614","4","0.941176471","1.764705882","N1 S2 P1 O16","de-protonated","0","-9999","C17 H30 O16 N1 P1 S2","17","30","16","1","1","2","-9999","-9999","-9999"
"4156","598.087046","598.087079604","598.086944538","1489521.1","-9999","397539.2","7.59","-1","0.225829609","0.99078898","0.94388853","0.9720288","26","0.138888889","0.611111111","13C1 S2 O5","de-protonated","1","4139","C35 H22 O5 S2 13C1","35","22","5","-9999","-9999","2","1","-9999","-9999"
"4156","598.087046","598.087079604","598.08707748","1489521.1","-9999","397539.2","7.59","-1","0.00355134","0.999997712","0.988706246","0.995481125","13","0.52","1.08","13C1 S1 P1 O13","de-protonated","1","4139","C24 H27 O13 P1 S1 13C1","24","27","13","-9999","1","1","1","-9999","-9999"
"4156","598.087046","598.087079604","598.087213826","1489521.1","-9999","397539.2","7.59","-1","-0.224418122","0.990903238","0","0.594541943","13","0.625","1.041666667","N1 S1 O15","de-protonated","0","-9999","C24 H25 O15 N1 S1","24","25","15","1","-9999","1","-9999","-9999","-9999"
"4156","598.087046","598.087079604","598.086700762","1489521.1","-9999","397539.2","7.59","-1","0.633424285","0.464892459","0.714192896","0.564612634","31","0.108108108","0.459459459","N3 S1 O4","de-protonated","0","-9999","C37 H17 O4 N3 S1","37","17","4","3","-9999","1","-9999","-9999","-9999"
"4156","598.087046","598.087079604","598.086833703","1489521.1","-9999","397539.2","7.59","-1","0.411145835","0.969793372","0","0.581876023","18","0.461538462","0.846153846","N3 P1 O12","de-protonated","0","-9999","C26 H22 O12 N3 P1","26","22","12","3","1","-9999","-9999","-9999","-9999"
"4156","598.087046","598.087079604","598.087412569","1489521.1","-9999","397539.2","7.59","-1","-0.556716129","0.945315156","0.94388853","0.944744506","32","0.166666667","0.388888889","13C1 N4 O6","de-protonated","1","4139","C35 H14 O6 N4 13C1","35","14","6","4","-9999","-9999","1","-9999","-9999"
"4157","598.22739","598.22742355","598.226882636","1582828.8","-9999","367659.3","8.17","-1","0.904194581","0.431066119","0.725399619","0.548799519","18","0.171428571","1.057142857","N1 S1 O6","de-protonated","0","-9999","C35 H37 O6 N1 S1","35","37","6","1","-9999","1","-9999","-9999","-9999"
"4157","598.22739","598.22742355","598.227884958","1582828.8","-9999","367659.3","8.17","-1","-0.771291519","0.897679553","0","0.538607732","4","0.36","1.84","N1 S2 P1 O9","de-protonated","0","-9999","C25 H46 O9 N1 P1 S2","25","46","9","1","1","2","-9999","-9999","-9999"
"4157","598.22739","598.22742355","598.227015578","1582828.8","-9999","367659.3","8.17","-1","0.681968158","0.919074349","0","0.551444609","5","0.583333333","1.75","N1 P1 O14","de-protonated","0","-9999","C24 H42 O14 N1 P1","24","42","14","1","1","-9999","-9999","-9999","-9999"
"4157","598.22739","598.22742355","598.227594444","1582828.8","-9999","367659.3","8.17","-1","-0.285667271","0.985301825","0.97257718","0.980211967","19","0.235294118","1","13C1 N2 O8","de-protonated","1","4151","C33 H34 O8 N2 13C1","33","34","8","2","-9999","-9999","1","-9999","-9999"
"4158","598.294614","598.294647524","598.29478275","1592616","-9999","333876.4","8.23","-1","-0.22601904","0.495386796","0.73113591","0.589686442","11","0.058823529","1.470588235","N1 S2 P1 O2","de-protonated","0","-9999","C34 H50 O2 N1 P1 S2","34","50","2","1","1","2","-9999","-9999","-9999"
"4159","599.063202","599.063235227","599.062854258","1902541.4","-9999","297968","10.14","-1","0.635940502","0.464623111","0.725399619","0.568933714","26","0.171428571","0.571428571","S2 O6","de-protonated","0","-9999","C35 H20 O6 S2","35","20","6","-9999","-9999","2","-9999","-9999","-9999"
"4159","599.063202","599.063235227","599.0629872","1902541.4","-9999","297968","10.14","-1","0.414024247","0.484687754","0.793917021","0.608379461","13","0.583333333","1.041666667","S1 P1 O14","de-protonated","0","-9999","C24 H25 O14 P1 S1","24","25","14","-9999","1","1","-9999","-9999","-9999"
"4159","599.063202","599.063235227","599.063322289","1902541.4","-9999","297968","10.14","-1","-0.145330743","0.498087476","0.725399619","0.589012333","32","0.2","0.342857143","N4 O7","de-protonated","0","-9999","C35 H12 O7 N4","35","12","7","4","-9999","-9999","-9999","-9999","-9999"
"4160","599.078404","599.078437221","599.0781104","3117018.8","-9999","305068.8","17.63","-1","0.545540155","0.473715257","0.703327172","0.565560023","30","0.076923077","0.512820513","S2 O3","de-protonated","0","-9999","C39 H20 O3 S2","39","20","3","-9999","-9999","2","-9999","-9999","-9999"
"4160","599.078404","599.078437221","599.078243342","3117018.8","-9999","305068.8","17.63","-1","0.323629571","0.490587607","0.767553728","0.601374055","17","0.392857143","0.892857143","S1 P1 O11","de-protonated","0","-9999","C28 H25 O11 P1 S1","28","25","11","-9999","1","1","-9999","-9999","-9999"
"4160","599.078404","599.078437221","599.07857843","3117018.8","-9999","305068.8","17.63","-1","-0.235711124","0.494984702","0.703327172","0.57832169","36","0.102564103","0.307692308","N4 O4","de-protonated","0","-9999","C39 H12 O4 N4","39","12","4","4","-9999","-9999","-9999","-9999","-9999"
"4160","599.078404","599.078437221","599.078440046","3117018.8","-9999","305068.8","17.63","-1","-0.004715668","0.499997983","0.837042051","0.63481561","9","0.944444444","1.333333333","N4 S1 O17","de-protonated","0","-9999","C18 H24 O17 N4 S1","18","24","17","4","-9999","1","-9999","-9999","-9999"
"4161","599.09223","599.092263216","599.092497161","1695207","-9999","321983.7","8.86","-1","-0.390499966","0.486355067","0.68763467","0.566866908","35","0.119047619","0.380952381","O5","de-protonated","0","-9999","C42 H16 O5","42","16","5","-9999","-9999","-9999","-9999","-9999","-9999"
"4161","599.09223","599.092263216","599.092358777","1695207","-9999","321983.7","8.86","-1","-0.159509913","0.995393967","0","0.59723638","8","0.857142857","1.333333333","S1 O18","de-protonated","0","-9999","C21 H28 O18 S1","21","28","18","-9999","-9999","1","-9999","-9999","-9999"
"4161","599.09223","599.092263216","599.091845713","1695207","-9999","321983.7","8.86","-1","0.696893278","0.457824391","0.73113591","0.567148999","26","0.205882353","0.588235294","N2 S1 O7","de-protonated","0","-9999","C34 H20 O7 N2 S1","34","20","7","2","-9999","1","-9999","-9999","-9999"
"4161","599.09223","599.092263216","599.092848034","1695207","-9999","321983.7","8.86","-1","-0.976173429","0.841217446","0","0.504730468","12","0.416666667","1.208333333","N2 S2 P1 O10","de-protonated","0","-9999","C24 H29 O10 N2 P1 S2","24","29","10","2","1","2","-9999","-9999","-9999"
"4161","599.09223","599.092263216","599.091978654","1695207","-9999","321983.7","8.86","-1","0.474987749","0.959889363","0","0.575933618","13","0.652173913","1.086956522","N2 P1 O15","de-protonated","0","-9999","C23 H25 O15 N2 P1","23","25","15","2","1","-9999","-9999","-9999","-9999"
"4162","599.099549","599.099582213","599.099239768","3668973.5","-9999","272675.2","21.04","-1","0.571599675","0.471219521","0.719752637","0.570632768","25","0.138888889","0.666666667","S2 O5","de-protonated","0","-9999","C36 H24 O5 S2","36","24","5","-9999","-9999","2","-9999","-9999","-9999"
"4162","599.099549","599.099582213","599.09937271","3668973.5","-9999","272675.2","21.04","-1","0.349696912","0.48902769","0.787157861","0.608279759","12","0.52","1.16","S1 P1 O13","de-protonated","0","-9999","C25 H29 O13 P1 S1","25","29","13","-9999","1","1","-9999","-9999","-9999"
"4162","599.099549","599.099582213","599.099707798","3668973.5","-9999","272675.2","21.04","-1","-0.20962407","0.496029219","0.719752637","0.585518586","31","0.166666667","0.444444444","N4 O6","de-protonated","0","-9999","C36 H16 O6 N4","36","16","6","4","-9999","-9999","-9999","-9999","-9999"
"4163","599.106503","599.10653621","599.107101854","1399283.5","-9999","331628.4","7.03","-1","-0.944144588","0.425329051","0.70871839","0.538684786","30","0.105263158","0.526315789","N2 S1 O4","de-protonated","0","-9999","C38 H20 O4 N2 S1","38","20","4","2","-9999","1","-9999","-9999","-9999"
"4163","599.106503","599.10653621","599.106721731","1399283.5","-9999","331628.4","7.03","-1","-0.309663038","0.491375581","0.698017357","0.574032292","35","0.025","0.425","N4 P1 O1","de-protonated","0","-9999","C40 H17 O1 N4 P1","40","17","1","4","1","-9999","-9999","-9999","-9999"
"4163","599.106503","599.10653621","599.106450405","1399283.5","-9999","331628.4","7.03","-1","0.143221546","0.996284968","0","0.597770981","21","0.2","0.8","N4 S2 O6","de-protonated","0","-9999","C30 H24 O6 N4 S2","30","24","6","4","-9999","2","-9999","-9999","-9999"
"4163","599.106503","599.10653621","599.106583347","1399283.5","-9999","331628.4","7.03","-1","-0.078678451","0.998877409","0","0.599326445","8","0.736842105","1.526315789","N4 S1 P1 O14","de-protonated","0","-9999","C19 H29 O14 N4 P1 S1","19","29","14","4","1","1","-9999","-9999","-9999"
"4164","599.114656","599.114689207","599.114495909","2970619","-9999","309542.3","16.73","-1","0.322639165","0.490644587","0.698017357","0.573593695","29","0.05","0.6","S2 O2","de-protonated","0","-9999","C40 H24 O2 S2","40","24","2","-9999","-9999","2","-9999","-9999","-9999"
"4164","599.114656","599.114689207","599.114628851","2970619","-9999","309542.3","16.73","-1","0.100742108","0.499080088","0.761234226","0.603941743","16","0.344827586","1","S1 P1 O10","de-protonated","0","-9999","C29 H29 O10 P1 S1","29","29","10","-9999","1","1","-9999","-9999","-9999"
"4164","599.114656","599.114689207","599.11496394","2970619","-9999","309542.3","16.73","-1","-0.458564493","0.48128173","0.698017357","0.567975981","35","0.075","0.4","N4 O3","de-protonated","0","-9999","C40 H16 O3 N4","40","16","3","4","-9999","-9999","-9999","-9999","-9999"
"4164","599.114656","599.114689207","599.114825555","2970619","-9999","309542.3","16.73","-1","-0.227583117","0.495323028","0.829532115","0.629006663","8","0.842105263","1.473684211","N4 S1 O16","de-protonated","0","-9999","C19 H28 O16 N4 S1","19","28","16","4","-9999","1","-9999","-9999","-9999"
"4165","599.135826","599.135859199","599.135625277","3372045.5","-9999","295423.3","19.21","-1","0.390431726","0.48635977","0.714192896","0.57749302","24","0.108108108","0.756756757","S2 O4","de-protonated","0","-9999","C37 H28 O4 S2","37","28","4","-9999","-9999","2","-9999","-9999","-9999"
"4165","599.135826","599.135859199","599.135758219","3372045.5","-9999","295423.3","19.21","-1","0.16854248","0.497429463","0.780512821","0.610662806","11","0.461538462","1.269230769","S1 P1 O12","de-protonated","0","-9999","C26 H33 O12 P1 S1","26","33","12","-9999","1","1","-9999","-9999","-9999"
"4165","599.135826","599.135859199","599.136093308","3372045.5","-9999","295423.3","19.21","-1","-0.390744434","0.486338213","0.714192896","0.577480086","30","0.135135135","0.540540541","N4 O5","de-protonated","0","-9999","C37 H20 O5 N4","37","20","5","4","-9999","-9999","-9999","-9999","-9999"
"4166","599.151325","599.151358193","599.150881418","2546715.3","-9999","331887.3","14.11","-1","0.795749935","0.445729173","0.692787115","0.54455235","28","0.024390244","0.682926829","S2 O1","de-protonated","0","-9999","C41 H28 O1 S2","41","28","1","-9999","-9999","2","-9999","-9999","-9999"
"4166","599.151325","599.151358193","599.15101436","2546715.3","-9999","331887.3","14.11","-1","0.573866248","0.470997586","0.755017935","0.584605726","15","0.3","1.1","S1 P1 O9","de-protonated","0","-9999","C30 H33 O9 P1 S1","30","33","9","-9999","1","1","-9999","-9999","-9999"
"4166","599.151325","599.151358193","599.151862513","2546715.3","-9999","331887.3","14.11","-1","-0.841724205","0.439682014","0.767553728","0.5708307","16","0.464285714","1","N2 O13","de-protonated","0","-9999","C28 H28 O13 N2","28","28","13","2","-9999","-9999","-9999","-9999","-9999"
"4166","599.151325","599.151358193","599.151349449","2546715.3","-9999","331887.3","14.11","-1","0.014593349","0.499980679","0.692787115","0.577103253","34","0.048780488","0.487804878","N4 O2","de-protonated","0","-9999","C41 H20 O2 N4","41","20","2","4","-9999","-9999","-9999","-9999","-9999"
"4166","599.151325","599.151358193","599.151211065","2546715.3","-9999","331887.3","14.11","-1","0.245560807","0.494559132","0.822155738","0.625597774","7","0.75","1.6","N4 S1 O15","de-protonated","0","-9999","C20 H32 O15 N4 S1","20","32","15","4","-9999","1","-9999","-9999","-9999"
"4167","599.164233","599.164266188","599.163768578","1743398.5","-9999","323534","9.15","-1","0.830507018","0.44118105","0.70871839","0.548195986","23","0.026315789","0.868421053","S2 P1 O1","de-protonated","0","-9999","C38 H33 O1 P1 S2","38","33","1","-9999","1","2","-9999","-9999","-9999"
"4167","599.164233","599.164266188","599.164616731","1743398.5","-9999","323534","9.15","-1","-0.585053666","0.469890847","0.719752637","0.569835563","24","0.138888889","0.777777778","N2 S1 O5","de-protonated","0","-9999","C36 H28 O5 N2 S1","36","28","5","2","-9999","1","-9999","-9999","-9999"
"4167","599.164233","599.164266188","599.164749673","1743398.5","-9999","323534","9.15","-1","-0.806931959","0.888564224","0","0.533138535","11","0.52","1.32","N2 P1 O13","de-protonated","0","-9999","C25 H33 O13 N2 P1","25","33","13","2","1","-9999","-9999","-9999","-9999"
"4167","599.164233","599.164266188","599.164236609","1743398.5","-9999","323534","9.15","-1","0.049367207","0.499778943","0.70871839","0.583354721","29","0.052631579","0.657894737","N4 P1 O2","de-protonated","0","-9999","C38 H25 O2 N4 P1","38","25","2","4","1","-9999","-9999","-9999","-9999"
"4167","599.164233","599.164266188","599.163965283","1743398.5","-9999","323534","9.15","-1","0.502208481","0.477633793","0.767553728","0.593601767","15","0.25","1.142857143","N4 S2 O7","de-protonated","0","-9999","C28 H32 O7 N4 S2","28","32","7","4","-9999","2","-9999","-9999","-9999"
"4167","599.164233","599.164266188","599.164098224","1743398.5","-9999","323534","9.15","-1","0.280329705","0.985842081","0","0.591505249","2","0.882352941","2.176470588","N4 S1 P1 O15","de-protonated","0","-9999","C17 H37 O15 N4 P1 S1","17","37","15","4","1","1","-9999","-9999","-9999"
"4168","599.172135","599.172168185","599.172010787","2170925.8","-9999","250451.2","11.79","-1","0.262692795","0.493778372","0.70871839","0.579754379","23","0.078947368","0.842105263","S2 O3","de-protonated","0","-9999","C38 H32 O3 S2","38","32","3","-9999","-9999","2","-9999","-9999","-9999"
"4168","599.172135","599.172168185","599.172143728","2170925.8","-9999","250451.2","11.79","-1","0.040817051","0.499848873","0.773979033","0.609500937","10","0.407407407","1.37037037","S1 P1 O11","de-protonated","0","-9999","C27 H37 O11 P1 S1","27","37","11","-9999","1","1","-9999","-9999","-9999"
"4168","599.172135","599.172168185","599.172478817","2170925.8","-9999","250451.2","11.79","-1","-0.518435828","0.476200555","0.70871839","0.569207689","29","0.105263158","0.631578947","N4 O4","de-protonated","0","-9999","C38 H24 O4 N4","38","24","4","4","-9999","-9999","-9999","-9999","-9999"
"4169","599.18761","599.187643179","599.18739987","2605115.3","-9999","318662","14.47","-1","0.406065227","0.485262126","0.748902347","0.590718215","14","0.258064516","1.193548387","S1 P1 O8","de-protonated","0","-9999","C31 H37 O8 P1 S1","31","37","8","-9999","1","1","-9999","-9999","-9999"
"4169","599.18761","599.187643179","599.187734958","2605115.3","-9999","318662","14.47","-1","-0.153173617","0.497875936","0.68763467","0.573779429","33","0.023809524","0.571428571","N4 O1","de-protonated","0","-9999","C42 H24 O1 N4","42","24","1","4","-9999","-9999","-9999","-9999","-9999"
"4169","599.18761","599.187643179","599.187596574","2605115.3","-9999","318662","14.47","-1","0.077779777","0.499451447","0.81490939","0.625634624","6","0.666666667","1.714285714","N4 S1 O14","de-protonated","0","-9999","C21 H36 O14 N4 S1","21","36","14","4","-9999","1","-9999","-9999","-9999"
"4170","599.208843","599.208876171","599.208396296","1674830","-9999","306141.6","8.73","-1","0.800847638","0.445071402","0.703327172","0.54837371","22","0.051282051","0.923076923","S2 O2","de-protonated","0","-9999","C39 H36 O2 S2","39","36","2","-9999","-9999","2","-9999","-9999","-9999"
"4170","599.208843","599.208876171","599.208529238","1674830","-9999","306141.6","8.73","-1","0.578985248","0.470493507","0.767553728","0.589317595","9","0.357142857","1.464285714","S1 P1 O10","de-protonated","0","-9999","C28 H41 O10 P1 S1","28","41","10","-9999","1","1","-9999","-9999","-9999"
"4170","599.208843","599.208876171","599.209377391","1674830","-9999","306141.6","8.73","-1","-0.836469338","0.880772259","0","0.528463355","10","0.538461538","1.384615385","N2 O14","de-protonated","0","-9999","C26 H36 O14 N2","26","36","14","2","-9999","-9999","-9999","-9999","-9999"
"4170","599.208843","599.208876171","599.208864327","1674830","-9999","306141.6","8.73","-1","0.019766028","0.499964556","0.703327172","0.581309602","28","0.076923077","0.717948718","N4 O3","de-protonated","0","-9999","C39 H28 O3 N4","39","28","3","4","-9999","-9999","-9999","-9999","-9999"
"4170","599.208843","599.208876171","599.208725942","1674830","-9999","306141.6","8.73","-1","0.250711317","0.988659624","0","0.593195774","1","0.888888889","2.222222222","N4 S1 O16","de-protonated","0","-9999","C18 H40 O16 N4 S1","18","40","16","4","-9999","1","-9999","-9999","-9999"
"4171","599.223848","599.223881165","599.223785379","1718363.3","-9999","378294.8","9","-1","0.15984981","0.497687181","0.742885034","0.595766322","13","0.21875","1.28125","S1 P1 O7","de-protonated","0","-9999","C32 H41 O7 P1 S1","32","41","7","-9999","1","1","-9999","-9999","-9999"
"4171","599.223848","599.223881165","599.223982083","1718363.3","-9999","378294.8","9","-1","-0.168415625","0.994866643","0","0.596919986","5","0.590909091","1.818181818","N4 S1 O13","de-protonated","0","-9999","C22 H40 O13 N4 S1","22","40","13","4","-9999","1","-9999","-9999","-9999"
"4172","600.082782","600.082814833","600.082875228","3618641.8","-9999","319636.8","20.73","-1","-0.100645371","0.982595957","0.946479887","0.968149529","30","0.078947368","0.526315789","N1 S1 P1 O3","de-protonated","0","-9999","C38 H20 O3 N1 P1 S1","38","20","3","1","1","1","-9999","-9999","-9999"
"4172","600.082782","600.082814833","600.082736844","3618641.8","-9999","319636.8","20.73","-1","0.129963522","0.960462871","0.810509069","0.90048135","3","0.941176471","1.882352941","N1 S2 P1 O16","de-protonated","0","-9999","C17 H32 O16 N1 P1 S2","17","32","16","1","1","2","-9999","-9999","-9999"
"4172","600.082782","600.082814833","600.08222378","3618641.8","-9999","319636.8","20.73","-1","0.984953549","0.419296644","0.755017935","0.55358516","21","0.166666667","0.8","N3 S2 P1 O5","de-protonated","0","-9999","C30 H24 O5 N3 P1 S2","30","24","5","3","1","2","-9999","-9999","-9999"
"4173","601.057668","601.057700456","601.057374955","2900656.8","-9999","346703.5","16.29","-1","0.541547133","0.474088515","0.70871839","0.567940465","30","0.105263158","0.473684211","S2 O4","de-protonated","0","-9999","C38 H18 O4 S2","38","18","4","-9999","-9999","2","-9999","-9999","-9999"
"4173","601.057668","601.057700456","601.057507897","2900656.8","-9999","346703.5","16.29","-1","0.320367295","0.490774657","0.773979033","0.604056407","17","0.444444444","0.851851852","S1 P1 O12","de-protonated","0","-9999","C27 H23 O12 P1 S1","27","23","12","-9999","1","1","-9999","-9999","-9999"
"4174","601.078904","601.078936448","601.078775649","2294979.5","-9999","278652.3","12.55","-1","0.267516464","0.49354928","0.672627142","0.565180425","39","0.022222222","0.333333333","P1 O1","de-protonated","0","-9999","C45 H15 O1 P1","45","15","1","-9999","1","-9999","-9999","-9999","-9999"
"4174","601.078904","601.078936448","601.078504323","2294979.5","-9999","278652.3","12.55","-1","0.718915459","0.455241598","0.725399619","0.563304806","25","0.171428571","0.628571429","S2 O6","de-protonated","0","-9999","C35 H22 O6 S2","35","22","6","-9999","-9999","2","-9999","-9999","-9999"
"4174","601.078904","601.078936448","601.078637265","2294979.5","-9999","278652.3","12.55","-1","0.497743357","0.478020906","0.793917021","0.604379352","12","0.583333333","1.125","S1 P1 O14","de-protonated","0","-9999","C24 H27 O14 P1 S1","24","27","14","-9999","1","1","-9999","-9999","-9999"
"4174","601.078904","601.078936448","601.079485418","2294979.5","-9999","278652.3","12.55","-1","-0.913307283","0.429772617","0.807789663","0.580979435","13","0.818181818","1","N2 O18","de-protonated","0","-9999","C22 H22 O18 N2","22","22","18","2","-9999","-9999","-9999","-9999","-9999"
"4174","601.078904","601.078936448","601.078972354","2294979.5","-9999","278652.3","12.55","-1","-0.059735947","0.499676366","0.725399619","0.589965667","31","0.2","0.4","N4 O7","de-protonated","0","-9999","C35 H14 O7 N4","35","14","7","4","-9999","-9999","-9999","-9999","-9999"
"4175","601.086456","601.086488445","601.087017858","1904330.3","-9999","247578.1","10.14","-1","-0.880759233","0.434350439","0.672627142","0.52966112","39","0.066666667","0.311111111","O3","de-protonated","0","-9999","C45 H14 O3","45","14","3","-9999","-9999","-9999","-9999","-9999","-9999"
"4175","601.086456","601.086488445","601.086879473","1904330.3","-9999","247578.1","10.14","-1","-0.650535762","0.46304285","0.793917021","0.595392519","12","0.666666667","1.083333333","S1 O16","de-protonated","0","-9999","C24 H26 O16 S1","24","26","16","-9999","-9999","1","-9999","-9999","-9999"
"4175","601.086456","601.086488445","601.086230063","1904330.3","-9999","247578.1","10.14","-1","0.429857392","0.967028209","0.946479887","0.95880888","30","0.078947368","0.526315789","13C1 N1 S1 P1 O3","de-protonated","1","4172","C37 H20 O3 N1 P1 S1 13C1","37","20","3","1","1","1","1","-9999","-9999"
"4175","601.086456","601.086488445","601.086091679","1904330.3","-9999","247578.1","10.14","-1","0.660081467","0.923985813","0.810509069","0.878595115","3","0.941176471","1.882352941","13C1 N1 S2 P1 O16","de-protonated","1","4172","C16 H32 O16 N1 P1 S2 13C1","16","32","16","1","1","2","1","-9999","-9999"
"4175","601.086456","601.086488445","601.086366409","1904330.3","-9999","247578.1","10.14","-1","0.203025299","0.496274358","0.714192896","0.583441774","30","0.135135135","0.486486486","N2 S1 O5","de-protonated","0","-9999","C37 H18 O5 N2 S1","37","18","5","2","-9999","1","-9999","-9999","-9999"
"4175","601.086456","601.086488445","601.086499351","1904330.3","-9999","247578.1","10.14","-1","-0.018143796","0.499970135","0.780512821","0.612187209","17","0.5","0.884615385","N2 P1 O13","de-protonated","0","-9999","C26 H23 O13 N2 P1","26","23","13","2","1","-9999","-9999","-9999","-9999"
"4175","601.086456","601.086488445","601.085986286","1904330.3","-9999","247578.1","10.14","-1","0.835418344","0.440526561","0.703327172","0.545646805","35","0.051282051","0.384615385","N4 P1 O2","de-protonated","0","-9999","C39 H15 O2 N4 P1","39","15","2","4","1","-9999","-9999","-9999","-9999"
"4176","601.094075","601.094107442","601.093760464","4365009","-9999","324929.4","25.33","-1","0.577243513","0.934957257","0.95235886300000006","0.9419179","29","0.076923077","0.564102564","S2 O3","de-protonated","0","-9999","C39 H22 O3 S2","39","22","3","-9999","-9999","2","-9999","-9999","-9999"
"4176","601.094075","601.094107442","601.093893406","4365009","-9999","324929.4","25.33","-1","0.356077056","0.973008598","0.98341458","0.977170991","16","0.392857143","0.964285714","S1 P1 O11","de-protonated","0","-9999","C28 H27 O11 P1 S1","28","27","11","-9999","1","1","-9999","-9999","-9999"
"4176","601.094075","601.094107442","601.094228495","4365009","-9999","324929.4","25.33","-1","-0.20138802","0.994601468","0.95235886300000006","0.977704426","35","0.102564103","0.358974359","N4 O4","de-protonated","0","-9999","C39 H14 O4 N4","39","14","4","4","-9999","-9999","-9999","-9999","-9999"
"4176","601.094075","601.094107442","601.09409011","4365009","-9999","324929.4","25.33","-1","0.028832847","0.999165143","0.913926257","0.965069589","8","0.944444444","1.444444444","N4 S1 O17","de-protonated","0","-9999","C18 H26 O17 N4 S1","18","26","17","4","-9999","1","-9999","-9999","-9999"
"4177","601.107804","601.107836436","601.108147226","1398493.1","-9999","335498.4","7.01","-1","-0.517027186","0.476326603","0.68763467","0.56084983","34","0.119047619","0.428571429","O5","de-protonated","0","-9999","C42 H18 O5","42","18","5","-9999","-9999","-9999","-9999","-9999","-9999"
"4177","601.107804","601.107836436","601.108008841","1398493.1","-9999","335498.4","7.01","-1","-0.286811723","0.985184699","0","0.591110819","7","0.857142857","1.428571429","S1 O18","de-protonated","0","-9999","C21 H30 O18 S1","21","30","18","-9999","-9999","1","-9999","-9999","-9999"
"4177","601.107804","601.107836436","601.107495777","1398493.1","-9999","335498.4","7.01","-1","0.566719644","0.471694728","0.73113591","0.575471201","25","0.205882353","0.647058824","N2 S1 O7","de-protonated","0","-9999","C34 H22 O7 N2 S1","34","22","7","2","-9999","1","-9999","-9999","-9999"
"4177","601.107804","601.107836436","601.107628719","1398493.1","-9999","335498.4","7.01","-1","0.345558243","0.978566162","0","0.587139697","12","0.652173913","1.173913043","N2 P1 O15","de-protonated","0","-9999","C23 H27 O15 N2 P1","23","27","15","2","1","-9999","-9999","-9999","-9999"
"4178","601.115074","601.115106434","601.114889832","2684643.5","-9999","285607.2","14.95","-1","0.360332608","0.488358065","0.719752637","0.580915894","24","0.138888889","0.722222222","S2 O5","de-protonated","0","-9999","C36 H26 O5 S2","36","26","5","-9999","-9999","2","-9999","-9999","-9999"
"4178","601.115074","601.115106434","601.115022774","2684643.5","-9999","285607.2","14.95","-1","0.139173973","0.498245809","0.787157861","0.61381063","11","0.52","1.24","S1 P1 O13","de-protonated","0","-9999","C25 H31 O13 P1 S1","25","31","13","-9999","1","1","-9999","-9999","-9999"
"4178","601.115074","601.115106434","601.11450971","2684643.5","-9999","285607.2","14.95","-1","0.992695745","0.418133361","0.70871839","0.534367372","29","0.052631579","0.605263158","N2 S1 P1 O2","de-protonated","0","-9999","C38 H23 O2 N2 P1 S1","38","23","2","2","1","1","-9999","-9999","-9999"
"4178","601.115074","601.115106434","601.115357863","2684643.5","-9999","285607.2","14.95","-1","-0.418271387","0.484376975","0.719752637","0.57852724","30","0.166666667","0.5","N4 O6","de-protonated","0","-9999","C36 H18 O6 N4","36","18","6","4","-9999","-9999","-9999","-9999","-9999"
"4179","601.12379","601.12382243","601.123403367","1407723.3","-9999","295009","7.07","-1","0.697133523","0.457796571","0.667769153","0.541785604","38","0.043478261","0.391304348","O2","de-protonated","0","-9999","C46 H18 O2","46","18","2","-9999","-9999","-9999","-9999","-9999","-9999"
"4179","601.12379","601.12382243","601.124405689","1407723.3","-9999","295009","7.07","-1","-0.970278894","0.421485275","0.719752637","0.54079222","24","0.138888889","0.75","S1 P1 O5","de-protonated","0","-9999","C36 H27 O5 P1 S1","36","27","5","-9999","1","1","-9999","-9999","-9999"
"4179","601.12379","601.12382243","601.123264983","1407723.3","-9999","295009","7.07","-1","0.92734342299999994","0.855525252","0","0.513315151","11","0.6","1.2","S1 O15","de-protonated","0","-9999","C25 H30 O15 S1","25","30","15","-9999","-9999","1","-9999","-9999","-9999"
"4179","601.12379","601.12382243","601.12375424","1407723.3","-9999","295009","7.07","-1","0.113438133","0.997667804","0","0.598600682","15","0.25","1.107142857","N2 S2 P1 O7","de-protonated","0","-9999","C28 H31 O7 N2 P1 S2","28","31","7","2","1","2","-9999","-9999","-9999"
"4180","601.130587","601.130619428","601.130145974","3429105.3","-9999","326260.5","19.55","-1","0.787606497","0.446773218","0.698017357","0.547270874","28","0.05","0.65","S2 O2","de-protonated","0","-9999","C40 H26 O2 S2","40","26","2","-9999","-9999","2","-9999","-9999","-9999"
"4180","601.130587","601.130619428","601.130278915","3429105.3","-9999","326260.5","19.55","-1","0.56645338","0.471720553","0.761234226","0.587526022","15","0.344827586","1.068965517","S1 P1 O10","de-protonated","0","-9999","C29 H31 O10 P1 S1","29","31","10","-9999","1","1","-9999","-9999","-9999"
"4180","601.130587","601.130619428","601.131127068","3429105.3","-9999","326260.5","19.55","-1","-0.844476136","0.439311967","0.773979033","0.573178794","16","0.518518519","0.962962963","N2 O14","de-protonated","0","-9999","C27 H26 O14 N2","27","26","14","2","-9999","-9999","-9999","-9999","-9999"
"4180","601.130587","601.130619428","601.130614004","3429105.3","-9999","326260.5","19.55","-1","0.009021931","0.499992616","0.698017357","0.579202512","34","0.075","0.45","N4 O3","de-protonated","0","-9999","C40 H18 O3 N4","40","18","3","4","-9999","-9999","-9999","-9999","-9999"
"4180","601.130587","601.130619428","601.13047562","3429105.3","-9999","326260.5","19.55","-1","0.23922891","0.494834669","0.829532115","0.628713647","7","0.842105263","1.578947368","N4 S1 O16","de-protonated","0","-9999","C19 H30 O16 N4 S1","19","30","16","4","-9999","1","-9999","-9999","-9999"
"4181","601.139061","601.139093424","601.13966183","1603832.9","-9999","340292.2","8.28","-1","-0.945546523","0.425124645","0.698017357","0.53428173","28","0.05","0.675","S1 P1 O2","de-protonated","0","-9999","C40 H27 O2 P1 S1","40","27","2","-9999","1","1","-9999","-9999","-9999"
"4181","601.139061","601.139093424","601.138521124","1603832.9","-9999","340292.2","8.28","-1","0.952027682","0.424177019","0.761234226","0.558999901","15","0.413793103","1.034482759","S1 O12","de-protonated","0","-9999","C29 H30 O12 S1","29","30","12","-9999","-9999","1","-9999","-9999","-9999"
"4181","601.139061","601.139093424","601.139523445","1603832.9","-9999","340292.2","8.28","-1","-0.715343228","0.911330022","0","0.546798013","1","0.789473684","2.052631579","S2 P1 O15","de-protonated","0","-9999","C19 H39 O15 P1 S2","19","39","15","-9999","1","2","-9999","-9999","-9999"
"4181","601.139061","601.139093424","601.139010381","1603832.9","-9999","340292.2","8.28","-1","0.138143027","0.498271656","0.742885034","0.596117008","19","0.125","0.96875","N2 S2 P1 O4","de-protonated","0","-9999","C32 H31 O4 N2 P1 S2","32","31","4","2","1","2","-9999","-9999","-9999"
"4182","601.151524","601.15155642","601.151275342","1452547.8","-9999","236906.1","7.35","-1","0.467565929","0.480554271","0.714192896","0.574009721","23","0.108108108","0.810810811","S2 O4","de-protonated","0","-9999","C37 H30 O4 S2","37","30","4","-9999","-9999","2","-9999","-9999","-9999"
"4182","601.151524","601.15155642","601.151408283","1452547.8","-9999","236906.1","7.35","-1","0.246420656","0.989042343","0","0.593425406","10","0.461538462","1.346153846","S1 P1 O12","de-protonated","0","-9999","C26 H35 O12 P1 S1","26","35","12","-9999","1","1","-9999","-9999","-9999"
"4182","601.151524","601.15155642","601.151743372","1452547.8","-9999","236906.1","7.35","-1","-0.310991023","0.4913021","0.714192896","0.580458418","29","0.135135135","0.594594595","N4 O5","de-protonated","0","-9999","C37 H22 O5 N4","37","22","5","4","-9999","-9999","-9999","-9999","-9999"
"4183","601.166862","601.166894414","601.166531483","2843409.3","-9999","301461","15.93","-1","0.603710646","0.468003663","0.692787115","0.557917044","27","0.024390244","0.731707317","S2 O1","de-protonated","0","-9999","C41 H30 O1 S2","41","30","1","-9999","-9999","2","-9999","-9999","-9999"
"4183","601.166862","601.166894414","601.166664425","2843409.3","-9999","301461","15.93","-1","0.382570955","0.486896304","0.755017935","0.594144956","14","0.3","1.166666667","S1 P1 O9","de-protonated","0","-9999","C30 H35 O9 P1 S1","30","35","9","-9999","1","1","-9999","-9999","-9999"
"4183","601.166862","601.166894414","601.166999514","2843409.3","-9999","301461","15.93","-1","-0.174826654","0.497234744","0.692787115","0.575455692","33","0.048780488","0.536585366","N4 O2","de-protonated","0","-9999","C41 H22 O2 N4","41","22","2","4","-9999","-9999","-9999","-9999","-9999"
"4183","601.166862","601.166894414","601.166861129","2843409.3","-9999","301461","15.93","-1","0.055366351","0.499721968","0.822155738","0.628695476","6","0.75","1.7","N4 S1 O15","de-protonated","0","-9999","C20 H34 O15 N4 S1","20","34","15","4","-9999","1","-9999","-9999","-9999"
"4184","601.196578","601.196610402","601.197176707","1787179.6","-9999","250346.8","9.41","-1","-0.941962445","0.425646804","0.70871839","0.538875438","22","0.078947368","0.921052632","S1 P1 O3","de-protonated","0","-9999","C38 H35 O3 P1 S1","38","35","3","-9999","1","1","-9999","-9999","-9999"
"4184","601.196578","601.196610402","601.196036001","1787179.6","-9999","250346.8","9.41","-1","0.955430231","0.902960152","0.684650292","0.815636208","9","0.481481481","1.407407407","S1 O13","de-protonated","0","-9999","C27 H38 O13 S1","27","38","13","-9999","-9999","1","-9999","-9999","-9999"
"4184","601.196578","601.196610402","601.196525259","1787179.6","-9999","250346.8","9.41","-1","0.141623436","0.498183631","0.755017935","0.600917353","13","0.166666667","1.3","N2 S2 P1 O5","de-protonated","0","-9999","C30 H39 O5 N2 P1 S2","30","39","5","2","1","2","-9999","-9999","-9999"
"4185","601.203532","601.203564399","601.203049934","2308913.8","-9999","289928.3","12.63","-1","0.855726496","0.437789877","0.748902347","0.562234865","13","0.258064516","1.258064516","S1 P1 O8","de-protonated","0","-9999","C31 H39 O8 P1 S1","31","39","8","-9999","1","1","-9999","-9999","-9999"
"4185","601.203532","601.203564399","601.203898087","2308913.8","-9999","289928.3","12.63","-1","-0.555032647","0.47281812","0.761234226","0.588184563","14","0.413793103","1.172413793","N2 O12","de-protonated","0","-9999","C29 H34 O12 N2","29","34","12","2","-9999","-9999","-9999","-9999","-9999"
"4185","601.203532","601.203564399","601.203385023","2308913.8","-9999","289928.3","12.63","-1","0.298362357","0.491988587","0.68763467","0.57024702","32","0.023809524","0.619047619","N4 O1","de-protonated","0","-9999","C42 H26 O1 N4","42","26","1","4","-9999","-9999","-9999","-9999","-9999"
"4185","601.203532","601.203564399","601.203246639","2308913.8","-9999","289928.3","12.63","-1","0.528541539","0.475287218","0.81490939","0.611136087","5","0.666666667","1.80952381","N4 S1 O14","de-protonated","0","-9999","C21 H38 O14 N4 S1","21","38","14","4","-9999","1","-9999","-9999","-9999"
"4186","601.215756","601.215788395","601.216272183","1758908.8","-9999","200312.2","9.24","-1","-0.804681874","0.444574538","0.703327172","0.548075591","27","0.025641026","0.794871795","N4 P1 O1","de-protonated","0","-9999","C39 H31 O1 N4 P1","39","31","1","4","1","-9999","-9999","-9999","-9999"
"4186","601.215756","601.215788395","601.216000856","1758908.8","-9999","200312.2","9.24","-1","-0.353386597","0.488797556","0.761234226","0.597772224","13","0.206896552","1.310344828","N4 S2 O6","de-protonated","0","-9999","C29 H38 O6 N4 S2","29","38","6","4","-9999","2","-9999","-9999","-9999"
"4186","601.215756","601.215788395","601.216133798","1758908.8","-9999","200312.2","9.24","-1","-0.57450788","0.941869238","0","0.565121543","0","0.777777778","2.388888889","N4 S1 P1 O14","de-protonated","0","-9999","C18 H43 O14 N4 P1 S1","18","43","14","4","1","1","-9999","-9999","-9999"
"4187","601.221727","601.221759392","601.221677379","1961794","-9999","373198.7","10.49","-1","0.136411806","0.498314632","0.742885034","0.596142793","12","0.15625","1.34375","S2 P1 O5","de-protonated","0","-9999","C32 H43 O5 P1 S2","32","43","5","-9999","1","2","-9999","-9999","-9999"
"4187","601.221727","601.221759392","601.222145409","1961794","-9999","373198.7","10.49","-1","-0.64205372","0.463964929","0.742885034","0.575532971","18","0.1875","1.09375","N4 P1 O6","de-protonated","0","-9999","C32 H35 O6 N4 P1","32","35","6","4","1","-9999","-9999","-9999","-9999"
"4187","601.221727","601.221759392","601.221874083","1961794","-9999","373198.7","10.49","-1","-0.190762778","0.993418755","0","0.596051253","4","0.5","1.909090909","N4 S2 O11","de-protonated","0","-9999","C22 H42 O11 N4 S2","22","42","11","4","-9999","2","-9999","-9999","-9999"
"4188","601.309744","601.309776358","601.310172569","2507664","-9999","283672.4","13.86","-1","-0.658912736","0.46212215","0.70871839","0.560760646","20","0.026315789","1.131578947","N4 P1 O1","de-protonated","0","-9999","C38 H43 O1 N4 P1","38","43","1","4","1","-9999","-9999","-9999","-9999"
"4188","601.309744","601.309776358","601.309901243","2507664","-9999","283672.4","13.86","-1","-0.207687867","0.496101948","0.767553728","0.60468266","6","0.214285714","1.785714286","N4 S2 O6","de-protonated","0","-9999","C28 H50 O6 N4 S2","28","50","6","4","-9999","2","-9999","-9999","-9999"
"4189","602.0807","602.08073206","602.080767228","3843643.8","-9999","320523.4","22.11","-1","-0.05841019","0.499690567","0.70871839","0.583301696","29","0.026315789","0.578947368","N1 S2 P1 O1","de-protonated","0","-9999","C38 H22 O1 N1 P1 S2","38","22","1","1","1","2","-9999","-9999","-9999"
"4190","602.097468","602.097500054","602.097115299","1447498.6","-9999","293064.5","7.31","-1","0.639023997","0.928583591","0.95235886300000006","0.9380937","29","0.076923077","0.564102564","13C1 S2 O3","de-protonated","1","4176","C38 H22 O3 S2 13C1","38","22","3","-9999","-9999","2","1","-9999","-9999"
"4190","602.097468","602.097500054","602.097248241","1447498.6","-9999","293064.5","7.31","-1","0.418226086","0.968760611","0.98341458","0.974622199","16","0.392857143","0.964285714","13C1 S1 P1 O11","de-protonated","1","4176","C27 H27 O11 P1 S1 13C1","27","27","11","-9999","1","1","1","-9999","-9999"
"4190","602.097468","602.097500054","602.097384587","1447498.6","-9999","293064.5","7.31","-1","0.191774883","0.993348968","0","0.596009381","16","0.481481481","0.925925926","N1 S1 O13","de-protonated","0","-9999","C27 H25 O13 N1 S1","27","25","13","1","-9999","1","-9999","-9999","-9999"
"4190","602.097468","602.097500054","602.097873844","1447498.6","-9999","293064.5","7.31","-1","-0.620813012","0.9324573","0","0.55947438","20","0.166666667","0.866666667","N3 S2 P1 O5","de-protonated","0","-9999","C30 H26 O5 N3 P1 S2","30","26","5","3","1","2","-9999","-9999","-9999"
"4190","602.097468","602.097500054","602.097004464","1447498.6","-9999","293064.5","7.31","-1","0.823106031","0.884323682","0","0.530594209","21","0.344827586","0.75862069","N3 P1 O10","de-protonated","0","-9999","C29 H22 O10 N3 P1","29","22","10","3","1","-9999","-9999","-9999","-9999"
"4190","602.097468","602.097500054","602.09758333","1447498.6","-9999","293064.5","7.31","-1","-0.138310046","0.996534964","0.95235886300000006","0.978864524","35","0.102564103","0.358974359","13C1 N4 O4","de-protonated","1","4176","C38 H14 O4 N4 13C1","38","14","4","4","-9999","-9999","1","-9999","-9999"
"4190","602.097468","602.097500054","602.097444946","1447498.6","-9999","293064.5","7.31","-1","0.091527187","0.998481118","0.913926257","0.964659174","8","0.944444444","1.444444444","13C1 N4 S1 O17","de-protonated","1","4176","C17 H26 O17 N4 S1 13C1","17","26","17","4","-9999","1","1","-9999","-9999"
"4191","602.199068","602.199100015","602.199390836","2109604.8","-9999","284695.7","11.4","-1","-0.482932657","0.958564736","0.684650292","0.848998959","9","0.481481481","1.407407407","13C1 S1 O13","de-protonated","1","4184","C26 H38 O13 S1 13C1","26","38","13","-9999","-9999","1","1","-9999","-9999"
"4191","602.199068","602.199100015","602.199147059","2109604.8","-9999","284695.7","11.4","-1","-0.078121751","0.499446615","0.767553728","0.60668946","14","0.428571429","1.178571429","N3 O12","de-protonated","0","-9999","C28 H33 O12 N3","28","33","12","3","-9999","-9999","-9999","-9999","-9999"
"4192","602.202318","602.202350013","602.202518363","1660583.9","-9999","317948.1","8.62","-1","-0.279556168","0.985919556","0","0.591551733","9","0.48","1.48","N3 S1 O12","de-protonated","0","-9999","C25 H37 O12 N3 S1","25","37","12","3","-9999","1","-9999","-9999","-9999"
"4193","602.205737","602.205769012","602.206160992","6727339","-9999","278976.8","39.91","-1","-0.65090704","0.463002255","0.742885034","0.574955366","18","0.21875","1.0625","N3 P1 O7","de-protonated","0","-9999","C32 H34 O7 N3 P1","32","34","7","3","1","-9999","-9999","-9999","-9999"
"4193","602.205737","602.205769012","602.205889666","6727339","-9999","278976.8","39.91","-1","-0.20035352","0.628227214","0.932589167","0.749971995","4","0.545454545","1.863636364","N3 S2 O12","de-protonated","0","-9999","C22 H41 O12 N3 S2","22","41","12","3","-9999","2","-9999","-9999","-9999"
"4194","602.286854","602.286885981","602.286326066","11802355","-9999","302102.1","71.25","-1","0.929648187","0.21371528","0.663215665","0.393515434","15","0.083333333","1.277777778","N1 S1 P1 O3","de-protonated","0","-9999","C36 H46 O3 N1 P1 S1","36","46","3","1","1","1","-9999","-9999","-9999"
"4194","602.286854","602.286885981","602.287174219","11802355","-9999","302102.1","71.25","-1","-0.478573662","0.652706714","0.92522835","0.761715368","16","0.205882353","1.205882353","N3 O7","de-protonated","0","-9999","C34 H41 O7 N3","34","41","7","3","-9999","-9999","-9999","-9999","-9999"
"4195","602.290625","602.290656979","602.291196971","7423734","-9999","370186.6","44.21","-1","-0.896563389","0.61653593","0.875012672","0.719926627","20","0.128205128","1.051282051","N1 O5","de-protonated","0","-9999","C39 H41 O5 N1","39","41","5","1","-9999","-9999","-9999","-9999","-9999"
"4195","602.290625","602.290656979","602.290545523","7423734","-9999","370186.6","44.21","-1","0.18505428","0.942810557","0.961002895","0.950087492","11","0.225806452","1.451612903","N3 S1 O7","de-protonated","0","-9999","C31 H45 O7 N3 S1","31","45","7","3","-9999","1","-9999","-9999","-9999"
"4196","602.293774","602.293805978","602.294188152","33572600","-9999","301166.4","205.68","-1","-0.634530868","0.617208785","0.900797169","0.730644139","20","0.052631579","1.105263158","N3 P1 O2","de-protonated","0","-9999","C38 H42 O2 N3 P1","38","42","2","3","1","-9999","-9999","-9999","-9999"
"4196","602.293774","602.293805978","602.293916826","33572600","-9999","301166.4","205.68","-1","-0.18404319","0.330869133","0.88063544","0.550775656","6","0.25","1.75","N3 S2 O7","de-protonated","0","-9999","C28 H49 O7 N3 S2","28","49","7","3","-9999","2","-9999","-9999","-9999"
"4199","603.066324","603.066355679","603.066144028","1669543.6","-9999","235740.3","8.68","-1","0.350958167","0.977898565","0","0.586739139","12","0.739130435","1.043478261","S1 O17","de-protonated","0","-9999","C23 H24 O17 S1","23","24","17","-9999","-9999","1","-9999","-9999","-9999"
"4199","603.066324","603.066355679","603.066633286","1669543.6","-9999","235740.3","8.68","-1","-0.460324525","0.962281035","0","0.577368621","16","0.346153846","0.961538462","N2 S2 P1 O9","de-protonated","0","-9999","C26 H25 O9 N2 P1 S2","26","25","9","2","1","2","-9999","-9999","-9999"
"4199","603.066324","603.066355679","603.065763906","1669543.6","-9999","235740.3","8.68","-1","0.981275251","0.839694501","0","0.5038167","17","0.56","0.84","N2 P1 O14","de-protonated","0","-9999","C25 H21 O14 N2 P1","25","21","14","2","1","-9999","-9999","-9999","-9999"
"4200","603.070305","603.070336678","603.070656038","1690027.1","-9999","403690.3","8.8","-1","-0.529556358","0.475194624","0.748902347","0.584677713","20","0.225806452","0.806451613","S2 P1 O7","de-protonated","0","-9999","C31 H25 O7 P1 S2","31","25","7","-9999","1","2","-9999","-9999","-9999"
"4200","603.070305","603.070336678","603.069786658","1690027.1","-9999","403690.3","8.8","-1","0.912033701","0.429953941","0.755017935","0.559979538","21","0.4","0.7","P1 O12","de-protonated","0","-9999","C30 H21 O12 P1","30","21","12","-9999","1","-9999","-9999","-9999","-9999"
"4200","603.070305","603.070336678","603.070852742","1690027.1","-9999","403690.3","8.8","-1","-0.855727628","0.875579445","0","0.525347667","12","0.619047619","1.142857143","N4 S2 O13","de-protonated","0","-9999","C21 H24 O13 N4 S2","21","24","13","4","-9999","2","-9999","-9999","-9999"
"4200","603.070305","603.070336678","603.069983362","1690027.1","-9999","403690.3","8.8","-1","0.585861491","0.939620413","0","0.563772248","13","0.9","1","N4 O18","de-protonated","0","-9999","C20 H20 O18 N4","20","20","18","4","-9999","-9999","-9999","-9999","-9999"
"4201","603.073473","603.073504677","603.073025019","4556206","-9999","315313","26.5","-1","0.795355015","0.445779995","0.70871839","0.550955353","29","0.105263158","0.526315789","S2 O4","de-protonated","0","-9999","C38 H20 O4 S2","38","20","4","-9999","-9999","2","-9999","-9999","-9999"
"4201","603.073473","603.073504677","603.073157961","4556206","-9999","315313","26.5","-1","0.57491437","0.470894696","0.773979033","0.592128431","16","0.444444444","0.925925926","S1 P1 O12","de-protonated","0","-9999","C27 H25 O12 P1 S1","27","25","12","-9999","1","1","-9999","-9999","-9999"
"4201","603.073473","603.073504677","603.074006114","4556206","-9999","315313","26.5","-1","-0.83146967","0.441052993","0.787157861","0.579494941","17","0.64","0.8","N2 O16","de-protonated","0","-9999","C25 H20 O16 N2","25","20","16","2","-9999","-9999","-9999","-9999","-9999"
"4201","603.073473","603.073504677","603.07349305","4556206","-9999","315313","26.5","-1","0.019278753","0.499966282","0.70871839","0.583467125","35","0.131578947","0.315789474","N4 O5","de-protonated","0","-9999","C38 H12 O5 N4","38","12","5","4","-9999","-9999","-9999","-9999","-9999"
"4202","603.102488","603.102519665","603.102667922","1749703.6","-9999","238493.3","9.17","-1","-0.245823439","0.494547551","0.672627142","0.565779387","38","0.066666667","0.355555556","O3","de-protonated","0","-9999","C45 H16 O3","45","16","3","-9999","-9999","-9999","-9999","-9999","-9999"
"4202","603.102488","603.102519665","603.102529538","1749703.6","-9999","238493.3","9.17","-1","-0.01636926","0.999951382","0","0.599970829","11","0.666666667","1.166666667","S1 O16","de-protonated","0","-9999","C24 H28 O16 S1","24","28","16","-9999","-9999","1","-9999","-9999","-9999"
"4202","603.102488","603.102519665","603.102016473","1749703.6","-9999","238493.3","9.17","-1","0.834339622","0.44067056","0.714192896","0.550079494","29","0.135135135","0.540540541","N2 S1 O5","de-protonated","0","-9999","C37 H20 O5 N2 S1","37","20","5","2","-9999","1","-9999","-9999","-9999"
"4202","603.102488","603.102519665","603.103018795","1749703.6","-9999","238493.3","9.17","-1","-0.827602709","0.441566721","0.773979033","0.574531646","15","0.296296296","1.074074074","N2 S2 P1 O8","de-protonated","0","-9999","C27 H29 O8 N2 P1 S2","27","29","8","2","1","2","-9999","-9999","-9999"
"4202","603.102488","603.102519665","603.102149415","1749703.6","-9999","238493.3","9.17","-1","0.613909565","0.466950296","0.780512821","0.592375306","16","0.5","0.961538462","N2 P1 O13","de-protonated","0","-9999","C26 H25 O13 N2 P1","26","25","13","2","1","-9999","-9999","-9999","-9999"
"4203","603.106353","603.106384664","603.106039225","1668043.1","-9999","351613.7","8.67","-1","0.572765636","0.471105451","0.68763467","0.557717139","33","0.071428571","0.476190476","S1 O3","de-protonated","0","-9999","C42 H20 O3 S1","42","20","3","-9999","-9999","1","-9999","-9999","-9999"
"4203","603.106353","603.106384664","603.106172167","1668043.1","-9999","351613.7","8.67","-1","0.352337107","0.48886325","0.748902347","0.592878889","20","0.35483871","0.806451613","P1 O11","de-protonated","0","-9999","C31 H25 O11 P1","31","25","11","-9999","1","-9999","-9999","-9999","-9999"
"4203","603.106353","603.106384664","603.105900841","1668043.1","-9999","351613.7","8.67","-1","0.802218721","0.889787876","0","0.533872725","6","0.761904762","1.523809524","S2 O16","de-protonated","0","-9999","C21 H32 O16 S2","21","32","16","-9999","-9999","2","-9999","-9999","-9999"
"4203","603.106353","603.106384664","603.106368872","1668043.1","-9999","351613.7","8.67","-1","0.026184757","0.999875599","0","0.599925359","12","0.80952381","1.142857143","N4 O17","de-protonated","0","-9999","C21 H24 O17 N4","21","24","17","4","-9999","-9999","-9999","-9999","-9999"
"4204","603.109884","603.109915662","603.109410529","5214670.5","-9999","307653.3","30.57","-1","0.837549075","0.44024172","0.703327172","0.545475901","28","0.076923077","0.615384615","S2 O3","de-protonated","0","-9999","C39 H24 O3 S2","39","24","3","-9999","-9999","2","-9999","-9999","-9999"
"4204","603.109884","603.109915662","603.10954347","5214670.5","-9999","307653.3","30.57","-1","0.61712172","0.466615381","0.767553728","0.58699072","15","0.392857143","1.035714286","S1 P1 O11","de-protonated","0","-9999","C28 H29 O11 P1 S1","28","29","11","-9999","1","1","-9999","-9999","-9999"
"4204","603.109884","603.109915662","603.110391624","5214670.5","-9999","307653.3","30.57","-1","-0.789177533","0.446572447","0.780512821","0.580148596","16","0.576923077","0.923076923","N2 O15","de-protonated","0","-9999","C26 H24 O15 N2","26","24","15","2","-9999","-9999","-9999","-9999","-9999"
"4204","603.109884","603.109915662","603.109878559","5214670.5","-9999","307653.3","30.57","-1","0.061519601","0.499656757","0.703327172","0.581124923","34","0.102564103","0.41025641","N4 O4","de-protonated","0","-9999","C39 H16 O4 N4","39","16","4","4","-9999","-9999","-9999","-9999","-9999"
"4204","603.109884","603.109915662","603.109740175","5214670.5","-9999","307653.3","30.57","-1","0.290971107","0.492377596","0.837042051","0.630243378","7","0.944444444","1.555555556","N4 S1 O17","de-protonated","0","-9999","C18 H28 O17 N4 S1","18","28","17","4","-9999","1","-9999","-9999","-9999"
"4205","603.138233","603.138264651","603.138401983","1702631.5","-9999","198779.4","8.88","-1","-0.22769444","0.495318473","0.70871839","0.58067844","28","0.105263158","0.631578947","N2 S1 O4","de-protonated","0","-9999","C38 H24 O4 N2 S1","38","24","4","2","-9999","1","-9999","-9999","-9999"
"4205","603.138233","603.138264651","603.138534924","1702631.5","-9999","198779.4","8.88","-1","-0.448110964","0.482110133","0.773979033","0.598857693","15","0.444444444","1.074074074","N2 P1 O12","de-protonated","0","-9999","C27 H29 O12 N2 P1","27","29","12","2","1","-9999","-9999","-9999","-9999"
"4205","603.138233","603.138264651","603.13802186","1702631.5","-9999","198779.4","8.88","-1","0.402546765","0.4855127","0.698017357","0.570514563","33","0.025","0.525","N4 P1 O1","de-protonated","0","-9999","C40 H21 O1 N4 P1","40","21","1","4","1","-9999","-9999","-9999","-9999"
"4205","603.138233","603.138264651","603.137750534","1702631.5","-9999","198779.4","8.88","-1","0.852404644","0.438240843","0.755017935","0.56495168","19","0.2","0.933333333","N4 S2 O6","de-protonated","0","-9999","C30 H28 O6 N4 S2","30","28","6","4","-9999","2","-9999","-9999","-9999"
"4205","603.138233","603.138264651","603.137883476","1702631.5","-9999","198779.4","8.88","-1","0.631987643","0.930091672","0","0.558055003","6","0.736842105","1.736842105","N4 S1 P1 O14","de-protonated","0","-9999","C19 H33 O14 N4 P1 S1","19","33","14","4","1","1","-9999","-9999","-9999"
"4206","603.146305","603.146336648","603.145796038","3551726.8","-9999","291671.2","20.3","-1","0.896317777","0.432176835","0.698017357","0.538513044","27","0.05","0.7","S2 O2","de-protonated","0","-9999","C40 H28 O2 S2","40","28","2","-9999","-9999","2","-9999","-9999","-9999"
"4206","603.146305","603.146336648","603.14592898","3551726.8","-9999","291671.2","20.3","-1","0.675903707","0.460224321","0.761234226","0.580628283","14","0.344827586","1.137931034","S1 P1 O10","de-protonated","0","-9999","C29 H33 O10 P1 S1","29","33","10","-9999","1","1","-9999","-9999","-9999"
"4206","603.146305","603.146336648","603.146777133","3551726.8","-9999","291671.2","20.3","-1","-0.730310793","0.453879499","0.773979033","0.581919313","15","0.518518519","1.037037037","N2 O14","de-protonated","0","-9999","C27 H28 O14 N2","27","28","14","2","-9999","-9999","-9999","-9999","-9999"
"4206","603.146305","603.146336648","603.146264069","3551726.8","-9999","291671.2","20.3","-1","0.120335072","0.498687988","0.698017357","0.578419735","33","0.075","0.5","N4 O3","de-protonated","0","-9999","C40 H20 O3 N4","40","20","3","4","-9999","-9999","-9999","-9999","-9999"
"4206","603.146305","603.146336648","603.146125684","3551726.8","-9999","291671.2","20.3","-1","0.34977275","0.489022983","0.829532115","0.625226636","6","0.842105263","1.684210526","N4 S1 O16","de-protonated","0","-9999","C19 H32 O16 N4 S1","19","32","16","4","-9999","1","-9999","-9999","-9999"
"4207","603.18234","603.182371634","603.182181547","3458574.8","-9999","288258.7","19.72","-1","0.315140308","0.491070553","0.692787115","0.571757178","26","0.024390244","0.780487805","S2 O1","de-protonated","0","-9999","C41 H32 O1 S2","41","32","1","-9999","-9999","2","-9999","-9999","-9999"
"4207","603.18234","603.182371634","603.182314489","3458574.8","-9999","288258.7","19.72","-1","0.094739662","0.499186357","0.755017935","0.601518988","13","0.3","1.233333333","S1 P1 O9","de-protonated","0","-9999","C30 H37 O9 P1 S1","30","37","9","-9999","1","1","-9999","-9999","-9999"
"4207","603.18234","603.182371634","603.182649578","3458574.8","-9999","288258.7","19.72","-1","-0.460795137","0.481102674","0.692787115","0.56577645","32","0.048780488","0.585365854","N4 O2","de-protonated","0","-9999","C41 H24 O2 N4","41","24","2","4","-9999","-9999","-9999","-9999","-9999"
"4207","603.18234","603.182371634","603.182511194","3458574.8","-9999","288258.7","19.72","-1","-0.231371432","0.495166789","0.822155738","0.625962369","5","0.75","1.8","N4 S1 O15","de-protonated","0","-9999","C20 H36 O15 N4 S1","20","36","15","4","-9999","1","-9999","-9999","-9999"
"4208","603.188437","603.188468632","603.1883261","2365972.3","-9999","292339","12.97","-1","0.236297231","0.494959856","0.677556332","0.567998446","31","0.022727273","0.659090909","P1 O1","de-protonated","0","-9999","C44 H29 O1 P1","44","29","1","-9999","1","-9999","-9999","-9999","-9999"
"4208","603.188437","603.188468632","603.188054774","2365972.3","-9999","292339","12.97","-1","0.686117519","0.459064083","0.73113591","0.567892814","17","0.176470588","1.058823529","S2 O6","de-protonated","0","-9999","C34 H36 O6 S2","34","36","6","-9999","-9999","2","-9999","-9999","-9999"
"4208","603.188437","603.188468632","603.188187716","2365972.3","-9999","292339","12.97","-1","0.465718937","0.4807046","0.800793265","0.608740066","4","0.608695652","1.782608696","S1 P1 O14","de-protonated","0","-9999","C23 H41 O14 P1 S1","23","41","14","-9999","1","1","-9999","-9999","-9999"
"4208","603.188437","603.188468632","603.189035869","2365972.3","-9999","292339","12.97","-1","-0.940396749","0.425874486","0.81490939","0.581488448","5","0.857142857","1.714285714","N2 O18","de-protonated","0","-9999","C21 H36 O18 N2","21","36","18","2","-9999","-9999","-9999","-9999","-9999"
"4208","603.188437","603.188468632","603.188522805","2365972.3","-9999","292339","12.97","-1","-0.089810659","0.499268757","0.73113591","0.592015618","23","0.205882353","0.823529412","N4 O7","de-protonated","0","-9999","C34 H28 O7 N4","34","28","7","4","-9999","-9999","-9999","-9999","-9999"
"4209","603.208734","603.208765624","603.209184142","1487910.4","-9999","359828","7.55","-1","-0.693819037","0.458179692","0.748902347","0.574468754","12","0.258064516","1.290322581","S2 O8","de-protonated","0","-9999","C31 H40 O8 S2","31","40","8","-9999","-9999","2","-9999","-9999","-9999"
"4209","603.208734","603.208765624","603.208314762","1487910.4","-9999","359828","7.55","-1","0.747439722","0.903599329","0","0.542159598","13","0.433333333","1.2","O13","de-protonated","0","-9999","C30 H36 O13","30","36","13","-9999","-9999","-9999","-9999","-9999","-9999"
"4209","603.208734","603.208765624","603.20880402","1487910.4","-9999","359828","7.55","-1","-0.06365208","0.499632557","0.736963647","0.594564993","17","0.151515152","1.121212121","N2 S1 P1 O5","de-protonated","0","-9999","C33 H37 O5 N2 P1 S1","33","37","5","2","1","1","-9999","-9999","-9999"
"4209","603.208734","603.208765624","603.209244501","1487910.4","-9999","359828","7.55","-1","-0.793881874","0.59462587200000006","0.932589167","0.72981119","4","0.545454545","1.863636364","13C1 N3 S2 O12","de-protonated","1","4193","C21 H41 O12 N3 S2 13C1","21","41","12","3","-9999","2","1","-9999","-9999"
"4210","603.21899","603.21902162","603.218699998","2843183.3","-9999","305890.6","15.92","-1","0.53317606","0.474863058","0.748902347","0.584478773","12","0.258064516","1.322580645","S1 P1 O8","de-protonated","0","-9999","C31 H41 O8 P1 S1","31","41","8","-9999","1","1","-9999","-9999","-9999"
"4210","603.21899","603.21902162","603.219548152","2843183.3","-9999","305890.6","15.92","-1","-0.872868596","0.435442354","0.761234226","0.565759103","13","0.413793103","1.24137931","N2 O12","de-protonated","0","-9999","C29 H36 O12 N2","29","36","12","2","-9999","-9999","-9999","-9999","-9999"
"4210","603.21899","603.21902162","603.219035087","2843183.3","-9999","305890.6","15.92","-1","-0.022325473","0.499954783","0.68763467","0.575026738","31","0.023809524","0.666666667","N4 O1","de-protonated","0","-9999","C42 H28 O1 N4","42","28","1","4","-9999","-9999","-9999","-9999","-9999"
"4210","603.21899","603.21902162","603.218896703","2843183.3","-9999","305890.6","15.92","-1","0.207084494","0.496124476","0.81490939","0.623638442","4","0.666666667","1.904761905","N4 S1 O14","de-protonated","0","-9999","C21 H40 O14 N4 S1","21","40","14","4","-9999","1","-9999","-9999","-9999"
"4211","603.255693","603.255724606","603.255933661","1771599.9","-9999","309839.6","9.3","-1","-0.346544356","0.489222494","0.755017935","0.59554067","12","0.366666667","1.333333333","N2 O11","de-protonated","0","-9999","C30 H40 O11 N2","30","40","11","2","-9999","-9999","-9999","-9999","-9999"
"4211","603.255693","603.255724606","603.255282212","1771599.9","-9999","309839.6","9.3","-1","0.733344165","0.907028004","0","0.544216802","3","0.590909091","2","N4 S1 O13","de-protonated","0","-9999","C22 H44 O13 N4 S1","22","44","13","4","-9999","1","-9999","-9999","-9999"
"4212","603.290546","603.290577593","603.290468696","3477103","-9999","332302.4","19.84","-1","0.180505102","0.497052732","0.6825583","0.571254959","24","0.069767442","0.930232558","O3","de-protonated","0","-9999","C43 H40 O3","43","40","3","-9999","-9999","-9999","-9999","-9999","-9999"
"4212","603.290546","603.290577593","603.290819569","3477103","-9999","332302.4","19.84","-1","-0.401093312","0.485615611","0.787157861","0.606232511","1","0.32","2.12","N2 S2 P1 O8","de-protonated","0","-9999","C25 H53 O8 N2 P1 S2","25","53","8","2","1","2","-9999","-9999","-9999"
"4212","603.290546","603.290577593","603.290529054","3477103","-9999","332302.4","19.84","-1","0.080455659","0.665884101","0.92522835","0.769621801","16","0.205882353","1.205882353","13C1 N3 O7","de-protonated","1","4194","C33 H41 O7 N3 13C1","33","41","7","3","-9999","-9999","1","-9999","-9999"
"4213","603.294348","603.294379591","603.293839999","1998450.5","-9999","275788.8","10.7","-1","0.894410289","0.432444777","0.698017357","0.538673809","19","0.075","1.1","S1 O3","de-protonated","0","-9999","C40 H44 O3 S1","40","44","3","-9999","-9999","1","-9999","-9999","-9999"
"4213","603.294348","603.294379591","603.294842321","1998450.5","-9999","275788.8","10.7","-1","-0.76700371","0.449377279","0.755017935","0.571633541","5","0.2","1.766666667","S2 P1 O6","de-protonated","0","-9999","C30 H53 O6 P1 S2","30","53","6","-9999","1","2","-9999","-9999","-9999"
"4213","603.294348","603.294379591","603.293972941","1998450.5","-9999","275788.8","10.7","-1","0.674050307","0.460433303","0.761234226","0.580753672","6","0.379310345","1.689655172","P1 O11","de-protonated","0","-9999","C29 H49 O11 P1","29","49","11","-9999","1","-9999","-9999","-9999","-9999"
"4213","603.294348","603.294379591","603.294551806","1998450.5","-9999","275788.8","10.7","-1","-0.285458126","0.65688212","0.875012672","0.744134341","20","0.128205128","1.051282051","13C1 N1 O5","de-protonated","1","4195","C38 H41 O5 N1 13C1","38","41","5","1","-9999","-9999","1","-9999","-9999"
"4213","603.294348","603.294379591","603.293900358","1998450.5","-9999","275788.8","10.7","-1","0.794361334","0.891815575","0.961002895","0.919490503","11","0.225806452","1.451612903","13C1 N3 S1 O7","de-protonated","1","4195","C30 H45 O7 N3 S1 13C1","30","45","7","3","-9999","1","1","-9999","-9999"
"4214","603.297108","603.29713959","603.297211302","10091125","-9999","307554.5","60.68","-1","-0.118867066","0.249359882","0.637928532","0.404787342","14","0.081081081","1.297297297","S2 O3","de-protonated","0","-9999","C37 H48 O3 S2","37","48","3","-9999","-9999","2","-9999","-9999","-9999"
"4214","603.297108","603.29713959","603.297344244","10091125","-9999","307554.5","60.68","-1","-0.339225593","0.489668226","0.780512821","0.606006064","1","0.423076923","2.038461538","S1 P1 O11","de-protonated","0","-9999","C26 H53 O11 P1 S1","26","53","11","-9999","1","1","-9999","-9999","-9999"
"4214","603.297108","603.29713959","603.297542987","10091125","-9999","307554.5","60.68","-1","-0.668653808","0.614718747","0.900797169","0.729150116","20","0.052631579","1.105263158","13C1 N3 P1 O2","de-protonated","1","4196","C37 H42 O2 N3 P1 13C1","37","42","2","3","1","-9999","1","-9999","-9999"
"4214","603.297108","603.29713959","603.297271661","10091125","-9999","307554.5","60.68","-1","-0.21891536","0.330447321","0.88063544","0.550522569","6","0.25","1.75","13C1 N3 S2 O7","de-protonated","1","4196","C27 H49 O7 N3 S2 13C1","27","49","7","3","-9999","2","1","-9999","-9999"
"4214","603.297108","603.29713959","603.297679333","10091125","-9999","307554.5","60.68","-1","-0.894654228","0.288273689","0.676548509","0.443583617","20","0.108108108","1.081081081","N4 O4","de-protonated","0","-9999","C37 H40 O4 N4","37","40","4","4","-9999","-9999","-9999","-9999","-9999"
"4215","604.203854","604.20388524","604.204433114","2655644.5","-9999","307374.9","14.76","-1","-0.906770764","0.430701365","0.755017935","0.560427993","12","0.266666667","1.3","N1 S2 O8","de-protonated","0","-9999","C30 H39 O8 N1 S2","30","39","8","1","-9999","2","-9999","-9999","-9999"
"4215","604.203854","604.20388524","604.203563735","2655644.5","-9999","307374.9","14.76","-1","0.532113635","0.474960586","0.761234226","0.589470042","13","0.448275862","1.206896552","N1 O13","de-protonated","0","-9999","C29 H35 O13 N1","29","35","13","1","-9999","-9999","-9999","-9999","-9999"
"4215","604.203854","604.20388524","604.204052992","2655644.5","-9999","307374.9","14.76","-1","-0.277641956","0.493055191","0.742885034","0.592987128","17","0.15625","1.125","N3 S1 P1 O5","de-protonated","0","-9999","C32 H36 O5 N3 P1 S1","32","36","5","3","1","1","-9999","-9999","-9999"
"4216","604.257848","604.257879219","604.258196566","4720076.5","-9999","319084.6","27.51","-1","-0.525185029","0.475592334","0.736963647","0.580140859","16","0.181818182","1.212121212","N3 P1 O6","de-protonated","0","-9999","C33 H40 O6 N3 P1","33","40","6","3","1","-9999","-9999","-9999","-9999"
"4216","604.257848","604.257879219","604.25792524","4720076.5","-9999","319084.6","27.51","-1","-0.076161514","0.499474023","0.800793265","0.62000172","2","0.47826087","2.043478261","N3 S2 O11","de-protonated","0","-9999","C23 H47 O11 N3 S2","23","47","11","3","-9999","2","-9999","-9999","-9999"
"4221","605.052706","605.052736911","605.052289574","2823313.5","-9999","326965.3","15.79","-1","0.739335935","0.452788464","0.714192896","0.557350237","29","0.135135135","0.486486486","S2 O5","de-protonated","0","-9999","C37 H18 O5 S2","37","18","5","-9999","-9999","2","-9999","-9999","-9999"
"4221","605.052706","605.052736911","605.052422516","2823313.5","-9999","326965.3","15.79","-1","0.519616414","0.476094675","0.780512821","0.597861933","16","0.5","0.884615385","S1 P1 O13","de-protonated","0","-9999","C26 H23 O13 P1 S1","26","23","13","-9999","1","1","-9999","-9999","-9999"
"4221","605.052706","605.052736911","605.053270669","2823313.5","-9999","326965.3","15.79","-1","-0.882166953","0.434154894","0.793917021","0.578059745","17","0.708333333","0.75","N2 O17","de-protonated","0","-9999","C24 H18 O17 N2","24","18","17","2","-9999","-9999","-9999","-9999","-9999"
"4222","605.082064","605.0820949","605.081932477","1744555.9","-9999","279463.9","9.13","-1","0.268431153","0.493505381","0.677556332","0.567125761","38","0.090909091","0.318181818","O4","de-protonated","0","-9999","C44 H14 O4","44","14","4","-9999","-9999","-9999","-9999","-9999","-9999"
"4222","605.082064","605.0820949","605.081794093","1744555.9","-9999","279463.9","9.13","-1","0.497134889","0.956146829","0","0.573688098","11","0.739130435","1.130434783","S1 O17","de-protonated","0","-9999","C23 H26 O17 S1","23","26","17","-9999","-9999","1","-9999","-9999","-9999"
"4222","605.082064","605.0820949","605.08228335","1744555.9","-9999","279463.9","9.13","-1","-0.311445376","0.491276889","0.780512821","0.606971262","15","0.346153846","1.038461538","N2 S2 P1 O9","de-protonated","0","-9999","C26 H27 O9 N2 P1 S2","26","27","9","2","1","2","-9999","-9999","-9999"
"4223","605.086156","605.086186898","605.086306102","1888431.5","-9999","458744.5","10.02","-1","-0.197002742","0.496491349","0.748902347","0.597455748","19","0.225806452","0.870967742","S2 P1 O7","de-protonated","0","-9999","C31 H27 O7 P1 S2","31","27","7","-9999","1","2","-9999","-9999","-9999"
"4223","605.086156","605.086186898","605.086774133","1888431.5","-9999","458744.5","10.02","-1","-0.970496029","0.421453048","0.748902347","0.552432767","25","0.258064516","0.612903226","N4 P1 O8","de-protonated","0","-9999","C31 H19 O8 N4 P1","31","19","8","4","1","-9999","-9999","-9999","-9999"
"4223","605.086156","605.086186898","605.086502807","1888431.5","-9999","458744.5","10.02","-1","-0.522087585","0.951744696","0","0.571046818","11","0.619047619","1.238095238","N4 S2 O13","de-protonated","0","-9999","C21 H26 O13 N4 S2","21","26","13","4","-9999","2","-9999","-9999","-9999"
"4223","605.086156","605.086186898","605.085633427","1888431.5","-9999","458744.5","10.02","-1","0.914699818","0.859148311","0","0.515488986","12","0.9","1.1","N4 O18","de-protonated","0","-9999","C20 H22 O18 N4","20","22","18","4","-9999","-9999","-9999","-9999","-9999"
"4224","605.089132","605.089162897","605.088675084","6121650","-9999","318680.5","36.16","-1","0.80618509","0.457053122","0.837248093","0.60913111","28","0.105263158","0.578947368","S2 O4","de-protonated","0","-9999","C38 H22 O4 S2","38","22","4","-9999","-9999","2","-9999","-9999","-9999"
"4224","605.089132","605.089162897","605.088808026","6121650","-9999","318680.5","36.16","-1","0.586478767","0.95765421","0.979402513","0.966353531","15","0.444444444","1","S1 P1 O12","de-protonated","0","-9999","C27 H27 O12 P1 S1","27","27","12","-9999","1","1","-9999","-9999","-9999"
"4224","605.089132","605.089162897","605.089656179","6121650","-9999","318680.5","36.16","-1","-0.815220401","0.443199563","0.787157861","0.580782882","16","0.64","0.88","N2 O16","de-protonated","0","-9999","C25 H22 O16 N2","25","22","16","2","-9999","-9999","-9999","-9999","-9999"
"4224","605.089132","605.089162897","605.089143114","6121650","-9999","318680.5","36.16","-1","0.032694056","0.66452691","0.875110615","0.748760392","34","0.131578947","0.368421053","N4 O5","de-protonated","0","-9999","C38 H14 O5 N4","38","14","5","4","-9999","-9999","-9999","-9999","-9999"
"4225","605.118326","605.118356886","605.118317987","1747660","-9999","207873.1","9.15","-1","0.064284077","0.499625227","0.672627142","0.568825993","37","0.066666667","0.4","O3","de-protonated","0","-9999","C45 H18 O3","45","18","3","-9999","-9999","-9999","-9999","-9999","-9999"
"4225","605.118326","605.118356886","605.118179602","1747660","-9999","207873.1","9.15","-1","0.292974014","0.984546229","0","0.590727737","10","0.666666667","1.25","S1 O16","de-protonated","0","-9999","C24 H30 O16 S1","24","30","16","-9999","-9999","1","-9999","-9999","-9999"
"4225","605.118326","605.118356886","605.118668859","1747660","-9999","207873.1","9.15","-1","-0.515557466","0.476457786","0.773979033","0.595466285","14","0.296296296","1.148148148","N2 S2 P1 O8","de-protonated","0","-9999","C27 H31 O8 N2 P1 S2","27","31","8","2","1","2","-9999","-9999","-9999"
"4225","605.118326","605.118356886","605.11779948","1747660","-9999","207873.1","9.15","-1","0.921153572","0.428651636","0.780512821","0.56939611","15","0.5","1.038461538","N2 P1 O13","de-protonated","0","-9999","C26 H27 O13 N2 P1","26","27","13","2","1","-9999","-9999","-9999","-9999"
"4226","605.125562","605.125592883","605.125060593","4561106.5","-9999","284410.6","26.52","-1","0.879636408","0.890662416","0.967190571","0.921273678","27","0.076923077","0.666666667","S2 O3","de-protonated","0","-9999","C39 H26 O3 S2","39","26","3","-9999","-9999","2","-9999","-9999","-9999"
"4226","605.125562","605.125592883","605.125193535","4561106.5","-9999","284410.6","26.52","-1","0.65994328","0.94053507","0.968582873","0.951754191","14","0.392857143","1.107142857","S1 P1 O11","de-protonated","0","-9999","C28 H31 O11 P1 S1","28","31","11","-9999","1","1","-9999","-9999","-9999"
"4226","605.125562","605.125592883","605.126041688","4561106.5","-9999","284410.6","26.52","-1","-0.741671708","0.883110432","0.95562378","0.912115771","15","0.576923077","1","N2 O15","de-protonated","0","-9999","C26 H26 O15 N2","26","26","15","2","-9999","-9999","-9999","-9999","-9999"
"4226","605.125562","605.125592883","605.125528624","4561106.5","-9999","284410.6","26.52","-1","0.106191826","0.998640692","0.967190571","0.986060643","33","0.102564103","0.461538462","N4 O4","de-protonated","0","-9999","C39 H18 O4 N4","39","18","4","4","-9999","-9999","-9999","-9999","-9999"
"4226","605.125562","605.125592883","605.125390239","4561106.5","-9999","284410.6","26.52","-1","0.334879048","0.987394979","0.89909455","0.952074807","6","0.944444444","1.666666667","N4 S1 O17","de-protonated","0","-9999","C18 H30 O17 N4 S1","18","30","17","4","-9999","1","-9999","-9999","-9999"
"4227","605.155226","605.155256872","605.154703496","1462509.3","-9999","286931.1","7.39","-1","0.914437009","0.429611626","0.667769153","0.524874637","36","0.043478261","0.47826087","O2","de-protonated","0","-9999","C46 H22 O2","46","22","2","-9999","-9999","-9999","-9999","-9999","-9999"
"4227","605.155226","605.155256872","605.155705817","1462509.3","-9999","286931.1","7.39","-1","-0.741868148","0.452480417","0.719752637","0.559389305","22","0.138888889","0.861111111","S1 P1 O5","de-protonated","0","-9999","C36 H31 O5 P1 S1","36","31","5","-9999","1","1","-9999","-9999","-9999"
"4227","605.155226","605.155256872","605.155054369","1462509.3","-9999","286931.1","7.39","-1","0.334629837","0.979886919","0","0.587932151","13","0.25","1.25","N2 S2 P1 O7","de-protonated","0","-9999","C28 H35 O7 N2 P1 S2","28","35","7","2","1","2","-9999","-9999","-9999"
"4228","605.161893","605.161923869","605.161446103","4013299","-9999","256050","23.14","-1","0.789486249","0.446532958","0.698017357","0.547126718","26","0.05","0.75","S2 O2","de-protonated","0","-9999","C40 H30 O2 S2","40","30","2","-9999","-9999","2","-9999","-9999","-9999"
"4228","605.161893","605.161923869","605.161579044","4013299","-9999","256050","23.14","-1","0.569806349","0.471394569","0.761234226","0.587330432","13","0.344827586","1.206896552","S1 P1 O10","de-protonated","0","-9999","C29 H35 O10 P1 S1","29","35","10","-9999","1","1","-9999","-9999","-9999"
"4228","605.161893","605.161923869","605.162427197","4013299","-9999","256050","23.14","-1","-0.831724241","0.441019111","0.773979033","0.57420308","14","0.518518519","1.111111111","N2 O14","de-protonated","0","-9999","C27 H30 O14 N2","27","30","14","2","-9999","-9999","-9999","-9999","-9999"
"4228","605.161893","605.161923869","605.161914133","4013299","-9999","256050","23.14","-1","0.016088239","0.499976518","0.698017357","0.579192854","32","0.075","0.55","N4 O3","de-protonated","0","-9999","C40 H22 O3 N4","40","22","3","4","-9999","-9999","-9999","-9999","-9999"
"4228","605.161893","605.161923869","605.161775749","4013299","-9999","256050","23.14","-1","0.244761691","0.494594294","0.829532115","0.628569422","5","0.842105263","1.789473684","N4 S1 O16","de-protonated","0","-9999","C19 H34 O16 N4 S1","19","34","16","4","-9999","1","-9999","-9999","-9999"
"4229","605.191286","605.191316858","605.191089005","1447693.4","-9999","289610.9","7.29","-1","0.376496897","0.487303807","0.662980834","0.557574618","35","0.021276596","0.553191489","O1","de-protonated","0","-9999","C47 H26 O1","47","26","1","-9999","-9999","-9999","-9999","-9999","-9999"
"4229","605.191286","605.191316858","605.190950621","1447693.4","-9999","289610.9","7.29","-1","0.605159407","0.935709926","0","0.561425956","8","0.538461538","1.461538462","S1 O14","de-protonated","0","-9999","C26 H38 O14 S1","26","38","14","-9999","-9999","1","-9999","-9999","-9999"
"4229","605.191286","605.191316858","605.191439878","1447693.4","-9999","289610.9","7.29","-1","-0.203275104","0.992530438","0","0.595518263","12","0.206896552","1.344827586","N2 S2 P1 O6","de-protonated","0","-9999","C29 H39 O6 N2 P1 S2","29","39","6","2","1","2","-9999","-9999","-9999"
"4230","605.198101","605.198131855","605.197831612","2976019.5","-9999","253530.8","16.73","-1","0.49610768","0.478161927","0.692787115","0.564012002","25","0.024390244","0.829268293","S2 O1","de-protonated","0","-9999","C41 H34 O1 S2","41","34","1","-9999","-9999","2","-9999","-9999","-9999"
"4230","605.198101","605.198131855","605.197964554","2976019.5","-9999","253530.8","16.73","-1","0.276441052","0.493114724","0.755017935","0.597876008","12","0.3","1.3","S1 P1 O9","de-protonated","0","-9999","C30 H39 O9 P1 S1","30","39","9","-9999","1","1","-9999","-9999","-9999"
"4230","605.198101","605.198131855","605.198299643","2976019.5","-9999","253530.8","16.73","-1","-0.277243604","0.493074966","0.692787115","0.572959826","31","0.048780488","0.634146341","N4 O2","de-protonated","0","-9999","C41 H26 O2 N4","41","26","2","4","-9999","-9999","-9999","-9999","-9999"
"4230","605.198101","605.198131855","605.198161258","2976019.5","-9999","253530.8","16.73","-1","-0.048583967","0.4997859","0.822155738","0.628733835","4","0.75","1.9","N4 S1 O15","de-protonated","0","-9999","C20 H38 O15 N4 S1","20","38","15","4","-9999","1","-9999","-9999","-9999"
"4231","605.234569","605.234599841","605.234350063","2663732","-9999","304388.9","14.8","-1","0.412696527","0.484784297","0.748902347","0.590431517","11","0.258064516","1.387096774","S1 P1 O8","de-protonated","0","-9999","C31 H43 O8 P1 S1","31","43","8","-9999","1","1","-9999","-9999","-9999"
"4231","605.234569","605.234599841","605.235198216","2663732","-9999","304388.9","14.8","-1","-0.988665328","0.418739674","0.761234226","0.555737495","12","0.413793103","1.310344828","N2 O12","de-protonated","0","-9999","C29 H38 O12 N2","29","38","12","2","-9999","-9999","-9999","-9999","-9999"
"4231","605.234569","605.234599841","605.234685152","2663732","-9999","304388.9","14.8","-1","-0.140954919","0.498200708","0.68763467","0.573974293","30","0.023809524","0.714285714","N4 O1","de-protonated","0","-9999","C42 H30 O1 N4","42","30","1","4","-9999","-9999","-9999","-9999","-9999"
"4231","605.234569","605.234599841","605.234546767","2663732","-9999","304388.9","14.8","-1","0.087691002","0.499302842","0.81490939","0.625545462","3","0.666666667","2","N4 S1 O14","de-protonated","0","-9999","C21 H42 O14 N4 S1","21","42","14","4","-9999","1","-9999","-9999","-9999"
"4232","606.092355","606.092385509","606.092029919","1582642.6","-9999","332111.9","8.12","-1","0.586694014","0.469726998","0.837248093","0.616735436","28","0.105263158","0.578947368","13C1 S2 O4","de-protonated","1","4224","C37 H22 O4 S2 13C1","37","22","4","-9999","-9999","2","1","-9999","-9999"
"4232","606.092355","606.092385509","606.092162861","1582642.6","-9999","332111.9","8.12","-1","0.367351451","0.975811378","0.979402513","0.977247832","15","0.444444444","1","13C1 S1 P1 O12","de-protonated","1","4224","C26 H27 O12 P1 S1 13C1","26","27","12","-9999","1","1","1","-9999","-9999"
"4232","606.092355","606.092385509","606.092299206","1582642.6","-9999","332111.9","8.12","-1","0.14239286","0.996327755","0","0.597796653","15","0.538461538","0.961538462","N1 S1 O14","de-protonated","0","-9999","C26 H25 O14 N1 S1","26","25","14","1","-9999","1","-9999","-9999","-9999"
"4232","606.092355","606.092385509","606.091786142","1582642.6","-9999","332111.9","8.12","-1","0.988905442","0.418703597","0.703327172","0.532553027","33","0.076923077","0.435897436","N3 S1 O3","de-protonated","0","-9999","C39 H17 O3 N3 S1","39","17","3","3","-9999","1","-9999","-9999","-9999"
"4232","606.092355","606.092385509","606.092788464","1582642.6","-9999","332111.9","8.12","-1","-0.664839018","0.461464809","0.761234226","0.581372576","19","0.206896552","0.896551724","N3 S2 P1 O6","de-protonated","0","-9999","C29 H26 O6 N3 P1 S2","29","26","6","3","1","2","-9999","-9999","-9999"
"4232","606.092355","606.092385509","606.091919084","1582642.6","-9999","332111.9","8.12","-1","0.769562703","0.898113554","0","0.538868132","20","0.392857143","0.785714286","N3 P1 O11","de-protonated","0","-9999","C28 H22 O11 N3 P1","28","22","11","3","1","-9999","-9999","-9999","-9999"
"4232","606.092355","606.092385509","606.09249795","1582642.6","-9999","332111.9","8.12","-1","-0.185516377","0.662516441","0.875110615","0.74755411","34","0.131578947","0.368421053","13C1 N4 O5","de-protonated","1","4224","C37 H14 O5 N4 13C1","37","14","5","4","-9999","-9999","1","-9999","-9999"
"4233","606.128816","606.128846495","606.128415428","1634899.1","-9999","324204.3","8.44","-1","0.711181178","0.912312335","0.967190571","0.93426363","27","0.076923077","0.666666667","13C1 S2 O3","de-protonated","1","4226","C38 H26 O3 S2 13C1","38","26","3","-9999","-9999","2","1","-9999","-9999"
"4233","606.128816","606.128846495","606.12854837","1634899.1","-9999","324204.3","8.44","-1","0.491851755","0.957053744","0.968582873","0.961665395","14","0.392857143","1.107142857","13C1 S1 P1 O11","de-protonated","1","4226","C27 H31 O11 P1 S1 13C1","27","31","11","-9999","1","1","1","-9999","-9999"
"4233","606.128816","606.128846495","606.128684716","1634899.1","-9999","324204.3","8.44","-1","0.266906639","0.987156934","0","0.592294161","14","0.481481481","1.074074074","N1 S1 O13","de-protonated","0","-9999","C27 H29 O13 N1 S1","27","29","13","1","-9999","1","-9999","-9999","-9999"
"4233","606.128816","606.128846495","606.129396523","1634899.1","-9999","324204.3","8.44","-1","-0.907442838","0.861212176","0.95562378","0.898976818","15","0.576923077","1","13C1 N2 O15","de-protonated","1","4226","C25 H26 O15 N2 13C1","25","26","15","2","-9999","-9999","1","-9999","-9999"
"4233","606.128816","606.128846495","606.129173973","1634899.1","-9999","324204.3","8.44","-1","-0.540276881","0.474206741","0.755017935","0.586531218","18","0.166666667","1","N3 S2 P1 O5","de-protonated","0","-9999","C30 H30 O5 N3 P1 S2","30","30","5","3","1","2","-9999","-9999","-9999"
"4233","606.128816","606.128846495","606.128304593","1634899.1","-9999","324204.3","8.44","-1","0.894038913","0.432496897","0.761234226","0.563991828","19","0.344827586","0.896551724","N3 P1 O10","de-protonated","0","-9999","C29 H26 O10 N3 P1","29","26","10","3","1","-9999","-9999","-9999","-9999"
"4233","606.128816","606.128846495","606.128883459","1634899.1","-9999","324204.3","8.44","-1","-0.060982954","0.999325434","0.967190571","0.986471489","33","0.102564103","0.461538462","13C1 N4 O4","de-protonated","1","4226","C38 H18 O4 N4 13C1","38","18","4","4","-9999","-9999","1","-9999","-9999"
"4233","606.128816","606.128846495","606.128745074","1634899.1","-9999","324204.3","8.44","-1","0.167325673","0.994932704","0.89909455","0.956597442","6","0.944444444","1.666666667","13C1 N4 S1 O17","de-protonated","1","4226","C17 H30 O17 N4 S1 13C1","17","30","17","4","-9999","1","1","-9999","-9999"
"4239","607.061349","607.061379135","607.061058648","1705366.1","-9999","313729.2","8.87","-1","0.52793206","0.950685502","0","0.570411301","11","0.818181818","1.090909091","S1 O18","de-protonated","0","-9999","C22 H24 O18 S1","22","24","18","-9999","-9999","1","-9999","-9999","-9999"
"4239","607.061349","607.061379135","607.061547905","1705366.1","-9999","313729.2","8.87","-1","-0.278011933","0.986073598","0","0.591644159","15","0.4","1","N2 S2 P1 O10","de-protonated","0","-9999","C25 H25 O10 N2 P1 S2","25","25","10","2","1","2","-9999","-9999","-9999"
"4240","607.065725","607.065755133","607.065570657","1456026","-9999","482446.5","7.33","-1","0.30388143","0.983383912","0","0.590030347","19","0.266666667","0.833333333","S2 P1 O8","de-protonated","0","-9999","C30 H25 O8 P1 S2","30","25","8","-9999","1","2","-9999","-9999","-9999"
"4240","607.065725","607.065755133","607.066038688","1456026","-9999","482446.5","7.33","-1","-0.467090363","0.96118606","0","0.576711636","25","0.3","0.566666667","N4 P1 O9","de-protonated","0","-9999","C30 H17 O9 N4 P1","30","17","9","4","1","-9999","-9999","-9999","-9999"
"4240","607.065725","607.065755133","607.065767362","1456026","-9999","482446.5","7.33","-1","-0.020143676","0.999926377","0","0.599955826","11","0.7","1.2","N4 S2 O14","de-protonated","0","-9999","C20 H24 O14 N4 S2","20","24","14","4","-9999","2","-9999","-9999","-9999"
"4241","607.068522","607.068552132","607.068072581","4464540.5","-9999","328206.8","25.91","-1","0.789946703","0.446474038","0.780512821","0.580089551","15","0.5","0.961538462","S1 P1 O13","de-protonated","0","-9999","C26 H25 O13 P1 S1","26","25","13","-9999","1","1","-9999","-9999","-9999"
"4241","607.068522","607.068552132","607.068920734","4464540.5","-9999","328206.8","25.91","-1","-0.607182702","0.467646777","0.793917021","0.598154874","16","0.708333333","0.833333333","N2 O17","de-protonated","0","-9999","C24 H20 O17 N2","24","20","17","2","-9999","-9999","-9999","-9999","-9999"
"4241","607.068522","607.068552132","607.06840767","4464540.5","-9999","328206.8","25.91","-1","0.23796742","0.494888722","0.714192896","0.582610392","34","0.162162162","0.324324324","N4 O6","de-protonated","0","-9999","C37 H12 O6 N4","37","12","6","4","-9999","-9999","-9999","-9999","-9999"
"4242","607.097761","607.097791121","607.097582542","2836407","-9999","317149.9","15.86","-1","0.343567731","0.489404877","0.677556332","0.564665459","37","0.090909091","0.363636364","O4","de-protonated","0","-9999","C44 H16 O4","44","16","4","-9999","-9999","-9999","-9999","-9999","-9999"
"4242","607.097761","607.097791121","607.097444157","2836407","-9999","317149.9","15.86","-1","0.571512156","0.471228076","0.800793265","0.603054151","10","0.739130435","1.217391304","S1 O17","de-protonated","0","-9999","C23 H28 O17 S1","23","28","17","-9999","-9999","1","-9999","-9999","-9999"
"4242","607.097761","607.097791121","607.09793341500006","2836407","-9999","317149.9","15.86","-1","-0.23438357","0.495040756","0.780512821","0.609229582","14","0.346153846","1.115384615","N2 S2 P1 O9","de-protonated","0","-9999","C26 H29 O9 N2 P1 S2","26","29","9","2","1","2","-9999","-9999","-9999"
"4243","607.101844","607.101874119","607.101956167","1803194.5","-9999","426913.6","9.48","-1","-0.135145931","0.498345715","0.748902347","0.598568368","18","0.225806452","0.935483871","S2 P1 O7","de-protonated","0","-9999","C31 H29 O7 P1 S2","31","29","7","-9999","1","2","-9999","-9999","-9999"
"4243","607.101844","607.101874119","607.102424197","1803194.5","-9999","426913.6","9.48","-1","-0.906071179","0.430800489","0.748902347","0.558041232","24","0.258064516","0.677419355","N4 P1 O8","de-protonated","0","-9999","C31 H21 O8 N4 P1","31","21","8","4","1","-9999","-9999","-9999","-9999"
"4243","607.101844","607.101874119","607.102152871","1803194.5","-9999","426913.6","9.48","-1","-0.459151475","0.96246938","0","0.577481628","10","0.619047619","1.333333333","N4 S2 O13","de-protonated","0","-9999","C21 H28 O13 N4 S2","21","28","13","4","-9999","2","-9999","-9999","-9999"
"4243","607.101844","607.101874119","607.101283491","1803194.5","-9999","426913.6","9.48","-1","0.972865709","0.842202059","0","0.505321235","11","0.9","1.2","N4 O18","de-protonated","0","-9999","C20 H24 O18 N4","20","24","18","4","-9999","-9999","-9999","-9999","-9999"
"4244","607.104783","607.104813118","607.104325148","6117309","-9999","295715.5","36.12","-1","0.80376595","0.678675619","0.863369123","0.752553021","27","0.105263158","0.631578947","S2 O4","de-protonated","0","-9999","C38 H24 O4 S2","38","24","4","-9999","-9999","2","-9999","-9999","-9999"
"4244","607.104783","607.104813118","607.10445809","6117309","-9999","295715.5","36.12","-1","0.584789075","0.936096844","0.985210443","0.955742284","14","0.444444444","1.074074074","S1 P1 O12","de-protonated","0","-9999","C27 H29 O12 P1 S1","27","29","12","-9999","1","1","-9999","-9999","-9999"
"4244","607.104783","607.104813118","607.105306243","6117309","-9999","295715.5","36.12","-1","-0.812256309","0.892154646","0.998389271","0.934648496","15","0.64","0.96","N2 O16","de-protonated","0","-9999","C25 H24 O16 N2","25","24","16","2","-9999","-9999","-9999","-9999","-9999"
"4244","607.104783","607.104813118","607.104793179","6117309","-9999","295715.5","36.12","-1","0.032842987","0.666303127","0.880918544","0.752149294","33","0.131578947","0.421052632","N4 O5","de-protonated","0","-9999","C38 H16 O5 N4","38","16","5","4","-9999","-9999","-9999","-9999","-9999"
"4245","607.134025","607.134055107","607.133968051","1673175.4","-9999","262366.8","8.68","-1","0.143388073","0.49813817","0.672627142","0.567933759","36","0.066666667","0.444444444","O3","de-protonated","0","-9999","C45 H20 O3","45","20","3","-9999","-9999","-9999","-9999","-9999","-9999"
"4245","607.134025","607.134055107","607.133829667","1673175.4","-9999","262366.8","8.68","-1","0.371318791","0.975292632","0","0.585175579","9","0.666666667","1.333333333","S1 O16","de-protonated","0","-9999","C24 H32 O16 S1","24","32","16","-9999","-9999","1","-9999","-9999","-9999"
"4245","607.134025","607.134055107","607.134318924","1673175.4","-9999","262366.8","8.68","-1","-0.434528476","0.483160002","0.773979033","0.599487614","13","0.296296296","1.222222222","N2 S2 P1 O8","de-protonated","0","-9999","C27 H33 O8 N2 P1 S2","27","33","8","2","1","2","-9999","-9999","-9999"
"4245","607.134025","607.134055107","607.133449544","1673175.4","-9999","262366.8","8.68","-1","0.997412876","0.834843464","0","0.500906078","14","0.5","1.115384615","N2 P1 O13","de-protonated","0","-9999","C26 H29 O13 N2 P1","26","29","13","2","1","-9999","-9999","-9999","-9999"
"4246","607.14117","607.141200104","607.140710658","4915165.5","-9999","303926.5","28.69","-1","0.806149809","0.908213144","0.965530477","0.931140078","26","0.076923077","0.717948718","S2 O3","de-protonated","0","-9999","C39 H28 O3 S2","39","28","3","-9999","-9999","2","-9999","-9999","-9999"
"4246","607.14117","607.141200104","607.140843599","4915165.5","-9999","303926.5","28.69","-1","0.587186057","0.953578341","0.970242966","0.960244191","13","0.392857143","1.178571429","S1 P1 O11","de-protonated","0","-9999","C28 H33 O11 P1 S1","28","33","11","-9999","1","1","-9999","-9999","-9999"
"4246","607.14117","607.141200104","607.141691753","4915165.5","-9999","303926.5","28.69","-1","-0.809775607","0.865445452","0.957283874","0.902180821","14","0.576923077","1.076923077","N2 O15","de-protonated","0","-9999","C26 H28 O15 N2","26","28","15","2","-9999","-9999","-9999","-9999","-9999"
"4246","607.14117","607.141200104","607.141178688","4915165.5","-9999","303926.5","28.69","-1","0.035273044","0.998442075","0.965530477","0.985277436","32","0.102564103","0.512820513","N4 O4","de-protonated","0","-9999","C39 H20 O4 N4","39","20","4","4","-9999","-9999","-9999","-9999","-9999"
"4246","607.14117","607.141200104","607.141040304","4915165.5","-9999","303926.5","28.69","-1","0.263201031","0.992825145","0.900754643","0.955996945","5","0.944444444","1.777777778","N4 S1 O17","de-protonated","0","-9999","C18 H32 O17 N4 S1","18","32","17","4","-9999","1","-9999","-9999","-9999"
"4247","607.143146","607.143176103","607.143212581","1547743.5","-9999","331998.8","7.9","-1","-0.060081123","0.499672616","0.725399619","0.589963417","22","0.228571429","0.8","S1 O8","de-protonated","0","-9999","C35 H28 O8 S1","35","28","8","-9999","-9999","1","-9999","-9999","-9999"
"4247","607.143146","607.143176103","607.143345523","1547743.5","-9999","331998.8","7.9","-1","-0.279043783","0.98597076","0","0.591582456","9","0.666666667","1.375","P1 O16","de-protonated","0","-9999","C24 H33 O16 P1","24","33","16","-9999","1","-9999","-9999","-9999","-9999"
"4247","607.143146","607.143176103","607.142832459","1547743.5","-9999","331998.8","7.9","-1","0.566003015","0.471764209","0.714192896","0.568735684","27","0.135135135","0.675675676","N2 P1 O5","de-protonated","0","-9999","C37 H25 O5 N2 P1","37","25","5","2","1","-9999","-9999","-9999","-9999"
"4248","607.177624","607.17765409","607.177096167","3458046.5","-9999","301431.5","19.7","-1","0.918880058","0.428977132","0.698017357","0.536593222","25","0.05","0.8","S2 O2","de-protonated","0","-9999","C40 H32 O2 S2","40","32","2","-9999","-9999","2","-9999","-9999","-9999"
"4248","607.177624","607.17765409","607.177229109","3458046.5","-9999","301431.5","19.7","-1","0.699929403","0.457472226","0.761234226","0.578977026","12","0.344827586","1.275862069","S1 P1 O10","de-protonated","0","-9999","C29 H37 O10 P1 S1","29","37","10","-9999","1","1","-9999","-9999","-9999"
"4248","607.177624","607.17765409","607.178077262","3458046.5","-9999","301431.5","19.7","-1","-0.696948705","0.457817974","0.773979033","0.584282397","13","0.518518519","1.185185185","N2 O14","de-protonated","0","-9999","C27 H32 O14 N2","27","32","14","2","-9999","-9999","-9999","-9999","-9999"
"4248","607.177624","607.17765409","607.177564198","3458046.5","-9999","301431.5","19.7","-1","0.148049402","0.498015396","0.698017357","0.578016181","31","0.075","0.6","N4 O3","de-protonated","0","-9999","C40 H24 O3 N4","40","24","3","4","-9999","-9999","-9999","-9999","-9999"
"4248","607.177624","607.17765409","607.177425813","3458046.5","-9999","301431.5","19.7","-1","0.375963755","0.48733928","0.829532115","0.624216414","4","0.842105263","1.894736842","N4 S1 O16","de-protonated","0","-9999","C19 H36 O16 N4 S1","19","36","16","4","-9999","1","-9999","-9999","-9999"
"4249","607.206508","607.206538079","607.20673907","1578008.3","-9999","266256.3","8.09","-1","-0.331009091","0.490157764","0.662980834","0.559286992","34","0.021276596","0.595744681","O1","de-protonated","0","-9999","C47 H28 O1","47","28","1","-9999","-9999","-9999","-9999","-9999","-9999"
"4249","607.206508","607.206538079","607.206600685","1578008.3","-9999","266256.3","8.09","-1","-0.103105798","0.998072914","0","0.598843748","7","0.538461538","1.538461538","S1 O14","de-protonated","0","-9999","C26 H40 O14 S1","26","40","14","-9999","-9999","1","-9999","-9999","-9999"
"4249","607.206508","607.206538079","607.206087621","1578008.3","-9999","266256.3","8.09","-1","0.741853118","0.452482248","0.703327172","0.552820217","25","0.076923077","0.820512821","N2 S1 O3","de-protonated","0","-9999","C39 H32 O3 N2 S1","39","32","3","2","-9999","1","-9999","-9999","-9999"
"4249","607.206508","607.206538079","607.207089943","1578008.3","-9999","266256.3","8.09","-1","-0.908856106","0.430405574","0.761234226","0.562737035","11","0.206896552","1.413793103","N2 S2 P1 O6","de-protonated","0","-9999","C29 H41 O6 N2 P1 S2","29","41","6","2","1","2","-9999","-9999","-9999"
"4249","607.206508","607.206538079","607.206220563","1578008.3","-9999","266256.3","8.09","-1","0.522912955","0.951595758","0","0.570957455","12","0.392857143","1.321428571","N2 P1 O11","de-protonated","0","-9999","C28 H37 O11 N2 P1","28","37","11","2","1","-9999","-9999","-9999","-9999"
"4250","607.214015","607.214045076","607.213481676","2910239","-9999","296112.6","16.31","-1","0.9278442","0.427690523","0.692787115","0.53372916","24","0.024390244","0.87804878","S2 O1","de-protonated","0","-9999","C41 H36 O1 S2","41","36","1","-9999","-9999","2","-9999","-9999","-9999"
"4250","607.214015","607.214045076","607.213614618","2910239","-9999","296112.6","16.31","-1","0.708906662","0.456423591","0.755017935","0.575861328","11","0.3","1.366666667","S1 P1 O9","de-protonated","0","-9999","C30 H41 O9 P1 S1","30","41","9","-9999","1","1","-9999","-9999","-9999"
"4250","607.214015","607.214045076","607.214462771","2910239","-9999","296112.6","16.31","-1","-0.687887754","0.458861524","0.767553728","0.582338406","12","0.464285714","1.285714286","N2 O13","de-protonated","0","-9999","C28 H36 O13 N2","28","36","13","2","-9999","-9999","-9999","-9999","-9999"
"4250","607.214015","607.214045076","607.213949707","2910239","-9999","296112.6","16.31","-1","0.157059727","0.497767035","0.692787115","0.575775067","30","0.048780488","0.682926829","N4 O2","de-protonated","0","-9999","C41 H28 O2 N4","41","28","2","4","-9999","-9999","-9999","-9999","-9999"
"4250","607.214015","607.214045076","607.213811323","2910239","-9999","296112.6","16.31","-1","0.384960425","0.486734303","0.822155738","0.620902877","3","0.75","2","N4 S1 O15","de-protonated","0","-9999","C20 H40 O15 N4 S1","20","40","15","4","-9999","1","-9999","-9999","-9999"
"4251","607.250652","607.250682062","607.250848281","1929279.6","-9999","321736.6","10.26","-1","-0.27372363","0.49324851","0.761234226","0.600442796","11","0.413793103","1.379310345","N2 O12","de-protonated","0","-9999","C29 H40 O12 N2","29","40","12","2","-9999","-9999","-9999","-9999","-9999"
"4251","607.250652","607.250682062","607.250335216","1929279.6","-9999","321736.6","10.26","-1","0.571173573","0.471261158","0.68763467","0.557810563","29","0.023809524","0.761904762","N4 O1","de-protonated","0","-9999","C42 H32 O1 N4","42","32","1","4","-9999","-9999","-9999","-9999","-9999"
"4251","607.250652","607.250682062","607.250196832","1929279.6","-9999","321736.6","10.26","-1","0.79906071","0.890604684","0","0.53436281","2","0.666666667","2.095238095","N4 S1 O14","de-protonated","0","-9999","C21 H44 O14 N4 S1","21","44","14","4","-9999","1","-9999","-9999","-9999"
"4252","608.108161","608.10819073","608.107679983","1638209","-9999","338404","8.45","-1","0.839895365","0.676292641","0.863369123","0.751123234","27","0.105263158","0.631578947","13C1 S2 O4","de-protonated","1","4244","C37 H24 O4 S2 13C1","37","24","4","-9999","-9999","2","1","-9999","-9999"
"4252","608.108161","608.10819073","608.107812925","1638209","-9999","338404","8.45","-1","0.621279786","0.932359211","0.985210443","0.953499703","14","0.444444444","1.074074074","13C1 S1 P1 O12","de-protonated","1","4244","C26 H29 O12 P1 S1 13C1","26","29","12","-9999","1","1","1","-9999","-9999"
"4252","608.108161","608.10819073","608.107949271","1638209","-9999","338404","8.45","-1","0.397066791","0.971797753","0","0.583078652","14","0.538461538","1.038461538","N1 S1 O14","de-protonated","0","-9999","C26 H27 O14 N1 S1","26","27","14","1","-9999","1","-9999","-9999","-9999"
"4252","608.108161","608.10819073","608.108661078","1638209","-9999","338404","8.45","-1","-0.77346058","0.897133954","0.998389271","0.937636081","15","0.64","0.96","13C1 N2 O16","de-protonated","1","4244","C24 H24 O16 N2 13C1","24","24","16","2","-9999","-9999","1","-9999","-9999"
"4252","608.108161","608.10819073","608.108438528","1638209","-9999","338404","8.45","-1","-0.407489622","0.485160102","0.761234226","0.595589752","18","0.206896552","0.965517241","N3 S2 P1 O6","de-protonated","0","-9999","C29 H28 O6 N3 P1 S2","29","28","6","3","1","2","-9999","-9999","-9999"
"4252","608.108161","608.10819073","608.108148014","1638209","-9999","338404","8.45","-1","0.070244367","0.666070056","0.880918544","0.752009451","33","0.131578947","0.421052632","13C1 N4 O5","de-protonated","1","4244","C37 H16 O5 N4 13C1","37","16","5","4","-9999","-9999","1","-9999","-9999"
"4253","608.144427","608.144456716","608.144065493","1746785.6","-9999","323523.6","9.12","-1","0.643307194","0.927658623","0.965530477","0.942807365","26","0.076923077","0.717948718","13C1 S2 O3","de-protonated","1","4246","C38 H28 O3 S2 13C1","38","28","3","-9999","-9999","2","1","-9999","-9999"
"4253","608.144427","608.144456716","608.144198434","1746785.6","-9999","323523.6","9.12","-1","0.424704737","0.967801141","0.970242966","0.968777871","13","0.392857143","1.178571429","13C1 S1 P1 O11","de-protonated","1","4246","C27 H33 O11 P1 S1 13C1","27","33","11","-9999","1","1","1","-9999","-9999"
"4253","608.144427","608.144456716","608.14433478","1746785.6","-9999","323523.6","9.12","-1","0.200505201","0.49636594","0.773979033","0.607411177","13","0.481481481","1.148148148","N1 S1 O13","de-protonated","0","-9999","C27 H31 O13 N1 S1","27","31","13","1","-9999","1","-9999","-9999","-9999"
"4253","608.144427","608.144456716","608.145046588","1746785.6","-9999","323523.6","9.12","-1","-0.969951907","0.843067595","0.957283874","0.888754107","14","0.576923077","1.076923077","13C1 N2 O15","de-protonated","1","4246","C25 H28 O15 N2 13C1","25","28","15","2","-9999","-9999","1","-9999","-9999"
"4253","608.144427","608.144456716","608.144824037","1746785.6","-9999","323523.6","9.12","-1","-0.604002917","0.467973689","0.755017935","0.582791388","17","0.166666667","1.066666667","N3 S2 P1 O5","de-protonated","0","-9999","C30 H32 O5 N3 P1 S2","30","32","5","3","1","2","-9999","-9999","-9999"
"4253","608.144427","608.144456716","608.143954658","1746785.6","-9999","323523.6","9.12","-1","0.825558847","0.441837522","0.761234226","0.569596203","18","0.344827586","0.965517241","N3 P1 O10","de-protonated","0","-9999","C29 H28 O10 N3 P1","29","28","10","3","1","-9999","-9999","-9999","-9999"
"4253","608.144427","608.144456716","608.144533523","1746785.6","-9999","323523.6","9.12","-1","-0.126297605","0.997109881","0.965530477","0.98447812","32","0.102564103","0.512820513","13C1 N4 O4","de-protonated","1","4246","C38 H20 O4 N4 13C1","38","20","4","4","-9999","-9999","1","-9999","-9999"
"4253","608.144427","608.144456716","608.144395139","1746785.6","-9999","323523.6","9.12","-1","0.101254295","0.998141439","0.900754643","0.959186721","5","0.944444444","1.777777778","13C1 N4 S1 O17","de-protonated","1","4246","C17 H32 O17 N4 S1 13C1","17","32","17","4","-9999","1","1","-9999","-9999"
"4257","609.048051","609.048080367","609.048185289","2207373.5","-9999","343983.7","11.96","-1","-0.172272275","0.497314743","0.800793265","0.618706152","16","0.782608696","0.782608696","N2 O18","de-protonated","0","-9999","C23 H18 O18 N2","23","18","18","2","-9999","-9999","-9999","-9999","-9999"
"4257","609.048051","609.048080367","609.048541605","2207373.5","-9999","343983.7","11.96","-1","-0.757308663","0.450583901","0.714192896","0.556027499","33","0.054054054","0.378378378","N4 S2 O2","de-protonated","0","-9999","C37 H14 O2 N4 S2","37","14","2","4","-9999","2","-9999","-9999","-9999"
"4257","609.048051","609.048080367","609.048674546","2207373.5","-9999","343983.7","11.96","-1","-0.975586175","0.420696207","0.780512821","0.564622853","20","0.384615385","0.730769231","N4 S1 P1 O10","de-protonated","0","-9999","C26 H19 O10 N4 P1 S1","26","19","10","4","1","1","-9999","-9999","-9999"
"4258","609.077083","609.077112356","609.076847097","1782439.6","-9999","244020.2","9.34","-1","0.435509659","0.483085168","0.6825583","0.562874421","37","0.11627907","0.325581395","O5","de-protonated","0","-9999","C43 H14 O5","43","14","5","-9999","-9999","-9999","-9999","-9999","-9999"
"4258","609.077083","609.077112356","609.076708712","1782439.6","-9999","244020.2","9.34","-1","0.662713373","0.923402308","0","0.554041385","10","0.818181818","1.181818182","S1 O18","de-protonated","0","-9999","C22 H26 O18 S1","22","26","18","-9999","-9999","1","-9999","-9999","-9999"
"4258","609.077083","609.077112356","609.07719797","1782439.6","-9999","244020.2","9.34","-1","-0.140563578","0.996421334","0","0.5978528","14","0.4","1.08","N2 S2 P1 O10","de-protonated","0","-9999","C25 H27 O10 N2 P1 S2","25","27","10","2","1","2","-9999","-9999","-9999"
"4259","609.08108","609.081109354","609.081220722","1517739.3","-9999","305315.3","7.7","-1","-0.182845262","0.49697605","0.755017935","0.600192804","18","0.266666667","0.9","S2 P1 O8","de-protonated","0","-9999","C30 H27 O8 P1 S2","30","27","8","-9999","1","2","-9999","-9999","-9999"
"4259","609.08108","609.081109354","609.081555811","1517739.3","-9999","305315.3","7.7","-1","-0.732999597","0.453555581","0.692787115","0.549248195","37","0.024390244","0.341463415","N4 S1 O1","de-protonated","0","-9999","C41 H14 O1 N4 S1","41","14","1","4","-9999","1","-9999","-9999","-9999"
"4259","609.08108","609.081109354","609.081688752","1517739.3","-9999","305315.3","7.7","-1","-0.951265283","0.424288717","0.755017935","0.556580404","24","0.3","0.633333333","N4 P1 O9","de-protonated","0","-9999","C30 H19 O9 N4 P1","30","19","9","4","1","-9999","-9999","-9999","-9999"
"4259","609.08108","609.081109354","609.081417426","1517739.3","-9999","305315.3","7.7","-1","-0.505797906","0.954640649","0","0.572784389","10","0.7","1.3","N4 S2 O14","de-protonated","0","-9999","C20 H26 O14 N4 S2","20","26","14","4","-9999","2","-9999","-9999","-9999"
"4260","609.084205","609.084234353","609.083722645","5180078","-9999","286433.3","30.32","-1","0.840127076","0.439896365","0.780512821","0.576142947","14","0.5","1.038461538","S1 P1 O13","de-protonated","0","-9999","C26 H27 O13 P1 S1","26","27","13","-9999","1","1","-9999","-9999","-9999"
"4260","609.084205","609.084234353","609.084570798","5180078","-9999","286433.3","30.32","-1","-0.552378864","0.473070316","0.793917021","0.601408998","15","0.708333333","0.916666667","N2 O17","de-protonated","0","-9999","C24 H22 O17 N2","24","22","17","2","-9999","-9999","-9999","-9999","-9999"
"4260","609.084205","609.084234353","609.084057734","5180078","-9999","286433.3","30.32","-1","0.289974437","0.492429328","0.714192896","0.581134755","33","0.162162162","0.378378378","N4 O6","de-protonated","0","-9999","C37 H14 O6 N4","37","14","6","4","-9999","-9999","-9999","-9999","-9999"
"4261","609.099753","609.099782347","609.100120978","1605308.1","-9999","240171.8","8.25","-1","-0.555953008","0.692694124","0.863369123","0.760964124","27","0.105263158","0.631578947","S1 34S1 O4","de-protonated","1","4244","C38 H24 O4 S1 34S1","38","24","4","-9999","-9999","1","-9999","-9999","1"
"4261","609.099753","609.099782347","609.09982694","1605308.1","-9999","240171.8","8.25","-1","-0.073210896","0.499513969","0.767553728","0.606729872","19","0.5","0.785714286","N2 O14","de-protonated","0","-9999","C28 H22 O14 N2","28","22","14","2","-9999","-9999","-9999","-9999","-9999"
"4261","609.099753","609.099782347","609.099313875","1605308.1","-9999","240171.8","8.25","-1","0.76912171","0.449112069","0.692787115","0.546582087","37","0.073170732","0.341463415","N4 O3","de-protonated","0","-9999","C41 H14 O3 N4","41","14","3","4","-9999","-9999","-9999","-9999","-9999"
"4261","609.099753","609.099782347","609.100316197","1605308.1","-9999","240171.8","8.25","-1","-0.876456767","0.434946697","0.748902347","0.560528957","23","0.193548387","0.741935484","N4 S1 P1 O6","de-protonated","0","-9999","C31 H23 O6 N4 P1 S1","31","23","6","4","1","1","-9999","-9999","-9999"
"4261","609.099753","609.099782347","609.099175491","1605308.1","-9999","240171.8","8.25","-1","0.996317119","0.835174462","0","0.501104677","10","0.8","1.3","N4 S1 O16","de-protonated","0","-9999","C20 H26 O16 N4 S1","20","26","16","4","-9999","1","-9999","-9999","-9999"
"4262","609.113259","609.113288342","609.113232606","1578696.3","-9999","270750","8.08","-1","0.091502715","0.499240965","0.677556332","0.570567112","36","0.090909091","0.409090909","O4","de-protonated","0","-9999","C44 H18 O4","44","18","4","-9999","-9999","-9999","-9999","-9999","-9999"
"4262","609.113259","609.113288342","609.113094222","1578696.3","-9999","270750","8.08","-1","0.318692779","0.981739921","0","0.589043953","9","0.739130435","1.304347826","S1 O17","de-protonated","0","-9999","C23 H30 O17 S1","23","30","17","-9999","-9999","1","-9999","-9999","-9999"
"4262","609.113259","609.113288342","609.113583479","1578696.3","-9999","270750","8.08","-1","-0.484535911","0.958294991","0","0.574976995","13","0.346153846","1.192307692","N2 S2 P1 O9","de-protonated","0","-9999","C26 H31 O9 N2 P1 S2","26","31","9","2","1","2","-9999","-9999","-9999"
"4262","609.113259","609.113288342","609.112714099","1578696.3","-9999","270750","8.08","-1","0.942752386","0.851063668","0","0.510638201","14","0.56","1.08","N2 P1 O14","de-protonated","0","-9999","C25 H27 O14 N2 P1","25","27","14","2","1","-9999","-9999","-9999","-9999"
"4263","609.120612","609.120641339","609.120108154","4675279","-9999","307905.9","27.2","-1","0.87533525","0.872699341","0.938711884","0.899104358","13","0.444444444","1.148148148","S1 P1 O12","de-protonated","0","-9999","C27 H31 O12 P1 S1","27","31","12","-9999","1","1","-9999","-9999","-9999"
"4263","609.120612","609.120641339","609.120956308","4675279","-9999","307905.9","27.2","-1","-0.517087558","0.951201107","0.925533056","0.940933887","14","0.64","1.04","N2 O16","de-protonated","0","-9999","C25 H26 O16 N2","25","26","16","2","-9999","-9999","-9999","-9999","-9999"
"4263","609.120612","609.120641339","609.120443243","4675279","-9999","307905.9","27.2","-1","0.325215455","0.981967306","0.996027472","0.987591373","32","0.131578947","0.473684211","N4 O5","de-protonated","0","-9999","C38 H18 O5 N4","38","18","5","4","-9999","-9999","-9999","-9999","-9999"
"4264","609.149716","609.149745328","609.149618115","1474793","-9999","304285","7.44","-1","0.20883551","0.49605892","0.672627142","0.566686208","35","0.066666667","0.488888889","O3","de-protonated","0","-9999","C45 H22 O3","45","22","3","-9999","-9999","-9999","-9999","-9999","-9999"
"4264","609.149716","609.149745328","609.149479731","1474793","-9999","304285","7.44","-1","0.43601203","0.966093583","0","0.57965615","8","0.666666667","1.416666667","S1 O16","de-protonated","0","-9999","C24 H34 O16 S1","24","34","16","-9999","-9999","1","-9999","-9999","-9999"
"4264","609.149716","609.149745328","609.149968988","1474793","-9999","304285","7.44","-1","-0.367168777","0.975835135","0","0.585501081","12","0.296296296","1.296296296","N2 S2 P1 O8","de-protonated","0","-9999","C27 H35 O8 N2 P1 S2","27","35","8","2","1","2","-9999","-9999","-9999"
"4265","609.15685","609.156879325","609.156360722","3863279.5","-9999","293741.9","22.19","-1","0.851345741","0.8706803","0.977920014","0.913576186","25","0.076923077","0.769230769","S2 O3","de-protonated","0","-9999","C39 H30 O3 S2","39","30","3","-9999","-9999","2","-9999","-9999","-9999"
"4265","609.15685","609.156879325","609.156493664","3863279.5","-9999","293741.9","22.19","-1","0.633106512","0.924960219","0.95785343","0.938117503","12","0.392857143","1.25","S1 P1 O11","de-protonated","0","-9999","C28 H35 O11 P1 S1","28","35","11","-9999","1","1","-9999","-9999","-9999"
"4265","609.15685","609.156879325","609.157341817","3863279.5","-9999","293741.9","22.19","-1","-0.759232788","0.906350878","0.944894337","0.921768262","13","0.576923077","1.153846154","N2 O15","de-protonated","0","-9999","C26 H30 O15 N2","26","30","15","2","-9999","-9999","-9999","-9999","-9999"
"4265","609.15685","609.156879325","609.156828753","3863279.5","-9999","293741.9","22.19","-1","0.083019709","0.997881426","0.977920014","0.989896861","31","0.102564103","0.564102564","N4 O4","de-protonated","0","-9999","C39 H22 O4 N4","39","22","4","4","-9999","-9999","-9999","-9999","-9999"
"4265","609.15685","609.156879325","609.156690368","3863279.5","-9999","293741.9","22.19","-1","0.310193512","0.98002939","0.888365107","0.943363677","4","0.944444444","1.888888889","N4 S1 O17","de-protonated","0","-9999","C18 H34 O17 N4 S1","18","34","17","4","-9999","1","-9999","-9999","-9999"
"4266","609.193555","609.193584311","609.193727326","2859792.5","-9999","282370.2","15.99","-1","-0.234762376","0.495024794","0.773979033","0.606606489","12","0.518518519","1.259259259","N2 O14","de-protonated","0","-9999","C27 H34 O14 N2","27","34","14","2","-9999","-9999","-9999","-9999","-9999"
"4266","609.193555","609.193584311","609.193214262","2859792.5","-9999","282370.2","15.99","-1","0.607440258","0.467620232","0.698017357","0.559779082","30","0.075","0.65","N4 O3","de-protonated","0","-9999","C40 H26 O3 N4","40","26","3","4","-9999","-9999","-9999","-9999","-9999"
"4266","609.193555","609.193584311","609.193075878","2859792.5","-9999","282370.2","15.99","-1","0.834600611","0.440635733","0.829532115","0.596194286","3","0.842105263","2","N4 S1 O16","de-protonated","0","-9999","C19 H38 O16 N4 S1","19","38","16","4","-9999","1","-9999","-9999","-9999"
"4267","609.23008","609.230109296","609.230112836","2112305.3","-9999","343699.5","11.38","-1","-0.005809359","0.499996938","0.767553728","0.607019654","11","0.464285714","1.357142857","N2 O13","de-protonated","0","-9999","C28 H38 O13 N2","28","38","13","2","-9999","-9999","-9999","-9999","-9999"
"4267","609.23008","609.230109296","609.229599771","2112305.3","-9999","343699.5","11.38","-1","0.836343168","0.440402995","0.692787115","0.541356643","29","0.048780488","0.731707317","N4 O2","de-protonated","0","-9999","C41 H30 O2 N4","41","30","2","4","-9999","-9999","-9999","-9999","-9999"
"4267","609.23008","609.230109296","609.230602093","2112305.3","-9999","343699.5","11.38","-1","-0.808883508","0.44402798","0.748902347","0.565977727","15","0.161290323","1.258064516","N4 S1 P1 O5","de-protonated","0","-9999","C31 H39 O5 N4 P1 S1","31","39","5","4","1","1","-9999","-9999","-9999"
"4268","609.289341","609.289370274","609.289148542","1423718.6","-9999","344410.4","7.12","-1","0.363918994","0.488127954","0.725399619","0.58303662","13","0.2","1.314285714","S1 O7","de-protonated","0","-9999","C35 H46 O7 S1","35","46","7","-9999","-9999","1","-9999","-9999","-9999"
"4268","609.289341","609.289370274","609.289281483","1423718.6","-9999","344410.4","7.12","-1","0.145727435","0.996154082","0","0.597692449","0","0.625","2.125","P1 O15","de-protonated","0","-9999","C24 H51 O15 P1","24","51","15","-9999","1","-9999","-9999","-9999","-9999"
"4268","609.289341","609.289370274","609.288768419","1423718.6","-9999","344410.4","7.12","-1","0.987798307","0.418869896","0.714192896","0.536999096","18","0.108108108","1.162162162","N2 P1 O4","de-protonated","0","-9999","C37 H43 O4 N2 P1","37","43","4","2","1","-9999","-9999","-9999","-9999"
"4269","610.123957","610.123985951","610.12346299","1884758.3","-9999","339102.6","9.97","-1","0.857140209","0.875195127","0.938711884","0.90060183","13","0.444444444","1.148148148","13C1 S1 P1 O12","de-protonated","1","4263","C26 H31 O12 P1 S1 13C1","26","31","12","-9999","1","1","1","-9999","-9999"
"4269","610.123957","610.123985951","610.12373772","1884758.3","-9999","339102.6","9.97","-1","0.406854032","0.485205669","0.662980834","0.556315735","40","0.021276596","0.361702128","N1 O1","de-protonated","0","-9999","C47 H17 O1 N1","47","17","1","1","-9999","-9999","-9999","-9999","-9999"
"4269","610.123957","610.123985951","610.123599335","1884758.3","-9999","339102.6","9.97","-1","0.633667888","0.464866423","0.780512821","0.591124982","13","0.538461538","1.115384615","N1 S1 O14","de-protonated","0","-9999","C26 H29 O14 N1 S1","26","29","14","1","-9999","1","-9999","-9999","-9999"
"4269","610.123957","610.123985951","610.124311143","1884758.3","-9999","339102.6","9.97","-1","-0.532992722","0.9497598","0.925533056","0.940069103","14","0.64","1.04","13C1 N2 O16","de-protonated","1","4263","C24 H26 O16 N2 13C1","24","26","16","2","-9999","-9999","1","-9999","-9999"
"4269","610.123957","610.123985951","610.124088593","1884758.3","-9999","339102.6","9.97","-1","-0.168230724","0.49743894","0.761234226","0.602957054","17","0.206896552","1.034482759","N3 S2 P1 O6","de-protonated","0","-9999","C29 H30 O6 N3 P1 S2","29","30","6","3","1","2","-9999","-9999","-9999"
"4269","610.123957","610.123985951","610.123798078","1884758.3","-9999","339102.6","9.97","-1","0.307925101","0.982942576","0.996027472","0.988176535","32","0.131578947","0.473684211","13C1 N4 O5","de-protonated","1","4263","C37 H18 O5 N4 13C1","37","18","5","4","-9999","-9999","1","-9999","-9999"
"4270","610.160233","610.160261937","610.159715557","1462391","-9999","318392.5","7.36","-1","0.89546998","0.864591947","0.977920014","0.909923174","25","0.076923077","0.769230769","13C1 S2 O3","de-protonated","1","4265","C38 H30 O3 S2 13C1","38","30","3","-9999","-9999","2","1","-9999","-9999"
"4270","610.160233","610.160261937","610.159848499","1462391","-9999","318392.5","7.36","-1","0.677589618","0.920067616","0.95785343","0.935181941","12","0.392857143","1.25","13C1 S1 P1 O11","de-protonated","1","4265","C27 H35 O11 P1 S1 13C1","27","35","11","-9999","1","1","1","-9999","-9999"
"4270","610.160233","610.160261937","610.159984845","1462391","-9999","318392.5","7.36","-1","0.454130663","0.963270505","0","0.577962303","12","0.481481481","1.222222222","N1 S1 O13","de-protonated","0","-9999","C27 H33 O13 N1 S1","27","33","13","1","-9999","1","-9999","-9999","-9999"
"4270","610.160233","610.160261937","610.160696652","1462391","-9999","318392.5","7.36","-1","-0.712460166","0.91201097","0.944894337","0.925164317","13","0.576923077","1.153846154","13C1 N2 O15","de-protonated","1","4265","C25 H30 O15 N2 13C1","25","30","15","2","-9999","-9999","1","-9999","-9999"
"4270","610.160233","610.160261937","610.160474102","1462391","-9999","318392.5","7.36","-1","-0.347719986","0.978300092","0","0.586980055","16","0.166666667","1.133333333","N3 S2 P1 O5","de-protonated","0","-9999","C30 H34 O5 N3 P1 S2","30","34","5","3","1","2","-9999","-9999","-9999"
"4270","610.160233","610.160261937","610.160183588","1462391","-9999","318392.5","7.36","-1","0.12840736","0.997012663","0.977920014","0.989375604","31","0.102564103","0.564102564","13C1 N4 O4","de-protonated","1","4265","C38 H22 O4 N4 13C1","38","22","4","4","-9999","-9999","1","-9999","-9999"
"4270","610.160233","610.160261937","610.160045203","1462391","-9999","318392.5","7.36","-1","0.355207605","0.977366251","0.888365107","0.941765793","4","0.944444444","1.888888889","13C1 N4 S1 O17","de-protonated","1","4265","C17 H34 O17 N4 S1 13C1","17","34","17","4","-9999","1","1","-9999","-9999"
"4273","611.063489","611.063517588","611.0629872","2619814","-9999","312596.5","14.5","-1","0.867975091","0.43611595","0.787157861","0.576532715","14","0.56","1","S1 P1 O14","de-protonated","0","-9999","C25 H25 O14 P1 S1","25","25","14","-9999","1","1","-9999","-9999","-9999"
"4273","611.063489","611.063517588","611.063835353","2619814","-9999","312596.5","14.5","-1","-0.520020495","0.476058386","0.800793265","0.605952338","15","0.782608696","0.869565217","N2 O18","de-protonated","0","-9999","C23 H20 O18 N2","23","20","18","2","-9999","-9999","-9999","-9999","-9999"
"4273","611.063489","611.063517588","611.063322289","2619814","-9999","312596.5","14.5","-1","0.319604409","0.490818136","0.719752637","0.582391936","33","0.194444444","0.333333333","N4 O7","de-protonated","0","-9999","C36 H12 O7 N4","36","12","7","4","-9999","-9999","-9999","-9999","-9999"
"4274","611.079014","611.079042582","611.079091495","2280884","-9999","336834.3","12.41","-1","-0.080043664","0.499419068","0.773979033","0.609243054","19","0.555555556","0.740740741","N2 O15","de-protonated","0","-9999","C27 H20 O15 N2","27","20","15","2","-9999","-9999","-9999","-9999","-9999"
"4274","611.079014","611.079042582","611.07857843","2280884","-9999","336834.3","12.41","-1","0.759560647","0.450304705","0.698017357","0.549389766","37","0.1","0.3","N4 O4","de-protonated","0","-9999","C40 H12 O4 N4","40","12","4","4","-9999","-9999","-9999","-9999","-9999"
"4274","611.079014","611.079042582","611.079580752","2280884","-9999","336834.3","12.41","-1","-0.880687846","0.434360349","0.755017935","0.562623383","23","0.233333333","0.7","N4 S1 P1 O7","de-protonated","0","-9999","C30 H21 O7 N4 P1 S1","30","21","7","4","1","1","-9999","-9999","-9999"
"4274","611.079014","611.079042582","611.078440046","2280884","-9999","336834.3","12.41","-1","0.986020175","0.838273461","0","0.502964077","10","0.894736842","1.263157895","N4 S1 O17","de-protonated","0","-9999","C19 H24 O17 N4 S1","19","24","17","4","-9999","1","-9999","-9999","-9999"
"4275","611.092937","611.092965576","611.092497161","2298816.5","-9999","298623","12.52","-1","0.766520764","0.449437671","0.6825583","0.542685923","36","0.11627907","0.372093023","O5","de-protonated","0","-9999","C43 H16 O5","43","16","5","-9999","-9999","-9999","-9999","-9999","-9999"
"4275","611.092937","611.092965576","611.093499483","2298816.5","-9999","298623","12.52","-1","-0.873690381","0.435328965","0.736963647","0.555982838","22","0.242424242","0.757575758","S1 P1 O8","de-protonated","0","-9999","C33 H25 O8 P1 S1","33","25","8","-9999","1","1","-9999","-9999","-9999"
"4275","611.092937","611.092965576","611.092358777","2298816.5","-9999","298623","12.52","-1","0.992975135","0.418091272","0.807789663","0.573970628","9","0.818181818","1.272727273","S1 O18","de-protonated","0","-9999","C22 H28 O18 S1","22","28","18","-9999","-9999","1","-9999","-9999","-9999"
"4275","611.092937","611.092965576","611.092848034","2298816.5","-9999","298623","12.52","-1","0.192347477","0.496654663","0.787157861","0.612855942","13","0.4","1.16","N2 S2 P1 O10","de-protonated","0","-9999","C25 H29 O10 N2 P1 S2","25","29","10","2","1","2","-9999","-9999","-9999"
"4276","611.096907","611.096935575","611.096870786","1706436.1","-9999","395659.9","8.86","-1","0.106020233","0.498981271","0.755017935","0.601395937","17","0.266666667","0.966666667","S2 P1 O8","de-protonated","0","-9999","C30 H29 O8 P1 S2","30","29","8","-9999","1","2","-9999","-9999","-9999"
"4276","611.096907","611.096935575","611.097205875","1706436.1","-9999","395659.9","8.86","-1","-0.442319625","0.48256145","0.692787115","0.566651716","36","0.024390244","0.390243902","N4 S1 O1","de-protonated","0","-9999","C41 H16 O1 N4 S1","41","16","1","4","-9999","1","-9999","-9999","-9999"
"4276","611.096907","611.096935575","611.097338817","1706436.1","-9999","395659.9","8.86","-1","-0.659865444","0.46201681","0.755017935","0.57921726","23","0.3","0.7","N4 P1 O9","de-protonated","0","-9999","C30 H21 O9 N4 P1","30","21","9","4","1","-9999","-9999","-9999","-9999"
"4276","611.096907","611.096935575","611.097067491","1706436.1","-9999","395659.9","8.86","-1","-0.215867272","0.991580376","0","0.594948226","9","0.7","1.4","N4 S2 O14","de-protonated","0","-9999","C20 H28 O14 N4 S2","20","28","14","4","-9999","2","-9999","-9999","-9999"
"4277","611.09986","611.099888574","611.09937271","5270983","-9999","302175.7","30.87","-1","0.844157373","0.439354877","0.780512821","0.575818054","13","0.5","1.115384615","S1 P1 O13","de-protonated","0","-9999","C26 H29 O13 P1 S1","26","29","13","-9999","1","1","-9999","-9999","-9999"
"4277","611.09986","611.099888574","611.100220863","5270983","-9999","302175.7","30.87","-1","-0.543755537","0.473882381","0.793917021","0.601896237","14","0.708333333","1","N2 O17","de-protonated","0","-9999","C24 H24 O17 N2","24","24","17","2","-9999","-9999","-9999","-9999","-9999"
"4277","611.09986","611.099888574","611.099707798","5270983","-9999","302175.7","30.87","-1","0.295819355","0.492123494","0.714192896","0.580951255","32","0.162162162","0.432432432","N4 O6","de-protonated","0","-9999","C37 H16 O6 N4","37","16","6","4","-9999","-9999","-9999","-9999","-9999"
"4278","611.115334","611.115362568","611.115477004","1848788.9","-9999","294576.2","9.74","-1","-0.187258227","0.496828792","0.767553728","0.605118766","18","0.5","0.857142857","N2 O14","de-protonated","0","-9999","C28 H24 O14 N2","28","24","14","2","-9999","-9999","-9999","-9999","-9999"
"4278","611.115334","611.115362568","611.11496394","1848788.9","-9999","294576.2","9.74","-1","0.652296005","0.462850211","0.692787115","0.554824972","36","0.073170732","0.390243902","N4 O3","de-protonated","0","-9999","C41 H16 O3 N4","41","16","3","4","-9999","-9999","-9999","-9999","-9999"
"4278","611.115334","611.115362568","611.115966261","1848788.9","-9999","294576.2","9.74","-1","-0.987854653","0.418861435","0.748902347","0.5508778","22","0.193548387","0.806451613","N4 S1 P1 O6","de-protonated","0","-9999","C31 H25 O6 N4 P1 S1","31","25","6","4","1","1","-9999","-9999","-9999"
"4278","611.115334","611.115362568","611.114825555","1848788.9","-9999","294576.2","9.74","-1","0.878742025","0.869260511","0","0.521556307","9","0.8","1.4","N4 S1 O16","de-protonated","0","-9999","C20 H28 O16 N4 S1","20","28","16","4","-9999","1","-9999","-9999","-9999"
"4279","611.129294","611.129322562","611.128882671","1817057.4","-9999","320648.2","9.54","-1","0.719801821","0.455136272","0.677556332","0.544104296","35","0.090909091","0.454545455","O4","de-protonated","0","-9999","C44 H20 O4","44","20","4","-9999","-9999","-9999","-9999","-9999","-9999"
"4279","611.129294","611.129322562","611.129884992","1817057.4","-9999","320648.2","9.54","-1","-0.920311592","0.428772246","0.73113591","0.549717712","21","0.205882353","0.852941176","S1 P1 O7","de-protonated","0","-9999","C34 H29 O7 P1 S1","34","29","7","-9999","1","1","-9999","-9999","-9999"
"4279","611.129294","611.129322562","611.128744286","1817057.4","-9999","320648.2","9.54","-1","0.946242699","0.850046129","0","0.510027677","8","0.739130435","1.391304348","S1 O17","de-protonated","0","-9999","C23 H32 O17 S1","23","32","17","-9999","-9999","1","-9999","-9999","-9999"
"4279","611.129294","611.129322562","611.129233543","1817057.4","-9999","320648.2","9.54","-1","0.145662747","0.498078745","0.780512821","0.611052375","12","0.346153846","1.269230769","N2 S2 P1 O9","de-protonated","0","-9999","C26 H33 O9 N2 P1 S2","26","33","9","2","1","2","-9999","-9999","-9999"
"4280","611.136243","611.13627156","611.135758219","3874279.8","-9999","298045.8","22.24","-1","0.839978056","0.43991635","0.773979033","0.573541423","12","0.444444444","1.222222222","S1 P1 O12","de-protonated","0","-9999","C27 H33 O12 P1 S1","27","33","12","-9999","1","1","-9999","-9999","-9999"
"4280","611.136243","611.13627156","611.136606372","3874279.8","-9999","298045.8","22.24","-1","-0.547852215","0.473498014","0.787157861","0.598961953","13","0.64","1.12","N2 O16","de-protonated","0","-9999","C25 H28 O16 N2","25","28","16","2","-9999","-9999","-9999","-9999","-9999"
"4280","611.136243","611.13627156","611.136093308","3874279.8","-9999","298045.8","22.24","-1","0.291672687","0.492341077","0.70871839","0.578892002","31","0.131578947","0.526315789","N4 O5","de-protonated","0","-9999","C38 H20 O5 N4","38","20","5","4","-9999","-9999","-9999","-9999","-9999"
"4281","611.151706","611.151734554","611.151862513","1582069.8","-9999","319521.1","8.09","-1","-0.20937482","0.496038619","0.761234226","0.602116862","17","0.448275862","0.965517241","N2 O13","de-protonated","0","-9999","C29 H28 O13 N2","29","28","13","2","-9999","-9999","-9999","-9999","-9999"
"4281","611.151706","611.151734554","611.151349449","1582069.8","-9999","319521.1","8.09","-1","0.630129409","0.46524378","0.68763467","0.554200136","35","0.047619048","0.476190476","N4 O2","de-protonated","0","-9999","C42 H20 O2 N4","42","20","2","4","-9999","-9999","-9999","-9999","-9999"
"4281","611.151706","611.151734554","611.151211065","1582069.8","-9999","319521.1","8.09","-1","0.856561942","0.875352511","0","0.525211507","8","0.714285714","1.523809524","N4 S1 O15","de-protonated","0","-9999","C21 H32 O15 N4 S1","21","32","15","4","-9999","1","-9999","-9999","-9999"
"4282","611.172761","611.172789545","611.172991881","2760200.5","-9999","284209.2","15.36","-1","-0.331061768","0.490154662","0.780512821","0.606297926","12","0.576923077","1.230769231","N2 O15","de-protonated","0","-9999","C26 H32 O15 N2","26","32","15","2","-9999","-9999","-9999","-9999","-9999"
"4282","611.172761","611.172789545","611.172478817","2760200.5","-9999","284209.2","15.36","-1","0.508413336","0.47709064","0.703327172","0.567585253","30","0.102564103","0.615384615","N4 O4","de-protonated","0","-9999","C39 H24 O4 N4","39","24","4","4","-9999","-9999","-9999","-9999","-9999"
"4282","611.172761","611.172789545","611.172340433","2760200.5","-9999","284209.2","15.36","-1","0.734838014","0.453333557","0.837042051","0.606816955","3","0.944444444","2","N4 S1 O17","de-protonated","0","-9999","C18 H36 O17 N4 S1","18","36","17","4","-9999","1","-9999","-9999","-9999"
"4283","611.200039","611.200067535","611.200622118","1444385.4","-9999","273250.2","7.24","-1","-0.907366822","0.430616867","0.698017357","0.537577063","29","0.025","0.725","N4 P1 O1","de-protonated","0","-9999","C40 H29 O1 N4 P1","40","29","1","4","1","-9999","-9999","-9999","-9999"
"4283","611.200039","611.200067535","611.200350792","1444385.4","-9999","273250.2","7.24","-1","-0.463443789","0.961778047","0","0.577066828","15","0.2","1.2","N4 S2 O6","de-protonated","0","-9999","C30 H36 O6 N4 S2","30","36","6","4","-9999","2","-9999","-9999","-9999"
"4283","611.200039","611.200067535","611.199481412","1444385.4","-9999","273250.2","7.24","-1","0.958971467","0.846313873","0","0.507788324","16","0.379310345","1.103448276","N4 O11","de-protonated","0","-9999","C29 H32 O11 N4","29","32","11","4","-9999","-9999","-9999","-9999","-9999"
"4283","611.200039","611.200067535","611.200483734","1444385.4","-9999","273250.2","7.24","-1","-0.680952891","0.919305135","0","0.551583081","2","0.736842105","2.157894737","N4 S1 P1 O14","de-protonated","0","-9999","C19 H41 O14 N4 P1 S1","19","41","14","4","1","1","-9999","-9999","-9999"
"4284","611.208875","611.208903531","611.208396296","2203177.3","-9999","361955.6","11.93","-1","0.829889741","0.441263105","0.698017357","0.543964806","23","0.05","0.9","S2 O2","de-protonated","0","-9999","C40 H36 O2 S2","40","36","2","-9999","-9999","2","-9999","-9999","-9999"
"4284","611.208875","611.208903531","611.208529238","2203177.3","-9999","361955.6","11.93","-1","0.612383221","0.467108911","0.761234226","0.584759037","10","0.344827586","1.413793103","S1 P1 O10","de-protonated","0","-9999","C29 H41 O10 P1 S1","29","41","10","-9999","1","1","-9999","-9999","-9999"
"4284","611.208875","611.208903531","611.209377391","2203177.3","-9999","361955.6","11.93","-1","-0.775281499","0.4483375","0.773979033","0.578594113","11","0.518518519","1.333333333","N2 O14","de-protonated","0","-9999","C27 H36 O14 N2","27","36","14","2","-9999","-9999","-9999","-9999","-9999"
"4284","611.208875","611.208903531","611.208864327","2203177.3","-9999","361955.6","11.93","-1","0.064143258","0.499626867","0.698017357","0.578983063","29","0.075","0.7","N4 O3","de-protonated","0","-9999","C40 H28 O3 N4","40","28","3","4","-9999","-9999","-9999","-9999","-9999"
"4284","611.208875","611.208903531","611.208725942","2203177.3","-9999","361955.6","11.93","-1","0.290554356","0.984798496","0","0.590879098","2","0.842105263","2.105263158","N4 S1 O16","de-protonated","0","-9999","C19 H40 O16 N4 S1","19","40","16","4","-9999","1","-9999","-9999","-9999"
"4286","613.058073","613.058100817","613.057507897","2318515.3","-9999","271187.5","12.63","-1","0.96715229","0.421948801","0.767553728","0.560190772","18","0.428571429","0.821428571","S1 P1 O12","de-protonated","0","-9999","C28 H23 O12 P1 S1","28","23","12","-9999","1","1","-9999","-9999","-9999"
"4286","613.058073","613.058100817","613.05835605","2318515.3","-9999","271187.5","12.63","-1","-0.416327736","0.484519568","0.780512821","0.602916869","19","0.615384615","0.692307692","N2 O16","de-protonated","0","-9999","C26 H18 O16 N2","26","18","16","2","-9999","-9999","-9999","-9999","-9999"
"4287","613.079192","613.079219808","613.078775649","3227846.5","-9999","272558.1","18.24","-1","0.724473487","0.454579406","0.667769153","0.539855305","40","0.02173913","0.326086957","P1 O1","de-protonated","0","-9999","C46 H15 O1 P1","46","15","1","-9999","1","-9999","-9999","-9999","-9999"
"4287","613.079192","613.079219808","613.078637265","3227846.5","-9999","272558.1","18.24","-1","0.950194172","0.424445542","0.787157861","0.56953047","13","0.56","1.08","S1 P1 O14","de-protonated","0","-9999","C25 H27 O14 P1 S1","25","27","14","-9999","1","1","-9999","-9999","-9999"
"4287","613.079192","613.079219808","613.079485418","3227846.5","-9999","272558.1","18.24","-1","-0.433238149","0.483258175","0.800793265","0.610272211","14","0.782608696","0.956521739","N2 O18","de-protonated","0","-9999","C23 H22 O18 N2","23","22","18","2","-9999","-9999","-9999","-9999","-9999"
"4287","613.079192","613.079219808","613.078972354","3227846.5","-9999","272558.1","18.24","-1","0.403626351","0.485436034","0.719752637","0.579162675","32","0.194444444","0.388888889","N4 O7","de-protonated","0","-9999","C36 H14 O7 N4","36","14","7","4","-9999","-9999","-9999","-9999","-9999"
"4288","613.091294","613.091321804","613.091391483","1470673.4","-9999","381394.2","7.39","-1","-0.113651523","0.498829516","0.736963647","0.594083168","21","0.181818182","0.818181818","S2 P1 O6","de-protonated","0","-9999","C33 H27 O6 P1 S2","33","27","6","-9999","1","2","-9999","-9999","-9999"
"4288","613.091294","613.091321804","613.091859513","1470673.4","-9999","381394.2","7.39","-1","-0.877045441","0.43486524","0.736963647","0.555704603","27","0.212121212","0.575757576","N4 P1 O7","de-protonated","0","-9999","C33 H19 O7 N4 P1","33","19","7","4","1","-9999","-9999","-9999","-9999"
"4288","613.091294","613.091321804","613.091588187","1470673.4","-9999","381394.2","7.39","-1","-0.434491788","0.966325594","0","0.579795356","13","0.52173913","1.130434783","N4 S2 O12","de-protonated","0","-9999","C23 H26 O12 N4 S2","23","26","12","4","-9999","2","-9999","-9999","-9999"
"4288","613.091294","613.091321804","613.090718807","1470673.4","-9999","381394.2","7.39","-1","0.983535701","0.839018082","0","0.503410849","14","0.772727273","1","N4 O17","de-protonated","0","-9999","C22 H22 O17 N4","22","22","17","4","-9999","-9999","-9999","-9999","-9999"
"4289","613.094609","613.094636802","613.094741559","3091668.5","-9999","320797.8","17.4","-1","-0.17086539","0.497358308","0.773979033","0.608006598","18","0.555555556","0.814814815","N2 O15","de-protonated","0","-9999","C27 H22 O15 N2","27","22","15","2","-9999","-9999","-9999","-9999","-9999"
"4289","613.094609","613.094636802","613.094228495","3091668.5","-9999","320797.8","17.4","-1","0.665978506","0.461337851","0.698017357","0.556009653","36","0.1","0.35","N4 O4","de-protonated","0","-9999","C40 H14 O4 N4","40","14","4","4","-9999","-9999","-9999","-9999","-9999"
"4289","613.094609","613.094636802","613.095230816","3091668.5","-9999","320797.8","17.4","-1","-0.968877251","0.421693194","0.755017935","0.55502309","22","0.233333333","0.766666667","N4 S1 P1 O7","de-protonated","0","-9999","C30 H23 O7 N4 P1 S1","30","23","7","4","1","1","-9999","-9999","-9999"
"4289","613.094609","613.094636802","613.09409011","3091668.5","-9999","320797.8","17.4","-1","0.891693489","0.432825703","0.829532115","0.591508268","9","0.894736842","1.368421053","N4 S1 O17","de-protonated","0","-9999","C19 H26 O17 N4 S1","19","26","17","4","-9999","1","-9999","-9999","-9999"
"4290","613.115643","613.115670794","613.115870927","3530983.5","-9999","286212.9","20.11","-1","-0.326419316","0.490426205","0.793917021","0.611822531","13","0.708333333","1.083333333","N2 O17","de-protonated","0","-9999","C24 H26 O17 N2","24","26","17","2","-9999","-9999","-9999","-9999","-9999"
"4290","613.115643","613.115670794","613.116227243","3530983.5","-9999","286212.9","20.11","-1","-0.907574223","0.430587456","0.70871839","0.54183983","30","0.026315789","0.578947368","N4 S2 O1","de-protonated","0","-9999","C38 H22 O1 N4 S2","38","22","1","4","-9999","2","-9999","-9999","-9999"
"4290","613.115643","613.115670794","613.115357863","3530983.5","-9999","286212.9","20.11","-1","0.510395609","0.476915844","0.714192896","0.571826665","31","0.162162162","0.486486486","N4 O6","de-protonated","0","-9999","C37 H18 O6 N4","37","18","6","4","-9999","-9999","-9999","-9999","-9999"
"4291","613.131135","613.131162788","613.131127068","2590453.5","-9999","285940.9","14.31","-1","0.058258105","0.499692176","0.767553728","0.606836797","17","0.5","0.928571429","N2 O14","de-protonated","0","-9999","C28 H26 O14 N2","28","26","14","2","-9999","-9999","-9999","-9999","-9999"
"4291","613.131135","613.131162788","613.130614004","2590453.5","-9999","285940.9","14.31","-1","0.895052531","0.432354608","0.692787115","0.53652761","35","0.073170732","0.43902439","N4 O3","de-protonated","0","-9999","C41 H18 O3 N4","41","18","3","4","-9999","-9999","-9999","-9999","-9999"
"4291","613.131135","613.131162788","613.131616326","2590453.5","-9999","285940.9","14.31","-1","-0.739706582","0.452743427","0.748902347","0.571206995","21","0.193548387","0.870967742","N4 S1 P1 O6","de-protonated","0","-9999","C31 H27 O6 N4 P1 S1","31","27","6","4","1","1","-9999","-9999","-9999"
"4292","613.151995","613.15202278","613.152256437","2686216.5","-9999","252232.5","14.9","-1","-0.38107381","0.48699732","0.787157861","0.607061536","12","0.64","1.2","N2 O16","de-protonated","0","-9999","C25 H30 O16 N2","25","30","16","2","-9999","-9999","-9999","-9999","-9999"
"4292","613.151995","613.15202278","613.151743372","2686216.5","-9999","252232.5","14.9","-1","0.455691412","0.481511172","0.70871839","0.572394059","30","0.131578947","0.578947368","N4 O5","de-protonated","0","-9999","C38 H22 O5 N4","38","22","5","4","-9999","-9999","-9999","-9999","-9999"
"4293","613.167378","613.167405774","613.167512578","1920534.6","-9999","239043.5","10.17","-1","-0.174183239","0.497255004","0.761234226","0.602846693","16","0.448275862","1.034482759","N2 O13","de-protonated","0","-9999","C29 H30 O13 N2","29","30","13","2","-9999","-9999","-9999","-9999","-9999"
"4293","613.167378","613.167405774","613.166999514","1920534.6","-9999","239043.5","10.17","-1","0.662561336","0.461718034","0.68763467","0.552084688","34","0.047619048","0.523809524","N4 O2","de-protonated","0","-9999","C42 H22 O2 N4","42","22","2","4","-9999","-9999","-9999","-9999","-9999"
"4293","613.167378","613.167405774","613.168001835","1920534.6","-9999","239043.5","10.17","-1","-0.972100389","0.42121478","0.742885034","0.549882882","20","0.15625","0.96875","N4 S1 P1 O5","de-protonated","0","-9999","C32 H31 O5 N4 P1 S1","32","31","5","4","1","1","-9999","-9999","-9999"
"4293","613.167378","613.167405774","613.166861129","1920534.6","-9999","239043.5","10.17","-1","0.888249531","0.866614796","0","0.519968878","7","0.714285714","1.619047619","N4 S1 O15","de-protonated","0","-9999","C21 H34 O15 N4 S1","21","34","15","4","-9999","1","-9999","-9999","-9999"
"4294","613.188527","613.188554766","613.188641946","1775401.6","-9999","367308.6","9.27","-1","-0.14217442","0.498169496","0.780512821","0.611106826","11","0.576923077","1.307692308","N2 O15","de-protonated","0","-9999","C26 H34 O15 N2","26","34","15","2","-9999","-9999","-9999","-9999","-9999"
"4294","613.188527","613.188554766","613.188128882","1775401.6","-9999","367308.6","9.27","-1","0.69454135","0.458096329","0.703327172","0.556188666","29","0.102564103","0.666666667","N4 O4","de-protonated","0","-9999","C39 H26 O4 N4","39","26","4","4","-9999","-9999","-9999","-9999","-9999"
"4294","613.188527","613.188554766","613.189131203","1775401.6","-9999","367308.6","9.27","-1","-0.940064101","0.425922827","0.761234226","0.560047386","15","0.24137931","1.206896552","N4 S1 P1 O7","de-protonated","0","-9999","C29 H35 O7 N4 P1 S1","29","35","7","4","1","1","-9999","-9999","-9999"
"4294","613.188527","613.188554766","613.187990497","1775401.6","-9999","367308.6","9.27","-1","0.920221774","0.857570215","0","0.514542129","2","0.944444444","2.111111111","N4 S1 O17","de-protonated","0","-9999","C18 H38 O17 N4 S1","18","38","17","4","-9999","1","-9999","-9999","-9999"
"4295","613.203879","613.20390676","613.203898087","1686327.6","-9999","255292.6","8.72","-1","0.014143804","0.499981851","0.755017935","0.601996285","15","0.4","1.133333333","N2 O12","de-protonated","0","-9999","C30 H34 O12 N2","30","34","12","2","-9999","-9999","-9999","-9999","-9999"
"4295","613.203879","613.20390676","613.203385023","1686327.6","-9999","255292.6","8.72","-1","0.850838888","0.438452959","0.6825583","0.536095095","33","0.023255814","0.604651163","N4 O1","de-protonated","0","-9999","C43 H26 O1 N4","43","26","1","4","-9999","-9999","-9999","-9999","-9999"
"4295","613.203879","613.20390676","613.204387345","1686327.6","-9999","255292.6","8.72","-1","-0.783726151","0.447267779","0.736963647","0.563146127","19","0.121212121","1.060606061","N4 S1 P1 O4","de-protonated","0","-9999","C33 H35 O4 N4 P1 S1","33","35","4","4","1","1","-9999","-9999","-9999"
"4296","613.269863","613.269890735","613.269947726","2320243.5","-9999","272853.1","12.64","-1","-0.092930092","0.499217118","0.692787115","0.576645117","21","0.024390244","1.048780488","S1 P1 O1","de-protonated","0","-9999","C41 H43 O1 P1 S1","41","43","1","-9999","1","1","-9999","-9999","-9999"
"4296","613.269863","613.269890735","613.269296277","2320243.5","-9999","272853.1","12.64","-1","0.969325305","0.421626751","0.736963647","0.54776151","12","0.090909091","1.424242424","N2 S2 P1 O3","de-protonated","0","-9999","C33 H47 O3 N2 P1 S2","33","47","3","2","1","2","-9999","-9999","-9999"
"4296","613.269863","613.269890735","613.27014443","2320243.5","-9999","272853.1","12.64","-1","-0.41367695","0.484713035","0.748902347","0.59038876","13","0.225806452","1.35483871","N4 S1 O7","de-protonated","0","-9999","C31 H42 O7 N4 S1","31","42","7","4","-9999","1","-9999","-9999","-9999"
"4296","613.269863","613.269890735","613.270277372","2320243.5","-9999","272853.1","12.64","-1","-0.630451967","0.465209456","0.822155738","0.607987969","0","0.75","2.35","N4 P1 O15","de-protonated","0","-9999","C20 H47 O15 N4 P1","20","47","15","4","1","-9999","-9999","-9999","-9999"
"4297","613.277111","613.277138732","613.277538486","6475130","-9999","280628.2","38.29","-1","-0.65183187","0.62360232","0.935134132","0.748215045","12","0.151515152","1.393939394","N2 S2 O5","de-protonated","0","-9999","C33 H46 O5 N2 S2","33","46","5","2","-9999","2","-9999","-9999","-9999"
"4297","613.277111","613.277138732","613.276669106","6475130","-9999","280628.2","38.29","-1","0.765765354","0.887156462","0.986648506","0.926953279","13","0.3125","1.3125","N2 O10","de-protonated","0","-9999","C32 H42 O10 N2","32","42","10","2","-9999","-9999","-9999","-9999","-9999"
"4297","613.277111","613.277138732","613.277158363","6475130","-9999","280628.2","38.29","-1","-0.032010526","0.999575408","0.96916309","0.987410481","17","0.057142857","1.228571429","N4 S1 P1 O2","de-protonated","0","-9999","C35 H43 O2 N4 P1 S1","35","43","2","4","1","1","-9999","-9999","-9999"
"4298","614.280523","614.280550344","614.280893321","2087177.9","-9999","327566.4","11.19","-1","-0.55833873999999994","0.630003243","0.935134132","0.752055599","12","0.151515152","1.393939394","13C1 N2 S2 O5","de-protonated","1","4297","C32 H46 O5 N2 S2 13C1","32","46","5","2","-9999","2","1","-9999","-9999"
"4298","614.280523","614.280550344","614.280023941","2087177.9","-9999","327566.4","11.19","-1","0.856943135","0.875248772","0.986648506","0.919808666","13","0.3125","1.3125","13C1 N2 O10","de-protonated","1","4297","C31 H42 O10 N2 13C1","31","42","10","2","-9999","-9999","1","-9999","-9999"
"4298","614.280523","614.280550344","614.280513198","2087177.9","-9999","327566.4","11.19","-1","0.060470256","0.999336725","0.96916309","0.987267271","17","0.057142857","1.228571429","13C1 N4 S1 P1 O2","de-protonated","1","4297","C34 H43 O2 N4 P1 S1 13C1","34","43","2","4","1","1","1","-9999","-9999"
"4300","615.037471","615.03749805099994","615.037620605","1420731.4","-9999","316081.6","7.07","-1","-0.199261821","0.99282142","0","0.595692852","19","0.68","0.64","N2 O17","de-protonated","0","-9999","C25 H16 O17 N2","25","16","17","2","-9999","-9999","-9999","-9999","-9999"
"4300","615.037471","615.03749805099994","615.037976921","1420731.4","-9999","316081.6","7.07","-1","-0.778600922","0.447918092","0.703327172","0.550081724","36","0.025641026","0.307692308","N4 S2 O1","de-protonated","0","-9999","C39 H12 O1 N4 S2","39","12","1","4","-9999","2","-9999","-9999","-9999"
"4300","615.037471","615.03749805099994","615.038109862","1420731.4","-9999","316081.6","7.07","-1","-0.994752774","0.835646604","0","0.501387962","23","0.321428571","0.607142857","N4 S1 P1 O9","de-protonated","0","-9999","C28 H17 O9 N4 P1 S1","28","17","9","4","1","1","-9999","-9999","-9999"
"4301","615.073997","615.074024037","615.074006114","2957276.8","-9999","318150.1","16.56","-1","0.029139604","0.49992297","0.780512821","0.61215891","18","0.615384615","0.769230769","N2 O16","de-protonated","0","-9999","C26 H20 O16 N2","26","20","16","2","-9999","-9999","-9999","-9999","-9999"
"4301","615.073997","615.074024037","615.07349305","2957276.8","-9999","318150.1","16.56","-1","0.86329076","0.436758175","0.703327172","0.543385774","36","0.128205128","0.307692308","N4 O5","de-protonated","0","-9999","C39 H12 O5 N4","39","12","5","4","-9999","-9999","-9999","-9999","-9999"
"4301","615.073997","615.074024037","615.074495372","2957276.8","-9999","318150.1","16.56","-1","-0.766304472","0.449464709","0.761234226","0.574172516","22","0.275862069","0.724137931","N4 S1 P1 O8","de-protonated","0","-9999","C29 H21 O8 N4 P1 S1","29","21","8","4","1","1","-9999","-9999","-9999"
"4302","615.095057","615.095084029","615.095135482","2135024","-9999","263414.9","11.48","-1","-0.08365078","0.499365564","0.800793265","0.619936644","13","0.782608696","1.043478261","N2 O18","de-protonated","0","-9999","C23 H24 O18 N2","23","24","18","2","-9999","-9999","-9999","-9999","-9999"
"4302","615.095057","615.095084029","615.095491798","2135024","-9999","263414.9","11.48","-1","-0.662935778","0.461676455","0.714192896","0.562683032","30","0.054054054","0.540540541","N4 S2 O2","de-protonated","0","-9999","C37 H20 O2 N4 S2","37","20","2","4","-9999","2","-9999","-9999","-9999"
"4302","615.095057","615.095084029","615.094622418","2135024","-9999","263414.9","11.48","-1","0.750471627","0.451427511","0.719752637","0.558757561","31","0.194444444","0.444444444","N4 O7","de-protonated","0","-9999","C36 H16 O7 N4","36","16","7","4","-9999","-9999","-9999","-9999","-9999"
"4302","615.095057","615.095084029","615.09562474","2135024","-9999","263414.9","11.48","-1","-0.879067443","0.434585146","0.780512821","0.572956216","17","0.384615385","0.961538462","N4 S1 P1 O10","de-protonated","0","-9999","C26 H25 O10 N4 P1 S1","26","25","10","4","1","1","-9999","-9999","-9999"
"4303","615.110251","615.110278023","615.110391624","3501053.8","-9999","313213.7","19.92","-1","-0.184682869","0.496915151","0.773979033","0.607740704","17","0.555555556","0.888888889","N2 O15","de-protonated","0","-9999","C27 H24 O15 N2","27","24","15","2","-9999","-9999","-9999","-9999","-9999"
"4303","615.110251","615.110278023","615.109878559","3501053.8","-9999","313213.7","19.92","-1","0.649418766","0.463164865","0.698017357","0.557105862","35","0.1","0.4","N4 O4","de-protonated","0","-9999","C40 H16 O4 N4","40","16","4","4","-9999","-9999","-9999","-9999","-9999"
"4303","615.110251","615.110278023","615.110880881","3501053.8","-9999","313213.7","19.92","-1","-0.980079723","0.420025921","0.755017935","0.554022727","21","0.233333333","0.833333333","N4 S1 P1 O7","de-protonated","0","-9999","C30 H25 O7 N4 P1 S1","30","25","7","4","1","1","-9999","-9999","-9999"
"4303","615.110251","615.110278023","615.109740175","3501053.8","-9999","313213.7","19.92","-1","0.874394101","0.435231806","0.829532115","0.592951929","8","0.894736842","1.473684211","N4 S1 O17","de-protonated","0","-9999","C19 H28 O17 N4 S1","19","28","17","4","-9999","1","-9999","-9999","-9999"
"4304","615.118934","615.11896102","615.118926385","1617413.5","-9999","272103.2","8.29","-1","0.05630609","0.499712452","0.698017357","0.579034414","29","0.075","0.625","S1 P1 O3","de-protonated","0","-9999","C40 H25 O3 P1 S1","40","25","3","-9999","1","1","-9999","-9999","-9999"
"4304","615.118934","615.11896102","615.118788001","1617413.5","-9999","272103.2","8.29","-1","0.281277982","0.985746821","0","0.591448093","2","0.842105263","1.947368421","S2 P1 O16","de-protonated","0","-9999","C19 H37 O16 P1 S2","19","37","16","-9999","1","2","-9999","-9999","-9999"
"4304","615.118934","615.11896102","615.119123089","1617413.5","-9999","272103.2","8.29","-1","-0.263476687","0.493741419","0.755017935","0.598252025","21","0.3","0.8","N4 S1 O9","de-protonated","0","-9999","C30 H24 O9 N4 S1","30","24","9","4","-9999","1","-9999","-9999","-9999"
"4304","615.118934","615.11896102","615.119256031","1617413.5","-9999","272103.2","8.29","-1","-0.479600136","0.959122808","0","0.575473685","8","0.894736842","1.526315789","N4 P1 O17","de-protonated","0","-9999","C19 H29 O17 N4 P1","19","29","17","4","1","-9999","-9999","-9999","-9999"
"4305","615.131468","615.131495015","615.131520992","2165265","-9999","310402.8","11.67","-1","-0.042229366","0.499838236","0.793917021","0.61746975","12","0.708333333","1.166666667","N2 O17","de-protonated","0","-9999","C24 H28 O17 N2","24","28","17","2","-9999","-9999","-9999","-9999","-9999"
"4305","615.131468","615.131495015","615.131877307","2165265","-9999","310402.8","11.67","-1","-0.621480122","0.466158546","0.70871839","0.563182483","29","0.026315789","0.631578947","N4 S2 O1","de-protonated","0","-9999","C38 H24 O1 N4 S2","38","24","1","4","-9999","2","-9999","-9999","-9999"
"4305","615.131468","615.131495015","615.131007927","2165265","-9999","310402.8","11.67","-1","0.791843737","0.44623101","0.714192896","0.553415765","30","0.162162162","0.540540541","N4 O6","de-protonated","0","-9999","C37 H20 O6 N4","37","20","6","4","-9999","-9999","-9999","-9999","-9999"
"4305","615.131468","615.131495015","615.132010249","2165265","-9999","310402.8","11.67","-1","-0.837599012","0.440235038","0.773979033","0.573732636","16","0.333333333","1.074074074","N4 S1 P1 O9","de-protonated","0","-9999","C27 H29 O9 N4 P1 S1","27","29","9","4","1","1","-9999","-9999","-9999"
"4306","615.139049","615.139076012","615.139053431","1653784","-9999","224126","8.51","-1","0.036708294","0.499877764","0.662980834","0.565118992","38","0.042553191","0.425531915","O2","de-protonated","0","-9999","C47 H20 O2","47","20","2","-9999","-9999","-9999","-9999","-9999","-9999"
"4306","615.139049","615.139076012","615.138915047","1653784","-9999","224126","8.51","-1","0.261672821","0.987652588","0","0.592591553","11","0.576923077","1.230769231","S1 O15","de-protonated","0","-9999","C26 H32 O15 S1","26","32","15","-9999","-9999","1","-9999","-9999","-9999"
"4306","615.139049","615.139076012","615.139404304","1653784","-9999","224126","8.51","-1","-0.533687506","0.474816045","0.761234226","0.589383318","15","0.24137931","1.137931034","N2 S2 P1 O7","de-protonated","0","-9999","C29 H33 O7 N2 P1 S2","29","33","7","2","1","2","-9999","-9999","-9999"
"4306","615.139049","615.139076012","615.138534924","1653784","-9999","224126","8.51","-1","0.879619182","0.434508637","0.767553728","0.567726674","16","0.428571429","1.035714286","N2 P1 O12","de-protonated","0","-9999","C28 H29 O12 N2 P1","28","29","12","2","1","-9999","-9999","-9999","-9999"
"4307","615.146574","615.146601009","615.146777133","3071007","-9999","297810.7","16.21","-1","-0.28631174","0.492617962","0.767553728","0.602592268","16","0.5","1","N2 O14","de-protonated","0","-9999","C28 H28 O14 N2","28","28","14","2","-9999","-9999","-9999","-9999","-9999"
"4307","615.146574","615.146601009","615.146264069","3071007","-9999","297810.7","16.21","-1","0.547740474","0.473508532","0.692787115","0.561219965","34","0.073170732","0.487804878","N4 O3","de-protonated","0","-9999","C41 H20 O3 N4","41","20","3","4","-9999","-9999","-9999","-9999","-9999"
"4307","615.146574","615.146601009","615.146125684","3071007","-9999","297810.7","16.21","-1","0.772702478","0.448662391","0.822155738","0.59805973","7","0.8","1.6","N4 S1 O16","de-protonated","0","-9999","C20 H32 O16 N4 S1","20","32","16","4","-9999","1","-9999","-9999","-9999"
"4308","615.167705","615.167732001","615.167906501","1487410.1","-9999","335113","7.03","-1","-0.283662348","0.985505919","0","0.591303551","11","0.64","1.28","N2 O16","de-protonated","0","-9999","C25 H32 O16 N2","25","32","16","2","-9999","-9999","-9999","-9999","-9999"
"4308","615.167705","615.167732001","615.167393437","1487410.1","-9999","335113","7.03","-1","0.55036122","0.473261339","0.70871839","0.567444159","29","0.131578947","0.631578947","N4 O5","de-protonated","0","-9999","C38 H24 O5 N4","38","24","5","4","-9999","-9999","-9999","-9999","-9999"
"4309","615.183184","615.183210995","615.183162642","2015808.3","-9999","274831.5","10.09","-1","0.078598954","0.499439838","0.761234226","0.604157593","15","0.448275862","1.103448276","N2 O13","de-protonated","0","-9999","C29 H32 O13 N2","29","32","13","2","-9999","-9999","-9999","-9999","-9999"
"4309","615.183184","615.183210995","615.182649578","2015808.3","-9999","274831.5","10.09","-1","0.912602141","0.429873032","0.68763467","0.532977687","33","0.047619048","0.571428571","N4 O2","de-protonated","0","-9999","C42 H24 O2 N4","42","24","2","4","-9999","-9999","-9999","-9999","-9999"
"4309","615.183184","615.183210995","615.1836519","2015808.3","-9999","274831.5","10.09","-1","-0.716704021","0.45550392","0.742885034","0.570456365","19","0.15625","1.03125","N4 S1 P1 O5","de-protonated","0","-9999","C32 H33 O5 N4 P1 S1","32","33","5","4","1","1","-9999","-9999","-9999"
"4310","615.219122","615.219148981","615.218699998","1594976.9","-9999","355967.5","7.65","-1","0.729793617","0.453941693","0.742885034","0.569519029","13","0.25","1.28125","S1 P1 O8","de-protonated","0","-9999","C32 H41 O8 P1 S1","32","41","8","-9999","1","1","-9999","-9999","-9999"
"4310","615.219122","615.219148981","615.219548152","1594976.9","-9999","355967.5","7.65","-1","-0.648826084","0.463229534","0.755017935","0.579944895","14","0.4","1.2","N2 O12","de-protonated","0","-9999","C30 H36 O12 N2","30","36","12","2","-9999","-9999","-9999","-9999","-9999"
"4310","615.219122","615.219148981","615.219035087","1594976.9","-9999","355967.5","7.65","-1","0.185127172","0.496900337","0.6825583","0.571163522","32","0.023255814","0.651162791","N4 O1","de-protonated","0","-9999","C43 H28 O1 N4","43","28","1","4","-9999","-9999","-9999","-9999","-9999"
"4310","615.219122","615.219148981","615.218896703","1594976.9","-9999","355967.5","7.65","-1","0.410062486","0.969949935","0","0.581969961","5","0.636363636","1.818181818","N4 S1 O14","de-protonated","0","-9999","C22 H40 O14 N4 S1","22","40","14","4","-9999","1","-9999","-9999","-9999"
"4311","616.305788","616.305814561","616.305347434","1515585.5","-9999","350679.8","7.18","-1","0.757947471","0.45050477","0.73113591","0.562757226","10","0.088235294","1.529411765","N1 S2 P1 O3","de-protonated","0","-9999","C34 H52 O3 N1 P1 S2","34","52","3","1","1","2","-9999","-9999","-9999"
"4311","616.305788","616.305814561","616.306195587","1515585.5","-9999","350679.8","7.18","-1","-0.618241538","0.466498269","0.742885034","0.577052975","11","0.21875","1.46875","N3 S1 O7","de-protonated","0","-9999","C32 H47 O7 N3 S1","32","47","7","3","-9999","1","-9999","-9999","-9999"
"4312","617.053476","617.053502272","617.053270669","2500334","-9999","317977.1","12.89","-1","0.375336579","0.487380949","0.787157861","0.607291714","18","0.68","0.72","N2 O17","de-protonated","0","-9999","C25 H18 O17 N2","25","18","17","2","-9999","-9999","-9999","-9999","-9999"
"4312","617.053476","617.053502272","617.053626985","2500334","-9999","317977.1","12.89","-1","-0.202110402","0.496307737","0.703327172","0.579115511","35","0.025641026","0.358974359","N4 S2 O1","de-protonated","0","-9999","C39 H14 O1 N4 S2","39","14","1","4","-9999","2","-9999","-9999","-9999"
"4312","617.053476","617.053502272","617.053759927","2500334","-9999","317977.1","12.89","-1","-0.417556303","0.484429508","0.767553728","0.597679196","22","0.321428571","0.678571429","N4 S1 P1 O9","de-protonated","0","-9999","C28 H19 O9 N4 P1 S1","28","19","9","4","1","1","-9999","-9999","-9999"
"4313","617.082257","617.082283261","617.081932477","2128648.5","-9999","309959.9","10.74","-1","0.568455676","0.471526089","0.672627142","0.55196651","39","0.088888889","0.311111111","O4","de-protonated","0","-9999","C45 H14 O4","45","14","4","-9999","-9999","-9999","-9999","-9999","-9999"
"4313","617.082257","617.082283261","617.081794093","2128648.5","-9999","309959.9","10.74","-1","0.792712023","0.446119624","0.793917021","0.585238583","12","0.708333333","1.083333333","S1 O17","de-protonated","0","-9999","C24 H26 O17 S1","24","26","17","-9999","-9999","1","-9999","-9999","-9999"
"4313","617.082257","617.082283261","617.08228335","2128648.5","-9999","309959.9","10.74","-1","-1.4454e-4","0.499999998","0.773979033","0.609591612","16","0.333333333","1","N2 S2 P1 O9","de-protonated","0","-9999","C27 H27 O9 N2 P1 S2","27","27","9","2","1","2","-9999","-9999","-9999"
"4314","617.089458","617.089484258","617.089656179","4101903","-9999","295836.5","22.18","-1","-0.278599058","0.493007564","0.780512821","0.608009667","17","0.615384615","0.846153846","N2 O16","de-protonated","0","-9999","C26 H22 O16 N2","26","22","16","2","-9999","-9999","-9999","-9999","-9999"
"4314","617.089458","617.089484258","617.089143114","4101903","-9999","295836.5","22.18","-1","0.552827184","0.473027787","0.703327172","0.565147541","35","0.128205128","0.358974359","N4 O5","de-protonated","0","-9999","C39 H14 O5 N4","39","14","5","4","-9999","-9999","-9999","-9999","-9999"
"4315","617.11824","617.118266247","617.118317987","1856297.4","-9999","275153.7","9.16","-1","-0.083840541","0.499362684","0.667769153","0.566725271","38","0.065217391","0.391304348","O3","de-protonated","0","-9999","C46 H18 O3","46","18","3","-9999","-9999","-9999","-9999","-9999","-9999"
"4315","617.11824","617.118266247","617.118179602","1856297.4","-9999","275153.7","9.16","-1","0.140402437","0.49821476","0.787157861","0.613792","11","0.64","1.2","S1 O16","de-protonated","0","-9999","C25 H30 O16 S1","25","30","16","-9999","-9999","1","-9999","-9999","-9999"
"4315","617.11824","617.118266247","617.117666538","1856297.4","-9999","275153.7","9.16","-1","0.971790599","0.421260808","0.70871839","0.536243841","29","0.131578947","0.578947368","N2 S1 O5","de-protonated","0","-9999","C38 H22 O5 N2 S1","38","22","5","2","-9999","1","-9999","-9999","-9999"
"4315","617.11824","617.118266247","617.118668859","1856297.4","-9999","275153.7","9.16","-1","-0.652406861","0.462838064","0.767553728","0.58472433","15","0.285714286","1.107142857","N2 S2 P1 O8","de-protonated","0","-9999","C28 H31 O8 N2 P1 S2","28","31","8","2","1","2","-9999","-9999","-9999"
"4315","617.11824","617.118266247","617.11779948","1856297.4","-9999","275153.7","9.16","-1","0.756366802","0.450700476","0.773979033","0.580011899","16","0.481481481","1","N2 P1 O13","de-protonated","0","-9999","C27 H27 O13 N2 P1","27","27","13","2","1","-9999","-9999","-9999","-9999"
"4316","617.125918","617.125944244","617.126041688","3637040.5","-9999","293662","19.48","-1","-0.15789974","0.49774314","0.773979033","0.608237497","16","0.555555556","0.962962963","N2 O15","de-protonated","0","-9999","C27 H26 O15 N2","27","26","15","2","-9999","-9999","-9999","-9999","-9999"
"4316","617.125918","617.125944244","617.125528624","3637040.5","-9999","293662","19.48","-1","0.673477581","0.460497785","0.698017357","0.555505614","34","0.1","0.45","N4 O4","de-protonated","0","-9999","C40 H18 O4 N4","40","18","4","4","-9999","-9999","-9999","-9999","-9999"
"4316","617.125918","617.125944244","617.126530945","3637040.5","-9999","293662","19.48","-1","-0.950698702","0.424371687","0.755017935","0.556630186","20","0.233333333","0.9","N4 S1 P1 O7","de-protonated","0","-9999","C30 H27 O7 N4 P1 S1","30","27","7","4","1","1","-9999","-9999","-9999"
"4316","617.125918","617.125944244","617.125390239","3637040.5","-9999","293662","19.48","-1","0.897718109","0.431979875","0.829532115","0.591000771","7","0.894736842","1.578947368","N4 S1 O17","de-protonated","0","-9999","C19 H30 O17 N4 S1","19","30","17","4","-9999","1","-9999","-9999","-9999"
"4317","617.162215","617.16224123","617.162427197","2831185.5","-9999","288506.5","14.81","-1","-0.301326548","0.491829926","0.767553728","0.602119447","15","0.5","1.071428571","N2 O14","de-protonated","0","-9999","C28 H30 O14 N2","28","30","14","2","-9999","-9999","-9999","-9999","-9999"
"4317","617.162215","617.16224123","617.161914133","2831185.5","-9999","288506.5","14.81","-1","0.530001639","0.475153945","0.692787115","0.562207213","33","0.073170732","0.536585366","N4 O3","de-protonated","0","-9999","C41 H22 O3 N4","41","22","3","4","-9999","-9999","-9999","-9999","-9999"
"4317","617.162215","617.16224123","617.161775749","2831185.5","-9999","288506.5","14.81","-1","0.754228915","0.450964657","0.822155738","0.59944109","6","0.8","1.7","N4 S1 O16","de-protonated","0","-9999","C20 H34 O16 N4 S1","20","34","16","4","-9999","1","-9999","-9999","-9999"
"4318","617.198669","617.198695216","617.198812707","2440563.3","-9999","288472.4","12.54","-1","-0.190361459","0.496723163","0.761234226","0.602527588","14","0.448275862","1.172413793","N2 O13","de-protonated","0","-9999","C29 H34 O13 N2","29","34","13","2","-9999","-9999","-9999","-9999","-9999"
"4318","617.198669","617.198695216","617.198299643","2440563.3","-9999","288472.4","12.54","-1","0.640917812","0.464087633","0.68763467","0.553506448","32","0.047619048","0.619047619","N4 O2","de-protonated","0","-9999","C42 H26 O2 N4","42","26","2","4","-9999","-9999","-9999","-9999","-9999"
"4318","617.198669","617.198695216","617.199301964","2440563.3","-9999","288472.4","12.54","-1","-0.983066919","0.419579222","0.742885034","0.548901547","18","0.15625","1.09375","N4 S1 P1 O5","de-protonated","0","-9999","C32 H35 O5 N4 P1 S1","32","35","5","4","1","1","-9999","-9999","-9999"
"4318","617.198669","617.198695216","617.198161258","2440563.3","-9999","288472.4","12.54","-1","0.865131893","0.436506056","0.81490939","0.58786739","5","0.714285714","1.80952381","N4 S1 O15","de-protonated","0","-9999","C21 H38 O15 N4 S1","21","38","15","4","-9999","1","-9999","-9999","-9999"
"4319","617.235245","617.235271202","617.235198216","1609620.6","-9999","246027.2","7.73","-1","0.118246082","0.498733088","0.755017935","0.601247027","13","0.4","1.266666667","N2 O12","de-protonated","0","-9999","C30 H38 O12 N2","30","38","12","2","-9999","-9999","-9999","-9999","-9999"
"4319","617.235245","617.235271202","617.234685152","1609620.6","-9999","246027.2","7.73","-1","0.949476606","0.424550538","0.6825583","0.527753643","31","0.023255814","0.697674419","N4 O1","de-protonated","0","-9999","C43 H30 O1 N4","43","30","1","4","-9999","-9999","-9999","-9999","-9999"
"4319","617.235245","617.235271202","617.235687473","1609620.6","-9999","246027.2","7.73","-1","-0.674412894","0.460392457","0.736963647","0.571020933","17","0.121212121","1.181818182","N4 S1 P1 O4","de-protonated","0","-9999","C33 H39 O4 N4 P1 S1","33","39","4","4","1","1","-9999","-9999","-9999"
"4320","617.26636","617.26638619","617.266223563","1919409","-9999","266322.1","9.52","-1","0.263462958","0.493742067","0.787157861","0.611108385","3","0.68","1.84","O17","de-protonated","0","-9999","C25 H46 O17","25","46","17","-9999","-9999","-9999","-9999","-9999","-9999"
"4320","617.26636","617.26638619","617.266579879","1919409","-9999","266322.1","9.52","-1","-0.313784742","0.491146525","0.703327172","0.576018783","20","0.025641026","1.076923077","N2 S2 O1","de-protonated","0","-9999","C39 H42 O1 N2 S2","39","42","1","2","-9999","2","-9999","-9999","-9999"
"4320","617.26636","617.26638619","617.26671282","1919409","-9999","266322.1","9.52","-1","-0.529156292","0.475231146","0.767553728","0.592160179","7","0.321428571","1.678571429","N2 S1 P1 O9","de-protonated","0","-9999","C28 H47 O9 N2 P1 S1","28","47","9","2","1","1","-9999","-9999","-9999"
"4321","617.287485","617.287511182","617.287709247","2481092.5","-9999","328211.5","12.78","-1","-0.320863446","0.490746327","0.719752637","0.582348851","15","0.083333333","1.277777778","N2 S2 O3","de-protonated","0","-9999","C36 H46 O3 N2 S2","36","46","3","2","-9999","2","-9999","-9999","-9999"
"4321","617.287485","617.287511182","617.287842188","2481092.5","-9999","328211.5","12.78","-1","-0.536227622","0.47458196","0.787157861","0.59961232","2","0.44","2.04","N2 S1 P1 O11","de-protonated","0","-9999","C25 H51 O11 N2 P1 S1","25","51","11","2","1","1","-9999","-9999","-9999"
"4322","618.273832","618.2738578","618.274226753","4776782","-9999","283791","26.08","-1","-0.596746094","0.468714176","0.742885034","0.578382519","11","0.28125","1.40625","N1 S1 O9","de-protonated","0","-9999","C32 H45 O9 N1 S1","32","45","9","1","-9999","1","-9999","-9999","-9999"
"4322","618.273832","618.2738578","618.27384663","4776782","-9999","283791","26.08","-1","0.018066089","0.49997039","0.73113591","0.592436598","16","0.176470588","1.235294118","N3 P1 O6","de-protonated","0","-9999","C34 H42 O6 N3 P1","34","42","6","3","1","-9999","-9999","-9999","-9999"
"4322","618.273832","618.2738578","618.273575304","4776782","-9999","283791","26.08","-1","0.456910923","0.481413945","0.793917021","0.606415176","2","0.458333333","2.041666667","N3 S2 O11","de-protonated","0","-9999","C24 H49 O11 N3 S2","24","49","11","3","-9999","2","-9999","-9999","-9999"
"4325","619.068885","619.068910493","619.068920734","3615274","-9999","296447.4","19.35","-1","-0.016542466","0.499975174","0.787157861","0.614848249","17","0.68","0.8","N2 O17","de-protonated","0","-9999","C25 H20 O17 N2","25","20","17","2","-9999","-9999","-9999","-9999","-9999"
"4325","619.068885","619.068910493","619.069277049","3615274","-9999","296447.4","19.35","-1","-0.592109091","0.469183255","0.703327172","0.562840822","34","0.025641026","0.41025641","N4 S2 O1","de-protonated","0","-9999","C39 H16 O1 N4 S2","39","16","1","4","-9999","2","-9999","-9999","-9999"
"4325","619.068885","619.068910493","619.06840767","3615274","-9999","296447.4","19.35","-1","0.812225785","0.44359166","0.70871839","0.549642352","35","0.157894737","0.315789474","N4 O6","de-protonated","0","-9999","C38 H12 O6 N4","38","12","6","4","-9999","-9999","-9999","-9999","-9999"
"4325","619.068885","619.068910493","619.069409991","3615274","-9999","296447.4","19.35","-1","-0.80685343","0.444292328","0.767553728","0.573596888","21","0.321428571","0.75","N4 S1 P1 O9","de-protonated","0","-9999","C28 H21 O9 N4 P1 S1","28","21","9","4","1","1","-9999","-9999","-9999"
"4326","619.098262","619.098287482","619.098584863","1994821.1","-9999","325503.1","9.95","-1","-0.480346266","0.479499084","0.725399619","0.577859298","24","0.2","0.714285714","S1 P1 O7","de-protonated","0","-9999","C35 H25 O7 P1 S1","35","25","7","-9999","1","1","-9999","-9999","-9999"
"4326","619.098262","619.098287482","619.09793341500006","1994821.1","-9999","325503.1","9.95","-1","0.57190788","0.471189389","0.773979033","0.592305246","15","0.333333333","1.074074074","N2 S2 P1 O9","de-protonated","0","-9999","C27 H29 O9 N2 P1 S2","27","29","9","2","1","2","-9999","-9999","-9999"
"4326","619.098262","619.098287482","619.098781568","1994821.1","-9999","325503.1","9.95","-1","-0.798073261","0.445429788","0.787157861","0.582121017","16","0.52","0.96","N4 S1 O13","de-protonated","0","-9999","C25 H24 O13 N4 S1","25","24","13","4","-9999","1","-9999","-9999","-9999"
"4327","619.101982","619.10200748","619.101956167","1638984.8","-9999","417477","7.89","-1","0.082883841","0.499377136","0.742885034","0.596780296","19","0.21875","0.90625","S2 P1 O7","de-protonated","0","-9999","C32 H29 O7 P1 S2","32","29","7","-9999","1","2","-9999","-9999","-9999"
"4327","619.101982","619.10200748","619.102424197","1638984.8","-9999","417477","7.89","-1","-0.673098805","0.460540405","0.742885034","0.573478257","25","0.25","0.65625","N4 P1 O8","de-protonated","0","-9999","C32 H21 O8 N4 P1","32","21","8","4","1","-9999","-9999","-9999","-9999"
"4327","619.101982","619.10200748","619.102152871","1638984.8","-9999","417477","7.89","-1","-0.234841602","0.990042903","0","0.594025742","11","0.590909091","1.272727273","N4 S2 O13","de-protonated","0","-9999","C22 H28 O13 N4 S2","22","28","13","4","-9999","2","-9999","-9999","-9999"
"4328","619.105199","619.105224479","619.105306243","4721227.5","-9999","329587.5","25.76","-1","-0.13206851","0.498420079","0.780512821","0.611257176","16","0.615384615","0.923076923","N2 O16","de-protonated","0","-9999","C26 H24 O16 N2","26","24","16","2","-9999","-9999","-9999","-9999","-9999"
"4328","619.105199","619.105224479","619.104793179","4721227.5","-9999","329587.5","25.76","-1","0.696650938","0.457852447","0.703327172","0.556042337","34","0.128205128","0.41025641","N4 O5","de-protonated","0","-9999","C39 H16 O5 N4","39","16","5","4","-9999","-9999","-9999","-9999","-9999"
"4328","619.105199","619.105224479","619.105795501","4721227.5","-9999","329587.5","25.76","-1","-0.922332935","0.428482568","0.761234226","0.561583231","20","0.275862069","0.862068966","N4 S1 P1 O8","de-protonated","0","-9999","C29 H25 O8 N4 P1 S1","29","25","8","4","1","1","-9999","-9999","-9999"
"4329","619.141538","619.141563465","619.141691753","3546733","-9999","293527.1","18.95","-1","-0.207202511","0.496120075","0.773979033","0.607263658","15","0.555555556","1.037037037","N2 O15","de-protonated","0","-9999","C27 H28 O15 N2","27","28","15","2","-9999","-9999","-9999","-9999","-9999"
"4329","619.141538","619.141563465","619.141178688","3546733","-9999","293527.1","18.95","-1","0.621468172","0.466159802","0.698017357","0.558902824","33","0.1","0.5","N4 O4","de-protonated","0","-9999","C40 H20 O4 N4","40","20","4","4","-9999","-9999","-9999","-9999","-9999"
"4329","619.141538","619.141563465","619.14218101","3546733","-9999","293527.1","18.95","-1","-0.997420435","0.41742059","0.755017935","0.552459528","19","0.233333333","0.966666667","N4 S1 P1 O7","de-protonated","0","-9999","C30 H29 O7 N4 P1 S1","30","29","7","4","1","1","-9999","-9999","-9999"
"4329","619.141538","619.141563465","619.141040304","3546733","-9999","293527.1","18.95","-1","0.84497866","0.439244297","0.829532115","0.595359424","6","0.894736842","1.684210526","N4 S1 O17","de-protonated","0","-9999","C19 H32 O17 N4 S1","19","32","17","4","-9999","1","-9999","-9999","-9999"
"4330","619.177923","619.177948451","619.178077262","3080846.8","-9999","315926.2","16.25","-1","-0.208035675","0.496088932","0.767553728","0.60467485","14","0.5","1.142857143","N2 O14","de-protonated","0","-9999","C28 H32 O14 N2","28","32","14","2","-9999","-9999","-9999","-9999","-9999"
"4330","619.177923","619.177948451","619.177564198","3080846.8","-9999","315926.2","16.25","-1","0.620586311","0.466252458","0.692787115","0.556866321","32","0.073170732","0.585365854","N4 O3","de-protonated","0","-9999","C41 H24 O3 N4","41","24","3","4","-9999","-9999","-9999","-9999","-9999"
"4330","619.177923","619.177948451","619.178566519","3080846.8","-9999","315926.2","16.25","-1","-0.998207162","0.417301693","0.748902347","0.549941955","18","0.193548387","1.064516129","N4 S1 P1 O6","de-protonated","0","-9999","C31 H33 O6 N4 P1 S1","31","33","6","4","1","1","-9999","-9999","-9999"
"4330","619.177923","619.177948451","619.177425813","3080846.8","-9999","315926.2","16.25","-1","0.844083664","0.439364797","0.822155738","0.592481174","5","0.8","1.8","N4 S1 O16","de-protonated","0","-9999","C20 H36 O16 N4 S1","20","36","16","4","-9999","1","-9999","-9999","-9999"
"4331","619.214425","619.214450437","619.214462771","2622128.3","-9999","315027.5","13.59","-1","-0.019919739","0.499964002","0.761234226","0.604472092","13","0.448275862","1.24137931","N2 O13","de-protonated","0","-9999","C29 H36 O13 N2","29","36","13","2","-9999","-9999","-9999","-9999","-9999"
"4331","619.214425","619.214450437","619.213949707","2622128.3","-9999","315027.5","13.59","-1","0.808653713","0.444057928","0.68763467","0.541488625","31","0.047619048","0.666666667","N4 O2","de-protonated","0","-9999","C42 H28 O2 N4","42","28","2","4","-9999","-9999","-9999","-9999","-9999"
"4331","619.214425","619.214450437","619.214952029","2622128.3","-9999","315027.5","13.59","-1","-0.810044943","0.443876515","0.742885034","0.563479923","17","0.15625","1.15625","N4 S1 P1 O5","de-protonated","0","-9999","C32 H37 O5 N4 P1 S1","32","37","5","4","1","1","-9999","-9999","-9999"
"4332","620.22816","620.228185045","620.228339188","2257496.3","-9999","337194.3","11.47","-1","-0.248526691","0.494427648","0.761234226","0.601150279","12","0.344827586","1.344827586","N3 S1 O10","de-protonated","0","-9999","C29 H39 O10 N3 S1","29","39","10","3","-9999","1","-9999","-9999","-9999"
"4337","621.047957","621.047981728","621.048185289","1682255.4","-9999","351463.3","8.13","-1","-0.327770251","0.980695134","0","0.588417081","17","0.75","0.75","N2 O18","de-protonated","0","-9999","C24 H18 O18 N2","24","18","18","2","-9999","-9999","-9999","-9999","-9999"
"4337","621.047957","621.047981728","621.048541605","1682255.4","-9999","351463.3","8.13","-1","-0.901502382","0.43144652","0.70871839","0.542355268","34","0.052631579","0.368421053","N4 S2 O2","de-protonated","0","-9999","C38 H14 O2 N4 S2","38","14","2","4","-9999","2","-9999","-9999","-9999"
"4338","621.077638","621.077662716","621.077849418","1540971","-9999","358163.2","7.31","-1","-0.300609664","0.491868437","0.73113591","0.587575426","24","0.235294118","0.676470588","S1 P1 O8","de-protonated","0","-9999","C34 H23 O8 P1 S1","34","23","8","-9999","1","1","-9999","-9999","-9999"
"4338","621.077638","621.077662716","621.07719797","1540971","-9999","358163.2","7.31","-1","0.74829132","0.903390511","0","0.542034307","15","0.384615385","1.038461538","N2 S2 P1 O10","de-protonated","0","-9999","C26 H27 O10 N2 P1 S2","26","27","10","2","1","2","-9999","-9999","-9999"
"4338","621.077638","621.077662716","621.078046123","1540971","-9999","358163.2","7.31","-1","-0.617324177","0.933188442","0","0.559913065","16","0.583333333","0.916666667","N4 S1 O14","de-protonated","0","-9999","C24 H22 O14 N4 S1","24","22","14","4","-9999","1","-9999","-9999","-9999"
"4339","621.084562","621.084586714","621.084570798","4383089.5","-9999","296535.7","23.79","-1","0.025625141","0.49994043","0.787157861","0.614827402","16","0.68","0.88","N2 O17","de-protonated","0","-9999","C25 H22 O17 N2","25","22","17","2","-9999","-9999","-9999","-9999","-9999"
"4339","621.084562","621.084586714","621.084927114","4383089.5","-9999","296535.7","23.79","-1","-0.548073581","0.473477171","0.703327172","0.565417171","33","0.025641026","0.461538462","N4 S2 O1","de-protonated","0","-9999","C39 H18 O1 N4 S2","39","18","1","4","-9999","2","-9999","-9999","-9999"
"4339","621.084562","621.084586714","621.084057734","4383089.5","-9999","296535.7","23.79","-1","0.851703764","0.438335828","0.70871839","0.546488853","34","0.157894737","0.368421053","N4 O6","de-protonated","0","-9999","C38 H14 O6 N4","38","14","6","4","-9999","-9999","-9999","-9999","-9999"
"4339","621.084562","621.084586714","621.085060056","4383089.5","-9999","296535.7","23.79","-1","-0.762121005","0.449986482","0.767553728","0.577013381","20","0.321428571","0.821428571","N4 S1 P1 O9","de-protonated","0","-9999","C28 H23 O9 N4 P1 S1","28","23","9","4","1","1","-9999","-9999","-9999"
"4340","621.12099","621.1210147","621.120956308","4925843","-9999","292481.4","26.93","-1","0.094010589","0.499198822","0.780512821","0.611724421","15","0.615384615","1","N2 O16","de-protonated","0","-9999","C26 H26 O16 N2","26","26","16","2","-9999","-9999","-9999","-9999","-9999"
"4340","621.12099","621.1210147","621.120443243","4925843","-9999","292481.4","26.93","-1","0.920040876","0.428811009","0.703327172","0.538617474","33","0.128205128","0.461538462","N4 O5","de-protonated","0","-9999","C39 H18 O5 N4","39","18","5","4","-9999","-9999","-9999","-9999","-9999"
"4340","621.12099","621.1210147","621.121445565","4925843","-9999","292481.4","26.93","-1","-0.693689465","0.458194639","0.761234226","0.579410474","19","0.275862069","0.931034483","N4 S1 P1 O8","de-protonated","0","-9999","C29 H27 O8 N4 P1 S1","29","27","8","4","1","1","-9999","-9999","-9999"
"4341","621.157397","621.157421686","621.157341817","3752373","-9999","300660.8","20.13","-1","0.128580179","0.498502314","0.773979033","0.608693002","14","0.555555556","1.111111111","N2 O15","de-protonated","0","-9999","C27 H30 O15 N2","27","30","15","2","-9999","-9999","-9999","-9999","-9999"
"4341","621.157397","621.157421686","621.156828753","3752373","-9999","300660.8","20.13","-1","0.954562109","0.423805271","0.698017357","0.533490106","32","0.1","0.55","N4 O4","de-protonated","0","-9999","C40 H22 O4 N4","40","22","4","4","-9999","-9999","-9999","-9999","-9999"
"4341","621.157397","621.157421686","621.157831074","3752373","-9999","300660.8","20.13","-1","-0.65907376","0.462104354","0.755017935","0.579269787","18","0.233333333","1.033333333","N4 S1 P1 O7","de-protonated","0","-9999","C30 H31 O7 N4 P1 S1","30","31","7","4","1","1","-9999","-9999","-9999"
"4342","621.193567","621.193591672","621.193727326","2814422.5","-9999","271564.2","14.69","-1","-0.218377624","0.495692131","0.767553728","0.60443677","13","0.5","1.214285714","N2 O14","de-protonated","0","-9999","C28 H34 O14 N2","28","34","14","2","-9999","-9999","-9999","-9999","-9999"
"4342","621.193567","621.193591672","621.193214262","2814422.5","-9999","271564.2","14.69","-1","0.607555638","0.467608338","0.692787115","0.557679849","31","0.073170732","0.634146341","N4 O3","de-protonated","0","-9999","C41 H26 O3 N4","41","26","3","4","-9999","-9999","-9999","-9999","-9999"
"4342","621.193567","621.193591672","621.193075878","2814422.5","-9999","271564.2","14.69","-1","0.830327783","0.44120488","0.822155738","0.593585224","4","0.8","1.9","N4 S1 O16","de-protonated","0","-9999","C20 H38 O16 N4 S1","20","38","16","4","-9999","1","-9999","-9999","-9999"
"4343","621.212377","621.212401664","621.21300622","2106856","-9999","310114.8","10.59","-1","-0.97318531","0.421053509","0.714192896","0.538309264","21","0.243243243","0.918918919","O9","de-protonated","0","-9999","C37 H34 O9","37","34","9","-9999","-9999","-9999","-9999","-9999","-9999"
"4343","621.212377","621.212401664","621.212354771","2106856","-9999","310114.8","10.59","-1","0.07548676","0.499483297","0.761234226","0.604183669","12","0.379310345","1.310344828","N2 S1 O11","de-protonated","0","-9999","C29 H38 O11 N2 S1","29","38","11","2","-9999","1","-9999","-9999","-9999"
"4343","621.212377","621.212401664","621.212844028","2106856","-9999","310114.8","10.59","-1","-0.712097385","0.456048248","0.742885034","0.570782963","16","0.09375","1.21875","N4 S2 P1 O3","de-protonated","0","-9999","C32 H39 O3 N4 P1 S2","32","39","3","4","1","2","-9999","-9999","-9999"
"4343","621.212377","621.212401664","621.211974648","2106856","-9999","310114.8","10.59","-1","0.687391495","0.458918352","0.748902347","0.57491195","17","0.258064516","1.129032258","N4 P1 O8","de-protonated","0","-9999","C31 H35 O8 N4 P1","31","35","8","4","1","-9999","-9999","-9999","-9999"
"4344","621.230242","621.230266657","621.230112836","1916408.5","-9999","276022.7","9.48","-1","0.247608186","0.494468532","0.761234226","0.60117481","12","0.448275862","1.310344828","N2 O13","de-protonated","0","-9999","C29 H38 O13 N2","29","38","13","2","-9999","-9999","-9999","-9999","-9999"
"4344","621.230242","621.230266657","621.230602093","1916408.5","-9999","276022.7","9.48","-1","-0.539953581","0.474236792","0.742885034","0.581696089","16","0.15625","1.21875","N4 S1 P1 O5","de-protonated","0","-9999","C32 H39 O5 N4 P1 S1","32","39","5","4","1","1","-9999","-9999","-9999"
"4346","622.625942","622.625966118","622.625602411","1567498","-9999","475728.4","7.45","-1","0.584150493","0.469980891","0.703327172","0.563319403","1","0.051282051","2.076923077","N3 O2","de-protonated","0","-9999","C39 H81 O2 N3","39","81","2","3","-9999","-9999","-9999","-9999","-9999"
"4350","623.063953","623.063976948","623.063835353","2665634.3","-9999","306489","13.82","-1","0.22725611","0.495336396","0.793917021","0.614768646","16","0.75","0.833333333","N2 O18","de-protonated","0","-9999","C24 H20 O18 N2","24","20","18","2","-9999","-9999","-9999","-9999","-9999"
"4350","623.063953","623.063976948","623.064191669","2665634.3","-9999","306489","13.82","-1","-0.34462028","0.489340557","0.70871839","0.57709169","33","0.052631579","0.421052632","N4 S2 O2","de-protonated","0","-9999","C38 H16 O2 N4 S2","38","16","2","4","-9999","2","-9999","-9999","-9999"
"4350","623.063953","623.063976948","623.064324611","2665634.3","-9999","306489","13.82","-1","-0.557987792","0.472536022","0.773979033","0.593113227","20","0.37037037","0.777777778","N4 S1 P1 O10","de-protonated","0","-9999","C27 H21 O10 N4 P1 S1","27","21","10","4","1","1","-9999","-9999","-9999"
"4351","623.092869","623.092892937","623.092497161","2063037.3","-9999","338281","10.32","-1","0.635180293","0.464704583","0.677556332","0.549845283","37","0.113636364","0.363636364","O5","de-protonated","0","-9999","C44 H16 O5","44","16","5","-9999","-9999","-9999","-9999","-9999","-9999"
"4351","623.092869","623.092892937","623.093499483","2063037.3","-9999","338281","10.32","-1","-0.973442229","0.421015302","0.73113591","0.545063545","23","0.235294118","0.735294118","S1 P1 O8","de-protonated","0","-9999","C34 H25 O8 P1 S1","34","25","8","-9999","1","1","-9999","-9999","-9999"
"4351","623.092869","623.092892937","623.092358777","2063037.3","-9999","338281","10.32","-1","0.8572734","0.437579433","0.800793265","0.582864966","10","0.782608696","1.217391304","S1 O18","de-protonated","0","-9999","C23 H28 O18 S1","23","28","18","-9999","-9999","1","-9999","-9999","-9999"
"4351","623.092869","623.092892937","623.092848034","2063037.3","-9999","338281","10.32","-1","0.07206495","0.499529058","0.780512821","0.611922563","14","0.384615385","1.115384615","N2 S2 P1 O10","de-protonated","0","-9999","C26 H29 O10 N2 P1 S2","26","29","10","2","1","2","-9999","-9999","-9999"
"4352","623.100331","623.100354934","623.100220863","4732100.5","-9999","280789.7","25.8","-1","0.215168677","0.994927083","0.967963603","0.984141691","15","0.68","0.96","N2 O17","de-protonated","0","-9999","C25 H24 O17 N2","25","24","17","2","-9999","-9999","-9999","-9999","-9999"
"4352","623.100331","623.100354934","623.100577178","4732100.5","-9999","280789.7","25.8","-1","-0.356674312","0.968796207","0.948205708","0.960560007","32","0.025641026","0.512820513","N4 S2 O1","de-protonated","0","-9999","C39 H20 O1 N4 S2","39","20","1","4","-9999","2","-9999","-9999","-9999"
"4352","623.100331","623.100354934","623.10071012","4732100.5","-9999","280789.7","25.8","-1","-0.570029361","0.930583333","0.987567736","0.953377095","19","0.321428571","0.892857143","N4 S1 P1 O9","de-protonated","0","-9999","C28 H25 O9 N4 P1 S1","28","25","9","4","1","1","-9999","-9999","-9999"
"4353","623.136618","623.13664192","623.136606372","4569318","-9999","312151.9","24.86","-1","0.057047318","0.499704834","0.780512821","0.612028029","14","0.615384615","1.076923077","N2 O16","de-protonated","0","-9999","C26 H28 O16 N2","26","28","16","2","-9999","-9999","-9999","-9999","-9999"
"4353","623.136618","623.13664192","623.136093308","4569318","-9999","312151.9","24.86","-1","0.880405626","0.434399522","0.703327172","0.541970582","32","0.128205128","0.512820513","N4 O5","de-protonated","0","-9999","C39 H20 O5 N4","39","20","5","4","-9999","-9999","-9999","-9999","-9999"
"4353","623.136618","623.13664192","623.137095629","4569318","-9999","312151.9","24.86","-1","-0.728104748","0.454144542","0.761234226","0.576980416","18","0.275862069","1","N4 S1 P1 O8","de-protonated","0","-9999","C29 H29 O8 N4 P1 S1","29","29","8","4","1","1","-9999","-9999","-9999"
"4354","623.173157","623.173180906","623.172991881","2867464.5","-9999","306608.5","14.99","-1","0.303326362","0.491722027","0.773979033","0.604624829","13","0.555555556","1.185185185","N2 O15","de-protonated","0","-9999","C27 H32 O15 N2","27","32","15","2","-9999","-9999","-9999","-9999","-9999"
"4354","623.173157","623.173180906","623.173481139","2867464.5","-9999","306608.5","14.99","-1","-0.481780054","0.479379077","0.755017935","0.58963462","17","0.233333333","1.1","N4 S1 P1 O7","de-protonated","0","-9999","C30 H33 O7 N4 P1 S1","30","33","7","4","1","1","-9999","-9999","-9999"
"4355","623.209523","623.209546892","623.209377391","1933354.4","-9999","236108.1","9.57","-1","0.271981447","0.493333606","0.767553728","0.603021655","12","0.5","1.285714286","N2 O14","de-protonated","0","-9999","C28 H36 O14 N2","28","36","14","2","-9999","-9999","-9999","-9999","-9999"
"4355","623.209523","623.209546892","623.209866648","1933354.4","-9999","236108.1","9.57","-1","-0.513079107","0.476678234","0.748902347","0.585567879","16","0.193548387","1.193548387","N4 S1 P1 O6","de-protonated","0","-9999","C31 H37 O6 N4 P1 S1","31","37","6","4","1","1","-9999","-9999","-9999"
"4356","624.103614","624.103637547","624.104004596","1534574.1","-9999","227557.4","7.25","-1","-0.588122737","0.46958396","0.714192896","0.567427534","27","0.135135135","0.648648649","N1 S1 P1 O5","de-protonated","0","-9999","C37 H24 O5 N1 P1 S1","37","24","5","1","1","1","-9999","-9999","-9999"
"4356","624.103614","624.103637547","624.103575698","1534574.1","-9999","227557.4","7.25","-1","0.099100096","0.99821961","0.967963603","0.986117207","15","0.68","0.96","13C1 N2 O17","de-protonated","1","4352","C24 H24 O17 N2 13C1","24","24","17","2","-9999","-9999","1","-9999","-9999"
"4356","624.103614","624.103637547","624.103353148","1534574.1","-9999","227557.4","7.25","-1","0.455692031","0.963022245","0","0.577813347","18","0.24137931","0.965517241","N3 S2 P1 O7","de-protonated","0","-9999","C29 H28 O7 N3 P1 S2","29","28","7","3","1","2","-9999","-9999","-9999"
"4356","624.103614","624.103637547","624.103932013","1534574.1","-9999","227557.4","7.25","-1","-0.47182349","0.960411312","0.948205708","0.955529071","32","0.025641026","0.512820513","13C1 N4 S2 O1","de-protonated","1","4352","C38 H20 O1 N4 S2 13C1","38","20","1","4","-9999","2","1","-9999","-9999"
"4356","624.103614","624.103637547","624.104064955","1534574.1","-9999","227557.4","7.25","-1","-0.68483551","0.918421012","0.987567736","0.946079702","19","0.321428571","0.892857143","13C1 N4 S1 P1 O9","de-protonated","1","4352","C27 H25 O9 N4 P1 S1 13C1","27","25","9","4","1","1","1","-9999","-9999"
"4357","624.188481","624.188504514","624.188389127","1790653.5","-9999","282267.4","8.74","-1","0.184859136","0.496909278","0.719752637","0.586046622","20","0.138888889","0.972222222","N1 S2 O5","de-protonated","0","-9999","C36 H35 O5 N1 S2","36","35","5","1","-9999","2","-9999","-9999","-9999"
"4357","624.188481","624.188504514","624.188522069","1790653.5","-9999","282267.4","8.74","-1","-0.028124202","0.99985649","0","0.599913894","7","0.52","1.6","N1 S1 P1 O13","de-protonated","0","-9999","C25 H40 O13 N1 P1 S1","25","40","13","1","1","1","-9999","-9999","-9999"
"4357","624.188481","624.188504514","624.188009004","1790653.5","-9999","282267.4","8.74","-1","0.793846468","0.445973953","0.70871839","0.551071728","25","0.052631579","0.842105263","N3 S1 P1 O2","de-protonated","0","-9999","C38 H32 O2 N3 P1 S1","38","32","2","3","1","1","-9999","-9999","-9999"
"4358","624.276361","624.27638448","624.276549229","3767568","-9999","328048.3","20.2","-1","-0.263903501","0.493721254","0.748902347","0.595793691","9","0.258064516","1.548387097","N1 S1 P1 O8","de-protonated","0","-9999","C31 H48 O8 N1 P1 S1","31","48","8","1","1","1","-9999","-9999","-9999"
"4358","624.276361","624.27638448","624.27589778","3767568","-9999","328048.3","20.2","-1","0.779623103","0.447788658","0.800793265","0.588990501","0","0.434782609","2.260869565","N3 S2 P1 O10","de-protonated","0","-9999","C23 H52 O10 N3 P1 S2","23","52","10","3","1","2","-9999","-9999","-9999"
"4360","625.079648","625.079671169","625.079485418","3305473.5","-9999","334440.5","17.52","-1","0.297164388","0.492052279","0.793917021","0.612798176","15","0.75","0.916666667","N2 O18","de-protonated","0","-9999","C24 H22 O18 N2","24","22","18","2","-9999","-9999","-9999","-9999","-9999"
"4360","625.079648","625.079671169","625.079841733","3305473.5","-9999","334440.5","17.52","-1","-0.272867953","0.493290371","0.70871839","0.579461578","32","0.052631579","0.473684211","N4 S2 O2","de-protonated","0","-9999","C38 H18 O2 N4 S2","38","18","2","4","-9999","2","-9999","-9999","-9999"
"4360","625.079648","625.079671169","625.079974675","3305473.5","-9999","334440.5","17.52","-1","-0.485547449","0.47906219","0.773979033","0.597028927","19","0.37037037","0.851851852","N4 S1 P1 O10","de-protonated","0","-9999","C27 H23 O10 N4 P1 S1","27","23","10","4","1","1","-9999","-9999","-9999"
"4361","625.094769","625.094792163","625.094741559","1997839.8","-9999","294124.9","9.93","-1","0.080954492","0.49940578","0.767553728","0.606664959","19","0.535714286","0.785714286","N2 O15","de-protonated","0","-9999","C28 H22 O15 N2","28","22","15","2","-9999","-9999","-9999","-9999","-9999"
"4361","625.094769","625.094792163","625.094228495","1997839.8","-9999","294124.9","9.93","-1","0.901733613","0.431413879","0.692787115","0.535963173","37","0.097560976","0.341463415","N4 O4","de-protonated","0","-9999","C41 H14 O4 N4","41","14","4","4","-9999","-9999","-9999","-9999","-9999"
"4361","625.094769","625.094792163","625.095230816","1997839.8","-9999","294124.9","9.93","-1","-0.701738073","0.457261837","0.748902347","0.573918041","23","0.225806452","0.741935484","N4 S1 P1 O7","de-protonated","0","-9999","C31 H23 O7 N4 P1 S1","31","23","7","4","1","1","-9999","-9999","-9999"
"4362","625.116092","625.116115155","625.115870927","4099107.8","-9999","295177.4","22.12","-1","0.390692247","0.486341812","0.787157861","0.606668231","14","0.68","1.04","N2 O17","de-protonated","0","-9999","C25 H26 O17 N2","25","26","17","2","-9999","-9999","-9999","-9999","-9999"
"4362","625.116092","625.116115155","625.116227243","4099107.8","-9999","295177.4","22.12","-1","-0.179306969","0.497091614","0.703327172","0.579585837","31","0.025641026","0.564102564","N4 S2 O1","de-protonated","0","-9999","C39 H22 O1 N4 S2","39","22","1","4","-9999","2","-9999","-9999","-9999"
"4362","625.116092","625.116115155","625.116360185","4099107.8","-9999","295177.4","22.12","-1","-0.391974105","0.486253285","0.767553728","0.598773462","18","0.321428571","0.964285714","N4 S1 P1 O9","de-protonated","0","-9999","C28 H27 O9 N4 P1 S1","28","27","9","4","1","1","-9999","-9999","-9999"
"4363","625.131105","625.131128149","625.131127068","1643569.9","-9999","343599.7","7.88","-1","0.001728966","0.499999729","0.761234226","0.604493528","18","0.482758621","0.896551724","N2 O14","de-protonated","0","-9999","C29 H26 O14 N2","29","26","14","2","-9999","-9999","-9999","-9999","-9999"
"4363","625.131105","625.131128149","625.130614004","1643569.9","-9999","343599.7","7.88","-1","0.822460249","0.442247108","0.68763467","0.540402133","36","0.071428571","0.428571429","N4 O3","de-protonated","0","-9999","C42 H18 O3 N4","42","18","3","4","-9999","-9999","-9999","-9999","-9999"
"4363","625.131105","625.131128149","625.131616326","1643569.9","-9999","343599.7","7.88","-1","-0.780917981","0.447624504","0.742885034","0.565728716","22","0.1875","0.84375","N4 S1 P1 O6","de-protonated","0","-9999","C32 H27 O6 N4 P1 S1","32","27","6","4","1","1","-9999","-9999","-9999"
"4364","625.152562","625.152585141","625.153125816","2997318","-9999","306741.8","15.73","-1","-0.864868737","0.436542116","0.773979033","0.571516883","12","0.407407407","1.259259259","N2 S2 O11","de-protonated","0","-9999","C27 H34 O11 N2 S2","27","34","11","2","-9999","2","-9999","-9999","-9999"
"4364","625.152562","625.152585141","625.152256437","2997318","-9999","306741.8","15.73","-1","0.52579907","0.475536647","0.780512821","0.597527116","13","0.615384615","1.153846154","N2 O16","de-protonated","0","-9999","C26 H30 O16 N2","26","30","16","2","-9999","-9999","-9999","-9999","-9999"
"4364","625.152562","625.152585141","625.152745694","2997318","-9999","306741.8","15.73","-1","-0.256821834","0.494051718","0.761234226","0.600924721","17","0.275862069","1.068965517","N4 S1 P1 O8","de-protonated","0","-9999","C29 H31 O8 N4 P1 S1","29","31","8","4","1","1","-9999","-9999","-9999"
"4365","625.167577","625.167600135","625.167512578","1587284","-9999","324936.8","7.55","-1","0.140054272","0.498223587","0.755017935","0.600941326","17","0.433333333","1","N2 O13","de-protonated","0","-9999","C30 H30 O13 N2","30","30","13","2","-9999","-9999","-9999","-9999","-9999"
"4365","625.167577","625.167600135","625.166999514","1587284","-9999","324936.8","7.55","-1","0.960737901","0.422896648","0.6825583","0.526761309","35","0.046511628","0.511627907","N4 O2","de-protonated","0","-9999","C43 H22 O2 N4","43","22","2","4","-9999","-9999","-9999","-9999","-9999"
"4365","625.167577","625.167600135","625.168001835","1587284","-9999","324936.8","7.55","-1","-0.642547232","0.463911561","0.736963647","0.573132396","21","0.151515152","0.939393939","N4 S1 P1 O5","de-protonated","0","-9999","C33 H31 O5 N4 P1 S1","33","31","5","4","1","1","-9999","-9999","-9999"
"4366","625.188784","625.188807127","625.188641946","1801319.9","-9999","303712.5","8.79","-1","0.26421005","0.493706751","0.773979033","0.605815664","12","0.555555556","1.259259259","N2 O15","de-protonated","0","-9999","C27 H34 O15 N2","27","34","15","2","-9999","-9999","-9999","-9999","-9999"
"4366","625.188784","625.188807127","625.189131203","1801319.9","-9999","303712.5","8.79","-1","-0.518365102","0.476206891","0.755017935","0.587731309","16","0.233333333","1.166666667","N4 S1 P1 O7","de-protonated","0","-9999","C30 H35 O7 N4 P1 S1","30","35","7","4","1","1","-9999","-9999","-9999"
"4367","626.319941","626.31996369","626.319340272","2243729","-9999","263691.9","11.35","-1","0.995366824","0.417730666","0.68763467","0.525692268","21","0.047619048","1.095238095","N1 P1 O2","de-protonated","0","-9999","C42 H46 O2 N1 P1","42","46","2","1","1","-9999","-9999","-9999","-9999"
"4368","626.324057","626.324079688","626.324429109","1568405","-9999","365784.6","7.44","-1","-0.557890516","0.472545329","0.70871839","0.567014553","16","0.026315789","1.289473684","N3 S2 O1","de-protonated","0","-9999","C38 H49 O1 N3 S2","38","49","1","3","-9999","2","-9999","-9999","-9999"
"4368","626.324057","626.324079688","626.323559729","1568405","-9999","365784.6","7.44","-1","0.830176996","0.441224926","0.714192896","0.550412114","17","0.162162162","1.216216216","N3 O6","de-protonated","0","-9999","C37 H45 O6 N3","37","45","6","3","-9999","-9999","-9999","-9999","-9999"
"4368","626.324057","626.324079688","626.32456205","1568405","-9999","365784.6","7.44","-1","-0.77014733","0.897966875","0","0.538780125","3","0.333333333","2","N3 S1 P1 O9","de-protonated","0","-9999","C27 H54 O9 N3 P1 S1","27","54","9","3","1","1","-9999","-9999","-9999"
"4369","626.326829","626.326851687","626.326931032","7074967.5","-9999","270559.8","39.37","-1","-0.126683009","0.998482844","0.942260289","0.975993822","12","0.176470588","1.441176471","N3 S1 O6","de-protonated","0","-9999","C34 H49 O6 N3 S1","34","49","6","3","-9999","1","-9999","-9999","-9999"
"4370","627.059043","627.059065404","627.059619353","1918283.3","-9999","335092.8","9.46","-1","-0.883406948","0.433982461","0.793917021","0.577956285","14","0.583333333","1","N2 S2 O14","de-protonated","0","-9999","C24 H24 O14 N2 S2","24","24","14","2","-9999","2","-9999","-9999","-9999"
"4370","627.059043","627.059065404","627.058749973","1918283.3","-9999","335092.8","9.46","-1","0.503032683","0.955123988","0","0.573074393","15","0.826086957","0.869565217","N2 O19","de-protonated","0","-9999","C23 H20 O19 N2","23","20","19","2","-9999","-9999","-9999","-9999","-9999"
"4370","627.059043","627.059065404","627.059106289","1918283.3","-9999","335092.8","9.46","-1","-0.065200512","0.49961447","0.714192896","0.58544584","32","0.081081081","0.432432432","N4 S2 O3","de-protonated","0","-9999","C37 H16 O3 N4 S2","37","16","3","4","-9999","2","-9999","-9999","-9999"
"4370","627.059043","627.059065404","627.05923923","1918283.3","-9999","335092.8","9.46","-1","-0.277208745","0.493076695","0.780512821","0.608051145","19","0.423076923","0.807692308","N4 S1 P1 O11","de-protonated","0","-9999","C26 H21 O11 N4 P1 S1","26","21","11","4","1","1","-9999","-9999","-9999"
"4371","627.074257","627.074279398","627.074875494","2103129.8","-9999","274451.9","10.53","-1","-0.950597799","0.42438646","0.767553728","0.561653367","18","0.392857143","0.857142857","N2 S2 O11","de-protonated","0","-9999","C28 H24 O11 N2 S2","28","24","11","2","-9999","2","-9999","-9999","-9999"
"4371","627.074257","627.074279398","627.074006114","2103129.8","-9999","274451.9","10.53","-1","0.435808008","0.483062382","0.773979033","0.599429042","19","0.592592593","0.740740741","N2 O16","de-protonated","0","-9999","C27 H20 O16 N2","27","20","16","2","-9999","-9999","-9999","-9999","-9999"
"4371","627.074257","627.074279398","627.074495372","2103129.8","-9999","274451.9","10.53","-1","-0.344414384","0.489353154","0.755017935","0.595619066","23","0.266666667","0.7","N4 S1 P1 O8","de-protonated","0","-9999","C30 H21 O8 N4 P1 S1","30","21","8","4","1","1","-9999","-9999","-9999"
"4372","627.087585","627.087607393","627.087411781","1495910.4","-9999","339498.7","7.01","-1","0.311937694","0.491249532","0.6825583","0.567773039","36","0.139534884","0.372093023","O6","de-protonated","0","-9999","C43 H16 O6","43","16","6","-9999","-9999","-9999","-9999","-9999","-9999"
"4372","627.087585","627.087607393","627.087273396","1495910.4","-9999","339498.7","7.01","-1","0.532615866","0.949829008","0","0.569897405","9","0.863636364","1.272727273","S1 O19","de-protonated","0","-9999","C22 H28 O19 S1","22","28","19","-9999","-9999","1","-9999","-9999","-9999"
"4372","627.087585","627.087607393","627.087762654","1495910.4","-9999","339498.7","7.01","-1","-0.247590095","0.988938672","0","0.593363203","13","0.44","1.16","N2 S2 P1 O11","de-protonated","0","-9999","C25 H29 O11 N2 P1 S2","25","29","11","2","1","2","-9999","-9999","-9999"
"4373","627.095246","627.09526839","627.095135482","3446637.5","-9999","341139.1","18.32","-1","0.211941845","0.495941285","0.793917021","0.615131579","14","0.75","1","N2 O18","de-protonated","0","-9999","C24 H24 O18 N2","24","24","18","2","-9999","-9999","-9999","-9999","-9999"
"4373","627.095246","627.09526839","627.095491798","3446637.5","-9999","341139.1","18.32","-1","-0.356258215","0.488616851","0.70871839","0.576657466","31","0.052631579","0.526315789","N4 S2 O2","de-protonated","0","-9999","C38 H20 O2 N4 S2","38","20","2","4","-9999","2","-9999","-9999","-9999"
"4373","627.095246","627.09526839","627.09562474","3446637.5","-9999","341139.1","18.32","-1","-0.568254085","0.471545695","0.773979033","0.59251903","18","0.37037037","0.925925926","N4 S1 P1 O10","de-protonated","0","-9999","C27 H25 O10 N4 P1 S1","27","25","10","4","1","1","-9999","-9999","-9999"
"4374","627.11063","627.110652384","627.111261003","2389884","-9999","290276.5","12.2","-1","-0.970512643","0.421450581","0.761234226","0.557364039","17","0.344827586","0.965517241","N2 S2 O10","de-protonated","0","-9999","C29 H28 O10 N2 S2","29","28","10","2","-9999","2","-9999","-9999","-9999"
"4374","627.11063","627.110652384","627.110391624","2389884","-9999","290276.5","12.2","-1","0.415812696","0.484557249","0.767553728","0.59775584","18","0.535714286","0.857142857","N2 O15","de-protonated","0","-9999","C28 H24 O15 N2","28","24","15","2","-9999","-9999","-9999","-9999","-9999"
"4374","627.11063","627.110652384","627.110880881","2389884","-9999","290276.5","12.2","-1","-0.364364412","0.488099224","0.748902347","0.592420473","22","0.225806452","0.806451613","N4 S1 P1 O7","de-protonated","0","-9999","C31 H25 O7 N4 P1 S1","31","25","7","4","1","1","-9999","-9999","-9999"
"4375","627.131566","627.131588376","627.131520992","2926479.8","-9999","303016.2","15.31","-1","0.107448449","0.498953668","0.787157861","0.614235346","13","0.68","1.12","N2 O17","de-protonated","0","-9999","C25 H28 O17 N2","25","28","17","2","-9999","-9999","-9999","-9999","-9999"
"4375","627.131566","627.131588376","627.131877307","2926479.8","-9999","303016.2","15.31","-1","-0.460718585","0.481108832","0.703327172","0.569996168","30","0.025641026","0.615384615","N4 S2 O1","de-protonated","0","-9999","C39 H24 O1 N4 S2","39","24","1","4","-9999","2","-9999","-9999","-9999"
"4375","627.131566","627.131588376","627.131007927","2926479.8","-9999","303016.2","15.31","-1","0.925561887","0.428018918","0.70871839","0.540298706","31","0.157894737","0.526315789","N4 O6","de-protonated","0","-9999","C38 H20 O6 N4","38","20","6","4","-9999","-9999","-9999","-9999","-9999"
"4375","627.131566","627.131588376","627.132010249","2926479.8","-9999","303016.2","15.31","-1","-0.672702133","0.460585017","0.767553728","0.583372502","17","0.321428571","1.035714286","N4 S1 P1 O9","de-protonated","0","-9999","C28 H29 O9 N4 P1 S1","28","29","9","4","1","1","-9999","-9999","-9999"
"4376","627.147074","627.14709637","627.147646513","2116510.5","-9999","315418.4","10.61","-1","-0.87721424","0.434841875","0.755017935","0.562912299","16","0.3","1.066666667","N2 S2 O9","de-protonated","0","-9999","C30 H32 O9 N2 S2","30","32","9","2","-9999","2","-9999","-9999","-9999"
"4376","627.147074","627.14709637","627.146777133","2116510.5","-9999","315418.4","10.61","-1","0.509030797","0.477036259","0.761234226","0.590715446","17","0.482758621","0.965517241","N2 O14","de-protonated","0","-9999","C29 H28 O14 N2","29","28","14","2","-9999","-9999","-9999","-9999","-9999"
"4376","627.147074","627.14709637","627.14726639","2116510.5","-9999","315418.4","10.61","-1","-0.27110112","0.493376404","0.742885034","0.593179856","21","0.1875","0.90625","N4 S1 P1 O6","de-protonated","0","-9999","C32 H29 O6 N4 P1 S1","32","29","6","4","1","1","-9999","-9999","-9999"
"4377","627.168116","627.168138362","627.167906501","1892274.4","-9999","365052.4","9.31","-1","0.369694984","0.487752796","0.780512821","0.604856806","12","0.615384615","1.230769231","N2 O16","de-protonated","0","-9999","C26 H32 O16 N2","26","32","16","2","-9999","-9999","-9999","-9999","-9999"
"4377","627.168116","627.168138362","627.168395758","1892274.4","-9999","365052.4","9.31","-1","-0.410410541","0.484949839","0.761234226","0.595463594","16","0.275862069","1.137931034","N4 S1 P1 O8","de-protonated","0","-9999","C29 H33 O8 N4 P1 S1","29","33","8","4","1","1","-9999","-9999","-9999"
"4378","627.183811","627.183833356","627.184303348","1735105.4","-9999","359878.1","8.4","-1","-0.749369134","0.451562976","0.692787115","0.548052632","29","0.073170732","0.707317073","N2 P1 O3","de-protonated","0","-9999","C41 H29 O3 N2 P1","41","29","3","2","1","-9999","-9999","-9999","-9999"
"4378","627.183811","627.183833356","627.184032022","1735105.4","-9999","359878.1","8.4","-1","-0.316759337","0.490979402","0.748902347","0.59414858","15","0.258064516","1.161290323","N2 S2 O8","de-protonated","0","-9999","C31 H36 O8 N2 S2","31","36","8","2","-9999","2","-9999","-9999","-9999"
"4378","627.183811","627.183833356","627.184164964","1735105.4","-9999","359878.1","8.4","-1","-0.528725288","0.950540928","0","0.570324557","2","0.8","2.05","N2 S1 P1 O16","de-protonated","0","-9999","C20 H41 O16 N2 P1 S1","20","41","16","2","1","1","-9999","-9999","-9999"
"4378","627.183811","627.183833356","627.1836519","1735105.4","-9999","359878.1","8.4","-1","0.28931896","0.492463257","0.736963647","0.590263413","20","0.151515152","1","N4 S1 P1 O5","de-protonated","0","-9999","C33 H33 O5 N4 P1 S1","33","33","5","4","1","1","-9999","-9999","-9999"
"4379","627.227417","627.22743933899994","627.226942207","1673706.5","-9999","348633","8.04","-1","0.792587038","0.446135663","0.736963647","0.562466857","14","0.303030303","1.212121212","S1 O10","de-protonated","0","-9999","C33 H40 O10 S1","33","40","10","-9999","-9999","1","-9999","-9999","-9999"
"4379","627.227417","627.22743933899994","627.227944529","1673706.5","-9999","348633","8.04","-1","-0.805432316","0.888954156","0","0.533372494","0","0.565217391","2.130434783","S2 P1 O13","de-protonated","0","-9999","C23 H49 O13 P1 S2","23","49","13","-9999","1","2","-9999","-9999","-9999"
"4379","627.227417","627.22743933899994","627.227075149","1673706.5","-9999","348633","8.04","-1","0.580635353","0.940660359","0","0.564396215","1","0.818181818","2.045454545","P1 O18","de-protonated","0","-9999","C22 H45 O18 P1","22","45","18","-9999","1","-9999","-9999","-9999","-9999"
"4379","627.227417","627.22743933899994","627.227431464","1673706.5","-9999","348633","8.04","-1","0.012554607","0.4999857","0.719752637","0.587892475","18","0.055555556","1.138888889","N2 S2 P1 O2","de-protonated","0","-9999","C36 H41 O2 N2 P1 S2","36","41","2","2","1","2","-9999","-9999","-9999"
"4380","627.330247","627.330269299","627.330225508","1893452","-9999","327617.6","9.32","-1","0.069805199","0.499558117","0.6825583","0.57275819","20","0.046511628","1.11627907","S1 O2","de-protonated","0","-9999","C43 H48 O2 S1","43","48","2","-9999","-9999","1","-9999","-9999","-9999"
"4380","627.330247","627.330269299","627.33035845","1893452","-9999","327617.6","9.32","-1","-0.142111437","0.498171115","0.742885034","0.596056683","7","0.3125","1.65625","P1 O10","de-protonated","0","-9999","C32 H53 O10 P1","32","53","10","-9999","1","-9999","-9999","-9999","-9999"
"4380","627.330247","627.330269299","627.330285867","1893452","-9999","327617.6","9.32","-1","-0.026410264","0.999873447","0.942260289","0.976828184","12","0.176470588","1.441176471","13C1 N3 S1 O6","de-protonated","1","4369","C33 H49 O6 N3 S1 13C1","33","49","6","3","-9999","1","1","-9999","-9999"
"4382","628.321548","628.321569916","628.322103177","4434936","-9999","335740.4","24.05","-1","-0.848706721","0.29249423","0.62401797","0.425103726","25","0.044444444","0.955555556","N1 O2","de-protonated","0","-9999","C45 H43 O2 N1","45","43","2","1","-9999","-9999","-9999","-9999","-9999"
"4382","628.321548","628.321569916","628.321451728","4434936","-9999","335740.4","24.05","-1","0.188100355","0.986222654","0.98951252","0.9875386","16","0.108108108","1.27027027","N3 S1 O4","de-protonated","0","-9999","C37 H47 O4 N3 S1","37","47","4","3","-9999","1","-9999","-9999","-9999"
"4382","628.321548","628.321569916","628.32158467","4434936","-9999","335740.4","24.05","-1","-0.023481992","0.972816324","0.944167556","0.961356817","3","0.461538462","2","N3 P1 O12","de-protonated","0","-9999","C26 H52 O12 N3 P1","26","52","12","3","1","-9999","-9999","-9999","-9999"
"4383","629.053553","629.053574633","629.054140049","2067632.6","-9999","321409.3","10.32","-1","-0.898835632","0.431822536","0.773979033","0.568685135","18","0.444444444","0.814814815","N2 S2 O12","de-protonated","0","-9999","C27 H22 O12 N2 S2","27","22","12","2","-9999","2","-9999","-9999","-9999"
"4383","629.053553","629.053574633","629.053270669","2067632.6","-9999","321409.3","10.32","-1","0.483208035","0.479259231","0.780512821","0.599760667","19","0.653846154","0.692307692","N2 O17","de-protonated","0","-9999","C26 H18 O17 N2","26","18","17","2","-9999","-9999","-9999","-9999","-9999"
"4383","629.053553","629.053574633","629.053626985","2067632.6","-9999","321409.3","10.32","-1","-0.08322347","0.499372025","0.698017357","0.578830158","36","0.025","0.35","N4 S2 O1","de-protonated","0","-9999","C40 H14 O1 N4 S2","40","14","1","4","-9999","2","-9999","-9999","-9999"
"4383","629.053553","629.053574633","629.053759927","2067632.6","-9999","321409.3","10.32","-1","-0.294559491","0.492189916","0.761234226","0.59980764","23","0.310344828","0.655172414","N4 S1 P1 O9","de-protonated","0","-9999","C29 H19 O9 N4 P1 S1","29","19","9","4","1","1","-9999","-9999","-9999"
"4384","629.082286","629.082307622","629.081932477","1696460","-9999","303860.6","8.16","-1","0.596336753","0.468755714","0.667769153","0.548361089","40","0.086956522","0.304347826","O4","de-protonated","0","-9999","C46 H14 O4","46","14","4","-9999","-9999","-9999","-9999","-9999","-9999"
"4384","629.082286","629.082307622","629.082934799","1696460","-9999","303860.6","8.16","-1","-0.996970174","0.41748861","0.719752637","0.538394221","26","0.194444444","0.638888889","S1 P1 O7","de-protonated","0","-9999","C36 H23 O7 P1 S1","36","23","7","-9999","1","1","-9999","-9999","-9999"
"4384","629.082286","629.082307622","629.081794093","1696460","-9999","303860.6","8.16","-1","0.816315321","0.886111855","0","0.531667113","13","0.68","1.04","S1 O17","de-protonated","0","-9999","C25 H26 O17 S1","25","26","17","-9999","-9999","1","-9999","-9999","-9999"
"4384","629.082286","629.082307622","629.08228335","1696460","-9999","303860.6","8.16","-1","0.038582801","0.499864963","0.767553728","0.606940469","17","0.321428571","0.964285714","N2 S2 P1 O9","de-protonated","0","-9999","C28 H27 O9 N2 P1 S2","28","27","9","2","1","2","-9999","-9999","-9999"
"4385","629.090126","629.090147619","629.090525559","3043027.5","-9999","291452","15.97","-1","-0.600771668","0.468304367","0.767553728","0.588004111","17","0.392857143","0.928571429","N2 S2 O11","de-protonated","0","-9999","C28 H26 O11 N2 S2","28","26","11","2","-9999","2","-9999","-9999","-9999"
"4385","629.090126","629.090147619","629.089656179","3043027.5","-9999","291452","15.97","-1","0.781192476","0.447589679","0.773979033","0.578145421","18","0.592592593","0.814814815","N2 O16","de-protonated","0","-9999","C27 H22 O16 N2","27","22","16","2","-9999","-9999","-9999","-9999","-9999"
"4385","629.090126","629.090147619","629.090145436","3043027.5","-9999","291452","15.97","-1","0.003469703","0.499998908","0.755017935","0.602006519","22","0.266666667","0.766666667","N4 S1 P1 O8","de-protonated","0","-9999","C30 H23 O8 N4 P1 S1","30","23","8","4","1","1","-9999","-9999","-9999"
"4386","629.110926","629.110947611","629.110785547","2062567.1","-9999","212362.9","10.29","-1","0.257608053","0.494015462","0.793917021","0.613976086","13","0.75","1.083333333","N2 O18","de-protonated","0","-9999","C24 H26 O18 N2","24","26","18","2","-9999","-9999","-9999","-9999","-9999"
"4386","629.110926","629.110947611","629.111141862","2062567.1","-9999","212362.9","10.29","-1","-0.308771539","0.49142474","0.70871839","0.5783422","30","0.052631579","0.578947368","N4 S2 O2","de-protonated","0","-9999","C38 H22 O2 N4 S2","38","22","2","4","-9999","2","-9999","-9999","-9999"
"4386","629.110926","629.110947611","629.111274804","2062567.1","-9999","212362.9","10.29","-1","-0.520088191","0.476052304","0.773979033","0.595222995","17","0.37037037","1","N4 S1 P1 O10","de-protonated","0","-9999","C27 H27 O10 N4 P1 S1","27","27","10","4","1","1","-9999","-9999","-9999"
"4387","629.126336","629.126357605","629.126911068","2287350","-9999","237255.3","11.59","-1","-0.879732058","0.920889544","0.778001818","0.863734454","16","0.344827586","1.034482759","N2 S2 O10","de-protonated","0","-9999","C29 H30 O10 N2 S2","29","30","10","2","-9999","2","-9999","-9999","-9999"
"4387","629.126336","629.126357605","629.126041688","2287350","-9999","237255.3","11.59","-1","0.502151774","0.896209872","0.771682316","0.84639885","17","0.535714286","0.928571429","N2 O15","de-protonated","0","-9999","C28 H26 O15 N2","28","26","15","2","-9999","-9999","-9999","-9999","-9999"
"4387","629.126336","629.126357605","629.126530945","2287350","-9999","237255.3","11.59","-1","-0.275525803","0.989047438","0.790333697","0.909561941","21","0.225806452","0.870967742","N4 S1 P1 O7","de-protonated","0","-9999","C31 H27 O7 N4 P1 S1","31","27","7","4","1","1","-9999","-9999","-9999"
"4388","629.162606","629.162627591","629.162427197","1733400.5","-9999","332251.3","8.38","-1","0.31850819","0.490880437","0.761234226","0.599021953","16","0.482758621","1.034482759","N2 O14","de-protonated","0","-9999","C29 H30 O14 N2","29","30","14","2","-9999","-9999","-9999","-9999","-9999"
"4388","629.162606","629.162627591","629.162916455","1733400.5","-9999","332251.3","8.38","-1","-0.459124269","0.481236872","0.742885034","0.585896137","20","0.1875","0.96875","N4 S1 P1 O6","de-protonated","0","-9999","C32 H31 O6 N4 P1 S1","32","31","6","4","1","1","-9999","-9999","-9999"
"4389","629.199022","629.199043577","629.198812707","2126651.3","-9999","325172","10.66","-1","0.366926882","0.487933289","0.755017935","0.594767147","15","0.433333333","1.133333333","N2 O13","de-protonated","0","-9999","C30 H34 O13 N2","30","34","13","2","-9999","-9999","-9999","-9999","-9999"
"4389","629.199022","629.199043577","629.199301964","2126651.3","-9999","325172","10.66","-1","-0.410660646","0.484931769","0.736963647","0.58574452","19","0.151515152","1.060606061","N4 S1 P1 O5","de-protonated","0","-9999","C33 H35 O5 N4 P1 S1","33","35","5","4","1","1","-9999","-9999","-9999"
"4390","629.26535","629.265371551","629.264862346","2139514.5","-9999","299122.5","10.73","-1","0.80920704","0.443985804","0.692787115","0.543506328","21","0.048780488","1.048780488","S1 P1 O2","de-protonated","0","-9999","C41 H43 O2 P1 S1","41","43","2","-9999","1","1","-9999","-9999","-9999"
"4390","629.26535","629.265371551","629.265710499","2139514.5","-9999","299122.5","10.73","-1","-0.53863989","0.474358734","0.703327172","0.565946109","22","0.153846154","0.974358974","N2 O6","de-protonated","0","-9999","C39 H38 O6 N2","39","38","6","2","-9999","-9999","-9999","-9999","-9999"
"4390","629.26535","629.265371551","629.26505905","2139514.5","-9999","299122.5","10.73","-1","0.496612774","0.478118425","0.748902347","0.586431994","13","0.258064516","1.35483871","N4 S1 O8","de-protonated","0","-9999","C31 H42 O8 N4 S1","31","42","8","4","-9999","1","-9999","-9999","-9999"
"4390","629.26535","629.265371551","629.265191992","2139514.5","-9999","299122.5","10.73","-1","0.285347639","0.985334456","0","0.591200674","0","0.8","2.35","N4 P1 O16","de-protonated","0","-9999","C20 H47 O16 N4 P1","20","47","16","4","1","-9999","-9999","-9999","-9999"
"4391","629.272489","629.272510548","629.273104554","6549377.5","-9999","244949.4","36.3","-1","-0.943955317","0.577300069","0.864045857","0.691998384","21","0.097560976","1.024390244","S1 O4","de-protonated","0","-9999","C41 H42 O4 S1","41","42","4","-9999","-9999","1","-9999","-9999","-9999"
"4391","629.272489","629.272510548","629.272724431","6549377.5","-9999","244949.4","36.3","-1","-0.33988947","0.656517723","0.851083868","0.734344181","26","0.023255814","0.906976744","N2 P1 O1","de-protonated","0","-9999","C43 H39 O1 N2 P1","43","39","1","2","1","-9999","-9999","-9999","-9999"
"4391","629.272489","629.272510548","629.272453105","6549377.5","-9999","244949.4","36.3","-1","0.091284763","0.663784213","0.905799458","0.760590311","12","0.181818182","1.393939394","N2 S2 O6","de-protonated","0","-9999","C33 H46 O6 N2 S2","33","46","6","2","-9999","2","-9999","-9999","-9999"
"4391","629.272489","629.272510548","629.272072983","6549377.5","-9999","244949.4","36.3","-1","0.695351861","0.902953388","0.939828417","0.9177034","17","0.085714286","1.228571429","N4 S1 P1 O3","de-protonated","0","-9999","C35 H43 O3 N4 P1 S1","35","43","3","4","1","1","-9999","-9999","-9999"
"4392","629.324569","629.324590528","629.324879146","1684915.1","-9999","291927.3","8.1","-1","-0.458615583","0.481277638","0.725399619","0.57892643","11","0.228571429","1.457142857","P1 O8","de-protonated","0","-9999","C35 H51 O8 P1","35","51","8","-9999","1","-9999","-9999","-9999","-9999"
"4392","629.324569","629.324590528","629.324094756","1684915.1","-9999","291927.3","8.1","-1","0.787785209","0.446750396","0.70871839","0.551537593","15","0.052631579","1.315789474","N2 S2 O2","de-protonated","0","-9999","C38 H50 O2 N2 S2","38","50","2","2","-9999","2","-9999","-9999","-9999"
"4392","629.324569","629.324590528","629.324227698","1684915.1","-9999","291927.3","8.1","-1","0.57653983","0.470734804","0.773979033","0.592032495","2","0.37037037","2.037037037","N2 S1 P1 O10","de-protonated","0","-9999","C27 H55 O10 N2 P1 S1","27","55","10","2","1","1","-9999","-9999","-9999"
"4392","629.324569","629.324590528","629.324806564","1684915.1","-9999","291927.3","8.1","-1","-0.343281139","0.978844715","0.98951252","0.983111837","16","0.108108108","1.27027027","13C1 N3 S1 O4","de-protonated","1","4382","C36 H47 O4 N3 S1 13C1","36","47","4","3","-9999","1","1","-9999","-9999"
"4392","629.324569","629.324590528","629.324939505","1684915.1","-9999","291927.3","8.1","-1","-0.55452604","0.945732695","0.944167556","0.94510664","3","0.461538462","2","13C1 N3 P1 O12","de-protonated","1","4382","C25 H52 O12 N3 P1 13C1","25","52","12","3","1","-9999","1","-9999","-9999"
"4392","629.324569","629.324590528","629.325075851","1684915.1","-9999","291927.3","8.1","-1","-0.771179642","0.897707662","0","0.538624597","3","0.56","2","N4 O14","de-protonated","0","-9999","C25 H50 O14 N4","25","50","14","4","-9999","-9999","-9999","-9999","-9999"
"4393","630.129999","630.130020217","630.129825422","1954484.4","-9999","287347.4","9.65","-1","0.309135034","0.491404713","0.698017357","0.574049771","29","0.075","0.65","N1 S1 P1 O3","de-protonated","0","-9999","C40 H26 O3 N1 P1 S1","40","26","3","1","1","1","-9999","-9999","-9999"
"4393","630.129999","630.130020217","630.129687037","1954484.4","-9999","287347.4","9.65","-1","0.528747719","0.950536837","0","0.570322102","2","0.842105263","2","N1 S2 P1 O16","de-protonated","0","-9999","C19 H38 O16 N1 P1 S2","19","38","16","1","1","2","-9999","-9999","-9999"
"4393","630.129999","630.130020217","630.130265903","1954484.4","-9999","287347.4","9.65","-1","-0.389897452","0.972793126","0.778001818","0.894876603","16","0.344827586","1.034482759","13C1 N2 S2 O10","de-protonated","1","4387","C28 H30 O10 N2 S2 13C1","28","30","10","2","-9999","2","1","-9999","-9999"
"4393","630.129999","630.130020217","630.129396523","1954484.4","-9999","287347.4","9.65","-1","0.989786682","0.837142286","0.771682316","0.810958298","17","0.535714286","0.928571429","13C1 N2 O15","de-protonated","1","4387","C27 H26 O15 N2 13C1","27","26","15","2","-9999","-9999","1","-9999","-9999"
"4393","630.129999","630.130020217","630.12988578","1954484.4","-9999","287347.4","9.65","-1","0.213347022","0.991775021","0.790333697","0.911198491","21","0.225806452","0.870967742","13C1 N4 S1 P1 O7","de-protonated","1","4387","C30 H27 O7 N4 P1 S1 13C1","30","27","7","4","1","1","1","-9999","-9999"
"4394","630.275912","630.27593316","630.276459389","1787712.1","-9999","259037.6","8.69","-1","-0.834917226","0.587457963","0.864045857","0.698093121","21","0.097560976","1.024390244","13C1 S1 O4","de-protonated","1","4391","C40 H42 O4 S1 13C1","40","42","4","-9999","-9999","1","1","-9999","-9999"
"4394","630.275912","630.27593316","630.276079267","1787712.1","-9999","259037.6","8.69","-1","-0.231812943","0.660197887","0.851083868","0.73655228","26","0.023255814","0.906976744","13C1 N2 P1 O1","de-protonated","1","4391","C42 H39 O1 N2 P1 13C1","42","39","1","2","1","-9999","1","-9999","-9999"
"4394","630.275912","630.27593316","630.27580794","1787712.1","-9999","259037.6","8.69","-1","0.198674938","0.661908995","0.905799458","0.75946518","12","0.181818182","1.393939394","13C1 N2 S2 O6","de-protonated","1","4391","C32 H46 O6 N2 S2 13C1","32","46","6","2","-9999","2","1","-9999","-9999"
"4394","630.275912","630.27593316","630.276215612","1787712.1","-9999","259037.6","8.69","-1","-0.448139667","0.482107882","0.68763467","0.564318597","26","0.071428571","0.880952381","N3 O3","de-protonated","0","-9999","C42 H37 O3 N3","42","37","3","3","-9999","-9999","-9999","-9999","-9999"
"4394","630.275912","630.27593316","630.275427818","1787712.1","-9999","259037.6","8.69","-1","0.801780467","0.889901376","0.939828417","0.909872192","17","0.085714286","1.228571429","13C1 N4 S1 P1 O3","de-protonated","1","4391","C34 H43 O3 N4 P1 S1 13C1","34","43","3","4","1","1","1","-9999","-9999"
"4395","631.062075","631.062095856","631.062199354","1558577.9","-9999","300952","7.35","-1","-0.164005059","0.497565673","0.725399619","0.588699251","26","0.228571429","0.6","S1 P1 O8","de-protonated","0","-9999","C35 H21 O8 P1 S1","35","21","8","-9999","1","1","-9999","-9999","-9999"
"4395","631.062075","631.062095856","631.061547905","1558577.9","-9999","300952","7.35","-1","0.868300863","0.872142386","0","0.523285432","17","0.37037037","0.925925926","N2 S2 P1 O10","de-protonated","0","-9999","C27 H25 O10 N2 P1 S2","27","25","10","2","1","2","-9999","-9999","-9999"
"4395","631.062075","631.062095856","631.062396058","1558577.9","-9999","300952","7.35","-1","-0.475708717","0.95976999","0","0.575861994","18","0.56","0.8","N4 S1 O14","de-protonated","0","-9999","C25 H20 O14 N4 S1","25","20","14","4","-9999","1","-9999","-9999","-9999"
"4396","631.069272","631.069292854","631.06979011400006","2804280.8","-9999","347732.4","14.58","-1","-0.787963539","0.446727617","0.773979033","0.577628184","17","0.444444444","0.888888889","N2 S2 O12","de-protonated","0","-9999","C27 H24 O12 N2 S2","27","24","12","2","-9999","2","-9999","-9999","-9999"
"4396","631.069272","631.069292854","631.068920734","2804280.8","-9999","347732.4","14.58","-1","0.589665997","0.469429113","0.780512821","0.593862596","18","0.653846154","0.769230769","N2 O17","de-protonated","0","-9999","C26 H20 O17 N2","26","20","17","2","-9999","-9999","-9999","-9999","-9999"
"4396","631.069272","631.069292854","631.069277049","2804280.8","-9999","347732.4","14.58","-1","0.025043629","0.499943102","0.698017357","0.579172804","35","0.025","0.4","N4 S2 O1","de-protonated","0","-9999","C40 H16 O1 N4 S2","40","16","1","4","-9999","2","-9999","-9999","-9999"
"4396","631.069272","631.069292854","631.069409991","2804280.8","-9999","347732.4","14.58","-1","-0.185617404","0.49688395","0.761234226","0.60262406","22","0.310344828","0.724137931","N4 S1 P1 O9","de-protonated","0","-9999","C29 H21 O9 N4 P1 S1","29","21","9","4","1","1","-9999","-9999","-9999"
"4397","631.102802","631.102822841","631.10280432","1576536.9","-9999","504284","7.46","-1","0.029347077","0.49992187","0.748902347","0.59951406","21","0.35483871","0.774193548","N2 S1 O11","de-protonated","0","-9999","C31 H24 O11 N2 S1","31","24","11","2","-9999","1","-9999","-9999","-9999"
"4397","631.102802","631.102822841","631.102937261","1576536.9","-9999","504284","7.46","-1","-0.181302765","0.994053407","0","0.596432044","8","0.95","1.45","N2 P1 O19","de-protonated","0","-9999","C20 H29 O19 N2 P1","20","29","19","2","1","-9999","-9999","-9999","-9999"
"4397","631.102802","631.102822841","631.103293577","1576536.9","-9999","504284","7.46","-1","-0.745894265","0.451988901","0.73113591","0.563647705","25","0.088235294","0.735294118","N4 S2 P1 O3","de-protonated","0","-9999","C34 H25 O3 N4 P1 S2","34","25","3","4","1","2","-9999","-9999","-9999"
"4397","631.102802","631.102822841","631.102424197","1576536.9","-9999","504284","7.46","-1","0.631662195","0.465080539","0.736963647","0.573833783","26","0.242424242","0.636363636","N4 P1 O8","de-protonated","0","-9999","C33 H21 O8 N4 P1","33","21","8","4","1","-9999","-9999","-9999","-9999"
"4398","631.105691","631.10571184","631.106175623","3029083.5","-9999","250970.9","15.88","-1","-0.734873833","0.453329227","0.767553728","0.579019027","16","0.392857143","1","N2 S2 O11","de-protonated","0","-9999","C28 H28 O11 N2 S2","28","28","11","2","-9999","2","-9999","-9999","-9999"
"4398","631.105691","631.10571184","631.105306243","3029083.5","-9999","250970.9","15.88","-1","0.642676351","0.463897593","0.773979033","0.587930169","17","0.592592593","0.888888889","N2 O16","de-protonated","0","-9999","C27 H24 O16 N2","27","24","16","2","-9999","-9999","-9999","-9999","-9999"
"4398","631.105691","631.10571184","631.105795501","3029083.5","-9999","250970.9","15.88","-1","-0.132562393","0.498408259","0.755017935","0.60105213","21","0.266666667","0.833333333","N4 S1 P1 O8","de-protonated","0","-9999","C30 H25 O8 N4 P1 S1","30","25","8","4","1","1","-9999","-9999","-9999"
"4399","631.141908","631.141928826","631.141691753","3028606.5","-9999","306437.8","15.88","-1","0.375625803","0.487361741","0.767553728","0.599438536","16","0.535714286","1","N2 O15","de-protonated","0","-9999","C28 H28 O15 N2","28","28","15","2","-9999","-9999","-9999","-9999","-9999"
"4399","631.141908","631.141928826","631.14218101","3028606.5","-9999","306437.8","15.88","-1","-0.399568042","0.485723231","0.748902347","0.590994877","20","0.225806452","0.935483871","N4 S1 P1 O7","de-protonated","0","-9999","C31 H29 O7 N4 P1 S1","31","29","7","4","1","1","-9999","-9999","-9999"
"4400","631.178492","631.178512811","631.178946642","2778785.5","-9999","333368.5","14.43","-1","-0.687333221","0.458925023","0.755017935","0.577362188","14","0.3","1.2","N2 S2 O9","de-protonated","0","-9999","C30 H36 O9 N2 S2","30","36","9","2","-9999","2","-9999","-9999","-9999"
"4400","631.178492","631.178512811","631.178077262","2778785.5","-9999","333368.5","14.43","-1","0.690058206","0.458612581","0.761234226","0.579661239","15","0.482758621","1.103448276","N2 O14","de-protonated","0","-9999","C29 H32 O14 N2","29","32","14","2","-9999","-9999","-9999","-9999","-9999"
"4400","631.178492","631.178512811","631.179079583","2778785.5","-9999","333368.5","14.43","-1","-0.8979575","0.431946182","0.829532115","0.590980555","1","0.894736842","2.157894737","N2 S1 P1 O17","de-protonated","0","-9999","C19 H41 O17 N2 P1 S1","19","41","17","2","1","1","-9999","-9999","-9999"
"4400","631.178492","631.178512811","631.178566519","2778785.5","-9999","333368.5","14.43","-1","-0.085091195","0.499343541","0.742885034","0.596760138","19","0.1875","1.03125","N4 S1 P1 O6","de-protonated","0","-9999","C32 H33 O6 N4 P1 S1","32","33","6","4","1","1","-9999","-9999","-9999"
"4401","631.215007","631.215027797","631.215603477","2067140.8","-9999","292124.9","10.3","-1","-0.912017829","0.429956199","0.692787115","0.535088566","27","0.073170732","0.804878049","N2 P1 O3","de-protonated","0","-9999","C41 H33 O3 N2 P1","41","33","3","2","1","-9999","-9999","-9999","-9999"
"4401","631.215007","631.215027797","631.215332151","2067140.8","-9999","292124.9","10.3","-1","-0.482170995","0.479346299","0.748902347","0.587168718","13","0.258064516","1.290322581","N2 S2 O8","de-protonated","0","-9999","C31 H40 O8 N2 S2","31","40","8","2","-9999","2","-9999","-9999","-9999"
"4401","631.215007","631.215027797","631.214462771","2067140.8","-9999","292124.9","10.3","-1","0.895141317","0.432342139","0.755017935","0.561412457","14","0.433333333","1.2","N2 O13","de-protonated","0","-9999","C30 H36 O13 N2","30","36","13","2","-9999","-9999","-9999","-9999","-9999"
"4401","631.215007","631.215027797","631.215465093","2067140.8","-9999","292124.9","10.3","-1","-0.692783176","0.916598237","0","0.549958942","0","0.8","2.25","N2 S1 P1 O16","de-protonated","0","-9999","C20 H45 O16 N2 P1 S1","20","45","16","2","1","1","-9999","-9999","-9999"
"4401","631.215007","631.215027797","631.214952029","2067140.8","-9999","292124.9","10.3","-1","0.12003644","0.498694483","0.736963647","0.594002149","18","0.151515152","1.121212121","N4 S1 P1 O5","de-protonated","0","-9999","C33 H37 O5 N4 P1 S1","33","37","5","4","1","1","-9999","-9999","-9999"
"4402","631.251113","631.251133783","631.25171766","1586919.4","-9999","286085.5","7.52","-1","-0.924951198","0.428106693","0.742885034","0.55401803","12","0.21875","1.375","N2 S2 O7","de-protonated","0","-9999","C32 H44 O7 N2 S2","32","44","7","2","-9999","2","-9999","-9999","-9999"
"4402","631.251113","631.251133783","631.250848281","1586919.4","-9999","286085.5","7.52","-1","0.452281115","0.481781784","0.748902347","0.588630009","13","0.387096774","1.290322581","N2 O12","de-protonated","0","-9999","C31 H40 O12 N2","31","40","12","2","-9999","-9999","-9999","-9999","-9999"
"4402","631.251113","631.251133783","631.251337538","1586919.4","-9999","286085.5","7.52","-1","-0.322778742","0.490636567","0.73113591","0.586836304","17","0.117647059","1.205882353","N4 S1 P1 O4","de-protonated","0","-9999","C34 H41 O4 N4 P1 S1","34","41","4","4","1","1","-9999","-9999","-9999"
"4403","633.048793","633.048813088","633.049325995","1580973.1","-9999","298618.6","7.47","-1","-0.810215714","0.44385423","0.719752637","0.554213593","31","0.222222222","0.416666667","N2 P1 O8","de-protonated","0","-9999","C36 H15 O8 N2 P1","36","15","8","2","1","-9999","-9999","-9999","-9999"
"4403","633.048793","633.048813088","633.049054669","1580973.1","-9999","298618.6","7.47","-1","-0.381613952","0.973921837","0","0.584353102","17","0.5","0.846153846","N2 S2 O13","de-protonated","0","-9999","C26 H22 O13 N2 S2","26","22","13","2","-9999","2","-9999","-9999","-9999"
"4403","633.048793","633.048813088","633.048185289","1580973.1","-9999","298618.6","7.47","-1","0.991708898","0.836563926","0","0.501938356","18","0.72","0.72","N2 O18","de-protonated","0","-9999","C25 H18 O18 N2","25","18","18","2","-9999","-9999","-9999","-9999","-9999"
"4403","633.048793","633.048813088","633.048541605","1580973.1","-9999","298618.6","7.47","-1","0.428851629","0.483589882","0.703327172","0.571484798","35","0.051282051","0.358974359","N4 S2 O2","de-protonated","0","-9999","C39 H14 O2 N4 S2","39","14","2","4","-9999","2","-9999","-9999","-9999"
"4403","633.048793","633.048813088","633.048674546","1580973.1","-9999","298618.6","7.47","-1","0.218849156","0.991347177","0","0.594808306","22","0.357142857","0.678571429","N4 S1 P1 O10","de-protonated","0","-9999","C28 H19 O10 N4 P1 S1","28","19","10","4","1","1","-9999","-9999","-9999"
"4404","633.07754","633.077560077","633.077849418","2076616.8","-9999","311030.7","10.35","-1","-0.457038586","0.481403753","0.725399619","0.5790021","25","0.228571429","0.657142857","S1 P1 O8","de-protonated","0","-9999","C35 H23 O8 P1 S1","35","23","8","-9999","1","1","-9999","-9999","-9999"
"4404","633.07754","633.077560077","633.07719797","2076616.8","-9999","311030.7","10.35","-1","0.571980283","0.471182308","0.773979033","0.592300998","16","0.37037037","1","N2 S2 P1 O10","de-protonated","0","-9999","C27 H27 O10 N2 P1 S2","27","27","10","2","1","2","-9999","-9999","-9999"
"4404","633.07754","633.077560077","633.078046123","2076616.8","-9999","311030.7","10.35","-1","-0.767749724","0.449283931","0.787157861","0.584433503","17","0.56","0.88","N4 S1 O14","de-protonated","0","-9999","C25 H22 O14 N4 S1","25","22","14","4","-9999","1","-9999","-9999","-9999"
"4405","633.084986","633.085006074","633.085440178","4026832","-9999","268284.4","21.66","-1","-0.685695273","0.459112334","0.773979033","0.585059014","16","0.444444444","0.962962963","N2 S2 O12","de-protonated","0","-9999","C27 H26 O12 N2 S2","27","26","12","2","-9999","2","-9999","-9999","-9999"
"4405","633.084986","633.085006074","633.084570798","4026832","-9999","268284.4","21.66","-1","0.687548231","0.458900407","0.780512821","0.587545373","17","0.653846154","0.846153846","N2 O17","de-protonated","0","-9999","C26 H22 O17 N2","26","22","17","2","-9999","-9999","-9999","-9999","-9999"
"4405","633.084986","633.085006074","633.084927114","4026832","-9999","268284.4","21.66","-1","0.124723482","0.498590687","0.698017357","0.578361355","34","0.025","0.45","N4 S2 O1","de-protonated","0","-9999","C40 H18 O1 N4 S2","40","18","1","4","-9999","2","-9999","-9999","-9999"
"4405","633.084986","633.085006074","633.085060056","4026832","-9999","268284.4","21.66","-1","-0.085266857","0.499340829","0.761234226","0.604098188","21","0.310344828","0.793103448","N4 S1 P1 O9","de-protonated","0","-9999","C29 H23 O9 N4 P1 S1","29","23","9","4","1","1","-9999","-9999","-9999"
"4406","633.121541","633.12156106","633.122097014","3717619.5","-9999","251150.7","19.86","-1","-0.84652445","0.439035954","0.70871839","0.546908928","29","0.157894737","0.605263158","N2 P1 O6","de-protonated","0","-9999","C38 H23 O6 N2 P1","38","23","6","2","1","-9999","-9999","-9999","-9999"
"4406","633.121541","633.12156106","633.121825688","3717619.5","-9999","251150.7","19.86","-1","-0.417971967","0.484398982","0.767553728","0.59766088","15","0.392857143","1.071428571","N2 S2 O11","de-protonated","0","-9999","C28 H30 O11 N2 S2","28","30","11","2","-9999","2","-9999","-9999","-9999"
"4406","633.121541","633.12156106","633.120956308","3717619.5","-9999","251150.7","19.86","-1","0.955192983","0.423712632","0.773979033","0.563819193","16","0.592592593","0.962962963","N2 O16","de-protonated","0","-9999","C27 H26 O16 N2","27","26","16","2","-9999","-9999","-9999","-9999","-9999"
"4406","633.121541","633.12156106","633.121445565","3717619.5","-9999","251150.7","19.86","-1","0.182422102","0.496989988","0.755017935","0.600201167","20","0.266666667","0.9","N4 S1 P1 O8","de-protonated","0","-9999","C30 H27 O8 N4 P1 S1","30","27","8","4","1","1","-9999","-9999","-9999"
"4407","633.157867","633.157887046","633.158482523","2726422.5","-9999","246689.8","14.11","-1","-0.940486062","0.425861506","0.703327172","0.536847772","28","0.128205128","0.692307692","N2 P1 O5","de-protonated","0","-9999","C39 H27 O5 N2 P1","39","27","5","2","1","-9999","-9999","-9999","-9999"
"4407","633.157867","633.157887046","633.158211197","2726422.5","-9999","246689.8","14.11","-1","-0.511958247","0.476777617","0.761234226","0.590560261","14","0.344827586","1.172413793","N2 S2 O10","de-protonated","0","-9999","C29 H34 O10 N2 S2","29","34","10","2","-9999","2","-9999","-9999","-9999"
"4407","633.157867","633.157887046","633.157341817","2726422.5","-9999","246689.8","14.11","-1","0.861127663","0.437053881","0.767553728","0.56925382","15","0.535714286","1.071428571","N2 O15","de-protonated","0","-9999","C28 H30 O15 N2","28","30","15","2","-9999","-9999","-9999","-9999","-9999"
"4407","633.157867","633.157887046","633.157831074","2726422.5","-9999","246689.8","14.11","-1","0.088401263","0.499291511","0.748902347","0.599135845","19","0.225806452","1","N4 S1 P1 O7","de-protonated","0","-9999","C31 H31 O7 N4 P1 S1","31","31","7","4","1","1","-9999","-9999","-9999"
"4408","633.194131","633.194151032","633.194596706","2551353.8","-9999","257651.2","13.1","-1","-0.703849874","0.457015623","0.755017935","0.576216548","13","0.3","1.266666667","N2 S2 O9","de-protonated","0","-9999","C30 H38 O9 N2 S2","30","38","9","2","-9999","2","-9999","-9999","-9999"
"4408","633.194131","633.194151032","633.193727326","2551353.8","-9999","257651.2","13.1","-1","0.66915687","0.460982764","0.761234226","0.581083349","14","0.482758621","1.172413793","N2 O14","de-protonated","0","-9999","C29 H34 O14 N2","29","34","14","2","-9999","-9999","-9999","-9999","-9999"
"4408","633.194131","633.194151032","633.194729648","2551353.8","-9999","257651.2","13.1","-1","-0.913803669","0.429701897","0.829532115","0.589633984","0","0.894736842","2.263157895","N2 S1 P1 O17","de-protonated","0","-9999","C19 H43 O17 N2 P1 S1","19","43","17","2","1","1","-9999","-9999","-9999"
"4408","633.194131","633.194151032","633.194216584","2551353.8","-9999","257651.2","13.1","-1","-0.103524978","0.499028614","0.742885034","0.596571182","18","0.1875","1.09375","N4 S1 P1 O6","de-protonated","0","-9999","C32 H35 O6 N4 P1 S1","32","35","6","4","1","1","-9999","-9999","-9999"
"4409","633.230585","633.230605018","633.230982216","2256989.3","-9999","315597.3","11.39","-1","-0.595671075","0.468823209","0.748902347","0.580854864","12","0.258064516","1.35483871","N2 S2 O8","de-protonated","0","-9999","C31 H42 O8 N2 S2","31","42","8","2","-9999","2","-9999","-9999","-9999"
"4409","633.230585","633.230605018","633.230112836","2256989.3","-9999","315597.3","11.39","-1","0.777256925","0.448088074","0.755017935","0.570860018","13","0.433333333","1.266666667","N2 O13","de-protonated","0","-9999","C30 H38 O13 N2","30","38","13","2","-9999","-9999","-9999","-9999","-9999"
"4409","633.230585","633.230605018","633.230602093","2256989.3","-9999","315597.3","11.39","-1","0.004619391","0.499998064","0.736963647","0.594784297","17","0.151515152","1.181818182","N4 S1 P1 O5","de-protonated","0","-9999","C33 H39 O5 N4 P1 S1","33","39","5","4","1","1","-9999","-9999","-9999"
"4410","633.283158","633.283177998","633.283275315","1528976","-9999","315917.1","7.17","-1","-0.153670605","0.497862159","0.677556332","0.569739828","24","0.045454545","0.954545455","S1 O2","de-protonated","0","-9999","C44 H42 O2 S1","44","42","2","-9999","-9999","1","-9999","-9999","-9999"
"4410","633.283158","633.283177998","633.283408257","1528976","-9999","315917.1","7.17","-1","-0.363595116","0.488148824","0.736963647","0.587674753","11","0.303030303","1.424242424","P1 O10","de-protonated","0","-9999","C33 H47 O10 P1","33","47","10","-9999","1","-9999","-9999","-9999","-9999"
"4410","633.283158","633.283177998","633.282623866","1528976","-9999","315917.1","7.17","-1","0.87501478","0.435146064","0.719752637","0.548988694","15","0.111111111","1.277777778","N2 S2 O4","de-protonated","0","-9999","C36 H46 O4 N2 S2","36","46","4","2","-9999","2","-9999","-9999","-9999"
"4410","633.283158","633.283177998","633.282756808","1528976","-9999","315917.1","7.17","-1","0.665089838","0.922873758","0","0.553724255","2","0.48","2.04","N2 S1 P1 O12","de-protonated","0","-9999","C25 H51 O12 N2 P1 S1","25","51","12","2","1","1","-9999","-9999","-9999"
"4410","633.283158","633.283177998","633.283604961","1528976","-9999","315917.1","7.17","-1","-0.674205428","0.920831662","0","0.552498997","3","0.695652174","2","N4 O16","de-protonated","0","-9999","C23 H46 O16 N4","23","46","16","4","-9999","-9999","-9999","-9999","-9999"
"4411","633.300344","633.300363991","633.300381931","2595488.5","-9999","282939.9","13.35","-1","-0.02832736","0.499927205","0.719752637","0.587857378","15","0.166666667","1.277777778","N2 S1 O6","de-protonated","0","-9999","C36 H46 O6 N2 S1","36","46","6","2","-9999","1","-9999","-9999","-9999"
"4411","633.300344","633.300363991","633.300514873","2595488.5","-9999","282939.9","13.35","-1","-0.238246226","0.494876799","0.787157861","0.611789224","2","0.56","2.04","N2 P1 O14","de-protonated","0","-9999","C25 H51 O14 N2 P1","25","51","14","2","1","-9999","-9999","-9999","-9999"
"4411","633.300344","633.300363991","633.300001808","2595488.5","-9999","282939.9","13.35","-1","0.571897665","0.471190387","0.70871839","0.566201588","20","0.078947368","1.131578947","N4 P1 O3","de-protonated","0","-9999","C38 H43 O3 N4 P1","38","43","3","4","1","-9999","-9999","-9999","-9999"
"4412","633.329726","633.32974598","633.32917668","7714493","-9999","277067.3","43.04","-1","0.898899647","0.593695795","0.873488063","0.705612702","23","0.022222222","1.044444444","P1 O1","de-protonated","0","-9999","C45 H47 O1 P1","45","47","1","-9999","1","-9999","-9999","-9999","-9999"
"4412","633.329726","633.32974598","633.330242765","7714493","-9999","277067.3","43.04","-1","-0.784401175","0.432739799","0.893573097","0.617073118","14","0.055555556","1.388888889","N4 S2 O2","de-protonated","0","-9999","C36 H50 O2 N4 S2","36","50","2","4","-9999","2","-9999","-9999","-9999"
"4412","633.329726","633.32974598","633.329373385","7714493","-9999","277067.3","43.04","-1","0.588311389","0.637803942","0.940004588","0.7586842","15","0.2","1.314285714","N4 O7","de-protonated","0","-9999","C35 H46 O7 N4","35","46","7","4","-9999","-9999","-9999","-9999","-9999"
"4412","633.329726","633.32974598","633.330375707","7714493","-9999","277067.3","43.04","-1","-0.994309985","0.417890079","0.787157861","0.565597192","1","0.4","2.2","N4 S1 P1 O10","de-protonated","0","-9999","C25 H55 O10 N4 P1 S1","25","55","10","4","1","1","-9999","-9999","-9999"
"4413","633.334041","633.334060978","633.333909201","4293313.5","-9999","291715","23.2","-1","0.239647622","0.494816666","0.773979033","0.606481613","1","0.592592593","2","O16","de-protonated","0","-9999","C27 H54 O16","27","54","16","-9999","-9999","-9999","-9999","-9999","-9999"
"4413","633.334041","633.334060978","633.334398459","4293313.5","-9999","291715","23.2","-1","-0.532862869","0.474891826","0.755017935","0.58694227","5","0.266666667","1.833333333","N2 S1 P1 O8","de-protonated","0","-9999","C30 H55 O8 N2 P1 S1","30","55","8","2","1","1","-9999","-9999","-9999"
"4414","633.337001","633.337020977","633.337418889","21968580","-9999","272206.2","125.69","-1","-0.62827794","0.631042838","0.87147694","0.727216478","23","0.066666667","1.022222222","O3","de-protonated","0","-9999","C45 H46 O3","45","46","3","-9999","-9999","-9999","-9999","-9999","-9999"
"4414","633.337001","633.337020977","633.33676744","21968580","-9999","272206.2","125.69","-1","0.400319015","0.478696214","0.904130153","0.648869789","14","0.135135135","1.351351351","N2 S1 O5","de-protonated","0","-9999","C37 H50 O5 N2 S1","37","50","5","2","-9999","1","-9999","-9999","-9999"
"4414","633.337001","633.337020977","633.336900382","21968580","-9999","272206.2","125.69","-1","0.190412118","0.492650047","0.951904767","0.676351935","1","0.5","2.115384615","N2 P1 O13","de-protonated","0","-9999","C26 H55 O13 N2 P1","26","55","13","2","1","-9999","-9999","-9999","-9999"
"4415","634.332949","634.332968592","634.332531516","2564235.3","-9999","268521.6","13.17","-1","0.689033668","0.61164023","0.873488063","0.716379363","23","0.022222222","1.044444444","13C1 P1 O1","de-protonated","1","4412","C44 H47 O1 P1 13C1","44","47","1","-9999","1","-9999","1","-9999","-9999"
"4415","634.332949","634.332968592","634.332667861","2564235.3","-9999","268521.6","13.17","-1","0.47409012","0.480018877","0.677556332","0.559033859","23","0.068181818","1.022727273","N1 O3","de-protonated","0","-9999","C44 H45 O3 N1","44","45","3","1","-9999","-9999","-9999","-9999","-9999"
"4415","634.332949","634.332968592","634.333018734","2564235.3","-9999","268521.6","13.17","-1","-0.079046917","0.499433438","0.780512821","0.611865191","0","0.307692308","2.230769231","N3 S2 P1 O8","de-protonated","0","-9999","C26 H58 O8 N3 P1 S2","26","58","8","3","1","2","-9999","-9999","-9999"
"4415","634.332949","634.332968592","634.3335976","2564235.3","-9999","268521.6","13.17","-1","-0.991604247","0.418297716","0.893573097","0.608407869","14","0.055555556","1.388888889","13C1 N4 S2 O2","de-protonated","1","4412","C35 H50 O2 N4 S2 13C1","35","50","2","4","-9999","2","1","-9999","-9999"
"4415","634.332949","634.332968592","634.33272822","2564235.3","-9999","268521.6","13.17","-1","0.378936747","0.64952115","0.940004588","0.765714525","15","0.2","1.314285714","13C1 N4 O7","de-protonated","1","4412","C34 H46 O7 N4 13C1","34","46","7","4","-9999","-9999","1","-9999","-9999"
"4416","634.340462","634.340481589","634.340773724","7223954.5","-9999","267253","40.19","-1","-0.460533101","0.641498333","0.87147694","0.733489776","23","0.066666667","1.022222222","13C1 O3","de-protonated","1","4414","C44 H46 O3 13C1","44","46","3","-9999","-9999","-9999","1","-9999","-9999"
"4416","634.340462","634.340481589","634.340122275","7223954.5","-9999","267253","40.19","-1","0.566437064","0.471722135","0.904130153","0.644685342","14","0.135135135","1.351351351","13C1 N2 S1 O5","de-protonated","1","4414","C36 H50 O5 N2 S1 13C1","36","50","5","2","-9999","1","1","-9999","-9999"
"4416","634.340462","634.340481589","634.340255217","7223954.5","-9999","267253","40.19","-1","0.356862149","0.488578669","0.951904767","0.673909108","1","0.5","2.115384615","13C1 N2 P1 O13","de-protonated","1","4414","C25 H55 O13 N2 P1 13C1","25","55","13","2","1","-9999","1","-9999","-9999"
"4416","634.340462","634.340481589","634.340391563","7223954.5","-9999","267253","40.19","-1","0.14192129","0.498175997","0.787157861","0.613768743","1","0.6","2.12","N3 O15","de-protonated","0","-9999","C25 H53 O15 N3","25","53","15","3","-9999","-9999","-9999","-9999","-9999"
"4418","634.95774","634.95775935","634.957201975","4096236","-9999","296047.7","22.05","-1","0.877815045","0.434758687","0.81490939","0.586818968","14","0.80952381","0.80952381","S2 P1 O17","de-protonated","0","-9999","C21 H17 O17 P1 S2","21","17","17","-9999","1","2","-9999","-9999","-9999"
"4418","634.95774","634.95775935","634.957670006","4096236","-9999","296047.7","22.05","-1","0.14070912","0.498206966","0.81490939","0.624887936","20","0.857142857","0.428571429","N4 P1 O18","de-protonated","0","-9999","C21 H9 O18 N4 P1","21","9","18","4","1","-9999","-9999","-9999","-9999"
"4419","634.965436","634.965455348","634.965444184","10947827","-9999","274041.3","61.78","-1","0.017581303","0.333314638","0.759524399","0.503798543","14","0.904761905","0.761904762","S2 O19","de-protonated","0","-9999","C21 H16 O19 S2","21","16","19","-9999","-9999","2","-9999","-9999","-9999"
"4419","634.965436","634.965455348","634.965064061","10947827","-9999","274041.3","61.78","-1","0.616232391","0.311138838","0.773094277","0.495921014","19","0.695652174","0.565217391","N2 S1 P1 O16","de-protonated","0","-9999","C23 H13 O16 N2 P1 S1","23","13","16","2","1","1","-9999","-9999","-9999"
"4419","634.965436","634.965455348","634.965912215","10947827","-9999","274041.3","61.78","-1","-0.71951442","0.455170435","0.81490939","0.599066017","20","0.952380952","0.380952381","N4 O20","de-protonated","0","-9999","C21 H8 O20 N4","21","8","20","4","-9999","-9999","-9999","-9999","-9999"
"4420","635.064393","635.064412309","635.064976059","2319700","-9999","253529.5","11.74","-1","-0.887704718","0.433383477","0.719752637","0.547931141","30","0.222222222","0.472222222","N2 P1 O8","de-protonated","0","-9999","C36 H17 O8 N2 P1","36","17","8","2","1","-9999","-9999","-9999","-9999"
"4420","635.064393","635.064412309","635.064704733","2319700","-9999","253529.5","11.74","-1","-0.460463341","0.481129359","0.780512821","0.600882743","16","0.5","0.923076923","N2 S2 O13","de-protonated","0","-9999","C26 H24 O13 N2 S2","26","24","13","2","-9999","2","-9999","-9999","-9999"
"4420","635.064393","635.064412309","635.063835353","2319700","-9999","253529.5","11.74","-1","0.908500567","0.430456038","0.787157861","0.573136768","17","0.72","0.8","N2 O18","de-protonated","0","-9999","C25 H20 O18 N2","25","20","18","2","-9999","-9999","-9999","-9999","-9999"
"4420","635.064393","635.064412309","635.064191669","2319700","-9999","253529.5","11.74","-1","0.347429815","0.489167949","0.703327172","0.574831638","34","0.051282051","0.41025641","N4 S2 O2","de-protonated","0","-9999","C39 H16 O2 N4 S2","39","16","2","4","-9999","2","-9999","-9999","-9999"
"4420","635.064393","635.064412309","635.064324611","2319700","-9999","253529.5","11.74","-1","0.138093892","0.498272884","0.767553728","0.605985221","21","0.357142857","0.75","N4 S1 P1 O10","de-protonated","0","-9999","C28 H21 O10 N4 P1 S1","28","21","10","4","1","1","-9999","-9999","-9999"
"4421","635.093024","635.093043298","635.092497161","1607023.8","-9999","339229.6","7.61","-1","0.859932968","0.437216969","0.672627142","0.531381038","38","0.111111111","0.355555556","O5","de-protonated","0","-9999","C45 H16 O5","45","16","5","-9999","-9999","-9999","-9999","-9999","-9999"
"4421","635.093024","635.093043298","635.093499483","1607023.8","-9999","339229.6","7.61","-1","-0.718295219","0.455315237","0.725399619","0.56334899","24","0.228571429","0.714285714","S1 P1 O8","de-protonated","0","-9999","C35 H25 O8 P1 S1","35","25","8","-9999","1","1","-9999","-9999","-9999"
"4421","635.093024","635.093043298","635.092848034","1607023.8","-9999","339229.6","7.61","-1","0.307457495","0.9829939","0","0.58979634","15","0.37037037","1.074074074","N2 S2 P1 O10","de-protonated","0","-9999","C27 H29 O10 N2 P1 S2","27","29","10","2","1","2","-9999","-9999","-9999"
"4422","635.097545","635.097564296","635.097718939","1741172.4","-9999","422850.4","8.39","-1","-0.243494595","0.494649819","0.755017935","0.598797065","20","0.4","0.8","N2 S1 O12","de-protonated","0","-9999","C30 H24 O12 N2 S1","30","24","12","2","-9999","1","-9999","-9999","-9999"
"4422","635.097545","635.097564296","635.097205875","1741172.4","-9999","422850.4","8.39","-1","0.564356739","0.471923529","0.6825583","0.556177438","38","0.023255814","0.372093023","N4 S1 O1","de-protonated","0","-9999","C43 H16 O1 N4 S1","43","16","1","4","-9999","1","-9999","-9999","-9999"
"4422","635.097545","635.097564296","635.097338817","1741172.4","-9999","422850.4","8.39","-1","0.355031653","0.488694207","0.742885034","0.590370538","25","0.28125","0.65625","N4 P1 O9","de-protonated","0","-9999","C32 H21 O9 N4 P1","32","21","9","4","1","-9999","-9999","-9999","-9999"
"4422","635.097545","635.097564296","635.097067491","1741172.4","-9999","422850.4","8.39","-1","0.782251791","0.894910387","0","0.536946232","11","0.636363636","1.272727273","N4 S2 O14","de-protonated","0","-9999","C22 H28 O14 N4 S2","22","28","14","4","-9999","2","-9999","-9999","-9999"
"4423","635.100688","635.100707295","635.101090243","3982711.3","-9999","255425.1","21.39","-1","-0.602970775","0.468079483","0.773979033","0.590439303","15","0.444444444","1.037037037","N2 S2 O12","de-protonated","0","-9999","C27 H28 O12 N2 S2","27","28","12","2","-9999","2","-9999","-9999","-9999"
"4423","635.100688","635.100707295","635.100220863","3982711.3","-9999","255425.1","21.39","-1","0.765914508","0.449513442","0.780512821","0.581913193","16","0.653846154","0.923076923","N2 O17","de-protonated","0","-9999","C26 H24 O17 N2","26","24","17","2","-9999","-9999","-9999","-9999","-9999"
"4423","635.100688","635.100707295","635.100577178","3982711.3","-9999","255425.1","21.39","-1","0.20487598","0.496206386","0.698017357","0.576930774","33","0.025","0.5","N4 S2 O1","de-protonated","0","-9999","C40 H20 O1 N4 S2","40","20","1","4","-9999","2","-9999","-9999","-9999"
"4423","635.100688","635.100707295","635.10071012","3982711.3","-9999","255425.1","21.39","-1","-0.004447919","0.499998205","0.761234226","0.604492613","20","0.310344828","0.862068966","N4 S1 P1 O9","de-protonated","0","-9999","C29 H25 O9 N4 P1 S1","29","25","9","4","1","1","-9999","-9999","-9999"
"4424","635.13726","635.137279281","635.137747078","3591579","-9999","286631.2","19.12","-1","-0.736528489","0.453129005","0.70871839","0.555364759","28","0.157894737","0.657894737","N2 P1 O6","de-protonated","0","-9999","C38 H25 O6 N2 P1","38","25","6","2","1","-9999","-9999","-9999","-9999"
"4424","635.13726","635.137279281","635.137475752","3591579","-9999","286631.2","19.12","-1","-0.309335998","0.491393631","0.767553728","0.60185767","14","0.392857143","1.142857143","N2 S2 O11","de-protonated","0","-9999","C28 H32 O11 N2 S2","28","32","11","2","-9999","2","-9999","-9999","-9999"
"4424","635.13726","635.137279281","635.137095629","3591579","-9999","286631.2","19.12","-1","0.289152746","0.492471849","0.755017935","0.597490283","19","0.266666667","0.966666667","N4 S1 P1 O8","de-protonated","0","-9999","C30 H29 O8 N4 P1 S1","30","29","8","4","1","1","-9999","-9999","-9999"
"4425","635.173422","635.173441267","635.173861261","3024318.5","-9999","322346.4","15.83","-1","-0.66122717","0.461866023","0.761234226","0.581613304","13","0.344827586","1.24137931","N2 S2 O10","de-protonated","0","-9999","C29 H36 O10 N2 S2","29","36","10","2","-9999","2","-9999","-9999","-9999"
"4425","635.173422","635.173441267","635.172991881","3024318.5","-9999","322346.4","15.83","-1","0.707501202","0.456588485","0.767553728","0.580974582","14","0.535714286","1.142857143","N2 O15","de-protonated","0","-9999","C28 H32 O15 N2","28","32","15","2","-9999","-9999","-9999","-9999","-9999"
"4425","635.173422","635.173441267","635.173481139","3024318.5","-9999","322346.4","15.83","-1","-0.062772921","0.499642634","0.748902347","0.599346519","18","0.225806452","1.064516129","N4 S1 P1 O7","de-protonated","0","-9999","C31 H33 O7 N4 P1 S1","31","33","7","4","1","1","-9999","-9999","-9999"
"4426","635.210056","635.210075253","635.210518097","2341346","-9999","289559.7","11.87","-1","-0.697160822","0.457793409","0.698017357","0.553882988","26","0.1","0.825","N2 P1 O4","de-protonated","0","-9999","C40 H33 O4 N2 P1","40","33","4","2","1","-9999","-9999","-9999","-9999"
"4426","635.210056","635.210075253","635.210246771","2341346","-9999","289559.7","11.87","-1","-0.270017255","0.493428911","0.755017935","0.598064521","12","0.3","1.333333333","N2 S2 O9","de-protonated","0","-9999","C30 H40 O9 N2 S2","30","40","9","2","-9999","2","-9999","-9999","-9999"
"4426","635.210056","635.210075253","635.209866648","2341346","-9999","289559.7","11.87","-1","0.328402949","0.490310631","0.742885034","0.591340392","17","0.1875","1.15625","N4 S1 P1 O6","de-protonated","0","-9999","C32 H37 O6 N4 P1 S1","32","37","6","4","1","1","-9999","-9999","-9999"
"4427","635.246368","635.246387239","635.246903606","1683973.8","-9999","345555.6","8.06","-1","-0.81286075","0.443508613","0.692787115","0.543220014","25","0.073170732","0.902439024","N2 P1 O3","de-protonated","0","-9999","C41 H37 O3 N2 P1","41","37","3","2","1","-9999","-9999","-9999","-9999"
"4427","635.246368","635.246387239","635.24663228","1683973.8","-9999","345555.6","8.06","-1","-0.385741698","0.486681128","0.748902347","0.591569615","11","0.258064516","1.419354839","N2 S2 O8","de-protonated","0","-9999","C31 H44 O8 N2 S2","31","44","8","2","-9999","2","-9999","-9999","-9999"
"4427","635.246368","635.246387239","635.2457629","1683973.8","-9999","345555.6","8.06","-1","0.982830255","0.419614644","0.755017935","0.55377596","12","0.433333333","1.333333333","N2 O13","de-protonated","0","-9999","C30 H40 O13 N2","30","40","13","2","-9999","-9999","-9999","-9999","-9999"
"4427","635.246368","635.246387239","635.246252157","1683973.8","-9999","345555.6","8.06","-1","0.212644159","0.495914452","0.736963647","0.59233413","16","0.151515152","1.242424242","N4 S1 P1 O5","de-protonated","0","-9999","C33 H41 O5 N4 P1 S1","33","41","5","4","1","1","-9999","-9999","-9999"
"4428","635.964797","635.964815961","635.964335786","3632324.3","-9999","263947.3","19.35","-1","0.755035264","0.450865085","0.773979033","0.580110664","23","0.518518519","0.444444444","N1 S1 P1 O14","de-protonated","0","-9999","C27 H12 O14 N1 P1 S1","27","12","14","1","1","1","-9999","-9999","-9999"
"4430","636.962472","636.962490575","636.962956061","2177176","-9999","233151.6","10.91","-1","-0.730789292","0.453821925","0.800793265","0.592610461","18","0.608695652","0.652173913","N2 S2 P1 O14","de-protonated","0","-9999","C23 H15 O14 N2 P1 S2","23","15","14","2","1","2","-9999","-9999","-9999"
"4430","636.962472","636.962490575","636.962086681","2177176","-9999","233151.6","10.91","-1","0.634094511","0.464820804","0.807789663","0.602008348","19","0.863636364","0.5","N2 P1 O19","de-protonated","0","-9999","C22 H11 O19 N2 P1","22","11","19","2","1","-9999","-9999","-9999","-9999"
"4431","637.080157","637.08017553","637.080626124","3583243.8","-9999","276081.1","19.06","-1","-0.707279243","0.456614502","0.719752637","0.561869756","29","0.222222222","0.527777778","N2 P1 O8","de-protonated","0","-9999","C36 H19 O8 N2 P1","36","19","8","2","1","-9999","-9999","-9999","-9999"
"4431","637.080157","637.08017553","637.080354798","3583243.8","-9999","276081.1","19.06","-1","-0.281389532","0.492867798","0.780512821","0.607925807","15","0.5","1","N2 S2 O13","de-protonated","0","-9999","C26 H26 O13 N2 S2","26","26","13","2","-9999","2","-9999","-9999","-9999"
"4431","637.080157","637.08017553","637.079841733","3583243.8","-9999","276081.1","19.06","-1","0.523947683","0.475704371","0.703327172","0.566753491","33","0.051282051","0.461538462","N4 S2 O2","de-protonated","0","-9999","C39 H18 O2 N4 S2","39","18","2","4","-9999","2","-9999","-9999","-9999"
"4431","637.080157","637.08017553","637.079974675","3583243.8","-9999","276081.1","19.06","-1","0.31527404","0.491063041","0.767553728","0.601659316","20","0.357142857","0.821428571","N4 S1 P1 O10","de-protonated","0","-9999","C28 H23 O10 N4 P1 S1","28","23","10","4","1","1","-9999","-9999","-9999"
"4432","637.116527","637.116545516","637.117011633","3410223.5","-9999","258724.5","18.06","-1","-0.731603935","0.453723835","0.714192896","0.55791146","28","0.189189189","0.621621622","N2 P1 O7","de-protonated","0","-9999","C37 H23 O7 N2 P1","37","23","7","2","1","-9999","-9999","-9999","-9999"
"4432","637.116527","637.116545516","637.116740307","3410223.5","-9999","258724.5","18.06","-1","-0.305738557","0.49159096","0.773979033","0.604546189","14","0.444444444","1.111111111","N2 S2 O12","de-protonated","0","-9999","C27 H30 O12 N2 S2","27","30","12","2","-9999","2","-9999","-9999","-9999"
"4432","637.116527","637.116545516","637.116227243","3410223.5","-9999","258724.5","18.06","-1","0.499552646","0.477864425","0.698017357","0.565925598","32","0.025","0.55","N4 S2 O1","de-protonated","0","-9999","C40 H22 O1 N4 S2","40","22","1","4","-9999","2","-9999","-9999","-9999"
"4432","637.116527","637.116545516","637.116360185","3410223.5","-9999","258724.5","18.06","-1","0.290890924","0.492381764","0.761234226","0.599922749","19","0.310344828","0.931034483","N4 S1 P1 O9","de-protonated","0","-9999","C29 H27 O9 N4 P1 S1","29","27","9","4","1","1","-9999","-9999","-9999"
"4433","637.145574","637.145592505","637.145535057","1780044.3","-9999","295469","8.6","-1","0.090164766","0.499262983","0.719752637","0.587458845","22","0.194444444","0.861111111","S1 P1 O7","de-protonated","0","-9999","C36 H31 O7 P1 S1","36","31","7","-9999","1","1","-9999","-9999","-9999"
"4433","637.145574","637.145592505","637.145731761","1780044.3","-9999","295469","8.6","-1","-0.21856289","0.49568485","0.780512821","0.609616038","14","0.5","1.153846154","N4 S1 O13","de-protonated","0","-9999","C26 H30 O13 N4 S1","26","30","13","4","-9999","1","-9999","-9999","-9999"
"4434","637.152734","637.152752502","637.153125816","3118931","-9999","259897.1","16.37","-1","-0.585910176","0.469805343","0.767553728","0.588904697","13","0.392857143","1.214285714","N2 S2 O11","de-protonated","0","-9999","C28 H34 O11 N2 S2","28","34","11","2","-9999","2","-9999","-9999","-9999"
"4434","637.152734","637.152752502","637.152256437","3118931","-9999","259897.1","16.37","-1","0.778566449","0.447922455","0.773979033","0.578345086","14","0.592592593","1.111111111","N2 O16","de-protonated","0","-9999","C27 H30 O16 N2","27","30","16","2","-9999","-9999","-9999","-9999","-9999"
"4434","637.152734","637.152752502","637.152745694","3118931","-9999","259897.1","16.37","-1","0.010685067","0.499989642","0.755017935","0.602000959","18","0.266666667","1.033333333","N4 S1 P1 O8","de-protonated","0","-9999","C30 H31 O8 N4 P1 S1","30","31","8","4","1","1","-9999","-9999","-9999"
"4435","637.181847","637.181865491","637.181920566","1575791.9","-9999","347098.6","7.42","-1","-0.086435747","0.499322645","0.714192896","0.585270746","21","0.162162162","0.945945946","S1 P1 O6","de-protonated","0","-9999","C37 H35 O6 P1 S1","37","35","6","-9999","1","1","-9999","-9999","-9999"
"4435","637.181847","637.181865491","637.181269117","1575791.9","-9999","347098.6","7.42","-1","0.935955613","0.426518911","0.761234226","0.560405037","12","0.275862069","1.344827586","N2 S2 P1 O8","de-protonated","0","-9999","C29 H39 O8 N2 P1 S2","29","39","8","2","1","2","-9999","-9999","-9999"
"4435","637.181847","637.181865491","637.18211727","1575791.9","-9999","347098.6","7.42","-1","-0.395145718","0.972066148","0","0.583239689","13","0.444444444","1.259259259","N4 S1 O12","de-protonated","0","-9999","C27 H34 O12 N4 S1","27","34","12","4","-9999","1","-9999","-9999","-9999"
"4436","637.18926","637.189278488","637.189782652","2086775.4","-9999","296488","10.38","-1","-0.79123072","0.446309592","0.703327172","0.549116624","26","0.128205128","0.794871795","N2 P1 O5","de-protonated","0","-9999","C39 H31 O5 N2 P1","39","31","5","2","1","-9999","-9999","-9999","-9999"
"4436","637.18926","637.189278488","637.189511326","2086775.4","-9999","296488","10.38","-1","-0.365414004","0.48803139","0.761234226","0.597312525","12","0.344827586","1.310344828","N2 S2 O10","de-protonated","0","-9999","C29 H38 O10 N2 S2","29","38","10","2","-9999","2","-9999","-9999","-9999"
"4436","637.18926","637.189278488","637.188641946","2086775.4","-9999","296488","10.38","-1","0.998985006","0.41718408","0.767553728","0.557331939","13","0.535714286","1.214285714","N2 O15","de-protonated","0","-9999","C28 H34 O15 N2","28","34","15","2","-9999","-9999","-9999","-9999","-9999"
"4436","637.18926","637.189278488","637.189131203","2086775.4","-9999","296488","10.38","-1","0.231147303","0.495176103","0.748902347","0.5966666","17","0.225806452","1.129032258","N4 S1 P1 O7","de-protonated","0","-9999","C31 H35 O7 N4 P1 S1","31","35","7","4","1","1","-9999","-9999","-9999"
"4437","637.2256","637.225618474","637.226168161","1693082.9","-9999","359436.6","8.1","-1","-0.86262547999999994","0.43684918","0.698017357","0.541316451","25","0.1","0.875","N2 P1 O4","de-protonated","0","-9999","C40 H35 O4 N2 P1","40","35","4","2","1","-9999","-9999","-9999","-9999"
"4437","637.2256","637.225618474","637.225896835","1693082.9","-9999","359436.6","8.1","-1","-0.436833108","0.48298398","0.755017935","0.591797562","11","0.3","1.4","N2 S2 O9","de-protonated","0","-9999","C30 H42 O9 N2 S2","30","42","9","2","-9999","2","-9999","-9999","-9999"
"4437","637.2256","637.225618474","637.225027455","1693082.9","-9999","359436.6","8.1","-1","0.927487897","0.427741827","0.761234226","0.561138787","12","0.482758621","1.310344828","N2 O14","de-protonated","0","-9999","C29 H38 O14 N2","29","38","14","2","-9999","-9999","-9999","-9999","-9999"
"4437","637.2256","637.225618474","637.225516713","1693082.9","-9999","359436.6","8.1","-1","0.159694093","0.497691674","0.742885034","0.595769018","16","0.1875","1.21875","N4 S1 P1 O6","de-protonated","0","-9999","C32 H39 O6 N4 P1 S1","32","39","6","4","1","1","-9999","-9999","-9999"
"4438","638.280522","638.280540066","638.280314455","2101676.8","-9999","330100.2","9.82","-1","0.353466834","0.488792526","0.787157861","0.60813866","0","0.44","2.16","N1 S2 P1 O11","de-protonated","0","-9999","C25 H54 O11 N1 P1 S2","25","54","11","1","1","2","-9999","-9999","-9999"
"4438","638.280522","638.280540066","638.281162608","2101676.8","-9999","330100.2","9.82","-1","-0.975341721","0.420732614","0.800793265","0.572756874","1","0.652173913","2.130434783","N3 S1 O15","de-protonated","0","-9999","C23 H49 O15 N3 S1","23","49","15","3","-9999","1","-9999","-9999","-9999"
"4439","639.059418","639.059435765","639.059890679","1626288.9","-9999","324884.1","7.23","-1","-0.711849038","0.456077512","0.725399619","0.563806355","29","0.257142857","0.485714286","N2 P1 O9","de-protonated","0","-9999","C35 H17 O9 N2 P1","35","17","9","2","1","-9999","-9999","-9999","-9999"
"4439","639.059418","639.059435765","639.059619353","1626288.9","-9999","324884.1","7.23","-1","-0.287278374","0.98513681","0","0.591082086","15","0.56","0.96","N2 S2 O14","de-protonated","0","-9999","C25 H24 O14 N2 S2","25","24","14","2","-9999","2","-9999","-9999","-9999"
"4439","639.059418","639.059435765","639.059106289","1626288.9","-9999","324884.1","7.23","-1","0.515564583","0.476457152","0.70871839","0.569361647","33","0.078947368","0.421052632","N4 S2 O3","de-protonated","0","-9999","C38 H16 O3 N4 S2","38","16","3","4","-9999","2","-9999","-9999","-9999"
"4439","639.059418","639.059435765","639.05923923","1626288.9","-9999","324884.1","7.23","-1","0.307537235","0.982985153","0","0.589791092","20","0.407407407","0.777777778","N4 S1 P1 O11","de-protonated","0","-9999","C27 H21 O11 N4 P1 S1","27","21","11","4","1","1","-9999","-9999","-9999"
"4440","639.095733","639.095750751","639.096276188","3710165","-9999","271652.8","18.57","-1","-0.822157126","0.442287113","0.719752637","0.553273323","28","0.222222222","0.583333333","N2 P1 O8","de-protonated","0","-9999","C36 H21 O8 N2 P1","36","21","8","2","1","-9999","-9999","-9999","-9999"
"4440","639.095733","639.095750751","639.096004862","3710165","-9999","271652.8","18.57","-1","-0.397610681","0.485860771","0.780512821","0.603721591","14","0.5","1.076923077","N2 S2 O13","de-protonated","0","-9999","C26 H28 O13 N2 S2","26","28","13","2","-9999","2","-9999","-9999","-9999"
"4440","639.095733","639.095750751","639.095135482","3710165","-9999","271652.8","18.57","-1","0.962718128","0.422604479","0.787157861","0.568425832","15","0.72","0.96","N2 O18","de-protonated","0","-9999","C25 H24 O18 N2","25","24","18","2","-9999","-9999","-9999","-9999","-9999"
"4440","639.095733","639.095750751","639.095491798","3710165","-9999","271652.8","18.57","-1","0.40518648","0.4853249","0.703327172","0.572525809","32","0.051282051","0.512820513","N4 S2 O2","de-protonated","0","-9999","C39 H20 O2 N4 S2","39","20","2","4","-9999","2","-9999","-9999","-9999"
"4440","639.095733","639.095750751","639.09562474","3710165","-9999","271652.8","18.57","-1","0.197170998","0.496485375","0.767553728","0.604912716","19","0.357142857","0.892857143","N4 S1 P1 O10","de-protonated","0","-9999","C28 H25 O10 N4 P1 S1","28","25","10","4","1","1","-9999","-9999","-9999"
"4441","639.132335","639.132352737","639.132661698","3193081.5","-9999","254598.5","15.75","-1","-0.483406773","0.479242526","0.714192896","0.573222674","27","0.189189189","0.675675676","N2 P1 O7","de-protonated","0","-9999","C37 H25 O7 N2 P1","37","25","7","2","1","-9999","-9999","-9999","-9999"
"4441","639.132335","639.132352737","639.132390372","3193081.5","-9999","254598.5","15.75","-1","-0.058884353","0.499685524","0.773979033","0.609402928","13","0.444444444","1.185185185","N2 S2 O12","de-protonated","0","-9999","C27 H32 O12 N2 S2","27","32","12","2","-9999","2","-9999","-9999","-9999"
"4441","639.132335","639.132352737","639.131877307","3193081.5","-9999","254598.5","15.75","-1","0.743867376","0.452236613","0.698017357","0.550548911","31","0.025","0.6","N4 S2 O1","de-protonated","0","-9999","C40 H24 O1 N4 S2","40","24","1","4","-9999","2","-9999","-9999","-9999"
"4441","639.132335","639.132352737","639.132010249","3193081.5","-9999","254598.5","15.75","-1","0.535863667","0.474615561","0.761234226","0.589263027","18","0.310344828","1","N4 S1 P1 O9","de-protonated","0","-9999","C29 H29 O9 N4 P1 S1","29","29","9","4","1","1","-9999","-9999","-9999"
"4442","639.168833","639.168850723","639.16942733","2237725.5","-9999","306814.9","10.55","-1","-0.902119239","0.431359431","0.719752637","0.546716713","21","0.25","0.888888889","S1 O9","de-protonated","0","-9999","C36 H32 O9 S1","36","32","9","-9999","-9999","1","-9999","-9999","-9999"
"4442","639.168833","639.168850723","639.169047207","2237725.5","-9999","306814.9","10.55","-1","-0.307406183","0.491499764","0.70871839","0.578387214","26","0.157894737","0.763157895","N2 P1 O6","de-protonated","0","-9999","C38 H29 O6 N2 P1","38","29","6","2","1","-9999","-9999","-9999","-9999"
"4442","639.168833","639.168850723","639.168775881","2237725.5","-9999","306814.9","10.55","-1","0.117092145","0.498757663","0.767553728","0.606276089","12","0.392857143","1.285714286","N2 S2 O11","de-protonated","0","-9999","C28 H36 O11 N2 S2","28","36","11","2","-9999","2","-9999","-9999","-9999"
"4442","639.168833","639.168850723","639.168395758","2237725.5","-9999","306814.9","10.55","-1","0.711806413","0.456082534","0.755017935","0.575656694","17","0.266666667","1.1","N4 S1 P1 O8","de-protonated","0","-9999","C30 H33 O8 N4 P1 S1","30","33","8","4","1","1","-9999","-9999","-9999"
"4443","639.204859","639.204876709","639.205432716","1794369.4","-9999","308917","8.14","-1","-0.869842097","0.435859279","0.703327172","0.542846436","25","0.128205128","0.846153846","N2 P1 O5","de-protonated","0","-9999","C39 H33 O5 N2 P1","39","33","5","2","1","-9999","-9999","-9999","-9999"
"4443","639.204859","639.204876709","639.20516139","1794369.4","-9999","308917","8.14","-1","-0.445368172","0.482324557","0.761234226","0.593888424","11","0.344827586","1.379310345","N2 S2 O10","de-protonated","0","-9999","C29 H40 O10 N2 S2","29","40","10","2","-9999","2","-9999","-9999","-9999"
"4443","639.204859","639.204876709","639.20429201","1794369.4","-9999","308917","8.14","-1","0.914728269","0.429570098","0.767553728","0.56476355","12","0.535714286","1.285714286","N2 O15","de-protonated","0","-9999","C28 H36 O15 N2","28","36","15","2","-9999","-9999","-9999","-9999","-9999"
"4443","639.204859","639.204876709","639.204781268","1794369.4","-9999","308917","8.14","-1","0.149311909","0.497981473","0.748902347","0.598349822","16","0.225806452","1.193548387","N4 S1 P1 O7","de-protonated","0","-9999","C31 H37 O7 N4 P1 S1","31","37","7","4","1","1","-9999","-9999","-9999"
"4445","640.343079","640.343096269","640.343232545","6189487.5","-9999","272202.8","32.05","-1","-0.212818076","0.649350939","0.880424023","0.741780172","21","0.093023256","1.093023256","N1 O4","de-protonated","0","-9999","C43 H47 O4 N1","43","47","4","1","-9999","-9999","-9999","-9999","-9999"
"4445","640.343079","640.343096269","640.342581097","6189487.5","-9999","272202.8","32.05","-1","0.804525703","0.92073212","0.969168571","0.9401067","12","0.171428571","1.457142857","N3 S1 O6","de-protonated","0","-9999","C35 H51 O6 N3 S1","35","51","6","3","-9999","1","-9999","-9999","-9999"
"4446","641.054354","641.054370994","641.054791498","1805431.3","-9999","321892.3","8.19","-1","-0.655956885","0.462448158","0.719752637","0.56536995","28","0.277777778","0.5","S1 O10","de-protonated","0","-9999","C36 H18 O10 S1","36","18","10","-9999","-9999","1","-9999","-9999","-9999"
"4446","641.054354","641.054370994","641.05492444","1805431.3","-9999","321892.3","8.19","-1","-0.863336374","0.436751933","0.787157861","0.576914304","15","0.72","0.92","P1 O18","de-protonated","0","-9999","C25 H23 O18 P1","25","23","18","-9999","1","-9999","-9999","-9999","-9999"
"4446","641.054354","641.054370994","641.054411375","1805431.3","-9999","321892.3","8.19","-1","-0.062992756","0.499640127","0.70871839","0.583271432","33","0.184210526","0.394736842","N2 P1 O7","de-protonated","0","-9999","C38 H15 O7 N2 P1","38","15","7","2","1","-9999","-9999","-9999","-9999"
"4446","641.054354","641.054370994","641.054140049","1805431.3","-9999","321892.3","8.19","-1","0.36025721","0.488362879","0.767553728","0.600039219","19","0.428571429","0.785714286","N2 S2 O12","de-protonated","0","-9999","C28 H22 O12 N2 S2","28","22","12","2","-9999","2","-9999","-9999","-9999"
"4446","641.054354","641.054370994","641.053759927","1805431.3","-9999","321892.3","8.19","-1","0.953222544","0.42400184","0.755017935","0.556408278","24","0.3","0.633333333","N4 S1 P1 O9","de-protonated","0","-9999","C30 H19 O9 N4 P1 S1","30","19","9","4","1","1","-9999","-9999","-9999"
"4447","641.075103","641.075119986","641.075540743","2023563.9","-9999","343965.5","9.38","-1","-0.656331179","0.462406945","0.725399619","0.567604014","28","0.257142857","0.542857143","N2 P1 O9","de-protonated","0","-9999","C35 H19 O9 N2 P1","35","19","9","2","1","-9999","-9999","-9999","-9999"
"4447","641.075103","641.075119986","641.075269417","2023563.9","-9999","343965.5","9.38","-1","-0.233095414","0.49509485","0.787157861","0.611920055","14","0.56","1.04","N2 S2 O14","de-protonated","0","-9999","C25 H26 O14 N2 S2","25","26","14","2","-9999","2","-9999","-9999","-9999"
"4447","641.075103","641.075119986","641.074756353","2023563.9","-9999","343965.5","9.38","-1","0.567223309","0.471645849","0.70871839","0.566474865","32","0.078947368","0.473684211","N4 S2 O3","de-protonated","0","-9999","C38 H18 O3 N4 S2","38","18","3","4","-9999","2","-9999","-9999","-9999"
"4447","641.075103","641.075119986","641.074889295","2023563.9","-9999","343965.5","9.38","-1","0.359850024","0.488388862","0.773979033","0.602624931","19","0.407407407","0.851851852","N4 S1 P1 O11","de-protonated","0","-9999","C27 H23 O11 N4 P1 S1","27","23","11","4","1","1","-9999","-9999","-9999"
"4448","641.090155","641.09017198","641.090796885","2177179.3","-9999","271323.4","10.21","-1","-0.974752683","0.420820315","0.703327172","0.533823058","32","0.153846154","0.487179487","N2 P1 O6","de-protonated","0","-9999","C39 H19 O6 N2 P1","39","19","6","2","1","-9999","-9999","-9999","-9999"
"4448","641.090155","641.09017198","641.090525559","2177179.3","-9999","271323.4","10.21","-1","-0.551527125","0.473151032","0.761234226","0.588384309","18","0.379310345","0.896551724","N2 S2 O11","de-protonated","0","-9999","C29 H26 O11 N2 S2","29","26","11","2","-9999","2","-9999","-9999","-9999"
"4448","641.090155","641.09017198","641.089656179","2177179.3","-9999","271323.4","10.21","-1","0.8045693","0.444589152","0.767553728","0.573774982","19","0.571428571","0.785714286","N2 O16","de-protonated","0","-9999","C28 H22 O16 N2","28","22","16","2","-9999","-9999","-9999","-9999","-9999"
"4448","641.090155","641.09017198","641.090145436","2177179.3","-9999","271323.4","10.21","-1","0.041404015","0.499844496","0.748902347","0.599467636","23","0.258064516","0.741935484","N4 S1 P1 O8","de-protonated","0","-9999","C31 H23 O8 N4 P1 S1","31","23","8","4","1","1","-9999","-9999","-9999"
"4449","641.11141","641.111426972","641.111926253","3003568.3","-9999","298183.7","14.71","-1","-0.778773925","0.447896195","0.719752637","0.556638772","27","0.222222222","0.638888889","N2 P1 O8","de-protonated","0","-9999","C36 H23 O8 N2 P1","36","23","8","2","1","-9999","-9999","-9999","-9999"
"4449","641.11141","641.111426972","641.111654927","3003568.3","-9999","298183.7","14.71","-1","-0.355562232","0.488660776","0.780512821","0.605401594","13","0.5","1.153846154","N2 S2 O13","de-protonated","0","-9999","C26 H30 O13 N2 S2","26","30","13","2","-9999","2","-9999","-9999","-9999"
"4449","641.11141","641.111426972","641.111141862","3003568.3","-9999","298183.7","14.71","-1","0.444710971","0.482375754","0.703327172","0.570756321","31","0.051282051","0.564102564","N4 S2 O2","de-protonated","0","-9999","C39 H22 O2 N4 S2","39","22","2","4","-9999","2","-9999","-9999","-9999"
"4449","641.11141","641.111426972","641.111274804","3003568.3","-9999","298183.7","14.71","-1","0.237349482","0.494915097","0.767553728","0.60397055","18","0.357142857","0.964285714","N4 S1 P1 O10","de-protonated","0","-9999","C28 H27 O10 N4 P1 S1","28","27","10","4","1","1","-9999","-9999","-9999"
"4450","641.126592","641.126608966","641.127182394","2486463.5","-9999","302488.7","11.9","-1","-0.894406642","0.432445289","0.698017357","0.538674116","31","0.125","0.575","N2 P1 O5","de-protonated","0","-9999","C40 H23 O5 N2 P1","40","23","5","2","1","-9999","-9999","-9999","-9999"
"4450","641.126592","641.126608966","641.126911068","2486463.5","-9999","302488.7","11.9","-1","-0.471205069","0.480256474","0.755017935","0.590161058","17","0.333333333","1","N2 S2 O10","de-protonated","0","-9999","C30 H30 O10 N2 S2","30","30","10","2","-9999","2","-9999","-9999","-9999"
"4450","641.126592","641.126608966","641.126041688","2486463.5","-9999","302488.7","11.9","-1","0.884814502","0.433786518","0.761234226","0.564765601","18","0.517241379","0.896551724","N2 O15","de-protonated","0","-9999","C29 H26 O15 N2","29","26","15","2","-9999","-9999","-9999","-9999","-9999"
"4450","641.126592","641.126608966","641.12704401","2486463.5","-9999","302488.7","11.9","-1","-0.678561269","0.459923829","0.829532115","0.607767143","4","0.947368421","1.842105263","N2 S1 P1 O18","de-protonated","0","-9999","C19 H35 O18 N2 P1 S1","19","35","18","2","1","1","-9999","-9999","-9999"
"4450","641.126592","641.126608966","641.126530945","2486463.5","-9999","302488.7","11.9","-1","0.121692467","0.498658262","0.742885034","0.596348971","22","0.21875","0.84375","N4 S1 P1 O7","de-protonated","0","-9999","C32 H27 O7 N4 P1 S1","32","27","7","4","1","1","-9999","-9999","-9999"
"4451","641.14797","641.147986957","641.148311762","2131157","-9999","233592.5","9.96","-1","-0.50659844","0.477250136","0.714192896","0.57202724","26","0.189189189","0.72972973","N2 P1 O7","de-protonated","0","-9999","C37 H27 O7 N2 P1","37","27","7","2","1","-9999","-9999","-9999","-9999"
"4451","641.14797","641.147986957","641.148040436","2131157","-9999","233592.5","9.96","-1","-0.08341065","0.499369198","0.773979033","0.609213132","12","0.444444444","1.259259259","N2 S2 O12","de-protonated","0","-9999","C27 H34 O12 N2 S2","27","34","12","2","-9999","2","-9999","-9999","-9999"
"4451","641.14797","641.147986957","641.147527372","2131157","-9999","233592.5","9.96","-1","0.716817356","0.455490492","0.698017357","0.552501238","30","0.025","0.65","N4 S2 O1","de-protonated","0","-9999","C40 H26 O1 N4 S2","40","26","1","4","-9999","2","-9999","-9999","-9999"
"4451","641.14797","641.147986957","641.147660313","2131157","-9999","233592.5","9.96","-1","0.509467577","0.476997754","0.761234226","0.590692343","17","0.310344828","1.068965517","N4 S1 P1 O9","de-protonated","0","-9999","C29 H31 O9 N4 P1 S1","29","31","9","4","1","1","-9999","-9999","-9999"
"4452","641.163149","641.163165952","641.163567903","1654500.3","-9999","197254.4","7.37","-1","-0.626910063","0.465585531","0.692787115","0.556466165","30","0.097560976","0.658536585","N2 P1 O4","de-protonated","0","-9999","C41 H27 O4 N2 P1","41","27","4","2","1","-9999","-9999","-9999","-9999"
"4452","641.163149","641.163165952","641.163296577","1654500.3","-9999","197254.4","7.37","-1","-0.203732393","0.49624846","0.748902347","0.597310014","16","0.290322581","1.096774194","N2 S2 O9","de-protonated","0","-9999","C31 H34 O9 N2 S2","31","34","9","2","-9999","2","-9999","-9999","-9999"
"4452","641.163149","641.163165952","641.163429519","1654500.3","-9999","197254.4","7.37","-1","-0.411076881","0.969803349","0","0.581882009","3","0.85","1.95","N2 S1 P1 O17","de-protonated","0","-9999","C20 H39 O17 N2 P1 S1","20","39","17","2","1","1","-9999","-9999","-9999"
"4452","641.163149","641.163165952","641.162916455","1654500.3","-9999","197254.4","7.37","-1","0.389131655","0.486449218","0.736963647","0.586654989","21","0.181818182","0.939393939","N4 S1 P1 O6","de-protonated","0","-9999","C33 H31 O6 N4 P1 S1","33","31","6","4","1","1","-9999","-9999","-9999"
"4453","641.183994","641.184010943","641.184425945","1668857.4","-9999","351689.8","7.45","-1","-0.647242563","0.463402071","0.767553728","0.585062734","11","0.392857143","1.357142857","N2 S2 O11","de-protonated","0","-9999","C28 H38 O11 N2 S2","28","38","11","2","-9999","2","-9999","-9999","-9999"
"4453","641.183994","641.184010943","641.183556565","1668857.4","-9999","351689.8","7.45","-1","0.708655133","0.456453121","0.773979033","0.583463486","12","0.592592593","1.259259259","N2 O16","de-protonated","0","-9999","C27 H34 O16 N2","27","34","16","2","-9999","-9999","-9999","-9999","-9999"
"4453","641.183994","641.184010943","641.184045823","1668857.4","-9999","351689.8","7.45","-1","-0.054398314","0.499731603","0.755017935","0.601846136","16","0.266666667","1.166666667","N4 S1 P1 O8","de-protonated","0","-9999","C30 H35 O8 N4 P1 S1","30","35","8","4","1","1","-9999","-9999","-9999"
"4454","641.346252","641.346268881","641.345875573","1995163.9","-9999","244998.8","9.22","-1","0.6132542","0.467018442","0.677556332","0.551233598","20","0.045454545","1.136363636","S1 O2","de-protonated","0","-9999","C44 H50 O2 S1","44","50","2","-9999","-9999","1","-9999","-9999","-9999"
"4454","641.346252","641.346268881","641.346877894","1995163.9","-9999","244998.8","9.22","-1","-0.949585269","0.424534641","0.73113591","0.547175149","6","0.147058824","1.735294118","S2 P1 O5","de-protonated","0","-9999","C34 H59 O5 P1 S2","34","59","5","-9999","1","2","-9999","-9999","-9999"
"4454","641.346252","641.346268881","641.346008514","1995163.9","-9999","244998.8","9.22","-1","0.40596857","0.485269037","0.736963647","0.585946881","7","0.303030303","1.666666667","P1 O10","de-protonated","0","-9999","C33 H55 O10 P1","33","55","10","-9999","1","-9999","-9999","-9999","-9999"
"4454","641.346252","641.346268881","641.34658738","1995163.9","-9999","244998.8","9.22","-1","-0.496610576","0.637491486","0.880424023","0.734664501","21","0.093023256","1.093023256","13C1 N1 O4","de-protonated","1","4445","C42 H47 O4 N1 13C1","42","47","4","1","-9999","-9999","1","-9999","-9999"
"4454","641.346252","641.346268881","641.345935932","1995163.9","-9999","244998.8","9.22","-1","0.51914133","0.952274618","0.969168571","0.959032199","12","0.171428571","1.457142857","13C1 N3 S1 O6","de-protonated","1","4445","C34 H51 O6 N3 S1 13C1","34","51","6","3","-9999","1","1","-9999","-9999"
"4455","643.001765","643.001781241","643.002182553","3817504.3","-9999","284825","19.13","-1","-0.624122698","0.465880213","0.68763467","0.554581996","37","0.047619048","0.30952381","S2 P1 O2","de-protonated","0","-9999","C42 H13 O2 P1 S2","42","13","2","-9999","1","2","-9999","-9999","-9999"
"4455","643.001765","643.001781241","643.002379258","3817504.3","-9999","284825","19.13","-1","-0.930038156","0.427374318","0.742885034","0.553578604","29","0.25","0.375","N4 S2 O8","de-protonated","0","-9999","C32 H12 O8 N4 S2","32","12","8","4","-9999","2","-9999","-9999","-9999"
"4456","643.06991","643.069926214","643.070441562","2629733.3","-9999","342096.7","12.67","-1","-0.80138647","0.445001687","0.719752637","0.554902067","27","0.277777778","0.555555556","S1 O10","de-protonated","0","-9999","C36 H20 O10 S1","36","20","10","-9999","-9999","1","-9999","-9999","-9999"
"4456","643.06991","643.069926214","643.07006144","2629733.3","-9999","342096.7","12.67","-1","-0.210281024","0.496004392","0.70871839","0.581089991","32","0.184210526","0.447368421","N2 P1 O7","de-protonated","0","-9999","C38 H17 O7 N2 P1","38","17","7","2","1","-9999","-9999","-9999","-9999"
"4456","643.06991","643.069926214","643.06979011400006","2629733.3","-9999","342096.7","12.67","-1","0.211642237","0.495952705","0.767553728","0.604593114","18","0.428571429","0.857142857","N2 S2 O12","de-protonated","0","-9999","C28 H24 O12 N2 S2","28","24","12","2","-9999","2","-9999","-9999","-9999"
"4456","643.06991","643.069926214","643.069409991","2629733.3","-9999","342096.7","12.67","-1","0.80274888","0.444825255","0.755017935","0.568902327","23","0.3","0.7","N4 S1 P1 O9","de-protonated","0","-9999","C30 H21 O9 N4 P1 S1","30","21","9","4","1","1","-9999","-9999","-9999"
"4457","643.090932","643.090948206","643.09157093","2166906.3","-9999","250904.1","10.15","-1","-0.968328876","0.421774485","0.736963647","0.54785015","22","0.363636364","0.727272727","S1 O12","de-protonated","0","-9999","C33 H24 O12 S1","33","24","12","-9999","-9999","1","-9999","-9999","-9999"
"4457","643.090932","643.090948206","643.091057866","2166906.3","-9999","250904.1","10.15","-1","-0.170520001","0.497368949","0.667769153","0.56552903","40","0.02173913","0.347826087","N2 S1 O1","de-protonated","0","-9999","C46 H16 O1 N2 S1","46","16","1","2","-9999","1","-9999","-9999","-9999"
"4457","643.090932","643.090948206","643.091190808","2166906.3","-9999","250904.1","10.15","-1","-0.37724295","0.487254088","0.725399619","0.5825123","27","0.257142857","0.6","N2 P1 O9","de-protonated","0","-9999","C35 H21 O9 N2 P1","35","21","9","2","1","-9999","-9999","-9999","-9999"
"4457","643.090932","643.090948206","643.090919482","2166906.3","-9999","250904.1","10.15","-1","0.044666378","0.49981903","0.787157861","0.614754562","13","0.56","1.12","N2 S2 O14","de-protonated","0","-9999","C25 H28 O14 N2 S2","25","28","14","2","-9999","2","-9999","-9999","-9999"
"4457","643.090932","643.090948206","643.090406418","2166906.3","-9999","250904.1","10.15","-1","0.842476869","0.439580894","0.70871839","0.547235892","31","0.078947368","0.526315789","N4 S2 O3","de-protonated","0","-9999","C38 H20 O3 N4 S2","38","20","3","4","-9999","2","-9999","-9999","-9999"
"4457","643.090932","643.090948206","643.090539359","2166906.3","-9999","250904.1","10.15","-1","0.635753501","0.46464316","0.773979033","0.588377509","18","0.407407407","0.925925926","N4 S1 P1 O11","de-protonated","0","-9999","C27 H25 O11 N4 P1 S1","27","25","11","4","1","1","-9999","-9999","-9999"
"4458","643.106155","643.1061712","643.106446949","2641033.8","-9999","280687.7","12.73","-1","-0.428776285","0.483595552","0.703327172","0.5714882","31","0.153846154","0.538461538","N2 P1 O6","de-protonated","0","-9999","C39 H21 O6 N2 P1","39","21","6","2","1","-9999","-9999","-9999","-9999"
"4458","643.106155","643.1061712","643.106175623","2641033.8","-9999","280687.7","12.73","-1","-0.006876987","0.499995709","0.761234226","0.604491116","17","0.379310345","0.965517241","N2 S2 O11","de-protonated","0","-9999","C29 H28 O11 N2 S2","29","28","11","2","-9999","2","-9999","-9999","-9999"
"4458","643.106155","643.1061712","643.105795501","2641033.8","-9999","280687.7","12.73","-1","0.584196084","0.469976349","0.748902347","0.581546748","22","0.258064516","0.806451613","N4 S1 P1 O8","de-protonated","0","-9999","C31 H25 O8 N4 P1 S1","31","25","8","4","1","1","-9999","-9999","-9999"
"4459","643.127475","643.127491192","643.12795644","2036383.1","-9999","268200.1","9.44","-1","-0.723413763","0.454705982","0.73113591","0.565277953","21","0.323529412","0.823529412","S1 O11","de-protonated","0","-9999","C34 H28 O11 S1","34","28","11","-9999","-9999","1","-9999","-9999","-9999"
"4459","643.127475","643.127491192","643.128089382","2036383.1","-9999","268200.1","9.44","-1","-0.930124737","0.427361829","0.800793265","0.576734403","8","0.826086957","1.434782609","P1 O19","de-protonated","0","-9999","C23 H33 O19 P1","23","33","19","-9999","1","-9999","-9999","-9999","-9999"
"4459","643.127475","643.127491192","643.127576317","2036383.1","-9999","268200.1","9.44","-1","-0.132361133","0.498413081","0.719752637","0.586948904","26","0.222222222","0.694444444","N2 P1 O8","de-protonated","0","-9999","C36 H25 O8 N2 P1","36","25","8","2","1","-9999","-9999","-9999","-9999"
"4459","643.127475","643.127491192","643.127304991","2036383.1","-9999","268200.1","9.44","-1","0.289524428","0.492452629","0.780512821","0.607676706","12","0.5","1.230769231","N2 S2 O13","de-protonated","0","-9999","C26 H32 O13 N2 S2","26","32","13","2","-9999","2","-9999","-9999","-9999"
"4459","643.127475","643.127491192","643.126924869","2036383.1","-9999","268200.1","9.44","-1","0.880578255","0.434375562","0.767553728","0.567646828","17","0.357142857","1.035714286","N4 S1 P1 O10","de-protonated","0","-9999","C28 H29 O10 N4 P1 S1","28","29","10","4","1","1","-9999","-9999","-9999"
"4460","643.142502","643.142518186","643.142832459","2309294.3","-9999","295459.5","10.92","-1","-0.488650698","0.478799472","0.698017357","0.566486626","30","0.125","0.625","N2 P1 O5","de-protonated","0","-9999","C40 H25 O5 N2 P1","40","25","5","2","1","-9999","-9999","-9999","-9999"
"4460","643.142502","643.142518186","643.142561132","2309294.3","-9999","295459.5","10.92","-1","-0.066775295","0.499595629","0.755017935","0.601764551","16","0.333333333","1.066666667","N2 S2 O10","de-protonated","0","-9999","C30 H32 O10 N2 S2","30","32","10","2","-9999","2","-9999","-9999","-9999"
"4460","643.142502","643.142518186","643.142694074","2309294.3","-9999","295459.5","10.92","-1","-0.273481711","0.986520715","0","0.591912429","3","0.947368421","1.947368421","N2 S1 P1 O18","de-protonated","0","-9999","C19 H37 O18 N2 P1 S1","19","37","18","2","1","1","-9999","-9999","-9999"
"4460","643.142502","643.142518186","643.14218101","2309294.3","-9999","295459.5","10.92","-1","0.524264301","0.475675725","0.742885034","0.582559449","21","0.21875","0.90625","N4 S1 P1 O7","de-protonated","0","-9999","C32 H29 O7 N4 P1 S1","32","29","7","4","1","1","-9999","-9999","-9999"
"4461","643.178973","643.178989172","643.17959809","1642707.3","-9999","294798.3","7.29","-1","-0.946731154","0.424951763","0.703327172","0.536301926","24","0.179487179","0.820512821","S1 O7","de-protonated","0","-9999","C39 H32 O7 S1","39","32","7","-9999","-9999","1","-9999","-9999","-9999"
"4461","643.178973","643.178989172","643.179217968","1642707.3","-9999","294798.3","7.29","-1","-0.355726113","0.48865044","0.692787115","0.57030511","29","0.097560976","0.707317073","N2 P1 O4","de-protonated","0","-9999","C41 H29 O4 N2 P1","41","29","4","2","1","-9999","-9999","-9999","-9999"
"4461","643.178973","643.178989172","643.178946642","1642707.3","-9999","294798.3","7.29","-1","0.06612548","0.499603458","0.748902347","0.599323013","15","0.290322581","1.161290323","N2 S2 O9","de-protonated","0","-9999","C31 H36 O9 N2 S2","31","36","9","2","-9999","2","-9999","-9999","-9999"
"4461","643.178973","643.178989172","643.179079583","1642707.3","-9999","294798.3","7.29","-1","-0.140569269","0.996421045","0","0.597852627","2","0.85","2.05","N2 S1 P1 O17","de-protonated","0","-9999","C20 H41 O17 N2 P1 S1","20","41","17","2","1","1","-9999","-9999","-9999"
"4461","643.178973","643.178989172","643.178566519","1642707.3","-9999","294798.3","7.29","-1","0.657131719","0.462318731","0.736963647","0.572176697","20","0.181818182","1","N4 S1 P1 O6","de-protonated","0","-9999","C33 H33 O6 N4 P1 S1","33","33","6","4","1","1","-9999","-9999","-9999"
"4462","643.215598","643.215614158","643.2159836","1726456.6","-9999","249326.6","7.75","-1","-0.574366436","0.470948505","0.698017357","0.561776046","23","0.15","0.9","S1 O6","de-protonated","0","-9999","C40 H36 O6 S1","40","36","6","-9999","-9999","1","-9999","-9999","-9999"
"4462","643.215598","643.215614158","643.216116542","1726456.6","-9999","249326.6","7.75","-1","-0.781049151","0.447607864","0.761234226","0.573058409","10","0.482758621","1.413793103","P1 O14","de-protonated","0","-9999","C29 H41 O14 P1","29","41","14","-9999","1","-9999","-9999","-9999","-9999"
"4462","643.215598","643.215614158","643.215603477","1726456.6","-9999","249326.6","7.75","-1","0.016605393","0.499974984","0.68763467","0.575038859","28","0.071428571","0.785714286","N2 P1 O3","de-protonated","0","-9999","C42 H33 O3 N2 P1","42","33","3","2","1","-9999","-9999","-9999","-9999"
"4462","643.215598","643.215614158","643.215332151","1726456.6","-9999","249326.6","7.75","-1","0.43843328","0.482861254","0.742885034","0.586870766","14","0.25","1.25","N2 S2 O8","de-protonated","0","-9999","C32 H40 O8 N2 S2","32","40","8","2","-9999","2","-9999","-9999","-9999"
"4462","643.215598","643.215614158","643.215465093","1726456.6","-9999","249326.6","7.75","-1","0.231750146","0.990302062","0","0.594181237","1","0.761904762","2.142857143","N2 S1 P1 O16","de-protonated","0","-9999","C21 H45 O16 N2 P1 S1","21","45","16","2","1","1","-9999","-9999","-9999"
"4463","643.251599","643.251615144","643.251988987","1791772.9","-9999","294917.8","8.11","-1","-0.581175692","0.960992093","0.841711735","0.91327995","27","0.046511628","0.860465116","N2 P1 O2","de-protonated","0","-9999","C43 H37 O2 N2 P1","43","37","2","2","1","-9999","-9999","-9999","-9999"
"4463","643.251599","643.251615144","643.25171766","1791772.9","-9999","294917.8","8.11","-1","-0.159371917","0.996799163","0.787306388","0.913002053","13","0.212121212","1.333333333","N2 S2 O7","de-protonated","0","-9999","C33 H44 O7 N2 S2","33","44","7","2","-9999","2","-9999","-9999","-9999"
"4463","643.251599","643.251615144","643.251850602","1791772.9","-9999","294917.8","8.11","-1","-0.366043237","0.97598127","0","0.585588762","0","0.681818182","2.227272727","N2 S1 P1 O15","de-protonated","0","-9999","C22 H49 O15 N2 P1 S1","22","49","15","2","1","1","-9999","-9999","-9999"
"4463","643.251599","643.251615144","643.251337538","1791772.9","-9999","294917.8","8.11","-1","0.431567327","0.942031337","0.798870416","0.884766968","18","0.114285714","1.171428571","N4 S1 P1 O4","de-protonated","0","-9999","C35 H41 O4 N4 P1 S1","35","41","4","4","1","1","-9999","-9999","-9999"
"4464","644.001319","644.001334854","644.001650982","1702421.8","-9999","325841.8","7.61","-1","-0.490879737","0.47860982","0.719752637","0.575066947","33","0.166666667","0.305555556","N3 S2 O6","de-protonated","0","-9999","C36 H11 O6 N3 S2","36","11","6","3","-9999","2","-9999","-9999","-9999"
"4464","644.001319","644.001334854","644.001783923","1702421.8","-9999","325841.8","7.61","-1","-0.697310322","0.915552185","0","0.549331311","20","0.56","0.64","N3 S1 P1 O14","de-protonated","0","-9999","C25 H16 O14 N3 P1 S1","25","16","14","3","1","1","-9999","-9999","-9999"
"4465","644.255121","644.255136756","644.255343822","1625879.8","-9999","349776.9","7.2","-1","-0.321402748","0.981430969","0.841711735","0.925543275","27","0.046511628","0.860465116","13C1 N2 P1 O2","de-protonated","1","4463","C42 H37 O2 N2 P1 13C1","42","37","2","2","1","-9999","1","-9999","-9999"
"4465","644.255121","644.255136756","644.255072496","1625879.8","-9999","349776.9","7.2","-1","0.099744224","0.998196412","0.787306388","0.913840402","13","0.212121212","1.333333333","13C1 N2 S2 O7","de-protonated","1","4463","C32 H44 O7 N2 S2 13C1","32","44","7","2","-9999","2","1","-9999","-9999"
"4465","644.255121","644.255136756","644.255480167","1625879.8","-9999","349776.9","7.2","-1","-0.533035524","0.474875969","0.68763467","0.559979449","27","0.095238095","0.833333333","N3 O4","de-protonated","0","-9999","C42 H35 O4 N3","42","35","4","3","-9999","-9999","-9999","-9999","-9999"
"4465","644.255121","644.255136756","644.255341783","1625879.8","-9999","349776.9","7.2","-1","-0.31823815","0.981791505","0","0.589074903","0","0.80952381","2.238095238","N3 S1 O17","de-protonated","0","-9999","C21 H47 O17 N3 S1","21","47","17","3","-9999","1","-9999","-9999","-9999"
"4465","644.255121","644.255136756","644.254692373","1625879.8","-9999","349776.9","7.2","-1","0.689763299","0.917292888","0.798870416","0.869923899","18","0.114285714","1.171428571","13C1 N4 S1 P1 O4","de-protonated","1","4463","C34 H41 O4 N4 P1 S1 13C1","34","41","4","4","1","1","1","-9999","-9999"
"4466","644.998723","644.998738469","644.999066788","1647629.8","-9999","377974.3","7.31","-1","-0.509023487","0.954073806","0","0.572444284","10","0.9","1.15","S2 P1 O18","de-protonated","0","-9999","C20 H23 O18 P1 S2","20","23","18","-9999","1","2","-9999","-9999","-9999"
"4466","644.998723","644.998738469","644.998553724","1647629.8","-9999","377974.3","7.31","-1","0.286426341","0.492612095","0.736963647","0.590352716","28","0.212121212","0.454545455","N2 S2 P1 O7","de-protonated","0","-9999","C33 H15 O7 N2 P1 S2","33","15","7","2","1","2","-9999","-9999","-9999"
"4467","645.085432","645.085447435","645.086091627","2928230.3","-9999","263990.4","14.28","-1","-0.998613353","0.417240283","0.719752637","0.538245225","26","0.277777778","0.611111111","S1 O10","de-protonated","0","-9999","C36 H22 O10 S1","36","22","10","-9999","-9999","1","-9999","-9999","-9999"
"4467","645.085432","645.085447435","645.085711504","2928230.3","-9999","263990.4","14.28","-1","-0.409355005","0.485025985","0.70871839","0.574502947","31","0.184210526","0.5","N2 P1 O7","de-protonated","0","-9999","C38 H19 O7 N2 P1","38","19","7","2","1","-9999","-9999","-9999","-9999"
"4467","645.085432","645.085447435","645.085440178","2928230.3","-9999","263990.4","14.28","-1","0.01124982","0.499988518","0.767553728","0.607014602","17","0.428571429","0.928571429","N2 S2 O12","de-protonated","0","-9999","C28 H26 O12 N2 S2","28","26","12","2","-9999","2","-9999","-9999","-9999"
"4467","645.085432","645.085447435","645.084927114","2928230.3","-9999","263990.4","14.28","-1","0.806593556","0.444326132","0.692787115","0.54371052499999994","35","0.024390244","0.43902439","N4 S2 O1","de-protonated","0","-9999","C41 H18 O1 N4 S2","41","18","1","4","-9999","2","-9999","-9999","-9999"
"4467","645.085432","645.085447435","645.085060056","2928230.3","-9999","263990.4","14.28","-1","0.600509358","0.468331144","0.755017935","0.58300586","22","0.3","0.766666667","N4 S1 P1 O9","de-protonated","0","-9999","C30 H23 O9 N4 P1 S1","30","23","9","4","1","1","-9999","-9999","-9999"
"4468","645.121797","645.121812421","645.122097014","3728523.5","-9999","307939.2","18.63","-1","-0.441145132","0.482652313","0.703327172","0.570922257","30","0.153846154","0.58974359","N2 P1 O6","de-protonated","0","-9999","C39 H23 O6 N2 P1","39","23","6","2","1","-9999","-9999","-9999","-9999"
"4468","645.121797","645.121812421","645.121825688","3728523.5","-9999","307939.2","18.63","-1","-0.020564043","0.499961636","0.761234226","0.604470672","16","0.379310345","1.034482759","N2 S2 O11","de-protonated","0","-9999","C29 H30 O11 N2 S2","29","30","11","2","-9999","2","-9999","-9999","-9999"
"4468","645.121797","645.121812421","645.121445565","3728523.5","-9999","307939.2","18.63","-1","0.568662241","0.471505993","0.748902347","0.582464535","21","0.258064516","0.870967742","N4 S1 P1 O8","de-protonated","0","-9999","C31 H27 O8 N4 P1 S1","31","27","8","4","1","1","-9999","-9999","-9999"
"4469","645.142985","645.143000413","645.143606504","1709217.1","-9999","280253.1","7.65","-1","-0.939467179","0.426009542","0.73113591","0.548060089","20","0.323529412","0.882352941","S1 O11","de-protonated","0","-9999","C34 H30 O11 S1","34","30","11","-9999","-9999","1","-9999","-9999","-9999"
"4469","645.142985","645.143000413","645.143226382","1709217.1","-9999","280253.1","7.65","-1","-0.350261329","0.488992636","0.719752637","0.581296636","25","0.222222222","0.75","N2 P1 O8","de-protonated","0","-9999","C36 H27 O8 N2 P1","36","27","8","2","1","-9999","-9999","-9999","-9999"
"4469","645.142985","645.143000413","645.142955056","1709217.1","-9999","280253.1","7.65","-1","0.070306024","0.999103513","0","0.599462108","11","0.5","1.307692308","N2 S2 O13","de-protonated","0","-9999","C26 H34 O13 N2 S2","26","34","13","2","-9999","2","-9999","-9999","-9999"
"4469","645.142985","645.143000413","645.142441991","1709217.1","-9999","280253.1","7.65","-1","0.865578901","0.436444786","0.703327172","0.54319774","29","0.051282051","0.666666667","N4 S2 O2","de-protonated","0","-9999","C39 H26 O2 N4 S2","39","26","2","4","-9999","2","-9999","-9999","-9999"
"4469","645.142985","645.143000413","645.142574933","1709217.1","-9999","280253.1","7.65","-1","0.659513063","0.462055787","0.767553728","0.584254963","16","0.357142857","1.107142857","N4 S1 P1 O10","de-protonated","0","-9999","C28 H31 O10 N4 P1 S1","28","31","10","4","1","1","-9999","-9999","-9999"
"4470","645.158319","645.158334407","645.158862646","2390193","-9999","316729.7","11.35","-1","-0.818772697","0.442733029","0.70871839","0.549127173","24","0.210526316","0.789473684","S1 O8","de-protonated","0","-9999","C38 H30 O8 S1","38","30","8","-9999","-9999","1","-9999","-9999","-9999"
"4470","645.158319","645.158334407","645.158482523","2390193","-9999","316729.7","11.35","-1","-0.229580709","0.495240958","0.698017357","0.576351518","29","0.125","0.675","N2 P1 O5","de-protonated","0","-9999","C40 H27 O5 N2 P1","40","27","5","2","1","-9999","-9999","-9999","-9999"
"4470","645.158319","645.158334407","645.158211197","2390193","-9999","316729.7","11.35","-1","0.190976749","0.496702016","0.755017935","0.600028383","15","0.333333333","1.133333333","N2 S2 O10","de-protonated","0","-9999","C30 H34 O10 N2 S2","30","34","10","2","-9999","2","-9999","-9999","-9999"
"4470","645.158319","645.158334407","645.158344139","2390193","-9999","316729.7","11.35","-1","-0.015083913","0.499979358","0.829532115","0.631800461","2","0.947368421","2.052631579","N2 S1 P1 O18","de-protonated","0","-9999","C19 H39 O18 N2 P1 S1","19","39","18","2","1","1","-9999","-9999","-9999"
"4470","645.158319","645.158334407","645.157831074","2390193","-9999","316729.7","11.35","-1","0.780169927","0.447719362","0.742885034","0.565785631","20","0.21875","0.96875","N4 S1 P1 O7","de-protonated","0","-9999","C32 H31 O7 N4 P1 S1","32","31","7","4","1","1","-9999","-9999","-9999"
"4471","645.194568","645.194583393","645.194868032","2305750","-9999","304746.8","10.89","-1","-0.441167963","0.482650549","0.692787115","0.566705175","28","0.097560976","0.756097561","N2 P1 O4","de-protonated","0","-9999","C41 H31 O4 N2 P1","41","31","4","2","1","-9999","-9999","-9999","-9999"
"4471","645.194568","645.194583393","645.194596706","2305750","-9999","304746.8","10.89","-1","-0.02063431","0.499961373","0.748902347","0.599537763","14","0.290322581","1.225806452","N2 S2 O9","de-protonated","0","-9999","C31 H38 O9 N2 S2","31","38","9","2","-9999","2","-9999","-9999","-9999"
"4471","645.194568","645.194583393","645.194729648","2305750","-9999","304746.8","10.89","-1","-0.226683308","0.495359766","0.822155738","0.626078155","1","0.85","2.15","N2 S1 P1 O17","de-protonated","0","-9999","C20 H43 O17 N2 P1 S1","20","43","17","2","1","1","-9999","-9999","-9999"
"4471","645.194568","645.194583393","645.194216584","2305750","-9999","304746.8","10.89","-1","0.568525516","0.471519296","0.736963647","0.577697036","19","0.181818182","1.060606061","N4 S1 P1 O6","de-protonated","0","-9999","C33 H35 O6 N4 P1 S1","33","35","6","4","1","1","-9999","-9999","-9999"
"4472","646.269748","646.269762977","646.269141373","1804068.1","-9999","306548.6","8.16","-1","0.96183589","0.422734697","0.736963647","0.548426277","12","0.303030303","1.363636364","N1 S1 O10","de-protonated","0","-9999","C33 H45 O10 N1 S1","33","45","10","1","-9999","1","-9999","-9999","-9999"
"4472","646.269748","646.269762977","646.26963063","1804068.1","-9999","306548.6","8.16","-1","0.204786823","0.496209674","0.719752637","0.58562686","16","0.055555556","1.277777778","N3 S2 P1 O2","de-protonated","0","-9999","C36 H46 O2 N3 P1 S2","36","46","2","3","1","2","-9999","-9999","-9999"
"4476","647.064775","647.06478967","647.065356182","2696279","-9999","303568.1","13.01","-1","-0.875509524","0.435077688","0.725399619","0.55120646","26","0.314285714","0.571428571","S1 O11","de-protonated","0","-9999","C35 H20 O11 S1","35","20","11","-9999","-9999","1","-9999","-9999","-9999"
"4476","647.064775","647.06478967","647.064976059","2696279","-9999","303568.1","13.01","-1","-0.288053548","0.492528547","0.714192896","0.581194286","31","0.216216216","0.459459459","N2 P1 O8","de-protonated","0","-9999","C37 H17 O8 N2 P1","37","17","8","2","1","-9999","-9999","-9999","-9999"
"4476","647.064775","647.06478967","647.064704733","2696279","-9999","303568.1","13.01","-1","0.131264767","0.498439221","0.773979033","0.608655146","17","0.481481481","0.888888889","N2 S2 O13","de-protonated","0","-9999","C27 H24 O13 N2 S2","27","24","13","2","-9999","2","-9999","-9999","-9999"
"4476","647.064775","647.06478967","647.064191669","2696279","-9999","303568.1","13.01","-1","0.92417577","0.428218089","0.698017357","0.536137796","35","0.05","0.4","N4 S2 O2","de-protonated","0","-9999","C40 H16 O2 N4 S2","40","16","2","4","-9999","2","-9999","-9999","-9999"
"4476","647.064775","647.06478967","647.064324611","2696279","-9999","303568.1","13.01","-1","0.718721926","0.455264581","0.761234226","0.577652439","22","0.344827586","0.724137931","N4 S1 P1 O10","de-protonated","0","-9999","C29 H21 O10 N4 P1 S1","29","21","10","4","1","1","-9999","-9999","-9999"
"4477","647.101104","647.101118656","647.101741691","4344956.5","-9999","271973.4","21.98","-1","-0.962808839","0.422591085","0.719752637","0.541455706","25","0.277777778","0.666666667","S1 O10","de-protonated","0","-9999","C36 H24 O10 S1","36","24","10","-9999","-9999","1","-9999","-9999","-9999"
"4477","647.101104","647.101118656","647.101361569","4344956.5","-9999","271973.4","21.98","-1","-0.375385946","0.487377671","0.70871839","0.575913958","30","0.184210526","0.552631579","N2 P1 O7","de-protonated","0","-9999","C38 H21 O7 N2 P1","38","21","7","2","1","-9999","-9999","-9999","-9999"
"4477","647.101104","647.101118656","647.101090243","4344956.5","-9999","271973.4","21.98","-1","0.043908755","0.499825116","0.767553728","0.606916561","16","0.428571429","1","N2 S2 O12","de-protonated","0","-9999","C28 H28 O12 N2 S2","28","28","12","2","-9999","2","-9999","-9999","-9999"
"4477","647.101104","647.101118656","647.100577178","4344956.5","-9999","271973.4","21.98","-1","0.836775105","0.440345249","0.692787115","0.541321995","34","0.024390244","0.487804878","N4 S2 O1","de-protonated","0","-9999","C41 H20 O1 N4 S2","41","20","1","4","-9999","2","-9999","-9999","-9999"
"4477","647.101104","647.101118656","647.10071012","4344956.5","-9999","271973.4","21.98","-1","0.631332831","0.465115645","0.755017935","0.581076561","21","0.3","0.833333333","N4 S1 P1 O9","de-protonated","0","-9999","C30 H25 O9 N4 P1 S1","30","25","9","4","1","1","-9999","-9999","-9999"
"4478","647.137437","647.137451642","647.137747078","3400354","-9999","229122.8","16.84","-1","-0.456527461","0.481444543","0.703327172","0.570197595","29","0.153846154","0.641025641","N2 P1 O6","de-protonated","0","-9999","C39 H25 O6 N2 P1","39","25","6","2","1","-9999","-9999","-9999","-9999"
"4478","647.137437","647.137451642","647.137475752","3400354","-9999","229122.8","16.84","-1","-0.037256369","0.499874087","0.761234226","0.604418143","15","0.379310345","1.103448276","N2 S2 O11","de-protonated","0","-9999","C29 H32 O11 N2 S2","29","32","11","2","-9999","2","-9999","-9999","-9999"
"4478","647.137437","647.137451642","647.137095629","3400354","-9999","229122.8","16.84","-1","0.550134631","0.473282753","0.748902347","0.58353059","20","0.258064516","0.935483871","N4 S1 P1 O8","de-protonated","0","-9999","C31 H29 O8 N4 P1 S1","31","29","8","4","1","1","-9999","-9999","-9999"
"4479","647.1737","647.173714628","647.174132587","2519239.5","-9999","290615.5","12.04","-1","-0.645822353","0.46355651","0.698017357","0.557340849","28","0.125","0.725","N2 P1 O5","de-protonated","0","-9999","C40 H29 O5 N2 P1","40","29","5","2","1","-9999","-9999","-9999","-9999"
"4479","647.1737","647.173714628","647.173861261","2519239.5","-9999","290615.5","12.04","-1","-0.226574913","0.495364182","0.755017935","0.599225683","14","0.333333333","1.2","N2 S2 O10","de-protonated","0","-9999","C30 H36 O10 N2 S2","30","36","10","2","-9999","2","-9999","-9999","-9999"
"4479","647.1737","647.173714628","647.173994203","2519239.5","-9999","290615.5","12.04","-1","-0.431993705","0.483352599","0.829532115","0.621824405","1","0.947368421","2.157894737","N2 S1 P1 O18","de-protonated","0","-9999","C19 H41 O18 N2 P1 S1","19","41","18","2","1","1","-9999","-9999","-9999"
"4479","647.1737","647.173714628","647.173481139","2519239.5","-9999","290615.5","12.04","-1","0.360782952","0.488329289","0.742885034","0.590151587","19","0.21875","1.03125","N4 S1 P1 O7","de-protonated","0","-9999","C32 H33 O7 N4 P1 S1","32","33","7","4","1","1","-9999","-9999","-9999"
"4480","647.210269","647.210283614","647.210898219","2641133","-9999","295372.8","12.71","-1","-0.949621723","0.424529308","0.703327172","0.536048454","22","0.179487179","0.923076923","S1 O7","de-protonated","0","-9999","C39 H36 O7 S1","39","36","7","-9999","-9999","1","-9999","-9999","-9999"
"4480","647.210269","647.210283614","647.210518097","2641133","-9999","295372.8","12.71","-1","-0.362297895","0.488232236","0.692787115","0.570054188","27","0.097560976","0.804878049","N2 P1 O4","de-protonated","0","-9999","C41 H33 O4 N2 P1","41","33","4","2","1","-9999","-9999","-9999","-9999"
"4480","647.210269","647.210283614","647.210246771","2641133","-9999","295372.8","12.71","-1","0.056926093999999997","0.499706087","0.748902347","0.599384591","13","0.290322581","1.290322581","N2 S2 O9","de-protonated","0","-9999","C31 H40 O9 N2 S2","31","40","9","2","-9999","2","-9999","-9999","-9999"
"4480","647.210269","647.210283614","647.210379712","2641133","-9999","295372.8","12.71","-1","-0.148481207","0.498003826","0.822155738","0.627664591","0","0.85","2.25","N2 S1 P1 O17","de-protonated","0","-9999","C20 H45 O17 N2 P1 S1","20","45","17","2","1","1","-9999","-9999","-9999"
"4480","647.210269","647.210283614","647.209866648","2641133","-9999","295372.8","12.71","-1","0.644251105","0.463727038","0.736963647","0.573021682","18","0.181818182","1.121212121","N4 S1 P1 O6","de-protonated","0","-9999","C33 H37 O6 N4 P1 S1","33","37","6","4","1","1","-9999","-9999","-9999"
"4486","648.890261","648.890274964","648.890185042","1786811.4","-9999","360229.6","8.05","-1","0.138577946","0.996521551","0","0.597912931","21","0.727272727","0.318181818","N2 S2 P1 O16","de-protonated","0","-9999","C22 H7 O16 N2 P1 S2","22","7","16","2","1","2","-9999","-9999","-9999"
"4487","649.080488","649.080501891","649.081006246","3804289.8","-9999","268198.7","19.02","-1","-0.777030271","0.448116718","0.725399619","0.559029878","25","0.314285714","0.628571429","S1 O11","de-protonated","0","-9999","C35 H22 O11 S1","35","22","11","-9999","-9999","1","-9999","-9999","-9999"
"4487","649.080488","649.080501891","649.081139188","3804289.8","-9999","268198.7","19.02","-1","-0.981845383","0.419761995","0.793917021","0.569424005","12","0.791666667","1.125","P1 O19","de-protonated","0","-9999","C24 H27 O19 P1","24","27","19","-9999","1","-9999","-9999","-9999","-9999"
"4487","649.080488","649.080501891","649.080626124","3804289.8","-9999","268198.7","19.02","-1","-0.191398518","0.496687481","0.714192896","0.583689647","30","0.216216216","0.513513514","N2 P1 O8","de-protonated","0","-9999","C37 H19 O8 N2 P1","37","19","8","2","1","-9999","-9999","-9999","-9999"
"4487","649.080488","649.080501891","649.080354798","3804289.8","-9999","268198.7","19.02","-1","0.226617689","0.49536244","0.773979033","0.606809077","16","0.481481481","0.962962963","N2 S2 O13","de-protonated","0","-9999","C27 H26 O13 N2 S2","27","26","13","2","-9999","2","-9999","-9999","-9999"
"4487","649.080488","649.080501891","649.079974675","3804289.8","-9999","268198.7","19.02","-1","0.812250617","0.443588413","0.761234226","0.570646738","21","0.344827586","0.793103448","N4 S1 P1 O10","de-protonated","0","-9999","C29 H23 O10 N4 P1 S1","29","23","10","4","1","1","-9999","-9999","-9999"
"4488","649.113821","649.113834878","649.114020452","1616036.5","-9999","419976.6","7.12","-1","-0.28588892","0.492639588","0.703327172","0.576914622","29","0.256410256","0.564102564","O10","de-protonated","0","-9999","C39 H22 O10","39","22","10","-9999","-9999","-9999","-9999","-9999","-9999"
"4488","649.113821","649.113834878","649.113369004","1616036.5","-9999","419976.6","7.12","-1","0.717708487","0.455384851","0.748902347","0.572791849","20","0.387096774","0.838709677","N2 S1 O12","de-protonated","0","-9999","C31 H26 O12 N2 S1","31","26","12","2","-9999","1","-9999","-9999","-9999"
"4488","649.113821","649.113834878","649.114371325","1616036.5","-9999","419976.6","7.12","-1","-0.826429747","0.883444387","0","0.530066632","6","0.714285714","1.666666667","N2 S2 P1 O15","de-protonated","0","-9999","C21 H35 O15 N2 P1 S2","21","35","15","2","1","2","-9999","-9999","-9999"
"4488","649.113821","649.113834878","649.113858261","1616036.5","-9999","419976.6","7.12","-1","-0.036023227","0.499882283","0.73113591","0.592383734","24","0.117647059","0.794117647","N4 S2 P1 O4","de-protonated","0","-9999","C34 H27 O4 N4 P1 S2","34","27","4","4","1","2","-9999","-9999","-9999"
"4489","649.116974","649.116987877","649.117391756","4705448","-9999","304456.6","23.93","-1","-0.622197233","0.466083116","0.719752637","0.567550924","24","0.277777778","0.722222222","S1 O10","de-protonated","0","-9999","C36 H26 O10 S1","36","26","10","-9999","-9999","1","-9999","-9999","-9999"
"4489","649.116974","649.116987877","649.117524697","4705448","-9999","304456.6","23.93","-1","-0.827000897","0.44164651","0.787157861","0.57985105","11","0.72","1.24","P1 O18","de-protonated","0","-9999","C25 H31 O18 P1","25","31","18","-9999","1","-9999","-9999","-9999","-9999"
"4489","649.116974","649.116987877","649.117011633","4705448","-9999","304456.6","23.93","-1","-0.036598216","0.499878496","0.70871839","0.583414453","29","0.184210526","0.605263158","N2 P1 O7","de-protonated","0","-9999","C38 H23 O7 N2 P1","38","23","7","2","1","-9999","-9999","-9999","-9999"
"4489","649.116974","649.116987877","649.116740307","4705448","-9999","304456.6","23.93","-1","0.381394624","0.486975705","0.767553728","0.599206914","15","0.428571429","1.071428571","N2 S2 O12","de-protonated","0","-9999","C28 H30 O12 N2 S2","28","30","12","2","-9999","2","-9999","-9999","-9999"
"4489","649.116974","649.116987877","649.116360185","4705448","-9999","304456.6","23.93","-1","0.966994816","0.421972121","0.755017935","0.555190446","20","0.3","0.9","N4 S1 P1 O9","de-protonated","0","-9999","C30 H27 O9 N4 P1 S1","30","27","9","4","1","1","-9999","-9999","-9999"
"4490","649.15331","649.153323863","649.153777265","3131597.8","-9999","258349.7","15.36","-1","-0.698451519","0.457643806","0.714192896","0.560263442","23","0.243243243","0.810810811","S1 O9","de-protonated","0","-9999","C37 H30 O9 S1","37","30","9","-9999","-9999","1","-9999","-9999","-9999"
"4490","649.15331","649.153323863","649.153910207","3131597.8","-9999","258349.7","15.36","-1","-0.903243688","0.431200569","0.780512821","0.57092547","10","0.653846154","1.346153846","P1 O17","de-protonated","0","-9999","C26 H35 O17 P1","26","35","17","-9999","1","-9999","-9999","-9999","-9999"
"4490","649.15331","649.153323863","649.153397143","3131597.8","-9999","258349.7","15.36","-1","-0.11288537","0.498845226","0.703327172","0.580638004","28","0.153846154","0.692307692","N2 P1 O6","de-protonated","0","-9999","C39 H27 O6 N2 P1","39","27","6","2","1","-9999","-9999","-9999","-9999"
"4490","649.15331","649.153323863","649.153125816","3131597.8","-9999","258349.7","15.36","-1","0.305084009","0.491626624","0.761234226","0.599469665","14","0.379310345","1.172413793","N2 S2 O11","de-protonated","0","-9999","C29 H34 O11 N2 S2","29","34","11","2","-9999","2","-9999","-9999","-9999"
"4490","649.15331","649.153323863","649.152745694","3131597.8","-9999","258349.7","15.36","-1","0.890651333","0.432971606","0.748902347","0.559343902","19","0.258064516","1","N4 S1 P1 O8","de-protonated","0","-9999","C31 H31 O8 N4 P1 S1","31","31","8","4","1","1","-9999","-9999","-9999"
"4491","649.189824","649.189837849","649.190162774","2472691.8","-9999","286370","11.78","-1","-0.50050959800000006","0.477781452","0.70871839","0.570156227","22","0.210526316","0.894736842","S1 O8","de-protonated","0","-9999","C38 H34 O8 S1","38","34","8","-9999","-9999","1","-9999","-9999","-9999"
"4491","649.189824","649.189837849","649.190295716","2472691.8","-9999","286370","11.78","-1","-0.70529033","0.456847333","0.773979033","0.583700013","9","0.592592593","1.444444444","P1 O16","de-protonated","0","-9999","C27 H39 O16 P1","27","39","16","-9999","1","-9999","-9999","-9999","-9999"
"4491","649.189824","649.189837849","649.189782652","2472691.8","-9999","286370","11.78","-1","0.085023847","0.499344579","0.698017357","0.57881369","27","0.125","0.775","N2 P1 O5","de-protonated","0","-9999","C40 H31 O5 N2 P1","40","31","5","2","1","-9999","-9999","-9999","-9999"
"4491","649.189824","649.189837849","649.189511326","2472691.8","-9999","286370","11.78","-1","0.502969883","0.477567468","0.755017935","0.588547655","13","0.333333333","1.266666667","N2 S2 O10","de-protonated","0","-9999","C30 H38 O10 N2 S2","30","38","10","2","-9999","2","-9999","-9999","-9999"
"4491","649.189824","649.189837849","649.189644268","2472691.8","-9999","286370","11.78","-1","0.29818874","0.491997833","0.829532115","0.627011546","0","0.947368421","2.263157895","N2 S1 P1 O18","de-protonated","0","-9999","C19 H43 O18 N2 P1 S1","19","43","18","2","1","1","-9999","-9999","-9999"
"4492","649.225883","649.225896835","649.226168161","2149657.5","-9999","288340.4","10.02","-1","-0.4179232","0.484402565","0.692787115","0.567756385","26","0.097560976","0.853658537","N2 P1 O4","de-protonated","0","-9999","C41 H35 O4 N2 P1","41","35","4","2","1","-9999","-9999","-9999","-9999"
"4492","649.225883","649.225896835","649.225896835","2149657.5","-9999","288340.4","10.02","-1","-7.97e-7","0.5","0.748902347","0.599560939","12","0.290322581","1.35483871","N2 S2 O9","de-protonated","0","-9999","C31 H42 O9 N2 S2","31","42","9","2","-9999","2","-9999","-9999","-9999"
"4492","649.225883","649.225896835","649.225516713","2149657.5","-9999","288340.4","10.02","-1","0.585500712","0.469846233","0.736963647","0.576693199","17","0.181818182","1.181818182","N4 S1 P1 O6","de-protonated","0","-9999","C33 H39 O6 N4 P1 S1","33","39","6","4","1","1","-9999","-9999","-9999"
"4493","649.262332","649.262345821","649.262933793","1696063.3","-9999","379444.7","7.55","-1","-0.905600193","0.430867193","0.698017357","0.537727259","20","0.15","1.05","S1 O6","de-protonated","0","-9999","C40 H42 O6 S1","40","42","6","-9999","-9999","1","-9999","-9999","-9999"
"4493","649.262332","649.262345821","649.262553671","1696063.3","-9999","379444.7","7.55","-1","-0.320132614","0.490788043","0.68763467","0.569526694","25","0.071428571","0.928571429","N2 P1 O3","de-protonated","0","-9999","C42 H39 O3 N2 P1","42","39","3","2","1","-9999","-9999","-9999","-9999"
"4493","649.262332","649.262345821","649.262282344","1696063.3","-9999","379444.7","7.55","-1","0.097766409","0.499133584","0.742885034","0.596634164","11","0.25","1.4375","N2 S2 O8","de-protonated","0","-9999","C32 H46 O8 N2 S2","32","46","8","2","-9999","2","-9999","-9999","-9999"
"4493","649.262332","649.262345821","649.261902222","1696063.3","-9999","379444.7","7.55","-1","0.683235163","0.459392969","0.73113591","0.568090145","16","0.147058824","1.264705882","N4 S1 P1 O5","de-protonated","0","-9999","C34 H43 O5 N4 P1 S1","34","43","5","4","1","1","-9999","-9999","-9999"
"4494","650.388286","650.388299385","650.388468661","1932250","-9999","304583.6","8.83","-1","-0.260269416","0.493891933","0.703327172","0.577666028","12","0.128205128","1.461538462","N1 S1 O5","de-protonated","0","-9999","C39 H57 O5 N1 S1","39","57","5","1","-9999","1","-9999","-9999","-9999"
"4494","650.388286","650.388299385","650.388088539","1932250","-9999","304583.6","8.83","-1","0.324185354","0.490555558","0.692787115","0.571448181","17","0.048780488","1.317073171","N3 P1 O2","de-protonated","0","-9999","C41 H54 O2 N3 P1","41","54","2","3","1","-9999","-9999","-9999","-9999"
"4494","650.388286","650.388299385","650.387817213","1932250","-9999","304583.6","8.83","-1","0.741361447","0.452542125","0.748902347","0.571086214","3","0.225806452","1.967741935","N3 S2 O7","de-protonated","0","-9999","C31 H61 O7 N3 S2","31","61","7","3","-9999","2","-9999","-9999","-9999"
"4496","650.40046","650.400473381","650.400353499","17721830","-9999","257635.5","94.75","-1","0.184318929","0.656663849","0.86477335","0.739907649","21","0.043478261","1.152173913","N1 O2","de-protonated","0","-9999","C46 H53 O2 N1","46","53","2","1","-9999","-9999","-9999","-9999","-9999"
"4502","651.060058","651.060071126","651.060270802","2042524.5","-9999","290028.9","9.43","-1","-0.306693534","0.491538795","0.73113591","0.587377641","25","0.352941176","0.588235294","S1 O12","de-protonated","0","-9999","C34 H20 O12 S1","34","20","12","-9999","-9999","1","-9999","-9999","-9999"
"4502","651.060058","651.060071126","651.060403743","2042524.5","-9999","290028.9","9.43","-1","-0.510886092","0.476872499","0.800793265","0.606440805","12","0.869565217","1.086956522","P1 O20","de-protonated","0","-9999","C23 H25 O20 P1","23","25","20","-9999","1","-9999","-9999","-9999","-9999"
"4502","651.060058","651.060071126","651.059890679","2042524.5","-9999","290028.9","9.43","-1","0.27715813500000003","0.493079206","0.719752637","0.583748578","30","0.25","0.472222222","N2 P1 O9","de-protonated","0","-9999","C36 H17 O9 N2 P1","36","17","9","2","1","-9999","-9999","-9999","-9999"
"4502","651.060058","651.060071126","651.059619353","2042524.5","-9999","290028.9","9.43","-1","0.69390374","0.45816992","0.780512821","0.58710708","16","0.538461538","0.923076923","N2 S2 O14","de-protonated","0","-9999","C26 H24 O14 N2 S2","26","24","14","2","-9999","2","-9999","-9999","-9999"
"4503","651.096221","651.096234112","651.096656311","4278466.5","-9999","274592.4","21.59","-1","-0.648443363","0.463271268","0.725399619","0.568122608","24","0.314285714","0.685714286","S1 O11","de-protonated","0","-9999","C35 H24 O11 S1","35","24","11","-9999","-9999","1","-9999","-9999","-9999"
"4503","651.096221","651.096234112","651.096789253","4278466.5","-9999","274592.4","21.59","-1","-0.85262444","0.438211044","0.793917021","0.580493435","11","0.791666667","1.208333333","P1 O19","de-protonated","0","-9999","C24 H29 O19 P1","24","29","19","-9999","1","-9999","-9999","-9999","-9999"
"4503","651.096221","651.096234112","651.096276188","4278466.5","-9999","274592.4","21.59","-1","-0.064624521","0.499621249","0.714192896","0.585449908","29","0.216216216","0.567567568","N2 P1 O8","de-protonated","0","-9999","C37 H21 O8 N2 P1","37","21","8","2","1","-9999","-9999","-9999","-9999"
"4503","651.096221","651.096234112","651.096004862","4278466.5","-9999","274592.4","21.59","-1","0.352097652","0.488878213","0.773979033","0.602918541","15","0.481481481","1.037037037","N2 S2 O13","de-protonated","0","-9999","C27 H28 O13 N2 S2","27","28","13","2","-9999","2","-9999","-9999","-9999"
"4503","651.096221","651.096234112","651.09562474","4278466.5","-9999","274592.4","21.59","-1","0.935917662","0.426524409","0.761234226","0.560408336","20","0.344827586","0.862068966","N4 S1 P1 O10","de-protonated","0","-9999","C29 H25 O10 N4 P1 S1","29","25","10","4","1","1","-9999","-9999","-9999"
"4504","651.132594","651.132607098","651.13304182","3954921","-9999","287533.4","19.83","-1","-0.667640388","0.461152362","0.719752637","0.564592472","23","0.277777778","0.777777778","S1 O10","de-protonated","0","-9999","C36 H28 O10 S1","36","28","10","-9999","-9999","1","-9999","-9999","-9999"
"4504","651.132594","651.132607098","651.133174762","3954921","-9999","287533.4","19.83","-1","-0.871810051","0.435588296","0.787157861","0.576216122","10","0.72","1.32","P1 O18","de-protonated","0","-9999","C25 H33 O18 P1","25","33","18","-9999","1","-9999","-9999","-9999","-9999"
"4504","651.132594","651.132607098","651.132661698","3954921","-9999","287533.4","19.83","-1","-0.083854182","0.499362476","0.70871839","0.583104842","28","0.184210526","0.657894737","N2 P1 O7","de-protonated","0","-9999","C38 H25 O7 N2 P1","38","25","7","2","1","-9999","-9999","-9999","-9999"
"4504","651.132594","651.132607098","651.132390372","3954921","-9999","287533.4","19.83","-1","0.332844697","0.490049398","0.767553728","0.60105113","14","0.428571429","1.142857143","N2 S2 O12","de-protonated","0","-9999","C28 H32 O12 N2 S2","28","32","12","2","-9999","2","-9999","-9999","-9999"
"4504","651.132594","651.132607098","651.132010249","3954921","-9999","287533.4","19.83","-1","0.916632072","0.429298425","0.755017935","0.559586229","19","0.3","0.966666667","N4 S1 P1 O9","de-protonated","0","-9999","C30 H29 O9 N4 P1 S1","30","29","9","4","1","1","-9999","-9999","-9999"
"4505","651.169107","651.169120083","651.16942733","2392335.3","-9999","262253.5","11.33","-1","-0.471837542","0.480204501","0.714192896","0.573799859","22","0.243243243","0.864864865","S1 O9","de-protonated","0","-9999","C37 H32 O9 S1","37","32","9","-9999","-9999","1","-9999","-9999","-9999"
"4505","651.169107","651.169120083","651.169560271","2392335.3","-9999","262253.5","11.33","-1","-0.675995837","0.46021392","0.780512821","0.58833348","9","0.653846154","1.423076923","P1 O17","de-protonated","0","-9999","C26 H37 O17 P1","26","37","17","-9999","1","-9999","-9999","-9999","-9999"
"4505","651.169107","651.169120083","651.169047207","2392335.3","-9999","262253.5","11.33","-1","0.111916158","0.498864947","0.703327172","0.580649837","27","0.153846154","0.743589744","N2 P1 O6","de-protonated","0","-9999","C39 H29 O6 N2 P1","39","29","6","2","1","-9999","-9999","-9999","-9999"
"4505","651.169107","651.169120083","651.168775881","2392335.3","-9999","262253.5","11.33","-1","0.528591835","0.475282633","0.761234226","0.58966327","13","0.379310345","1.24137931","N2 S2 O11","de-protonated","0","-9999","C29 H36 O11 N2 S2","29","36","11","2","-9999","2","-9999","-9999","-9999"
"4506","651.20546","651.205473069","651.205812839","2436405.8","-9999","290980.6","11.57","-1","-0.521754534","0.475902367","0.70871839","0.569028776","21","0.210526316","0.947368421","S1 O8","de-protonated","0","-9999","C38 H36 O8 S1","38","36","8","-9999","-9999","1","-9999","-9999","-9999"
"4506","651.20546","651.205473069","651.205945781","2436405.8","-9999","290980.6","11.57","-1","-0.725901412","0.454408614","0.773979033","0.582236781","8","0.592592593","1.518518519","P1 O16","de-protonated","0","-9999","C27 H41 O16 P1","27","41","16","-9999","1","-9999","-9999","-9999","-9999"
"4506","651.20546","651.205473069","651.205432716","2436405.8","-9999","290980.6","11.57","-1","0.06196652","0.499651753","0.698017357","0.578997995","26","0.125","0.825","N2 P1 O5","de-protonated","0","-9999","C40 H33 O5 N2 P1","40","33","5","2","1","-9999","-9999","-9999","-9999"
"4506","651.20546","651.205473069","651.20516139","2436405.8","-9999","290980.6","11.57","-1","0.478618895","0.479643227","0.755017935","0.58979311","12","0.333333333","1.333333333","N2 S2 O10","de-protonated","0","-9999","C30 H40 O10 N2 S2","30","40","10","2","-9999","2","-9999","-9999","-9999"
"4507","651.241684","651.241697055","651.242198348","1618267.8","-9999","252569.3","7.12","-1","-0.769748859","0.449033429","0.703327172","0.550750926","20","0.179487179","1.025641026","S1 O7","de-protonated","0","-9999","C39 H40 O7 S1","39","40","7","-9999","-9999","1","-9999","-9999","-9999"
"4507","651.241684","651.241697055","651.24233129","1618267.8","-9999","252569.3","7.12","-1","-0.973884281","0.420949547","0.767553728","0.559591219","7","0.535714286","1.607142857","P1 O15","de-protonated","0","-9999","C28 H45 O15 P1","28","45","15","-9999","1","-9999","-9999","-9999","-9999"
"4507","651.241684","651.241697055","651.241818226","1618267.8","-9999","252569.3","7.12","-1","-0.186060563","0.4968691","0.692787115","0.575236306","25","0.097560976","0.902439024","N2 P1 O4","de-protonated","0","-9999","C41 H37 O4 N2 P1","41","37","4","2","1","-9999","-9999","-9999","-9999"
"4507","651.241684","651.241697055","651.2415469","1618267.8","-9999","252569.3","7.12","-1","0.23056843","0.495200118","0.748902347","0.596681009","11","0.290322581","1.419354839","N2 S2 O9","de-protonated","0","-9999","C31 H44 O9 N2 S2","31","44","9","2","-9999","2","-9999","-9999","-9999"
"4507","651.241684","651.241697055","651.241166777","1618267.8","-9999","252569.3","7.12","-1","0.814257894","0.443325707","0.736963647","0.560780883","16","0.181818182","1.242424242","N4 S1 P1 O6","de-protonated","0","-9999","C33 H41 O6 N4 P1 S1","33","41","6","4","1","1","-9999","-9999","-9999"
"4508","651.396162","651.396174996","651.396115536","2116607","-9999","241615.4","9.83","-1","0.091280436","0.499244645","0.742885034","0.596700801","3","0.40625","1.875","O13","de-protonated","0","-9999","C32 H60 O13","32","60","13","-9999","-9999","-9999","-9999","-9999","-9999"
"4508","651.396162","651.396174996","651.395602472","2116607","-9999","241615.4","9.83","-1","0.878919","0.434605725","0.672627142","0.529814292","21","0.044444444","1.155555556","N2 O2","de-protonated","0","-9999","C45 H52 O2 N2","45","52","2","2","-9999","-9999","-9999","-9999","-9999"
"4508","651.396162","651.396174996","651.396604793","2116607","-9999","241615.4","9.83","-1","-0.659809439","0.462023006","0.725399619","0.567373651","7","0.142857143","1.742857143","N2 S1 P1 O5","de-protonated","0","-9999","C35 H61 O5 N2 P1 S1","35","61","5","2","1","1","-9999","-9999","-9999"
"4509","651.400667","651.400679994","651.400627545","1814019.4","-9999","350325.5","8.18","-1","0.080516702","0.499412185","0.698017357","0.578854254","11","0.075","1.525","S1 P1 O3","de-protonated","0","-9999","C40 H61 O3 P1 S1","40","61","3","-9999","1","1","-9999","-9999","-9999"
"4509","651.400667","651.400679994","651.40082425","1814019.4","-9999","350325.5","8.18","-1","-0.221454832","0.495570413","0.755017935","0.599349422","3","0.3","2","N4 S1 O9","de-protonated","0","-9999","C30 H60 O9 N4 S1","30","60","9","4","-9999","1","-9999","-9999","-9999"
"4510","651.403933","651.403945993","651.403998849","5811719","-9999","286061.5","29.94","-1","-0.081141584","0.332935354","0.671291845","0.468277951","6","0.081081081","1.756756757","S2 P1 O3","de-protonated","0","-9999","C37 H65 O3 P1 S2","37","65","3","-9999","1","2","-9999","-9999","-9999"
"4510","651.403933","651.403945993","651.403708335","5811719","-9999","286061.5","29.94","-1","0.364839952","0.650758018","0.86477335","0.736364151","21","0.043478261","1.152173913","13C1 N1 O2","de-protonated","1","4496","C45 H53 O2 N1 13C1","45","53","2","1","-9999","-9999","1","-9999","-9999"
"4510","651.403933","651.403945993","651.404466879","5811719","-9999","286061.5","29.94","-1","-0.799636215","0.445228008","0.714192896","0.552813963","12","0.108108108","1.540540541","N4 P1 O4","de-protonated","0","-9999","C37 H57 O4 N4 P1","37","57","4","4","1","-9999","-9999","-9999","-9999"
"4512","652.379683","652.379695615","652.379618055","1886223.5","-9999","278772.5","8.57","-1","0.118889131","0.498719288","0.672627142","0.56828243","21","0.066666667","1.133333333","N1 O3","de-protonated","0","-9999","C45 H51 O3 N1","45","51","3","1","-9999","-9999","-9999","-9999","-9999"
"4514","653.07504","653.075052347","653.075540743","2755314.5","-9999","191773.2","13.29","-1","-0.747841329","0.451750438","0.719752637","0.558951318","29","0.25","0.527777778","N2 P1 O9","de-protonated","0","-9999","C36 H19 O9 N2 P1","36","19","9","2","1","-9999","-9999","-9999","-9999"
"4514","653.07504","653.075052347","653.075269417","2755314.5","-9999","191773.2","13.29","-1","-0.332382392","0.490076745","0.780512821","0.606251175","15","0.538461538","1","N2 S2 O14","de-protonated","0","-9999","C26 H26 O14 N2 S2","26","26","14","2","-9999","2","-9999","-9999","-9999"
"4514","653.07504","653.075052347","653.074400037","2755314.5","-9999","191773.2","13.29","-1","0.998828234","0.417207789","0.787157861","0.565187818","16","0.76","0.88","N2 O19","de-protonated","0","-9999","C25 H22 O19 N2","25","22","19","2","-9999","-9999","-9999","-9999","-9999"
"4514","653.07504","653.075052347","653.074756353","2755314.5","-9999","191773.2","13.29","-1","0.453230701","0.481706622","0.703327172","0.570354842","33","0.076923077","0.461538462","N4 S2 O3","de-protonated","0","-9999","C39 H18 O3 N4 S2","39","18","3","4","-9999","2","-9999","-9999","-9999"
"4514","653.07504","653.075052347","653.074889295","2755314.5","-9999","191773.2","13.29","-1","0.249667844","0.494376647","0.767553728","0.603647479","20","0.392857143","0.821428571","N4 S1 P1 O11","de-protonated","0","-9999","C28 H23 O11 N4 P1 S1","28","23","11","4","1","1","-9999","-9999","-9999"
"4515","653.111822","653.111834332","653.112306375","3703065.5","-9999","248898.4","18.45","-1","-0.722759264","0.454784082","0.725399619","0.563030297","23","0.314285714","0.742857143","S1 O11","de-protonated","0","-9999","C35 H26 O11 S1","35","26","11","-9999","-9999","1","-9999","-9999","-9999"
"4515","653.111822","653.111834332","653.112439317","3703065.5","-9999","248898.4","18.45","-1","-0.926310178","0.42791131","0.793917021","0.574313594","10","0.791666667","1.291666667","P1 O19","de-protonated","0","-9999","C24 H31 O19 P1","24","31","19","-9999","1","-9999","-9999","-9999","-9999"
"4515","653.111822","653.111834332","653.111926253","3703065.5","-9999","248898.4","18.45","-1","-0.140742262","0.977584736","0.981566214","0.979177327","28","0.216216216","0.621621622","N2 P1 O8","de-protonated","0","-9999","C37 H23 O8 N2 P1","37","23","8","2","1","-9999","-9999","-9999","-9999"
"4515","653.111822","653.111834332","653.111654927","3703065.5","-9999","248898.4","18.45","-1","0.274693782","0.992793957","0.921780077","0.964388405","14","0.481481481","1.111111111","N2 S2 O13","de-protonated","0","-9999","C27 H30 O13 N2 S2","27","30","13","2","-9999","2","-9999","-9999","-9999"
"4515","653.111822","653.111834332","653.111274804","3703065.5","-9999","248898.4","18.45","-1","0.856711945","0.914239987","0.934524884","0.922353946","19","0.344827586","0.931034483","N4 S1 P1 O10","de-protonated","0","-9999","C29 H27 O10 N4 P1 S1","29","27","10","4","1","1","-9999","-9999","-9999"
"4516","653.127279","653.127291326","653.127562517","1686314.1","-9999","277680.2","7.48","-1","-0.415217869","0.484600712","0.703327172","0.572091296","27","0.205128205","0.666666667","S1 O8","de-protonated","0","-9999","C39 H26 O8 S1","39","26","8","-9999","-9999","1","-9999","-9999","-9999"
"4516","653.127279","653.127291326","653.127695458","1686314.1","-9999","277680.2","7.48","-1","-0.618764091","0.466443557","0.767553728","0.586887626","14","0.571428571","1.107142857","P1 O16","de-protonated","0","-9999","C28 H31 O16 P1","28","31","16","-9999","1","-9999","-9999","-9999","-9999"
"4516","653.127279","653.127291326","653.127182394","1686314.1","-9999","277680.2","7.48","-1","0.166785717","0.497482636","0.692787115","0.575604428","32","0.12195122","0.56097561","N2 P1 O5","de-protonated","0","-9999","C41 H23 O5 N2 P1","41","23","5","2","1","-9999","-9999","-9999","-9999"
"4516","653.127279","653.127291326","653.126911068","1686314.1","-9999","277680.2","7.48","-1","0.582212184","0.470173724","0.748902347","0.581665173","18","0.322580645","0.967741935","N2 S2 O10","de-protonated","0","-9999","C31 H30 O10 N2 S2","31","30","10","2","-9999","2","-9999","-9999","-9999"
"4516","653.127279","653.127291326","653.12704401","1686314.1","-9999","277680.2","7.48","-1","0.378665556","0.974318046","0","0.584590828","5","0.9","1.75","N2 S1 P1 O18","de-protonated","0","-9999","C20 H35 O18 N2 P1 S1","20","35","18","2","1","1","-9999","-9999","-9999"
"4517","653.147987","653.147999318","653.148311762","2675520.3","-9999","239951.7","12.86","-1","-0.478365748","0.479664311","0.70871839","0.571285943","27","0.184210526","0.710526316","N2 P1 O7","de-protonated","0","-9999","C38 H27 O7 N2 P1","38","27","7","2","1","-9999","-9999","-9999","-9999"
"4517","653.147987","653.147999318","653.148040436","2675520.3","-9999","239951.7","12.86","-1","-0.062952988","0.499640582","0.767553728","0.60680584","13","0.428571429","1.214285714","N2 S2 O12","de-protonated","0","-9999","C28 H34 O12 N2 S2","28","34","12","2","-9999","2","-9999","-9999","-9999"
"4517","653.147987","653.147999318","653.147527372","2675520.3","-9999","239951.7","12.86","-1","0.722572788","0.454806323","0.692787115","0.54999864","31","0.024390244","0.634146341","N4 S2 O1","de-protonated","0","-9999","C41 H26 O1 N4 S2","41","26","1","4","-9999","2","-9999","-9999","-9999"
"4517","653.147987","653.147999318","653.147660313","2675520.3","-9999","239951.7","12.86","-1","0.519032556","0.476147065","0.755017935","0.58769541300000006","18","0.3","1.033333333","N4 S1 P1 O9","de-protonated","0","-9999","C30 H31 O9 N4 P1 S1","30","31","9","4","1","1","-9999","-9999","-9999"
"4518","653.184704","653.184716304","653.185077394","2102631.3","-9999","296356.9","9.74","-1","-0.552813984","0.47302904","0.714192896","0.569494582","21","0.243243243","0.918918919","S1 O9","de-protonated","0","-9999","C37 H34 O9 S1","37","34","9","-9999","-9999","1","-9999","-9999","-9999"
"4518","653.184704","653.184716304","653.185210336","2102631.3","-9999","296356.9","9.74","-1","-0.756342255","0.450703512","0.780512821","0.582627236","8","0.653846154","1.5","P1 O17","de-protonated","0","-9999","C26 H39 O17 P1","26","39","17","-9999","1","-9999","-9999","-9999","-9999"
"4518","653.184704","653.184716304","653.184697272","2102631.3","-9999","296356.9","9.74","-1","0.029138275","0.499922977","0.703327172","0.581284655","26","0.153846154","0.794871795","N2 P1 O6","de-protonated","0","-9999","C39 H31 O6 N2 P1","39","31","6","2","1","-9999","-9999","-9999","-9999"
"4518","653.184704","653.184716304","653.184425945","2102631.3","-9999","296356.9","9.74","-1","0.444528105","0.482389987","0.761234226","0.593927682","12","0.379310345","1.310344828","N2 S2 O11","de-protonated","0","-9999","C29 H38 O11 N2 S2","29","38","11","2","-9999","2","-9999","-9999","-9999"
"4519","653.221291","653.22130329","653.221462903","1701262.4","-9999","338217.1","7.56","-1","-0.244347971","0.494612454","0.70871839","0.580254829","20","0.210526316","1","S1 O8","de-protonated","0","-9999","C38 H38 O8 S1","38","38","8","-9999","-9999","1","-9999","-9999","-9999"
"4519","653.221291","653.22130329","653.221595845","1701262.4","-9999","338217.1","7.56","-1","-0.447864968","0.482129414","0.773979033","0.598869261","7","0.592592593","1.592592593","P1 O16","de-protonated","0","-9999","C27 H43 O16 P1","27","43","16","-9999","1","-9999","-9999","-9999","-9999"
"4519","653.221291","653.22130329","653.221082781","1701262.4","-9999","338217.1","7.56","-1","0.337572052","0.489767669","0.698017357","0.573067544","25","0.125","0.875","N2 P1 O5","de-protonated","0","-9999","C40 H35 O5 N2 P1","40","35","5","2","1","-9999","-9999","-9999","-9999"
"4519","653.221291","653.22130329","653.220811455","1701262.4","-9999","338217.1","7.56","-1","0.752938872","0.451123782","0.755017935","0.572681443","11","0.333333333","1.4","N2 S2 O10","de-protonated","0","-9999","C30 H42 O10 N2 S2","30","42","10","2","-9999","2","-9999","-9999","-9999"
"4520","653.313306","653.313318254","653.312861367","2020336.6","-9999","279467.5","9.29","-1","0.699339943","0.457540697","0.692787115","0.551639264","17","0.073170732","1.219512195","S2 O3","de-protonated","0","-9999","C41 H50 O3 S2","41","50","3","-9999","-9999","2","-9999","-9999","-9999"
"4520","653.313306","653.313318254","653.312994308","2020336.6","-9999","279467.5","9.29","-1","0.495851227","0.478183999","0.755017935","0.588917573","4","0.366666667","1.833333333","S1 P1 O11","de-protonated","0","-9999","C30 H55 O11 P1 S1","30","55","11","-9999","1","1","-9999","-9999","-9999"
"4520","653.313306","653.313318254","653.313842462","2020336.6","-9999","279467.5","9.29","-1","-0.802381775","0.444872818","0.767553728","0.573945182","5","0.535714286","1.785714286","N2 O15","de-protonated","0","-9999","C28 H50 O15 N2","28","50","15","2","-9999","-9999","-9999","-9999","-9999"
"4520","653.313306","653.313318254","653.313329397","2020336.6","-9999","279467.5","9.29","-1","-0.017055936","0.499973609","0.692787115","0.577099011","23","0.097560976","1.024390244","N4 O4","de-protonated","0","-9999","C41 H42 O4 N4","41","42","4","4","-9999","-9999","-9999","-9999","-9999"
"4521","654.114954","654.114965945","654.11456928","1619273","-9999","338431","7.1","-1","0.606414001","0.467725943","0.70871839","0.564122922","27","0.157894737","0.684210526","N1 S1 P1 O6","de-protonated","0","-9999","C38 H26 O6 N1 P1 S1","38","26","6","1","1","1","-9999","-9999","-9999"
"4521","654.114954","654.114965945","654.115281088","1619273","-9999","338431","7.1","-1","-0.48178559","0.958757226","0.981566214","0.967880821","28","0.216216216","0.621621622","13C1 N2 P1 O8","de-protonated","1","4515","C36 H23 O8 N2 P1 13C1","36","23","8","2","1","-9999","1","-9999","-9999"
"4521","654.114954","654.114965945","654.115009762","1619273","-9999","338431","7.1","-1","-0.066986931","0.999186126","0.921780077","0.968223707","14","0.481481481","1.111111111","13C1 N2 S2 O13","de-protonated","1","4515","C26 H30 O13 N2 S2 13C1","26","30","13","2","-9999","2","1","-9999","-9999"
"4521","654.114954","654.114965945","654.115417433","1619273","-9999","338431","7.1","-1","-0.690228245","0.458593051","0.719752637","0.563056885","28","0.277777778","0.583333333","N3 O10","de-protonated","0","-9999","C36 H21 O10 N3","36","21","10","3","-9999","-9999","-9999","-9999","-9999"
"4521","654.114954","654.114965945","654.114629639","1619273","-9999","338431","7.1","-1","0.514138269","0.95316828","0.934524884","0.945710922","19","0.344827586","0.931034483","13C1 N4 S1 P1 O10","de-protonated","1","4515","C28 H27 O10 N4 P1 S1 13C1","28","27","10","4","1","1","1","-9999","-9999"
"4522","655.070138","655.070149575","655.070441562","1610058.8","-9999","278566.4","7.05","-1","-0.445733862","0.482296039","0.714192896","0.575054782","28","0.27027027","0.540540541","S1 O10","de-protonated","0","-9999","C37 H20 O10 S1","37","20","10","-9999","-9999","1","-9999","-9999","-9999"
"4522","655.070138","655.070149575","655.070574504","1610058.8","-9999","278566.4","7.05","-1","-0.648676379","0.926491722","0","0.555895033","15","0.692307692","0.961538462","P1 O18","de-protonated","0","-9999","C26 H25 O18 P1","26","25","18","-9999","1","-9999","-9999","-9999","-9999"
"4522","655.070138","655.070149575","655.07006144","1610058.8","-9999","278566.4","7.05","-1","0.134543535","0.498360405","0.703327172","0.580347112","33","0.179487179","0.435897436","N2 P1 O7","de-protonated","0","-9999","C39 H17 O7 N2 P1","39","17","7","2","1","-9999","-9999","-9999","-9999"
"4522","655.070138","655.070149575","655.06979011400006","1610058.8","-9999","278566.4","7.05","-1","0.548737871","0.47341458","0.761234226","0.588542438","19","0.413793103","0.827586207","N2 S2 O12","de-protonated","0","-9999","C29 H24 O12 N2 S2","29","24","12","2","-9999","2","-9999","-9999","-9999"
"4523","655.09122","655.091231567","655.09157093","3342689.3","-9999","231314.6","16.48","-1","-0.518039467","0.476236053","0.73113591","0.578195996","23","0.352941176","0.705882353","S1 O12","de-protonated","0","-9999","C34 H24 O12 S1","34","24","12","-9999","-9999","1","-9999","-9999","-9999"
"4523","655.09122","655.091231567","655.091703872","3342689.3","-9999","231314.6","16.48","-1","-0.720975423","0.454996653","0.800793265","0.593315298","10","0.869565217","1.260869565","P1 O20","de-protonated","0","-9999","C23 H29 O20 P1","23","29","20","-9999","1","-9999","-9999","-9999","-9999"
"4523","655.09122","655.091231567","655.091190808","3342689.3","-9999","231314.6","16.48","-1","0.062219172","0.499648909","0.719752637","0.5876904","28","0.25","0.583333333","N2 P1 O9","de-protonated","0","-9999","C36 H21 O9 N2 P1","36","21","9","2","1","-9999","-9999","-9999","-9999"
"4523","655.09122","655.091231567","655.090919482","3342689.3","-9999","231314.6","16.48","-1","0.476400119","0.479827678","0.780512821","0.600101735","14","0.538461538","1.076923077","N2 S2 O14","de-protonated","0","-9999","C26 H28 O14 N2 S2","26","28","14","2","-9999","2","-9999","-9999","-9999"
"4524","655.106384","655.106395561","655.106827072","3162481.8","-9999","306718.9","15.5","-1","-0.658687137","0.462147075","0.70871839","0.560775601","27","0.236842105","0.631578947","S1 O9","de-protonated","0","-9999","C38 H24 O9 S1","38","24","9","-9999","-9999","1","-9999","-9999","-9999"
"4524","655.106384","655.106395561","655.106960013","3162481.8","-9999","306718.9","15.5","-1","-0.861618339","0.436986851","0.773979033","0.571783724","14","0.62962963","1.074074074","P1 O17","de-protonated","0","-9999","C27 H29 O17 P1","27","29","17","-9999","1","-9999","-9999","-9999","-9999"
"4524","655.106384","655.106395561","655.106446949","3162481.8","-9999","306718.9","15.5","-1","-0.078442092","0.49944207","0.698017357","0.578872185","32","0.15","0.525","N2 P1 O6","de-protonated","0","-9999","C40 H21 O6 N2 P1","40","21","6","2","1","-9999","-9999","-9999","-9999"
"4524","655.106384","655.106395561","655.106175623","3162481.8","-9999","306718.9","15.5","-1","0.33572915","0.489877951","0.755017935","0.595933944","18","0.366666667","0.933333333","N2 S2 O11","de-protonated","0","-9999","C30 H28 O11 N2 S2","30","28","11","2","-9999","2","-9999","-9999","-9999"
"4524","655.106384","655.106395561","655.105795501","3162481.8","-9999","306718.9","15.5","-1","0.915975349","0.429392184","0.742885034","0.554789324","23","0.25","0.78125","N4 S1 P1 O8","de-protonated","0","-9999","C32 H25 O8 N4 P1 S1","32","25","8","4","1","1","-9999","-9999","-9999"
"4525","655.127608","655.127619553","655.12795644","2938248.8","-9999","299208","14.28","-1","-0.514230391","0.476575948","0.725399619","0.576105416","22","0.314285714","0.8","S1 O11","de-protonated","0","-9999","C35 H28 O11 S1","35","28","11","-9999","-9999","1","-9999","-9999","-9999"
"4525","655.127608","655.127619553","655.128089382","2938248.8","-9999","299208","14.28","-1","-0.717155077","0.455450468","0.793917021","0.59083709","9","0.791666667","1.375","P1 O19","de-protonated","0","-9999","C24 H33 O19 P1","24","33","19","-9999","1","-9999","-9999","-9999","-9999"
"4525","655.127608","655.127619553","655.127576317","2938248.8","-9999","299208","14.28","-1","0.065996023","0.499605008","0.714192896","0.585440164","27","0.216216216","0.675675676","N2 P1 O8","de-protonated","0","-9999","C37 H25 O8 N2 P1","37","25","8","2","1","-9999","-9999","-9999","-9999"
"4525","655.127608","655.127619553","655.127304991","2938248.8","-9999","299208","14.28","-1","0.480153968","0.479515154","0.773979033","0.597300705","13","0.481481481","1.185185185","N2 S2 O13","de-protonated","0","-9999","C27 H32 O13 N2 S2","27","32","13","2","-9999","2","-9999","-9999","-9999"
"4526","655.143004","655.143015547","655.143212581","1758617.1","-9999","252929.4","7.86","-1","-0.300749429","0.491860935","0.703327172","0.57644743","26","0.205128205","0.717948718","S1 O8","de-protonated","0","-9999","C39 H28 O8 S1","39","28","8","-9999","-9999","1","-9999","-9999","-9999"
"4526","655.143004","655.143015547","655.143345523","1758617.1","-9999","252929.4","7.86","-1","-0.503669433","0.477506451","0.767553728","0.593525362","13","0.571428571","1.178571429","P1 O16","de-protonated","0","-9999","C28 H33 O16 P1","28","33","16","-9999","1","-9999","-9999","-9999","-9999"
"4526","655.143004","655.143015547","655.142832459","1758617.1","-9999","252929.4","7.86","-1","0.279463598","0.492964407","0.692787115","0.57289349","31","0.12195122","0.609756098","N2 P1 O5","de-protonated","0","-9999","C41 H25 O5 N2 P1","41","25","5","2","1","-9999","-9999","-9999","-9999"
"4526","655.143004","655.143015547","655.142561132","1758617.1","-9999","252929.4","7.86","-1","0.693611986","0.458203575","0.748902347","0.574483084","17","0.322580645","1.032258065","N2 S2 O10","de-protonated","0","-9999","C31 H32 O10 N2 S2","31","32","10","2","-9999","2","-9999","-9999","-9999"
"4526","655.143004","655.143015547","655.142694074","1758617.1","-9999","252929.4","7.86","-1","0.490691579","0.957251719","0","0.574351032","4","0.9","1.85","N2 S1 P1 O18","de-protonated","0","-9999","C20 H37 O18 N2 P1 S1","20","37","18","2","1","1","-9999","-9999","-9999"
"4527","655.1639","655.163911539","655.164341949","2486703.8","-9999","282232.9","11.82","-1","-0.656949803","0.462338784","0.719752637","0.565304326","21","0.277777778","0.888888889","S1 O10","de-protonated","0","-9999","C36 H32 O10 S1","36","32","10","-9999","-9999","1","-9999","-9999","-9999"
"4527","655.1639","655.163911539","655.164474891","2486703.8","-9999","282232.9","11.82","-1","-0.85986319","0.43722649","0.787157861","0.577199038","8","0.72","1.48","P1 O18","de-protonated","0","-9999","C25 H37 O18 P1","25","37","18","-9999","1","-9999","-9999","-9999","-9999"
"4527","655.1639","655.163911539","655.163961827","2486703.8","-9999","282232.9","11.82","-1","-0.076755695","0.499465789","0.70871839","0.583166829","26","0.184210526","0.763157895","N2 P1 O7","de-protonated","0","-9999","C38 H29 O7 N2 P1","38","29","7","2","1","-9999","-9999","-9999","-9999"
"4527","655.1639","655.163911539","655.1636905","2486703.8","-9999","282232.9","11.82","-1","0.337379189","0.489779237","0.767553728","0.600889033","12","0.428571429","1.285714286","N2 S2 O12","de-protonated","0","-9999","C28 H36 O12 N2 S2","28","36","12","2","-9999","2","-9999","-9999","-9999"
"4527","655.1639","655.163911539","655.163310378","2486703.8","-9999","282232.9","11.82","-1","0.917574451","0.429163803","0.755017935","0.559505455","17","0.3","1.1","N4 S1 P1 O9","de-protonated","0","-9999","C30 H33 O9 N4 P1 S1","30","33","9","4","1","1","-9999","-9999","-9999"
"4528","655.179386","655.179397533","655.17959809","1842112.5","-9999","298905.9","8.31","-1","-0.306110512","0.491570661","0.698017357","0.574149339","25","0.175","0.8","S1 O7","de-protonated","0","-9999","C40 H32 O7 S1","40","32","7","-9999","-9999","1","-9999","-9999","-9999"
"4528","655.179386","655.179397533","655.179731032","1842112.5","-9999","298905.9","8.31","-1","-0.509019245","0.477037277","0.761234226","0.590716056","12","0.517241379","1.275862069","P1 O15","de-protonated","0","-9999","C29 H37 O15 P1","29","37","15","-9999","1","-9999","-9999","-9999","-9999"
"4528","655.179386","655.179397533","655.179217968","1842112.5","-9999","298905.9","8.31","-1","0.27407029","0.493231514","0.68763467","0.570992777","30","0.095238095","0.69047619","N2 P1 O4","de-protonated","0","-9999","C42 H29 O4 N2 P1","42","29","4","2","1","-9999","-9999","-9999","-9999"
"4528","655.179386","655.179397533","655.178946642","1842112.5","-9999","298905.9","8.31","-1","0.688195676","0.458826246","0.742885034","0.572449761","16","0.28125","1.125","N2 S2 O9","de-protonated","0","-9999","C32 H36 O9 N2 S2","32","36","9","2","-9999","2","-9999","-9999","-9999"
"4528","655.179386","655.179397533","655.179079583","1842112.5","-9999","298905.9","8.31","-1","0.485286539","0.958168418","0","0.574901051","3","0.80952381","1.952380952","N2 S1 P1 O17","de-protonated","0","-9999","C21 H41 O17 N2 P1 S1","21","41","17","2","1","1","-9999","-9999","-9999"
"4529","655.215599","655.215610519","655.2159836","1616359.5","-9999","286366.2","7.08","-1","-0.569401115","0.471434058","0.692787115","0.55997528","24","0.146341463","0.87804878","S1 O6","de-protonated","0","-9999","C41 H36 O6 S1","41","36","6","-9999","-9999","1","-9999","-9999","-9999"
"4529","655.215599","655.215610519","655.216116542","1616359.5","-9999","286366.2","7.08","-1","-0.772298527","0.448713201","0.755017935","0.571235095","11","0.466666667","1.366666667","P1 O14","de-protonated","0","-9999","C30 H41 O14 P1","30","41","14","-9999","1","-9999","-9999","-9999","-9999"
"4529","655.215599","655.215610519","655.215603477","1616359.5","-9999","286366.2","7.08","-1","0.010747315","0.499989521","0.6825583","0.573017033","29","0.069767442","0.76744186","N2 P1 O3","de-protonated","0","-9999","C43 H33 O3 N2 P1","43","33","3","2","1","-9999","-9999","-9999","-9999"
"4529","655.215599","655.215610519","655.215332151","1616359.5","-9999","286366.2","7.08","-1","0.424849595","0.483889765","0.736963647","0.585119318","15","0.242424242","1.212121212","N2 S2 O8","de-protonated","0","-9999","C33 H40 O8 N2 S2","33","40","8","2","-9999","2","-9999","-9999","-9999"
"4529","655.215599","655.215610519","655.215465093","1616359.5","-9999","286366.2","7.08","-1","0.221951779","0.991101198","0","0.594660719","2","0.727272727","2.045454545","N2 S1 P1 O16","de-protonated","0","-9999","C22 H45 O16 N2 P1 S1","22","45","16","2","1","1","-9999","-9999","-9999"
"4530","655.262915","655.262926501","655.263222376","2051610.4","-9999","275030.9","9.45","-1","-0.451536288","0.481840636","0.6825583","0.562127702","28","0.023255814","0.860465116","N4 P1 O1","de-protonated","0","-9999","C43 H37 O1 N4 P1","43","37","1","4","1","-9999","-9999","-9999","-9999"
"4530","655.262915","655.262926501","655.26295105","2051610.4","-9999","275030.9","9.45","-1","-0.037464293","0.499872678","0.736963647","0.594709066","14","0.181818182","1.333333333","N4 S2 O6","de-protonated","0","-9999","C33 H44 O6 N4 S2","33","44","6","4","-9999","2","-9999","-9999","-9999"
"4530","655.262915","655.262926501","655.263083991","2051610.4","-9999","275030.9","9.45","-1","-0.24034727","0.494786515","0.807789663","0.619987774","1","0.636363636","2.227272727","N4 S1 P1 O14","de-protonated","0","-9999","C22 H49 O14 N4 P1 S1","22","49","14","4","1","1","-9999","-9999","-9999"
"4531","655.270447","655.270458498","655.270996554","7353890.5","-9999","268025.7","38.3","-1","-0.821119625","0.448517569","0.84893674","0.608685238","22","0.046511628","1.023255814","S2 O2","de-protonated","0","-9999","C43 H44 O2 S2","43","44","2","-9999","-9999","2","-9999","-9999","-9999"
"4531","655.270447","655.270458498","655.270127174","7353890.5","-9999","268025.7","38.3","-1","0.505629635","0.96320206","0.910435026","0.942095247","23","0.166666667","0.952380952","O7","de-protonated","0","-9999","C42 H40 O7","42","40","7","-9999","-9999","-9999","-9999","-9999","-9999"
"4531","655.270447","655.270458498","655.270478047","7353890.5","-9999","268025.7","38.3","-1","-0.029833367","0.666350524","0.933670063","0.77327834","0","0.5","2.208333333","N2 S2 P1 O12","de-protonated","0","-9999","C24 H53 O12 N2 P1 S2","24","53","12","2","1","2","-9999","-9999","-9999"
"4531","655.270447","655.270458498","655.269964983","7353890.5","-9999","268025.7","38.3","-1","0.753148094","0.693982964","0.895362818","0.774534906","18","0.027027027","1.216216216","N4 S2 P1 O1","de-protonated","0","-9999","C37 H45 O1 N4 P1 S2","37","45","1","4","1","2","-9999","-9999","-9999"
"4532","655.273992","655.274003496","655.273498477","1679910.1","-9999","472800.6","7.43","-1","0.770700029","0.448914063","0.703327172","0.550679307","18","0.179487179","1.128205128","S1 O7","de-protonated","0","-9999","C39 H44 O7 S1","39","44","7","-9999","-9999","1","-9999","-9999","-9999"
"4532","655.273992","655.274003496","655.274500799","1679910.1","-9999","472800.6","7.43","-1","-0.758922093","0.450383938","0.761234226","0.574724053","4","0.344827586","1.827586207","S2 P1 O10","de-protonated","0","-9999","C29 H53 O10 P1 S2","29","53","10","-9999","1","2","-9999","-9999","-9999"
"4532","655.273992","655.274003496","655.273631419","1679910.1","-9999","472800.6","7.43","-1","0.567820154","0.471587877","0.767553728","0.589974217","5","0.535714286","1.75","P1 O15","de-protonated","0","-9999","C28 H49 O15 P1","28","49","15","-9999","1","-9999","-9999","-9999","-9999"
"4533","656.273865","656.27387611","656.274351389","2407007","-9999","331090.6","11.38","-1","-0.72420757","0.454611182","0.84893674","0.612341405","22","0.046511628","1.023255814","13C1 S2 O2","de-protonated","1","4531","C42 H44 O2 S2 13C1","42","44","2","-9999","-9999","2","1","-9999","-9999"
"4533","656.273865","656.27387611","656.273482009","2407007","-9999","331090.6","11.38","-1","0.600513395","0.957199171","0.910435026","0.938493513","23","0.166666667","0.952380952","13C1 O7","de-protonated","1","4531","C41 H40 O7 13C1","41","40","7","-9999","-9999","-9999","1","-9999","-9999"
"4533","656.273865","656.27387611","656.273832882","2407007","-9999","331090.6","11.38","-1","0.065868994","0.666142036","0.933670063","0.773153247","0","0.5","2.208333333","13C1 N2 S2 P1 O12","de-protonated","1","4531","C23 H53 O12 N2 P1 S2 13C1","23","53","12","2","1","2","1","-9999","-9999"
"4533","656.273865","656.27387611","656.274107612","2407007","-9999","331090.6","11.38","-1","-0.352751922","0.488837306","0.677556332","0.564324917","27","0.022727273","0.886363636","N3 S1 O1","de-protonated","0","-9999","C44 H39 O1 N3 S1","44","39","1","3","-9999","1","-9999","-9999","-9999"
"4533","656.273865","656.27387611","656.274240554","2407007","-9999","331090.6","11.38","-1","-0.555322243","0.472790534","0.736963647","0.57845978","14","0.272727273","1.333333333","N3 P1 O9","de-protonated","0","-9999","C33 H44 O9 N3 P1","33","44","9","3","1","-9999","-9999","-9999","-9999"
"4533","656.273865","656.27387611","656.273969227","2407007","-9999","331090.6","11.38","-1","-0.141888186","0.938247811","0.773888681","0.872504159","0","0.608695652","2.217391304","N3 S2 O14","de-protonated","0","-9999","C23 H51 O14 N3 S2","23","51","14","3","-9999","2","-9999","-9999","-9999"
"4533","656.273865","656.27387611","656.273319818","2407007","-9999","331090.6","11.38","-1","0.847653455","0.687875773","0.895362818","0.770870591","18","0.027027027","1.216216216","13C1 N4 S2 P1 O1","de-protonated","1","4531","C36 H45 O1 N4 P1 S2 13C1","36","45","1","4","1","2","1","-9999","-9999"
"4534","657.085923","657.085933796","657.086091627","2600401","-9999","328512.6","12.43","-1","-0.240198074","0.494792952","0.714192896","0.58255293","27","0.27027027","0.594594595","S1 O10","de-protonated","0","-9999","C37 H22 O10 S1","37","22","10","-9999","-9999","1","-9999","-9999","-9999"
"4534","657.085923","657.085933796","657.086224569","2600401","-9999","328512.6","12.43","-1","-0.442518094","0.482546074","0.780512821","0.601732772","14","0.692307692","1.038461538","P1 O18","de-protonated","0","-9999","C26 H27 O18 P1","26","27","18","-9999","1","-9999","-9999","-9999","-9999"
"4534","657.085923","657.085933796","657.086580884","2600401","-9999","328512.6","12.43","-1","-0.984783714","0.419322096","0.698017357","0.53080020000000006","31","0.05","0.575","N2 S2 P1 O2","de-protonated","0","-9999","C40 H23 O2 N2 P1 S2","40","23","2","2","1","2","-9999","-9999","-9999"
"4534","657.085923","657.085933796","657.085711504","2600401","-9999","328512.6","12.43","-1","0.338299407","0.489723984","0.703327172","0.575165259","32","0.179487179","0.487179487","N2 P1 O7","de-protonated","0","-9999","C39 H19 O7 N2 P1","39","19","7","2","1","-9999","-9999","-9999","-9999"
"4534","657.085923","657.085933796","657.085440178","2600401","-9999","328512.6","12.43","-1","0.75122326","0.451335065","0.761234226","0.57529473","18","0.413793103","0.896551724","N2 S2 O12","de-protonated","0","-9999","C29 H26 O12 N2 S2","29","26","12","2","-9999","2","-9999","-9999","-9999"
"4535","657.107","657.107010788","657.107220995","2523624","-9999","288374.5","12.01","-1","-0.319897598","0.490801438","0.73113591","0.586935227","22","0.352941176","0.764705882","S1 O12","de-protonated","0","-9999","C34 H26 O12 S1","34","26","12","-9999","-9999","1","-9999","-9999","-9999"
"4535","657.107","657.107010788","657.107353937","2523624","-9999","288374.5","12.01","-1","-0.522211096","0.475861211","0.800793265","0.605834033","9","0.869565217","1.347826087","P1 O20","de-protonated","0","-9999","C23 H31 O20 P1","23","31","20","-9999","1","-9999","-9999","-9999","-9999"
"4535","657.107","657.107010788","657.106707931","2523624","-9999","288374.5","12.01","-1","0.460895049","0.481094635","0.662980834","0.553849115","40","0.021276596","0.382978723","N2 S1 O1","de-protonated","0","-9999","C47 H18 O1 N2 S1","47","18","1","2","-9999","1","-9999","-9999","-9999"
"4535","657.107","657.107010788","657.106840872","2523624","-9999","288374.5","12.01","-1","0.258581235","0.493970435","0.719752637","0.584283316","27","0.25","0.638888889","N2 P1 O9","de-protonated","0","-9999","C36 H23 O9 N2 P1","36","23","9","2","1","-9999","-9999","-9999","-9999"
"4535","657.107","657.107010788","657.106569546","2523624","-9999","288374.5","12.01","-1","0.671491777","0.460721006","0.780512821","0.588637732","13","0.538461538","1.153846154","N2 S2 O14","de-protonated","0","-9999","C26 H30 O14 N2 S2","26","30","14","2","-9999","2","-9999","-9999","-9999"
"4536","657.122082","657.122092782","657.122477136","2683384.3","-9999","326761.9","12.88","-1","-0.584904878","0.46990569","0.70871839","0.56543077","26","0.236842105","0.684210526","S1 O9","de-protonated","0","-9999","C38 H26 O9 S1","38","26","9","-9999","-9999","1","-9999","-9999","-9999"
"4536","657.122082","657.122092782","657.122610078","2683384.3","-9999","326761.9","12.88","-1","-0.787213626","0.446823377","0.773979033","0.57768564","13","0.62962963","1.148148148","P1 O17","de-protonated","0","-9999","C27 H31 O17 P1","27","31","17","-9999","1","-9999","-9999","-9999","-9999"
"4536","657.122082","657.122092782","657.122097014","2683384.3","-9999","326761.9","12.88","-1","-0.006439628","0.499996238","0.698017357","0.579204685","31","0.15","0.575","N2 P1 O6","de-protonated","0","-9999","C40 H23 O6 N2 P1","40","23","6","2","1","-9999","-9999","-9999","-9999"
"4536","657.122082","657.122092782","657.121825688","2683384.3","-9999","326761.9","12.88","-1","0.406461218","0.485233797","0.755017935","0.593147452","17","0.366666667","1","N2 S2 O11","de-protonated","0","-9999","C30 H30 O11 N2 S2","30","30","11","2","-9999","2","-9999","-9999","-9999"
"4536","657.122082","657.122092782","657.121445565","2683384.3","-9999","326761.9","12.88","-1","0.984927614","0.419300531","0.742885034","0.548734332","22","0.25","0.84375","N4 S1 P1 O8","de-protonated","0","-9999","C32 H27 O8 N4 P1 S1","32","27","8","4","1","1","-9999","-9999","-9999"
"4537","657.143829","657.143839774","657.143606504","1621520","-9999","275063.9","7.1","-1","0.354974755","0.488697789","0.725399619","0.583378521","21","0.314285714","0.857142857","S1 O11","de-protonated","0","-9999","C35 H30 O11 S1","35","30","11","-9999","-9999","1","-9999","-9999","-9999"
"4537","657.143829","657.143839774","657.143739446","1621520","-9999","275063.9","7.1","-1","0.152672322","0.995779573","0","0.597467744","8","0.791666667","1.458333333","P1 O19","de-protonated","0","-9999","C24 H35 O19 P1","24","35","19","-9999","1","-9999","-9999","-9999","-9999"
"4537","657.143829","657.143839774","657.144095762","1621520","-9999","275063.9","7.1","-1","-0.38954616","0.486420729","0.70871839","0.575339793","25","0.078947368","0.815789474","N2 S2 P1 O3","de-protonated","0","-9999","C38 H31 O3 N2 P1 S2","38","31","3","2","1","2","-9999","-9999","-9999"
"4537","657.143829","657.143839774","657.143226382","1621520","-9999","275063.9","7.1","-1","0.933421948","0.426885623","0.714192896","0.541808532","26","0.216216216","0.72972973","N2 P1 O8","de-protonated","0","-9999","C37 H27 O8 N2 P1","37","27","8","2","1","-9999","-9999","-9999","-9999"
"4538","657.158842","657.158852768","657.158862646","2033184.4","-9999","330846","9.34","-1","-0.015030921","0.499979503","0.703327172","0.581318571","25","0.205128205","0.769230769","S1 O8","de-protonated","0","-9999","C39 H30 O8 S1","39","30","8","-9999","-9999","1","-9999","-9999","-9999"
"4538","657.158842","657.158852768","657.158995587","2033184.4","-9999","330846","9.34","-1","-0.217328583","0.495733243","0.767553728","0.604461437","12","0.571428571","1.25","P1 O16","de-protonated","0","-9999","C28 H35 O16 P1","28","35","16","-9999","1","-9999","-9999","-9999","-9999"
"4538","657.158842","657.158852768","657.158482523","2033184.4","-9999","330846","9.34","-1","0.563402629","0.472015677","0.692787115","0.560324252","30","0.12195122","0.658536585","N2 P1 O5","de-protonated","0","-9999","C41 H27 O5 N2 P1","41","27","5","2","1","-9999","-9999","-9999","-9999"
"4538","657.158842","657.158852768","657.158211197","2033184.4","-9999","330846","9.34","-1","0.97628085","0.420592717","0.748902347","0.551916569","16","0.322580645","1.096774194","N2 S2 O10","de-protonated","0","-9999","C31 H34 O10 N2 S2","31","34","10","2","-9999","2","-9999","-9999","-9999"
"4538","657.158842","657.158852768","657.158344139","2033184.4","-9999","330846","9.34","-1","0.773982787","0.897002421","0","0.538201452","3","0.9","1.95","N2 S1 P1 O18","de-protonated","0","-9999","C20 H39 O18 N2 P1 S1","20","39","18","2","1","1","-9999","-9999","-9999"
"4539","657.194832","657.194842754","657.195248155","1910343.6","-9999","276461.3","8.67","-1","-0.616865334","0.466642168","0.698017357","0.559192244","24","0.175","0.85","S1 O7","de-protonated","0","-9999","C40 H34 O7 S1","40","34","7","-9999","-9999","1","-9999","-9999","-9999"
"4539","657.194832","657.194842754","657.195381097","1910343.6","-9999","276461.3","8.67","-1","-0.819151674","0.442683166","0.761234226","0.57010359","11","0.517241379","1.344827586","P1 O15","de-protonated","0","-9999","C29 H39 O15 P1","29","39","15","-9999","1","-9999","-9999","-9999","-9999"
"4539","657.194832","657.194842754","657.194868032","1910343.6","-9999","276461.3","8.67","-1","-0.038464157","0.499865792","0.68763467","0.574973343","29","0.095238095","0.738095238","N2 P1 O4","de-protonated","0","-9999","C42 H31 O4 N2 P1","42","31","4","2","1","-9999","-9999","-9999","-9999"
"4539","657.194832","657.194842754","657.194596706","1910343.6","-9999","276461.3","8.67","-1","0.374390956","0.487443649","0.742885034","0.589620203","15","0.28125","1.1875","N2 S2 O9","de-protonated","0","-9999","C32 H38 O9 N2 S2","32","38","9","2","-9999","2","-9999","-9999","-9999"
"4539","657.194832","657.194842754","657.194729648","1910343.6","-9999","276461.3","8.67","-1","0.172104216","0.994639932","0","0.596783959","2","0.80952381","2.047619048","N2 S1 P1 O17","de-protonated","0","-9999","C21 H43 O17 N2 P1 S1","21","43","17","2","1","1","-9999","-9999","-9999"
"4539","657.194832","657.194842754","657.194216584","1910343.6","-9999","276461.3","8.67","-1","0.952793281","0.424064791","0.73113591","0.546893239","20","0.176470588","1.029411765","N4 S1 P1 O6","de-protonated","0","-9999","C34 H35 O6 N4 P1 S1","34","35","6","4","1","1","-9999","-9999","-9999"
"4540","657.231399","657.23140974","657.231633664","1678447.4","-9999","298528","7.41","-1","-0.340708574","0.489578644","0.692787115","0.570862033","23","0.146341463","0.926829268","S1 O6","de-protonated","0","-9999","C41 H38 O6 S1","41","38","6","-9999","-9999","1","-9999","-9999","-9999"
"4540","657.231399","657.23140974","657.231766606","1678447.4","-9999","298528","7.41","-1","-0.542983771","0.473954503","0.755017935","0.586379876","10","0.466666667","1.433333333","P1 O14","de-protonated","0","-9999","C30 H43 O14 P1","30","43","14","-9999","1","-9999","-9999","-9999","-9999"
"4540","657.231399","657.23140974","657.231253542","1678447.4","-9999","298528","7.41","-1","0.237660742","0.49490182","0.6825583","0.569964412","28","0.069767442","0.813953488","N2 P1 O3","de-protonated","0","-9999","C43 H35 O3 N2 P1","43","35","3","2","1","-9999","-9999","-9999","-9999"
"4540","657.231399","657.23140974","657.230982216","1678447.4","-9999","298528","7.41","-1","0.650493112","0.463047512","0.736963647","0.572613966","14","0.242424242","1.272727273","N2 S2 O8","de-protonated","0","-9999","C33 H42 O8 N2 S2","33","42","8","2","-9999","2","-9999","-9999","-9999"
"4540","657.231399","657.23140974","657.231115157","1678447.4","-9999","298528","7.41","-1","0.448217515","0.964203556","0","0.578522134","1","0.727272727","2.136363636","N2 S1 P1 O16","de-protonated","0","-9999","C22 H47 O16 N2 P1 S1","22","47","16","2","1","1","-9999","-9999","-9999"
"4541","657.276762","657.276772722","657.276836844","1781408.9","-9999","376312","7.97","-1","-0.0975567","0.977736879","0.910435026","0.950816138","23","0.166666667","0.952380952","13C2 O7","de-protonated","1","4531","C40 H40 O7 13C2","40","40","7","-9999","-9999","-9999","2","-9999","-9999"
"4541","657.276762","657.276772722","657.277263704","1781408.9","-9999","376312","7.97","-1","-0.74699287","0.451854412","0.742885034","0.568266661","8","0.3125","1.5625","S2 O10","de-protonated","0","-9999","C32 H50 O10 S2","32","50","10","-9999","-9999","2","-9999","-9999","-9999"
"4541","657.276762","657.276772722","657.276394324","1781408.9","-9999","376312","7.97","-1","0.575706725","0.470816804","0.748902347","0.582051021","9","0.483870968","1.483870968","O15","de-protonated","0","-9999","C31 H46 O15","31","46","15","-9999","-9999","-9999","-9999","-9999","-9999"
"4541","657.276762","657.276772722","657.276883581","1781408.9","-9999","376312","7.97","-1","-0.168663941","0.497425766","0.73113591","0.590909824","13","0.205882353","1.382352941","N2 S1 P1 O7","de-protonated","0","-9999","C34 H47 O7 N2 P1 S1","34","47","7","2","1","1","-9999","-9999","-9999"
"4541","657.276762","657.276772722","657.277324063","1781408.9","-9999","376312","7.97","-1","-0.838824465","0.88014193","0.773888681","0.83764063","0","0.608695652","2.217391304","13C1 N3 S2 O14","de-protonated","1","4533","C22 H51 O14 N3 S2 13C1","22","51","14","3","-9999","2","1","-9999","-9999"
"4541","657.276762","657.276772722","657.276674653","1781408.9","-9999","376312","7.97","-1","0.14920592","0.717426135","0.895362818","0.788600808","18","0.027027027","1.216216216","13C2 N4 S2 P1 O1","de-protonated","1","4531","C35 H45 O1 N4 P1 S2 13C2","35","45","1","4","1","2","2","-9999","-9999"
"4541","657.276762","657.276772722","657.276232132","1781408.9","-9999","376312","7.97","-1","0.822469677","0.442245863","0.780512821","0.577552646","4","0.346153846","1.961538462","N4 S2 P1 O9","de-protonated","0","-9999","C26 H51 O9 N4 P1 S2","26","51","9","4","1","2","-9999","-9999","-9999"
"4542","657.330172","657.330182702","657.330242765","4316891","-9999","293686","21.77","-1","-0.091374523","0.499243088","0.70871839","0.583033209","16","0.052631579","1.315789474","N4 S2 O2","de-protonated","0","-9999","C38 H50 O2 N4 S2","38","50","2","4","-9999","2","-9999","-9999","-9999"
"4542","657.330172","657.330182702","657.330375707","4316891","-9999","293686","21.77","-1","-0.293619425","0.492239299","0.773979033","0.604935192","3","0.37037037","2.037037037","N4 S1 P1 O10","de-protonated","0","-9999","C27 H55 O10 N4 P1 S1","27","55","10","4","1","1","-9999","-9999","-9999"
"4543","657.337956","657.337966699","657.337418889","10798820","-9999","263320.5","57.04","-1","0.833376601","0.600382925","0.890894448","0.716587534","25","0.063829787","0.978723404","O3","de-protonated","0","-9999","C47 H46 O3","47","46","3","-9999","-9999","-9999","-9999","-9999","-9999"
"4543","657.337956","657.337966699","657.338421211","10798820","-9999","263320.5","57.04","-1","-0.691442888","0.59867632","0.947291008","0.738122195","11","0.162162162","1.486486486","S1 P1 O6","de-protonated","0","-9999","C37 H55 O6 P1 S1","37","55","6","-9999","1","1","-9999","-9999","-9999"
"4543","657.337956","657.337966699","657.337769762","10798820","-9999","263320.5","57.04","-1","0.299597426","0.494984277","0.905574349","0.659220306","2","0.275862069","2.034482759","N2 S2 P1 O8","de-protonated","0","-9999","C29 H59 O8 N2 P1 S2","29","59","8","2","1","2","-9999","-9999","-9999"
"4543","657.337956","657.337966699","657.338617915","10798820","-9999","263320.5","57.04","-1","-0.990686457","0.418435825","0.773979033","0.560653108","3","0.444444444","2","N4 S1 O12","de-protonated","0","-9999","C27 H54 O12 N4 S1","27","54","12","4","-9999","1","-9999","-9999","-9999"
"4544","658.341211","658.341221311","658.340773724","4182828.3","-9999","312297.2","21.03","-1","0.679870861","0.613033855","0.890894448","0.724178092","25","0.063829787","0.978723404","13C1 O3","de-protonated","1","4543","C46 H46 O3 13C1","46","46","3","-9999","-9999","-9999","1","-9999","-9999"
"4544","658.341211","658.341221311","658.341776046","4182828.3","-9999","312297.2","21.03","-1","-0.842624472","0.586081407","0.947291008","0.730565248","11","0.162162162","1.486486486","13C1 S1 P1 O6","de-protonated","1","4543","C36 H55 O6 P1 S1 13C1","36","55","6","-9999","1","1","1","-9999","-9999"
"4544","658.341211","658.341221311","658.341124597","4182828.3","-9999","312297.2","21.03","-1","0.146905282","0.498045892","0.905574349","0.661057275","2","0.275862069","2.034482759","13C1 N2 S2 P1 O8","de-protonated","1","4543","C28 H59 O8 N2 P1 S2 13C1","28","59","8","2","1","2","1","-9999","-9999"
"4544","658.341211","658.341221311","658.341532269","4182828.3","-9999","312297.2","21.03","-1","-0.47233537","0.480163547","0.70871839","0.571585484","16","0.131578947","1.315789474","N3 P1 O5","de-protonated","0","-9999","C38 H50 O5 N3 P1","38","50","5","3","1","-9999","-9999","-9999","-9999"
"4544","658.341211","658.341221311","658.341260943","4182828.3","-9999","312297.2","21.03","-1","-0.060199525","0.499671325","0.767553728","0.606824286","2","0.357142857","2.035714286","N3 S2 O10","de-protonated","0","-9999","C28 H57 O10 N3 S2","28","57","10","3","-9999","2","-9999","-9999","-9999"
"4546","659.06163","659.061640032","659.061984879","6059588","-9999","270670.2","31.24","-1","-0.523238168","0.641393854","0.904173369","0.74650566","32","0.282051282","0.41025641","O11","de-protonated","0","-9999","C39 H16 O11","39","16","11","-9999","-9999","-9999","-9999","-9999","-9999"
"4546","659.06163","659.061640032","659.06133343","6059588","-9999","270670.2","31.24","-1","0.465210564","0.949538704","0.990163592","0.965788659","23","0.419354839","0.64516129","N2 S1 O13","de-protonated","0","-9999","C31 H20 O13 N2 S1","31","20","13","2","-9999","1","-9999","-9999","-9999"
"4546","659.06163","659.061640032","659.061822687","6059588","-9999","270670.2","31.24","-1","-0.277144039","0.660779573","0.927500431","0.767467916","27","0.147058824","0.617647059","N4 S2 P1 O5","de-protonated","0","-9999","C34 H21 O5 N4 P1 S2","34","21","5","4","1","2","-9999","-9999","-9999"
"4547","659.069182","659.069192029","659.068998811","18796108","-9999","255231","100.55","-1","0.293167931","0.328175308","0.63665507","0.451567213","36","0.139534884","0.395348837","P1 O6","de-protonated","0","-9999","C43 H17 O6 P1","43","17","6","-9999","1","-9999","-9999","-9999","-9999"
"4547","659.069182","659.069192029","659.068727485","18796108","-9999","255231","100.55","-1","0.704849184","0.182759561","0.649306046","0.369378155","22","0.333333333","0.727272727","S2 O11","de-protonated","0","-9999","C33 H24 O11 S2","33","24","11","-9999","-9999","2","-9999","-9999","-9999"
"4547","659.069182","659.069192029","659.068860427","18796108","-9999","255231","100.55","-1","0.5031376","0.191021139","0.741424593","0.41118252","9","0.863636364","1.318181818","S1 P1 O19","de-protonated","0","-9999","C22 H29 O19 P1 S1","22","29","19","-9999","1","1","-9999","-9999","-9999"
"4547","659.069182","659.069192029","659.069195516","18796108","-9999","255231","100.55","-1","-0.00529018","0.639212194","0.856976577","0.726317947","28","0.363636364","0.484848485","N4 O12","de-protonated","0","-9999","C33 H16 O12 N4","33","16","12","4","-9999","-9999","-9999","-9999","-9999"
"4548","659.101541","659.101551017","659.101741691","3616367.8","-9999","238953.5","17.94","-1","-0.289294463","0.492464523","0.714192896","0.581155873","26","0.27027027","0.648648649","S1 O10","de-protonated","0","-9999","C37 H24 O10 S1","37","24","10","-9999","-9999","1","-9999","-9999","-9999"
"4548","659.101541","659.101551017","659.101874633","3616367.8","-9999","238953.5","17.94","-1","-0.490995743","0.478599929","0.780512821","0.599365085","13","0.692307692","1.115384615","P1 O18","de-protonated","0","-9999","C26 H29 O18 P1","26","29","18","-9999","1","-9999","-9999","-9999","-9999"
"4548","659.101541","659.101551017","659.101361569","3616367.8","-9999","238953.5","17.94","-1","0.28743384","0.49256042","0.703327172","0.57686712","31","0.179487179","0.538461538","N2 P1 O7","de-protonated","0","-9999","C39 H21 O7 N2 P1","39","21","7","2","1","-9999","-9999","-9999","-9999"
"4548","659.101541","659.101551017","659.101090243","3616367.8","-9999","238953.5","17.94","-1","0.699094877","0.45756915","0.761234226","0.57903518","17","0.413793103","0.965517241","N2 S2 O12","de-protonated","0","-9999","C29 H28 O12 N2 S2","29","28","12","2","-9999","2","-9999","-9999","-9999"
"4549","659.138199","659.138209003","659.138127201","2841240","-9999","278780.9","13.72","-1","0.124104479","0.498604621","0.70871839","0.582650129","25","0.236842105","0.736842105","S1 O9","de-protonated","0","-9999","C38 H28 O9 S1","38","28","9","-9999","-9999","1","-9999","-9999","-9999"
"4549","659.138199","659.138209003","659.138260142","2841240","-9999","278780.9","13.72","-1","-0.07758575","0.499454179","0.773979033","0.60926412","12","0.62962963","1.222222222","P1 O17","de-protonated","0","-9999","C27 H33 O17 P1","27","33","17","-9999","1","-9999","-9999","-9999","-9999"
"4549","659.138199","659.138209003","659.138616458","2841240","-9999","278780.9","13.72","-1","-0.618163381","0.466506449","0.692787115","0.557018715","29","0.024390244","0.707317073","N2 S2 P1 O1","de-protonated","0","-9999","C41 H29 O1 N2 P1 S2","41","29","1","2","1","2","-9999","-9999","-9999"
"4549","659.138199","659.138209003","659.137747078","2841240","-9999","278780.9","13.72","-1","0.700801185","0.457370874","0.698017357","0.553629467","30","0.15","0.625","N2 P1 O6","de-protonated","0","-9999","C40 H25 O6 N2 P1","40","25","6","2","1","-9999","-9999","-9999","-9999"
"4550","659.17463","659.174639989","659.17451271","2367168.5","-9999","238352.5","11.14","-1","0.193087806","0.496628949","0.703327172","0.579308238","24","0.205128205","0.820512821","S1 O8","de-protonated","0","-9999","C39 H32 O8 S1","39","32","8","-9999","-9999","1","-9999","-9999","-9999"
"4550","659.17463","659.174639989","659.174645652","2367168.5","-9999","238352.5","11.14","-1","-0.008591304","0.499993304","0.767553728","0.607017473","11","0.571428571","1.321428571","P1 O16","de-protonated","0","-9999","C28 H37 O16 P1","28","37","16","-9999","1","-9999","-9999","-9999","-9999"
"4550","659.17463","659.174639989","659.174132587","2367168.5","-9999","238352.5","11.14","-1","0.769752718","0.449032945","0.692787115","0.546534613","29","0.12195122","0.707317073","N2 P1 O5","de-protonated","0","-9999","C41 H29 O5 N2 P1","41","29","5","2","1","-9999","-9999","-9999","-9999"
"4550","659.17463","659.174639989","659.173994203","2367168.5","-9999","238352.5","11.14","-1","0.979688998","0.420084284","0.822155738","0.580912866","2","0.9","2.05","N2 S1 P1 O18","de-protonated","0","-9999","C20 H41 O18 N2 P1 S1","20","41","18","2","1","1","-9999","-9999","-9999"
"4551","659.210832","659.210841975","659.210898219","2030824.1","-9999","280952.4","9.31","-1","-0.085321382","0.499339987","0.698017357","0.578810935","23","0.175","0.9","S1 O7","de-protonated","0","-9999","C40 H36 O7 S1","40","36","7","-9999","-9999","1","-9999","-9999","-9999"
"4551","659.210832","659.210841975","659.211031161","2030824.1","-9999","280952.4","9.31","-1","-0.286989304","0.492583242","0.761234226","0.600043636","10","0.517241379","1.413793103","P1 O15","de-protonated","0","-9999","C29 H41 O15 P1","29","41","15","-9999","1","-9999","-9999","-9999","-9999"
"4551","659.210832","659.210841975","659.210518097","2030824.1","-9999","280952.4","9.31","-1","0.49131154","0.47857299","0.68763467","0.562197662","28","0.095238095","0.785714286","N2 P1 O4","de-protonated","0","-9999","C42 H33 O4 N2 P1","42","33","4","2","1","-9999","-9999","-9999","-9999"
"4551","659.210832","659.210841975","659.210246771","2030824.1","-9999","280952.4","9.31","-1","0.902904495","0.431248505","0.742885034","0.555903117","14","0.28125","1.25","N2 S2 O9","de-protonated","0","-9999","C32 H40 O9 N2 S2","32","40","9","2","-9999","2","-9999","-9999","-9999"
"4551","659.210832","659.210841975","659.210379712","2030824.1","-9999","280952.4","9.31","-1","0.701236175","0.914640528","0","0.548784317","1","0.80952381","2.142857143","N2 S1 P1 O17","de-protonated","0","-9999","C21 H45 O17 N2 P1 S1","21","45","17","2","1","1","-9999","-9999","-9999"
"4552","660.065072","660.065081644","660.065339714","1926807.8","-9999","318492.4","8.74","-1","-0.390975495","0.648429698","0.904173369","0.750727167","32","0.282051282","0.41025641","13C1 O11","de-protonated","1","4546","C38 H16 O11 13C1","38","16","11","-9999","-9999","-9999","1","-9999","-9999"
"4552","660.065072","660.065081644","660.065117163","1926807.8","-9999","318492.4","8.74","-1","-0.053811619","0.499737359","0.6825583","0.572865736","35","0.023255814","0.465116279","N1 S2 P1 O1","de-protonated","0","-9999","C43 H20 O1 N1 P1 S2","43","20","1","1","1","2","-9999","-9999","-9999"
"4552","660.065072","660.065081644","660.064688265","1926807.8","-9999","318492.4","8.74","-1","0.595970841","0.937585646","0.990163592","0.958616824","23","0.419354839","0.64516129","13C1 N2 S1 O13","de-protonated","1","4546","C30 H20 O13 N2 S1 13C1","30","20","13","2","-9999","1","1","-9999","-9999"
"4552","660.065072","660.065081644","660.065177522","1926807.8","-9999","318492.4","8.74","-1","-0.145255417","0.664119272","0.927500431","0.769471736","27","0.147058824","0.617647059","13C1 N4 S2 P1 O5","de-protonated","1","4546","C33 H21 O5 N4 P1 S2 13C1","33","21","5","4","1","2","1","-9999","-9999"
"4553","660.068487","660.068496643","660.068980304","4597403.5","-9999","219681.5","23.28","-1","-0.732743664","0.45358645399999997","0.793917021","0.589718681","14","0.875","0.958333333","N1 O21","de-protonated","0","-9999","C24 H23 O21 N1","24","23","21","1","-9999","-9999","-9999","-9999","-9999"
"4553","660.068487","660.068496643","660.06846724","4597403.5","-9999","219681.5","23.28","-1","0.044545208","0.49982001","0.714192896","0.585569165","32","0.27027027","0.405405405","N3 O10","de-protonated","0","-9999","C37 H15 O10 N3","37","15","10","3","-9999","-9999","-9999","-9999","-9999"
"4554","660.072995","660.073004641","660.073359372","3371680.8","-9999","239940.2","16.61","-1","-0.537411063","0.474472559","0.6825583","0.557706855","35","0.069767442","0.441860465","N1 S2 O3","de-protonated","0","-9999","C43 H19 O3 N1 S2","43","19","3","1","-9999","2","-9999","-9999","-9999"
"4554","660.072995","660.073004641","660.072489992","3371680.8","-9999","239940.2","16.61","-1","0.779685795","0.447780716","0.68763467","0.543722297","36","0.19047619","0.357142857","N1 O8","de-protonated","0","-9999","C42 H15 O8 N1","42","15","8","1","-9999","-9999","-9999","-9999","-9999"
"4554","660.072995","660.073004641","660.073492314","3371680.8","-9999","239940.2","16.61","-1","-0.738815391","0.452851684","0.742885034","0.568865024","22","0.34375","0.75","N1 S1 P1 O11","de-protonated","0","-9999","C32 H24 O11 N1 P1 S1","32","24","11","1","1","1","-9999","-9999","-9999"
"4554","660.072995","660.073004641","660.072840865","3371680.8","-9999","239940.2","16.61","-1","0.248118411","0.494445839","0.793917021","0.614234312","13","0.541666667","1.166666667","N3 S2 P1 O13","de-protonated","0","-9999","C24 H28 O13 N3 P1 S2","24","28","13","3","1","2","-9999","-9999","-9999"
"4554","660.072995","660.073004641","660.072550351","3371680.8","-9999","239940.2","16.61","-1","0.688242943","0.611761106","0.856976577","0.709847295","28","0.363636364","0.484848485","13C1 N4 O12","de-protonated","1","4547","C32 H16 O12 N4 13C1","32","16","12","4","-9999","-9999","1","-9999","-9999"
"4555","660.254247","660.254256571","660.254417539","2143593.5","-9999","266687.3","9.92","-1","-0.243796438","0.494636617","0.662980834","0.561974304","31","0.063829787","0.744680851","N1 O3","de-protonated","0","-9999","C47 H35 O3 N1","47","35","3","1","-9999","-9999","-9999","-9999","-9999"
"4555","660.254247","660.254256571","660.254279154","2143593.5","-9999","266687.3","9.92","-1","-0.03420386","0.499893872","0.780512821","0.612141452","4","0.615384615","1.807692308","N1 S1 O16","de-protonated","0","-9999","C26 H47 O16 N1 S1","26","47","16","1","-9999","1","-9999","-9999","-9999"
"4555","660.254247","660.254256571","660.25376609","2143593.5","-9999","266687.3","9.92","-1","0.742867409","0.452358624","0.703327172","0.552746043","22","0.128205128","1","N3 S1 O5","de-protonated","0","-9999","C39 H39 O5 N3 S1","39","39","5","3","-9999","1","-9999","-9999","-9999"
"4555","660.254247","660.254256571","660.254768412","2143593.5","-9999","266687.3","9.92","-1","-0.77521681","0.448345659","0.761234226","0.573501086","8","0.275862069","1.655172414","N3 S2 P1 O8","de-protonated","0","-9999","C29 H48 O8 N3 P1 S2","29","48","8","3","1","2","-9999","-9999","-9999"
"4555","660.254247","660.254256571","660.253899032","2143593.5","-9999","266687.3","9.92","-1","0.541517854","0.474091242","0.767553728","0.591476237","9","0.464285714","1.571428571","N3 P1 O13","de-protonated","0","-9999","C28 H44 O13 N3 P1","28","44","13","3","1","-9999","-9999","-9999","-9999"
"4557","661.058688","661.05869726","661.05922543","2513639.5","-9999","320176.4","11.93","-1","-0.798974496","0.445313474","0.748902347","0.566749023","22","0.35483871","0.709677419","N2 S2 O11","de-protonated","0","-9999","C31 H22 O11 N2 S2","31","22","11","2","-9999","2","-9999","-9999","-9999"
"4557","661.058688","661.05869726","661.05835605","2513639.5","-9999","320176.4","11.93","-1","0.516157773","0.476404245","0.755017935","0.587849721","23","0.533333333","0.6","N2 O16","de-protonated","0","-9999","C30 H18 O16 N2","30","18","16","2","-9999","-9999","-9999","-9999","-9999"
"4557","661.058688","661.05869726","661.058845307","2513639.5","-9999","320176.4","11.93","-1","-0.223954255","0.495470317","0.736963647","0.592067649","27","0.242424242","0.575757576","N4 S1 P1 O8","de-protonated","0","-9999","C33 H19 O8 N4 P1 S1","33","19","8","4","1","1","-9999","-9999","-9999"
"4558","661.066398","661.066407257","661.066890811","7984879.5","-9999","256256.5","41.7","-1","-0.731475027","0.302492908","0.63665507","0.436157773","35","0.093023256","0.441860465","S1 P1 O4","de-protonated","0","-9999","C43 H19 O4 P1 S1","43","19","4","-9999","1","1","-9999","-9999","-9999"
"4558","661.066398","661.066407257","661.065750105","7984879.5","-9999","256256.5","41.7","-1","0.994079799","0.417924786","0.742885034","0.547908885","22","0.4375","0.6875","S1 O14","de-protonated","0","-9999","C32 H22 O14 S1","32","22","14","-9999","-9999","1","-9999","-9999","-9999"
"4558","661.066398","661.066407257","661.066752427","7984879.5","-9999","256256.5","41.7","-1","-0.522140148","0.317245072","0.753335889","0.491681399","8","0.772727273","1.409090909","S2 P1 O17","de-protonated","0","-9999","C22 H31 O17 P1 S2","22","31","17","-9999","1","2","-9999","-9999","-9999"
"4558","661.066398","661.066407257","661.066239362","7984879.5","-9999","256256.5","41.7","-1","0.253975696","0.247091031","0.650348689","0.408394094","26","0.171428571","0.657142857","N2 S2 P1 O6","de-protonated","0","-9999","C35 H23 O6 N2 P1 S2","35","23","6","2","1","2","-9999","-9999","-9999"
"4559","661.080877","661.080886252","661.081006246","4051712","-9999","259699.9","20.3","-1","-0.181512974","0.497019826","0.719752637","0.58611295","26","0.305555556","0.611111111","S1 O11","de-protonated","0","-9999","C36 H22 O11 S1","36","22","11","-9999","-9999","1","-9999","-9999","-9999"
"4559","661.080877","661.080886252","661.081139188","4051712","-9999","259699.9","20.3","-1","-0.382610385","0.486893638","0.787157861","0.606999327","13","0.76","1.08","P1 O19","de-protonated","0","-9999","C25 H27 O19 P1","25","27","19","-9999","1","-9999","-9999","-9999","-9999"
"4559","661.080877","661.080886252","661.081495504","4051712","-9999","259699.9","20.3","-1","-0.921599127","0.428587781","0.703327172","0.538483537","30","0.076923077","0.58974359","N2 S2 P1 O3","de-protonated","0","-9999","C39 H23 O3 N2 P1 S2","39","23","3","2","1","2","-9999","-9999","-9999"
"4559","661.080877","661.080886252","661.080626124","4051712","-9999","259699.9","20.3","-1","0.393488677","0.486148335","0.70871839","0.575176357","31","0.210526316","0.5","N2 P1 O8","de-protonated","0","-9999","C38 H19 O8 N2 P1","38","19","8","2","1","-9999","-9999","-9999","-9999"
"4559","661.080877","661.080886252","661.080354798","4051712","-9999","259699.9","20.3","-1","0.80391725","0.444673768","0.767553728","0.573825752","17","0.464285714","0.928571429","N2 S2 O13","de-protonated","0","-9999","C28 H26 O13 N2 S2","28","26","13","2","-9999","2","-9999","-9999","-9999"
"4560","661.117292","661.117301238","661.117391756","4158248.5","-9999","288287.1","20.88","-1","-0.136916995","0.498302147","0.714192896","0.584658447","25","0.27027027","0.702702703","S1 O10","de-protonated","0","-9999","C37 H26 O10 S1","37","26","10","-9999","-9999","1","-9999","-9999","-9999"
"4560","661.117292","661.117301238","661.117524697","4158248.5","-9999","288287.1","20.88","-1","-0.338003348","0.489741776","0.780512821","0.606050194","12","0.692307692","1.192307692","P1 O18","de-protonated","0","-9999","C26 H31 O18 P1","26","31","18","-9999","1","-9999","-9999","-9999","-9999"
"4560","661.117292","661.117301238","661.117881013","4158248.5","-9999","288287.1","20.88","-1","-0.87696245","0.434876726","0.698017357","0.540132978","29","0.05","0.675","N2 S2 P1 O2","de-protonated","0","-9999","C40 H27 O2 N2 P1 S2","40","27","2","2","1","2","-9999","-9999","-9999"
"4560","661.117292","661.117301238","661.117011633","4158248.5","-9999","288287.1","20.88","-1","0.438053035","0.482890455","0.703327172","0.571065142","30","0.179487179","0.58974359","N2 P1 O7","de-protonated","0","-9999","C39 H23 O7 N2 P1","39","23","7","2","1","-9999","-9999","-9999","-9999"
"4560","661.117292","661.117301238","661.116740307","4158248.5","-9999","288287.1","20.88","-1","0.848459038","0.43877481","0.761234226","0.567758577","16","0.413793103","1.034482759","N2 S2 O12","de-protonated","0","-9999","C29 H30 O12 N2 S2","29","30","12","2","-9999","2","-9999","-9999","-9999"
"4561","661.153718","661.153727223","661.153777265","2342737","-9999","260855.4","11","-1","-0.07568835","0.499480535","0.70871839","0.583175677","24","0.236842105","0.789473684","S1 O9","de-protonated","0","-9999","C38 H30 O9 S1","38","30","9","-9999","-9999","1","-9999","-9999","-9999"
"4561","661.153718","661.153727223","661.153910207","2342737","-9999","260855.4","11","-1","-0.276763649","0.493098756","0.773979033","0.605450867","11","0.62962963","1.296296296","P1 O17","de-protonated","0","-9999","C27 H35 O17 P1","27","35","17","-9999","1","-9999","-9999","-9999","-9999"
"4561","661.153718","661.153727223","661.154266522","2342737","-9999","260855.4","11","-1","-0.815693123","0.443137568","0.692787115","0.542997387","28","0.024390244","0.756097561","N2 S2 P1 O1","de-protonated","0","-9999","C41 H31 O1 N2 P1 S2","41","31","1","2","1","2","-9999","-9999","-9999"
"4561","661.153718","661.153727223","661.153397143","2342737","-9999","260855.4","11","-1","0.499250072","0.47789063","0.698017357","0.565941321","29","0.15","0.675","N2 P1 O6","de-protonated","0","-9999","C40 H27 O6 N2 P1","40","27","6","2","1","-9999","-9999","-9999","-9999"
"4561","661.153718","661.153727223","661.153125816","2342737","-9999","260855.4","11","-1","0.909633514","0.430295182","0.755017935","0.560184283","15","0.366666667","1.133333333","N2 S2 O11","de-protonated","0","-9999","C30 H34 O11 N2 S2","30","34","11","2","-9999","2","-9999","-9999","-9999"
"4562","661.189844","661.18985321","661.190162774","2659193.3","-9999","315957.8","11.73","-1","-0.468193527","0.480503065","0.703327172","0.569632708","23","0.205128205","0.871794872","S1 O8","de-protonated","0","-9999","C39 H34 O8 S1","39","34","8","-9999","-9999","1","-9999","-9999","-9999"
"4562","661.189844","661.18985321","661.190295716","2659193.3","-9999","315957.8","11.73","-1","-0.669257682","0.460971478","0.767553728","0.583604378","10","0.571428571","1.392857143","P1 O16","de-protonated","0","-9999","C28 H39 O16 P1","28","39","16","-9999","1","-9999","-9999","-9999","-9999"
"4562","661.189844","661.18985321","661.189782652","2659193.3","-9999","315957.8","11.73","-1","0.106713031","0.498967928","0.692787115","0.576495603","28","0.12195122","0.756097561","N2 P1 O5","de-protonated","0","-9999","C41 H31 O5 N2 P1","41","31","5","2","1","-9999","-9999","-9999","-9999"
"4562","661.189844","661.18985321","661.189511326","2659193.3","-9999","315957.8","11.73","-1","0.517073728","0.476322443","0.748902347","0.585354405","14","0.322580645","1.225806452","N2 S2 O10","de-protonated","0","-9999","C31 H38 O10 N2 S2","31","38","10","2","-9999","2","-9999","-9999","-9999"
"4562","661.189844","661.18985321","661.189644268","2659193.3","-9999","315957.8","11.73","-1","0.316009177","0.491021692","0.822155738","0.623475311","1","0.9","2.15","N2 S1 P1 O18","de-protonated","0","-9999","C20 H43 O18 N2 P1 S1","20","43","18","2","1","1","-9999","-9999","-9999"
"4563","661.195881","661.195890207","661.196036001","3174272","-9999","237432.7","14.32","-1","-0.220500503","0.49560834","0.742885034","0.594519018","14","0.40625","1.1875","S1 O13","de-protonated","0","-9999","C32 H38 O13 S1","32","38","13","-9999","-9999","1","-9999","-9999","-9999"
"4563","661.195881","661.195890207","661.195522937","3174272","-9999","237432.7","14.32","-1","0.555463821","0.472777043","0.672627142","0.552717083","32","0.044444444","0.666666667","N2 S1 O2","de-protonated","0","-9999","C45 H30 O2 N2 S1","45","30","2","2","-9999","1","-9999","-9999","-9999"
"4563","661.195881","661.195890207","661.196525259","3174272","-9999","237432.7","14.32","-1","-0.960457873","0.422937933","0.725399619","0.543922607","18","0.142857143","1.114285714","N2 S2 P1 O5","de-protonated","0","-9999","C35 H39 O5 N2 P1 S2","35","39","5","2","1","2","-9999","-9999","-9999"
"4563","661.195881","661.195890207","661.195655879","3174272","-9999","237432.7","14.32","-1","0.354401091","0.488733875","0.73113591","0.585694689","19","0.294117647","1.029411765","N2 P1 O10","de-protonated","0","-9999","C34 H35 O10 N2 P1","34","35","10","2","1","-9999","-9999","-9999","-9999"
"4563","661.195881","661.195890207","661.195384553","3174272","-9999","237432.7","14.32","-1","0.764758245","0.449657821","0.793917021","0.587361501","5","0.625","1.75","N2 S2 O15","de-protonated","0","-9999","C24 H42 O15 N2 S2","24","42","15","2","-9999","2","-9999","-9999","-9999"
"4564","661.226376","661.226385195","661.226548284","2189218","-9999","261655.8","9.37","-1","-0.24664531","0.494511232","0.698017357","0.575913682","22","0.175","0.95","S1 O7","de-protonated","0","-9999","C40 H38 O7 S1","40","38","7","-9999","-9999","1","-9999","-9999","-9999"
"4564","661.226376","661.226385195","661.226681226","2189218","-9999","261655.8","9.37","-1","-0.447698445","0.48214246","0.761234226","0.593779166","9","0.517241379","1.482758621","P1 O15","de-protonated","0","-9999","C29 H43 O15 P1","29","43","15","-9999","1","-9999","-9999","-9999","-9999"
"4564","661.226376","661.226385195","661.226168161","2189218","-9999","261655.8","9.37","-1","0.328229739","0.490320749","0.68763467","0.569246318","27","0.095238095","0.833333333","N2 P1 O4","de-protonated","0","-9999","C42 H35 O4 N2 P1","42","35","4","2","1","-9999","-9999","-9999","-9999"
"4564","661.226376","661.226385195","661.225896835","2189218","-9999","261655.8","9.37","-1","0.738567946","0.452881723","0.742885034","0.568883048","13","0.28125","1.3125","N2 S2 O9","de-protonated","0","-9999","C32 H42 O9 N2 S2","32","42","9","2","-9999","2","-9999","-9999","-9999"
"4564","661.226376","661.226385195","661.226029777","2189218","-9999","261655.8","9.37","-1","0.537514415","0.474462995","0.81490939","0.610641553","0","0.80952381","2.238095238","N2 S1 P1 O17","de-protonated","0","-9999","C21 H47 O17 N2 P1 S1","21","47","17","2","1","1","-9999","-9999","-9999"
"4565","663.06018","663.060188486","663.060270802","1996713.5","-9999","312159.2","8.4","-1","-0.124144162","0.49860373","0.725399619","0.589322086","26","0.342857143","0.571428571","S1 O12","de-protonated","0","-9999","C35 H20 O12 S1","35","20","12","-9999","-9999","1","-9999","-9999","-9999"
"4565","663.06018","663.060188486","663.060403743","1996713.5","-9999","312159.2","8.4","-1","-0.3246413","0.490529227","0.793917021","0.611884345","13","0.833333333","1.041666667","P1 O20","de-protonated","0","-9999","C24 H25 O20 P1","24","25","20","-9999","1","-9999","-9999","-9999","-9999"
"4565","663.06018","663.060188486","663.060760059","1996713.5","-9999","312159.2","8.4","-1","-0.862021169","0.4369318","0.70871839","0.545646436","30","0.105263158","0.552631579","N2 S2 P1 O4","de-protonated","0","-9999","C38 H21 O4 N2 P1 S2","38","21","4","2","1","2","-9999","-9999","-9999"
"4565","663.06018","663.060188486","663.059890679","1996713.5","-9999","312159.2","8.4","-1","0.449141115","0.482029283","0.714192896","0.574894728","31","0.243243243","0.459459459","N2 P1 O9","de-protonated","0","-9999","C37 H17 O9 N2 P1","37","17","9","2","1","-9999","-9999","-9999","-9999"
"4565","663.06018","663.060188486","663.059619353","1996713.5","-9999","312159.2","8.4","-1","0.858344562","0.437433547","0.773979033","0.572051741","17","0.518518519","0.888888889","N2 S2 O14","de-protonated","0","-9999","C27 H24 O14 N2 S2","27","24","14","2","-9999","2","-9999","-9999","-9999"
"4566","663.06356","663.063568485","663.063913431","1763245.4","-9999","305493.3","7.22","-1","-0.520230163","0.476039546","0.68763467","0.560677596","35","0.166666667","0.404761905","P1 O7","de-protonated","0","-9999","C42 H17 O7 P1","42","17","7","-9999","1","-9999","-9999","-9999","-9999"
"4566","663.06356","663.063568485","663.063642105","1763245.4","-9999","305493.3","7.22","-1","-0.111029595","0.498882839","0.742885034","0.596483717","21","0.375","0.75","S2 O12","de-protonated","0","-9999","C32 H24 O12 S2","32","24","12","-9999","-9999","2","-9999","-9999","-9999"
"4566","663.06356","663.063568485","663.063775047","1763245.4","-9999","305493.3","7.22","-1","-0.311525717","0.982544856","0","0.589526913","8","0.952380952","1.380952381","S1 P1 O20","de-protonated","0","-9999","C21 H29 O20 P1 S1","21","29","20","-9999","1","1","-9999","-9999","-9999"
"4566","663.06356","663.063568485","663.063129041","1763245.4","-9999","305493.3","7.22","-1","0.662749206","0.461697175","0.672627142","0.546069162","39","0.022222222","0.355555556","N2 S2 O1","de-protonated","0","-9999","C45 H16 O1 N2 S2","45","16","1","2","-9999","2","-9999","-9999","-9999"
"4566","663.06356","663.063568485","663.063261982","1763245.4","-9999","305493.3","7.22","-1","0.462252774","0.480985235","0.73113591","0.581045505","26","0.264705882","0.617647059","N2 S1 P1 O9","de-protonated","0","-9999","C34 H21 O9 N2 P1 S1","34","21","9","2","1","1","-9999","-9999","-9999"
"4566","663.06356","663.063568485","663.064110135","1763245.4","-9999","305493.3","7.22","-1","-0.816889845","0.442980501","0.742885034","0.562942314","27","0.40625","0.5","N4 O13","de-protonated","0","-9999","C32 H16 O13 N4","32","16","13","4","-9999","-9999","-9999","-9999","-9999"
"4567","663.09645","663.096458472","663.096656311","4958162","-9999","299017","23.26","-1","-0.298355347","0.49198896","0.719752637","0.583094431","25","0.305555556","0.666666667","S1 O11","de-protonated","0","-9999","C36 H24 O11 S1","36","24","11","-9999","-9999","1","-9999","-9999","-9999"
"4567","663.09645","663.096458472","663.096789253","4958162","-9999","299017","23.26","-1","-0.498841448","0.477925996","0.787157861","0.601618742","12","0.76","1.16","P1 O19","de-protonated","0","-9999","C25 H29 O19 P1","25","29","19","-9999","1","-9999","-9999","-9999","-9999"
"4567","663.09645","663.096458472","663.096276188","4958162","-9999","299017","23.26","-1","0.274898373","0.493190832","0.70871839","0.579401855","30","0.210526316","0.552631579","N2 P1 O8","de-protonated","0","-9999","C38 H21 O8 N2 P1","38","21","8","2","1","-9999","-9999","-9999","-9999"
"4567","663.09645","663.096458472","663.096004862","4958162","-9999","299017","23.26","-1","0.684079294","0.45929677","0.767553728","0.582599553","16","0.464285714","1","N2 S2 O13","de-protonated","0","-9999","C28 H28 O13 N2 S2","28","28","13","2","-9999","2","-9999","-9999","-9999"
"4568","663.133048","663.133056458","663.13304182","3783675.5","-9999","265838.6","17.36","-1","0.022074106","0.499955795","0.714192896","0.585650636","24","0.27027027","0.756756757","S1 O10","de-protonated","0","-9999","C37 H28 O10 S1","37","28","10","-9999","-9999","1","-9999","-9999","-9999"
"4568","663.133048","663.133056458","663.133174762","3783675.5","-9999","265838.6","17.36","-1","-0.17840106","0.497120843","0.780512821","0.610477634","11","0.692307692","1.269230769","P1 O18","de-protonated","0","-9999","C26 H33 O18 P1","26","33","18","-9999","1","-9999","-9999","-9999","-9999"
"4568","663.133048","663.133056458","663.133531078","3783675.5","-9999","265838.6","17.36","-1","-0.715722036","0.455620193","0.698017357","0.552579058","28","0.05","0.725","N2 S2 P1 O2","de-protonated","0","-9999","C40 H29 O2 N2 P1 S2","40","29","2","2","1","2","-9999","-9999","-9999"
"4568","663.133048","663.133056458","663.132661698","3783675.5","-9999","265838.6","17.36","-1","0.595296555","0.468861154","0.703327172","0.562647561","29","0.179487179","0.641025641","N2 P1 O7","de-protonated","0","-9999","C39 H25 O7 N2 P1","39","25","7","2","1","-9999","-9999","-9999","-9999"
"4569","663.169268","663.169276444","663.16942733","3050532.3","-9999","274927.3","13.68","-1","-0.227521471","0.49532555","0.70871839","0.580682686","23","0.236842105","0.842105263","S1 O9","de-protonated","0","-9999","C38 H32 O9 S1","38","32","9","-9999","-9999","1","-9999","-9999","-9999"
"4569","663.169268","663.169276444","663.169560271","3050532.3","-9999","274927.3","13.68","-1","-0.427985587","0.483654999","0.773979033","0.599784613","10","0.62962963","1.37037037","P1 O17","de-protonated","0","-9999","C27 H37 O17 P1","27","37","17","-9999","1","-9999","-9999","-9999","-9999"
"4569","663.169268","663.169276444","663.169916587","3050532.3","-9999","274927.3","13.68","-1","-0.965276948","0.42222635","0.692787115","0.530450656","27","0.024390244","0.804878049","N2 S2 P1 O1","de-protonated","0","-9999","C41 H33 O1 N2 P1 S2","41","33","1","2","1","2","-9999","-9999","-9999"
"4569","663.169268","663.169276444","663.169047207","3050532.3","-9999","274927.3","13.68","-1","0.345669385","0.489276261","0.698017357","0.572772699","28","0.15","0.725","N2 P1 O6","de-protonated","0","-9999","C40 H29 O6 N2 P1","40","29","6","2","1","-9999","-9999","-9999","-9999"
"4569","663.169268","663.169276444","663.168775881","3050532.3","-9999","274927.3","13.68","-1","0.754805436","0.450893474","0.755017935","0.572543258","14","0.366666667","1.2","N2 S2 O11","de-protonated","0","-9999","C30 H36 O11 N2 S2","30","36","11","2","-9999","2","-9999","-9999","-9999"
"4570","663.205904","663.20591243","663.205812839","2359373.8","-9999","254581.3","10.22","-1","0.150166361","0.497958352","0.703327172","0.58010588","22","0.205128205","0.923076923","S1 O8","de-protonated","0","-9999","C39 H36 O8 S1","39","36","8","-9999","-9999","1","-9999","-9999","-9999"
"4570","663.205904","663.20591243","663.205945781","2359373.8","-9999","254581.3","10.22","-1","-0.050286832","0.499770632","0.767553728","0.60688387","9","0.571428571","1.464285714","P1 O16","de-protonated","0","-9999","C28 H41 O16 P1","28","41","16","-9999","1","-9999","-9999","-9999","-9999"
"4570","663.205904","663.20591243","663.205432716","2359373.8","-9999","254581.3","10.22","-1","0.723325986","0.454716459","0.692787115","0.549944721","27","0.12195122","0.804878049","N2 P1 O5","de-protonated","0","-9999","C41 H33 O5 N2 P1","41","33","5","2","1","-9999","-9999","-9999","-9999"
"4570","663.205904","663.20591243","663.205294332","2359373.8","-9999","254581.3","10.22","-1","0.931986157","0.427093132","0.822155738","0.585118174","0","0.9","2.25","N2 S1 P1 O18","de-protonated","0","-9999","C20 H45 O18 N2 P1 S1","20","45","18","2","1","1","-9999","-9999","-9999"
"4571","663.241873","663.241881416","663.242198348","1907318.4","-9999","269172","7.95","-1","-0.477852664","0.479707014","0.698017357","0.567031151","21","0.175","1","S1 O7","de-protonated","0","-9999","C40 H40 O7 S1","40","40","7","-9999","-9999","1","-9999","-9999","-9999"
"4571","663.241873","663.241881416","663.24233129","1907318.4","-9999","269172","7.95","-1","-0.678294735","0.45995401","0.761234226","0.580466097","8","0.517241379","1.551724138","P1 O15","de-protonated","0","-9999","C29 H45 O15 P1","29","45","15","-9999","1","-9999","-9999","-9999","-9999"
"4571","663.241873","663.241881416","663.241818226","1907318.4","-9999","269172","7.95","-1","0.095275157","0.499177141","0.68763467","0.574560153","26","0.095238095","0.880952381","N2 P1 O4","de-protonated","0","-9999","C42 H37 O4 N2 P1","42","37","4","2","1","-9999","-9999","-9999","-9999"
"4571","663.241873","663.241881416","663.2415469","1907318.4","-9999","269172","7.95","-1","0.504366215","0.477445599","0.742885034","0.583621373","12","0.28125","1.375","N2 S2 O9","de-protonated","0","-9999","C32 H44 O9 N2 S2","32","44","9","2","-9999","2","-9999","-9999","-9999"
"4572","663.312134","663.312142389","663.311598064","3429573.5","-9999","286920.7","15.58","-1","0.820617954","0.442490079","0.672627142","0.534544904","24","0.111111111","0.977777778","O5","de-protonated","0","-9999","C45 H44 O5","45","44","5","-9999","-9999","-9999","-9999","-9999","-9999"
"4572","663.312134","663.312142389","663.312600385","3429573.5","-9999","286920.7","15.58","-1","-0.690468104","0.458565494","0.725399619","0.565299144","10","0.228571429","1.514285714","S1 P1 O8","de-protonated","0","-9999","C35 H53 O8 P1 S1","35","53","8","-9999","1","1","-9999","-9999","-9999"
"4572","663.312134","663.312142389","663.311948937","3429573.5","-9999","286920.7","15.58","-1","0.291646316","0.492342451","0.773979033","0.604997084","1","0.37037037","2.111111111","N2 S2 P1 O10","de-protonated","0","-9999","C27 H57 O10 N2 P1 S2","27","57","10","2","1","2","-9999","-9999","-9999"
"4572","663.312134","663.312142389","663.31279709","3429573.5","-9999","286920.7","15.58","-1","-0.987016512","0.418987254","0.787157861","0.566255497","2","0.56","2.08","N4 S1 O14","de-protonated","0","-9999","C25 H52 O14 N4 S1","25","52","14","4","-9999","1","-9999","-9999","-9999"
"4573","665.076036","665.076043707","665.075920866","2834582.5","-9999","282654.8","12.59","-1","0.184702486","0.496914498","0.725399619","0.588308546","25","0.342857143","0.628571429","S1 O12","de-protonated","0","-9999","C35 H22 O12 S1","35","22","12","-9999","-9999","1","-9999","-9999","-9999"
"4573","665.076036","665.076043707","665.076053808","2834582.5","-9999","282654.8","12.59","-1","-0.015187066","0.499979075","0.793917021","0.617554254","12","0.833333333","1.125","P1 O20","de-protonated","0","-9999","C24 H27 O20 P1","24","27","20","-9999","1","-9999","-9999","-9999","-9999"
"4573","665.076036","665.076043707","665.076410123","2834582.5","-9999","282654.8","12.59","-1","-0.550938461","0.473206752","0.70871839","0.567411407","29","0.105263158","0.605263158","N2 S2 P1 O4","de-protonated","0","-9999","C38 H23 O4 N2 P1 S2","38","23","4","2","1","2","-9999","-9999","-9999"
"4573","665.076036","665.076043707","665.075540743","2834582.5","-9999","282654.8","12.59","-1","0.756250478","0.450714865","0.714192896","0.556106078","30","0.243243243","0.513513514","N2 P1 O9","de-protonated","0","-9999","C37 H19 O9 N2 P1","37","19","9","2","1","-9999","-9999","-9999","-9999"
"4574","665.112348","665.112355693","665.112306375","4446400","-9999","248237.7","20.68","-1","0.074149565","0.978984381","0.987156633","0.982253282","24","0.305555556","0.722222222","S1 O11","de-protonated","0","-9999","C36 H26 O11 S1","36","26","11","-9999","-9999","1","-9999","-9999","-9999"
"4574","665.112348","665.112355693","665.112439317","4446400","-9999","248237.7","20.68","-1","-0.12572903","0.99145722","0.919751409","0.962774895","11","0.76","1.24","P1 O19","de-protonated","0","-9999","C25 H31 O19 P1","25","31","19","-9999","1","-9999","-9999","-9999","-9999"
"4574","665.112348","665.112355693","665.112795633","4446400","-9999","248237.7","20.68","-1","-0.661451057","0.956024273","0.996417902","0.972181724","28","0.076923077","0.692307692","N2 S2 P1 O3","de-protonated","0","-9999","C39 H27 O3 N2 P1 S2","39","27","3","2","1","2","-9999","-9999","-9999"
"4574","665.112348","665.112355693","665.111926253","4446400","-9999","248237.7","20.68","-1","0.645666227","0.463573471","0.70871839","0.561631438","29","0.210526316","0.605263158","N2 P1 O8","de-protonated","0","-9999","C38 H23 O8 N2 P1","38","23","8","2","1","-9999","-9999","-9999","-9999"
"4575","665.148599","665.148606679","665.148691885","3025641.3","-9999","254943.6","13.55","-1","-0.128100043","0.498513462","0.714192896","0.584785236","23","0.27027027","0.810810811","S1 O10","de-protonated","0","-9999","C37 H30 O10 S1","37","30","10","-9999","-9999","1","-9999","-9999","-9999"
"4575","665.148599","665.148606679","665.148824826","3025641.3","-9999","254943.6","13.55","-1","-0.327967664","0.49033605","0.780512821","0.606406758","10","0.692307692","1.346153846","P1 O18","de-protonated","0","-9999","C26 H35 O18 P1","26","35","18","-9999","1","-9999","-9999","-9999","-9999"
"4575","665.148599","665.148606679","665.149181142","3025641.3","-9999","254943.6","13.55","-1","-0.863660277","0.436707606","0.698017357","0.541231506","27","0.05","0.775","N2 S2 P1 O2","de-protonated","0","-9999","C40 H31 O2 N2 P1 S2","40","31","2","2","1","2","-9999","-9999","-9999"
"4575","665.148599","665.148606679","665.148311762","3025641.3","-9999","254943.6","13.55","-1","0.44338524","0.482478816","0.703327172","0.570818159","28","0.179487179","0.692307692","N2 P1 O7","de-protonated","0","-9999","C39 H27 O7 N2 P1","39","27","7","2","1","-9999","-9999","-9999","-9999"
"4575","665.148599","665.148606679","665.148040436","3025641.3","-9999","254943.6","13.55","-1","0.851303874","0.438389997","0.761234226","0.567527688","14","0.413793103","1.172413793","N2 S2 O12","de-protonated","0","-9999","C29 H34 O12 N2 S2","29","34","12","2","-9999","2","-9999","-9999","-9999"
"4576","665.184991","665.184998665","665.185077394","2350354.8","-9999","285983.8","10.16","-1","-0.118356526","0.498730723","0.70871839","0.58272579","22","0.236842105","0.894736842","S1 O9","de-protonated","0","-9999","C38 H34 O9 S1","38","34","9","-9999","-9999","1","-9999","-9999","-9999"
"4576","665.184991","665.184998665","665.185210336","2350354.8","-9999","285983.8","10.16","-1","-0.318213216","0.490897166","0.773979033","0.604129913","9","0.62962963","1.444444444","P1 O17","de-protonated","0","-9999","C27 H39 O17 P1","27","39","17","-9999","1","-9999","-9999","-9999","-9999"
"4576","665.184991","665.184998665","665.185566651","2350354.8","-9999","285983.8","10.16","-1","-0.853876532","0.438041183","0.692787115","0.539939555","26","0.024390244","0.853658537","N2 S2 P1 O1","de-protonated","0","-9999","C41 H35 O1 N2 P1 S2","41","35","1","2","1","2","-9999","-9999","-9999"
"4576","665.184991","665.184998665","665.184697272","2350354.8","-9999","285983.8","10.16","-1","0.453097503","0.481717173","0.698017357","0.568237247","27","0.15","0.775","N2 P1 O6","de-protonated","0","-9999","C40 H31 O6 N2 P1","40","31","6","2","1","-9999","-9999","-9999","-9999"
"4576","665.184991","665.184998665","665.184425945","2350354.8","-9999","285983.8","10.16","-1","0.860993828","0.437072159","0.755017935","0.564250469","13","0.366666667","1.266666667","N2 S2 O11","de-protonated","0","-9999","C30 H38 O11 N2 S2","30","38","11","2","-9999","2","-9999","-9999","-9999"
"4577","665.221284","665.221291651","665.221462903","2434364","-9999","312363.3","10.58","-1","-0.257436635","0.494023377","0.703327172","0.577744895","21","0.205128205","0.974358974","S1 O8","de-protonated","0","-9999","C39 H38 O8 S1","39","38","8","-9999","-9999","1","-9999","-9999","-9999"
"4577","665.221284","665.221291651","665.221595845","2434364","-9999","312363.3","10.58","-1","-0.457282366","0.481384284","0.767553728","0.595852062","8","0.571428571","1.535714286","P1 O16","de-protonated","0","-9999","C28 H43 O16 P1","28","43","16","-9999","1","-9999","-9999","-9999","-9999"
"4577","665.221284","665.221291651","665.221082781","2434364","-9999","312363.3","10.58","-1","0.313986057","0.491135262","0.692787115","0.571796003","26","0.12195122","0.853658537","N2 P1 O5","de-protonated","0","-9999","C41 H35 O5 N2 P1","41","35","5","2","1","-9999","-9999","-9999","-9999"
"4577","665.221284","665.221291651","665.220811455","2434364","-9999","312363.3","10.58","-1","0.721860015","0.454891294","0.748902347","0.572495715","12","0.322580645","1.35483871","N2 S2 O10","de-protonated","0","-9999","C31 H42 O10 N2 S2","31","42","10","2","-9999","2","-9999","-9999","-9999"
"4578","666.115974","666.115981305","666.11566121","1843516.1","-9999","375991.7","7.61","-1","0.480539264","0.958965898","0.987156633","0.970242192","24","0.305555556","0.722222222","13C1 S1 O11","de-protonated","1","4574","C35 H26 O11 S1 13C1","35","26","11","-9999","-9999","1","1","-9999","-9999"
"4578","666.115974","666.115981305","666.115794152","1843516.1","-9999","375991.7","7.61","-1","0.280961661","0.985778632","0.919751409","0.959367743","11","0.76","1.24","13C1 P1 O19","de-protonated","1","4574","C24 H31 O19 P1 13C1","24","31","19","-9999","1","-9999","1","-9999","-9999"
"4578","666.115974","666.115981305","666.115930498","1843516.1","-9999","375991.7","7.61","-1","0.07627408","0.998944937","0","0.599366962","11","0.875","1.208333333","N1 O21","de-protonated","0","-9999","C24 H29 O21 N1","24","29","21","1","-9999","-9999","-9999","-9999","-9999"
"4578","666.115974","666.115981305","666.116150468","1843516.1","-9999","375991.7","7.61","-1","-0.253953639","0.988366132","0.996417902","0.99158684","28","0.076923077","0.692307692","13C1 N2 S2 P1 O3","de-protonated","1","4574","C38 H27 O3 N2 P1 S2 13C1","38","27","3","2","1","2","1","-9999","-9999"
"4578","666.115974","666.115981305","666.116286813","1843516.1","-9999","375991.7","7.61","-1","-0.458641","0.481275602","0.70871839","0.572252717","28","0.131578947","0.657894737","N3 S2 O5","de-protonated","0","-9999","C38 H25 O5 N3 S2","38","25","5","3","-9999","2","-9999","-9999","-9999"
"4578","666.115974","666.115981305","666.115417433","1843516.1","-9999","375991.7","7.61","-1","0.846507399","0.439038253","0.714192896","0.54910011","29","0.27027027","0.567567568","N3 O10","de-protonated","0","-9999","C37 H21 O10 N3","37","21","10","3","-9999","-9999","-9999","-9999","-9999"
"4578","666.115974","666.115981305","666.116419755","1843516.1","-9999","375991.7","7.61","-1","-0.658218229","0.46219886","0.773979033","0.586910929","15","0.481481481","1.111111111","N3 S1 P1 O13","de-protonated","0","-9999","C27 H30 O13 N3 P1 S1","27","30","13","3","1","1","-9999","-9999","-9999"
"4580","666.355313","666.355320213","666.355372922","1861199.1","-9999","383972.5","7.7","-1","-0.079100894","0.499432664","0.773979033","0.609251212","0","0.62962963","2.111111111","N1 O17","de-protonated","0","-9999","C27 H57 O17 N1","27","57","17","1","-9999","-9999","-9999","-9999","-9999"
"4580","666.355313","666.355320213","666.355729238","1861199.1","-9999","383972.5","7.7","-1","-0.613823679","0.46695923","0.692787115","0.557290384","17","0.024390244","1.292682927","N3 S2 O1","de-protonated","0","-9999","C41 H53 O1 N3 S2","41","53","1","3","-9999","2","-9999","-9999","-9999"
"4580","666.355313","666.355320213","666.354859858","1861199.1","-9999","383972.5","7.7","-1","0.690855537","0.458520967","0.698017357","0.554319523","18","0.15","1.225","N3 O6","de-protonated","0","-9999","C40 H49 O6 N3","40","49","6","3","-9999","-9999","-9999","-9999","-9999"
"4580","666.355313","666.355320213","666.355862179","1861199.1","-9999","383972.5","7.7","-1","-0.813329163","0.443447318","0.755017935","0.568075565","4","0.3","1.933333333","N3 S1 P1 O9","de-protonated","0","-9999","C30 H58 O9 N3 P1 S1","30","58","9","3","1","1","-9999","-9999","-9999"
"4581","666.359624","666.359631211","666.359884931","11583060","-9999","263159.9","56.48","-1","-0.380755696","0.490481524","0.923407454","0.663651896","8","0.2","1.657142857","N1 S1 P1 O7","de-protonated","0","-9999","C35 H58 O7 N1 P1 S1","35","58","7","1","1","1","-9999","-9999","-9999"
"4582","667.091725","667.091731928","667.09157093","4007327.5","-9999","284529.8","18.46","-1","0.241342395","0.494743482","0.725399619","0.587005937","24","0.342857143","0.685714286","S1 O12","de-protonated","0","-9999","C35 H24 O12 S1","35","24","12","-9999","-9999","1","-9999","-9999","-9999"
"4582","667.091725","667.091731928","667.091703872","4007327.5","-9999","284529.8","18.46","-1","0.042056808","0.499839555","0.793917021","0.617470541","11","0.833333333","1.208333333","P1 O20","de-protonated","0","-9999","C24 H29 O20 P1","24","29","20","-9999","1","-9999","-9999","-9999","-9999"
"4582","667.091725","667.091731928","667.092060188","4007327.5","-9999","284529.8","18.46","-1","-0.49207582","0.47850773","0.70871839","0.570591994","28","0.105263158","0.657894737","N2 S2 P1 O4","de-protonated","0","-9999","C38 H25 O4 N2 P1 S2","38","25","4","2","1","2","-9999","-9999","-9999"
"4582","667.091725","667.091731928","667.091190808","4007327.5","-9999","284529.8","18.46","-1","0.811163459","0.44373049","0.714192896","0.551915453","29","0.243243243","0.567567568","N2 P1 O9","de-protonated","0","-9999","C37 H21 O9 N2 P1","37","21","9","2","1","-9999","-9999","-9999","-9999"
"4583","667.127965","667.127971914","667.12795644","3270089.3","-9999","249864.3","14.76","-1","0.023195127","0.499951191","0.719752637","0.58787177","23","0.305555556","0.777777778","S1 O11","de-protonated","0","-9999","C36 H28 O11 S1","36","28","11","-9999","-9999","1","-9999","-9999","-9999"
"4583","667.127965","667.127971914","667.128089382","3270089.3","-9999","249864.3","14.76","-1","-0.176079548","0.497195079","0.787157861","0.613180192","10","0.76","1.32","P1 O19","de-protonated","0","-9999","C25 H33 O19 P1","25","33","19","-9999","1","-9999","-9999","-9999","-9999"
"4583","667.127965","667.127971914","667.128445697","3270089.3","-9999","249864.3","14.76","-1","-0.710182927","0.456273622","0.703327172","0.555095042","27","0.076923077","0.743589744","N2 S2 P1 O3","de-protonated","0","-9999","C39 H29 O3 N2 P1 S2","39","29","3","2","1","2","-9999","-9999","-9999"
"4583","667.127965","667.127971914","667.127576317","3270089.3","-9999","249864.3","14.76","-1","0.592984988","0.469094894","0.70871839","0.564944292","28","0.210526316","0.657894737","N2 P1 O8","de-protonated","0","-9999","C38 H25 O8 N2 P1","38","25","8","2","1","-9999","-9999","-9999","-9999"
"4583","667.127965","667.127971914","667.127304991","3270089.3","-9999","249864.3","14.76","-1","0.999693451","0.41707691","0.767553728","0.557267637","14","0.464285714","1.142857143","N2 S2 O13","de-protonated","0","-9999","C28 H32 O13 N2 S2","28","32","13","2","-9999","2","-9999","-9999","-9999"
"4584","667.164181","667.1641879","667.164341949","2739699","-9999","304873.1","12.1","-1","-0.230901479","0.495186308","0.714192896","0.582788944","22","0.27027027","0.864864865","S1 O10","de-protonated","0","-9999","C37 H32 O10 S1","37","32","10","-9999","-9999","1","-9999","-9999","-9999"
"4584","667.164181","667.1641879","667.164474891","2739699","-9999","304873.1","12.1","-1","-0.430165235","0.483490878","0.780512821","0.602299655","9","0.692307692","1.423076923","P1 O18","de-protonated","0","-9999","C26 H37 O18 P1","26","37","18","-9999","1","-9999","-9999","-9999","-9999"
"4584","667.164181","667.1641879","667.164831206","2739699","-9999","304873.1","12.1","-1","-0.96423935","0.422379761","0.698017357","0.532634799","26","0.05","0.825","N2 S2 P1 O2","de-protonated","0","-9999","C40 H33 O2 N2 P1 S2","40","33","2","2","1","2","-9999","-9999","-9999"
"4584","667.164181","667.1641879","667.163961827","2739699","-9999","304873.1","12.1","-1","0.338857162","0.489690423","0.703327172","0.575145123","27","0.179487179","0.743589744","N2 P1 O7","de-protonated","0","-9999","C39 H29 O7 N2 P1","39","29","7","2","1","-9999","-9999","-9999","-9999"
"4584","667.164181","667.1641879","667.1636905","2739699","-9999","304873.1","12.1","-1","0.745543341","0.452031827","0.761234226","0.575712786","13","0.413793103","1.24137931","N2 S2 O12","de-protonated","0","-9999","C29 H36 O12 N2 S2","29","36","12","2","-9999","2","-9999","-9999","-9999"
"4585","667.200832","667.200838886","667.200727458","1787933.1","-9999","202612.8","7.32","-1","0.167007084","0.497475966","0.70871839","0.581972936","21","0.236842105","0.947368421","S1 O9","de-protonated","0","-9999","C38 H36 O9 S1","38","36","9","-9999","-9999","1","-9999","-9999","-9999"
"4585","667.200832","667.200838886","667.2008604","1787933.1","-9999","202612.8","7.32","-1","-0.032245885","0.499905674","0.773979033","0.609535018","8","0.62962963","1.518518519","P1 O17","de-protonated","0","-9999","C27 H41 O17 P1","27","41","17","-9999","1","-9999","-9999","-9999","-9999"
"4585","667.200832","667.200838886","667.201216716","1787933.1","-9999","202612.8","7.32","-1","-0.566291086","0.471736288","0.692787115","0.560156619","25","0.024390244","0.902439024","N2 S2 P1 O1","de-protonated","0","-9999","C41 H37 O1 N2 P1 S2","41","37","1","2","1","2","-9999","-9999","-9999"
"4585","667.200832","667.200838886","667.200347336","1787933.1","-9999","202612.8","7.32","-1","0.736734881","0.453104005","0.698017357","0.551069346","26","0.15","0.825","N2 P1 O6","de-protonated","0","-9999","C40 H33 O6 N2 P1","40","33","6","2","1","-9999","-9999","-9999","-9999"
"4586","667.36306","667.363066823","667.362527959","4032216.8","-9999","259519.8","18.59","-1","0.807453551","0.444214236","0.719752637","0.554429596","7","0.138888889","1.694444444","S2 P1 O5","de-protonated","0","-9999","C36 H61 O5 P1 S2","36","61","5","-9999","1","2","-9999","-9999","-9999"
"4586","667.36306","667.363066823","667.363239766","4032216.8","-9999","259519.8","18.59","-1","-0.259144191","0.493944312","0.923407454","0.665729569","8","0.2","1.657142857","13C1 N1 S1 P1 O7","de-protonated","1","4581","C34 H58 O7 N1 P1 S1 13C1","34","58","7","1","1","1","1","-9999","-9999"
"4586","667.36306","667.363066823","667.363376112","4032216.8","-9999","259519.8","18.59","-1","-0.463449056","0.480888598","0.73113591","0.580987523","8","0.264705882","1.647058824","N2 S1 O9","de-protonated","0","-9999","C34 H56 O9 N2 S1","34","56","9","2","-9999","1","-9999","-9999","-9999"
"4586","667.36306","667.363066823","667.362995989","4032216.8","-9999","259519.8","18.59","-1","0.106139528","0.49897898","0.719752637","0.587288443","13","0.166666667","1.472222222","N4 P1 O6","de-protonated","0","-9999","C36 H53 O6 N4 P1","36","53","6","4","1","-9999","-9999","-9999","-9999"
"4587","669.08641","669.086416157","669.086091627","1866412","-9999","339375.1","7.71","-1","0.485034681","0.479105454","0.70871839","0.570950628","28","0.263157895","0.578947368","S1 O10","de-protonated","0","-9999","C38 H22 O10 S1","38","22","10","-9999","-9999","1","-9999","-9999","-9999"
"4587","669.08641","669.086416157","669.086224569","1866412","-9999","339375.1","7.71","-1","0.286343108","0.492616357","0.773979033","0.605161427","15","0.666666667","1","P1 O18","de-protonated","0","-9999","C27 H27 O18 P1","27","27","18","-9999","1","-9999","-9999","-9999","-9999"
"4587","669.08641","669.086416157","669.086580884","1866412","-9999","339375.1","7.71","-1","-0.246197422","0.494531039","0.692787115","0.57383347","32","0.048780488","0.56097561","N2 S2 P1 O2","de-protonated","0","-9999","C41 H23 O2 N2 P1 S2","41","23","2","2","1","2","-9999","-9999","-9999"
"4588","669.107406","669.107412149","669.107220995","3228356.8","-9999","226179.7","14.54","-1","0.285684829","0.492650016","0.725399619","0.585749857","23","0.342857143","0.742857143","S1 O12","de-protonated","0","-9999","C35 H26 O12 S1","35","26","12","-9999","-9999","1","-9999","-9999","-9999"
"4588","669.107406","669.107412149","669.107353937","3228356.8","-9999","226179.7","14.54","-1","0.08699957","0.499313786","0.793917021","0.61715508","10","0.833333333","1.291666667","P1 O20","de-protonated","0","-9999","C24 H31 O20 P1","24","31","20","-9999","1","-9999","-9999","-9999","-9999"
"4588","669.107406","669.107412149","669.107710252","3228356.8","-9999","226179.7","14.54","-1","-0.445524036","0.482312405","0.70871839","0.572874799","27","0.105263158","0.710526316","N2 S2 P1 O4","de-protonated","0","-9999","C38 H27 O4 N2 P1 S2","38","27","4","2","1","2","-9999","-9999","-9999"
"4588","669.107406","669.107412149","669.106840872","3228356.8","-9999","226179.7","14.54","-1","0.853789361","0.438053014","0.714192896","0.548508967","28","0.243243243","0.621621622","N2 P1 O9","de-protonated","0","-9999","C37 H23 O9 N2 P1","37","23","9","2","1","-9999","-9999","-9999","-9999"
"4589","669.122584","669.122590143","669.122477136","2022614.1","-9999","263923.6","8.49","-1","0.168887802","0.497418946","0.703327172","0.579782237","27","0.230769231","0.666666667","S1 O9","de-protonated","0","-9999","C39 H26 O9 S1","39","26","9","-9999","-9999","1","-9999","-9999","-9999"
"4589","669.122584","669.122590143","669.122610078","2022614.1","-9999","263923.6","8.49","-1","-0.029792903","0.499919478","0.767553728","0.606973178","14","0.607142857","1.107142857","P1 O17","de-protonated","0","-9999","C28 H31 O17 P1","28","31","17","-9999","1","-9999","-9999","-9999","-9999"
"4589","669.122584","669.122590143","669.122966394","2022614.1","-9999","263923.6","8.49","-1","-0.562304306","0.472121581","0.68763467","0.558326817","31","0.023809524","0.642857143","N2 S2 P1 O1","de-protonated","0","-9999","C42 H27 O1 N2 P1 S2","42","27","1","2","1","2","-9999","-9999","-9999"
"4589","669.122584","669.122590143","669.122097014","2022614.1","-9999","263923.6","8.49","-1","0.736979315","0.45307439","0.692787115","0.54895948","32","0.146341463","0.56097561","N2 P1 O6","de-protonated","0","-9999","C41 H23 O6 N2 P1","41","23","6","2","1","-9999","-9999","-9999","-9999"
"4589","669.122584","669.122590143","669.121958629","2022614.1","-9999","263923.6","8.49","-1","0.943794426","0.850760146","0","0.510456088","5","0.95","1.75","N2 S1 P1 O19","de-protonated","0","-9999","C20 H35 O19 N2 P1 S1","20","35","19","2","1","1","-9999","-9999","-9999"
"4590","669.143707","669.143713135","669.143606504","3059438.8","-9999","254791.7","13.69","-1","0.159353534","0.497701486","0.719752637","0.586521947","22","0.305555556","0.833333333","S1 O11","de-protonated","0","-9999","C36 H30 O11 S1","36","30","11","-9999","-9999","1","-9999","-9999","-9999"
"4590","669.143707","669.143713135","669.143739446","3059438.8","-9999","254791.7","13.69","-1","-0.039320896","0.499859748","0.787157861","0.614778993","9","0.76","1.4","P1 O19","de-protonated","0","-9999","C25 H35 O19 P1","25","35","19","-9999","1","-9999","-9999","-9999","-9999"
"4590","669.143707","669.143713135","669.144095762","3059438.8","-9999","254791.7","13.69","-1","-0.571815478","0.471198424","0.703327172","0.564049923","26","0.076923077","0.794871795","N2 S2 P1 O3","de-protonated","0","-9999","C39 H31 O3 N2 P1 S2","39","31","3","2","1","2","-9999","-9999","-9999"
"4590","669.143707","669.143713135","669.143226382","3059438.8","-9999","254791.7","13.69","-1","0.727427103","0.454225827","0.70871839","0.556022852","27","0.210526316","0.710526316","N2 P1 O8","de-protonated","0","-9999","C38 H27 O8 N2 P1","38","27","8","2","1","-9999","-9999","-9999","-9999"
"4591","671.065451","671.065456392","671.065356182","1945026.9","-9999","251450.4","8.09","-1","0.149329387","0.497981001","0.714192896","0.584465759","28","0.297297297","0.540540541","S1 O11","de-protonated","0","-9999","C37 H20 O11 S1","37","20","11","-9999","-9999","1","-9999","-9999","-9999"
"4591","671.065451","671.065456392","671.065489124","1945026.9","-9999","251450.4","8.09","-1","-0.048776091","0.499784204","0.780512821","0.61207565","15","0.730769231","0.961538462","P1 O19","de-protonated","0","-9999","C26 H25 O19 P1","26","25","19","-9999","1","-9999","-9999","-9999","-9999"
"4591","671.065451","671.065456392","671.065845439","1945026.9","-9999","251450.4","8.09","-1","-0.57974575","0.470418283","0.698017357","0.561457913","32","0.075","0.525","N2 S2 P1 O3","de-protonated","0","-9999","C40 H21 O3 N2 P1 S2","40","21","3","2","1","2","-9999","-9999","-9999"
"4591","671.065451","671.065456392","671.064976059","1945026.9","-9999","251450.4","8.09","-1","0.71577614","0.45561379","0.703327172","0.554699143","33","0.205128205","0.435897436","N2 P1 O8","de-protonated","0","-9999","C39 H17 O8 N2 P1","39","17","8","2","1","-9999","-9999","-9999","-9999"
"4592","671.086799","671.086804383","671.08648555","1758940.4","-9999","205188.5","7.16","-1","0.475100412","0.47993536","0.73113591","0.58041558","23","0.382352941","0.705882353","S1 O13","de-protonated","0","-9999","C34 H24 O13 S1","34","24","13","-9999","-9999","1","-9999","-9999","-9999"
"4592","671.086799","671.086804383","671.086618492","1758940.4","-9999","205188.5","7.16","-1","0.277001106","0.986173982","0","0.591704389","10","0.913043478","1.260869565","P1 O21","de-protonated","0","-9999","C23 H29 O21 P1","23","29","21","-9999","1","-9999","-9999","-9999","-9999"
"4592","671.086799","671.086804383","671.086974807","1758940.4","-9999","205188.5","7.16","-1","-0.253952007","0.494183141","0.714192896","0.582187043","27","0.135135135","0.675675676","N2 S2 P1 O5","de-protonated","0","-9999","C37 H25 O5 N2 P1 S2","37","25","5","2","1","2","-9999","-9999","-9999"
"4593","671.101918","671.101923378","671.101741691","2097134.1","-9999","263087.8","8.85","-1","0.270728444","0.493394481","0.70871839","0.579524044","27","0.263157895","0.631578947","S1 O10","de-protonated","0","-9999","C38 H24 O10 S1","38","24","10","-9999","-9999","1","-9999","-9999","-9999"
"4593","671.101918","671.101923378","671.101874633","2097134.1","-9999","263087.8","8.85","-1","0.072633683","0.499521599","0.773979033","0.609304573","14","0.666666667","1.074074074","P1 O18","de-protonated","0","-9999","C27 H29 O18 P1","27","29","18","-9999","1","-9999","-9999","-9999","-9999"
"4593","671.101918","671.101923378","671.102230949","2097134.1","-9999","263087.8","8.85","-1","-0.458307252","0.481302327","0.692787115","0.565896242","31","0.048780488","0.609756098","N2 S2 P1 O2","de-protonated","0","-9999","C41 H25 O2 N2 P1 S2","41","25","2","2","1","2","-9999","-9999","-9999"
"4593","671.101918","671.101923378","671.101361569","2097134.1","-9999","263087.8","8.85","-1","0.837144555","0.440295839","0.698017357","0.543384446","32","0.175","0.525","N2 P1 O7","de-protonated","0","-9999","C40 H21 O7 N2 P1","40","21","7","2","1","-9999","-9999","-9999","-9999"
"4594","671.123","671.123005369","671.122871059","2442759","-9999","241976.2","10.59","-1","0.200127468","0.49637957","0.725399619","0.58798759","22","0.342857143","0.8","S1 O12","de-protonated","0","-9999","C35 H28 O12 S1","35","28","12","-9999","-9999","1","-9999","-9999","-9999"
"4594","671.123","671.123005369","671.123004001","2442759","-9999","241976.2","10.59","-1","0.002038957","0.499999623","0.793917021","0.617566582","9","0.833333333","1.375","P1 O20","de-protonated","0","-9999","C24 H33 O20 P1","24","33","20","-9999","1","-9999","-9999","-9999","-9999"
"4594","671.123","671.123005369","671.122357995","2442759","-9999","241976.2","10.59","-1","0.964614519","0.422324304","0.658260696","0.516698861","40","0.020833333","0.416666667","N2 S1 O1","de-protonated","0","-9999","C48 H20 O1 N2 S1","48","20","1","2","-9999","1","-9999","-9999","-9999"
"4594","671.123","671.123005369","671.123360317","2442759","-9999","241976.2","10.59","-1","-0.528885225","0.475255877","0.70871839","0.568640882","26","0.105263158","0.763157895","N2 S2 P1 O4","de-protonated","0","-9999","C38 H29 O4 N2 P1 S2","38","29","4","2","1","2","-9999","-9999","-9999"
"4594","671.123","671.123005369","671.122490937","2442759","-9999","241976.2","10.59","-1","0.766525705","0.449437054","0.714192896","0.555339391","27","0.243243243","0.675675676","N2 P1 O9","de-protonated","0","-9999","C37 H25 O9 N2 P1","37","25","9","2","1","-9999","-9999","-9999","-9999"
"4595","671.138339","671.138344364","671.138127201","2419737","-9999","265980.9","10.47","-1","0.323574078","0.490590804","0.703327172","0.575685351","26","0.230769231","0.717948718","S1 O9","de-protonated","0","-9999","C39 H28 O9 S1","39","28","9","-9999","-9999","1","-9999","-9999","-9999"
"4595","671.138339","671.138344364","671.138260142","2419737","-9999","265980.9","10.47","-1","0.125490046","0.498573335","0.767553728","0.606165492","13","0.607142857","1.178571429","P1 O17","de-protonated","0","-9999","C28 H33 O17 P1","28","33","17","-9999","1","-9999","-9999","-9999","-9999"
"4595","671.138339","671.138344364","671.138616458","2419737","-9999","265980.9","10.47","-1","-0.405422133","0.485308079","0.68763467","0.566238715","30","0.023809524","0.69047619","N2 S2 P1 O1","de-protonated","0","-9999","C42 H29 O1 N2 P1 S2","42","29","1","2","1","2","-9999","-9999","-9999"
"4595","671.138339","671.138344364","671.137747078","2419737","-9999","265980.9","10.47","-1","0.889959511","0.433068395","0.692787115","0.536955883","31","0.146341463","0.609756098","N2 P1 O6","de-protonated","0","-9999","C41 H25 O6 N2 P1","41","25","6","2","1","-9999","-9999","-9999","-9999"
"4596","671.159759","671.159764355","671.160397275","2252338.5","-9999","264390.7","9.63","-1","-0.94302267","0.425492481","0.662980834","0.520487822","34","0.021276596","0.617021277","S1 P1 O1","de-protonated","0","-9999","C47 H29 O1 P1 S1","47","29","1","-9999","1","1","-9999","-9999","-9999"
"4596","671.159759","671.159764355","671.159256569","2252338.5","-9999","264390.7","9.63","-1","0.756581326","0.450673934","0.719752637","0.558305415","21","0.305555556","0.888888889","S1 O11","de-protonated","0","-9999","C36 H32 O11 S1","36","32","11","-9999","-9999","1","-9999","-9999","-9999"
"4596","671.159759","671.159764355","671.16025889","2252338.5","-9999","264390.7","9.63","-1","-0.736835999","0.453091755","0.780512821","0.584060181","7","0.538461538","1.576923077","S2 P1 O14","de-protonated","0","-9999","C26 H41 O14 P1 S2","26","41","14","-9999","1","2","-9999","-9999","-9999"
"4596","671.159759","671.159764355","671.15938951","2252338.5","-9999","264390.7","9.63","-1","0.558503444","0.472486662","0.787157861","0.598355142","8","0.76","1.48","P1 O19","de-protonated","0","-9999","C25 H37 O19 P1","25","37","19","-9999","1","-9999","-9999","-9999","-9999"
"4596","671.159759","671.159764355","671.159745826","2252338.5","-9999","264390.7","9.63","-1","0.02760775","0.499930856","0.703327172","0.581289382","25","0.076923077","0.846153846","N2 S2 P1 O3","de-protonated","0","-9999","C39 H33 O3 N2 P1 S2","39","33","3","2","1","2","-9999","-9999","-9999"
"4597","671.174984","671.174989349","671.17451271","2227268.3","-9999","282179.3","9.51","-1","0.710157158","0.456276652","0.698017357","0.552972934","25","0.2","0.8","S1 O8","de-protonated","0","-9999","C40 H32 O8 S1","40","32","8","-9999","-9999","1","-9999","-9999","-9999"
"4597","671.174984","671.174989349","671.175515032","2227268.3","-9999","282179.3","9.51","-1","-0.783226152","0.447331368","0.755017935","0.570405995","11","0.366666667","1.366666667","S2 P1 O11","de-protonated","0","-9999","C30 H41 O11 P1 S2","30","41","11","-9999","1","2","-9999","-9999","-9999"
"4597","671.174984","671.174989349","671.174645652","2227268.3","-9999","282179.3","9.51","-1","0.512083787","0.476766496","0.761234226","0.590553588","12","0.551724138","1.275862069","P1 O16","de-protonated","0","-9999","C29 H37 O16 P1","29","37","16","-9999","1","-9999","-9999","-9999","-9999"
"4598","671.247593","671.247598321","671.247283729","1997978.6","-9999","225989","8.35","-1","0.468668734","0.480464251","0.68763467","0.563332418","23","0.142857143","0.952380952","S1 O6","de-protonated","0","-9999","C42 H40 O6 S1","42","40","6","-9999","-9999","1","-9999","-9999","-9999"
"4598","671.247593","671.247598321","671.24741667","1997978.6","-9999","225989","8.35","-1","0.270616885","0.493399888","0.748902347","0.595600871","10","0.451612903","1.451612903","P1 O14","de-protonated","0","-9999","C31 H45 O14 P1","31","45","14","-9999","1","-9999","-9999","-9999","-9999"
"4598","671.247593","671.247598321","671.247613375","1997978.6","-9999","225989","8.35","-1","-0.022426307","0.999908746","0","0.599945248","2","0.952380952","2.095238095","N4 O20","de-protonated","0","-9999","C21 H44 O20 N4","21","44","20","4","-9999","-9999","-9999","-9999","-9999"
"4599","671.272479","671.272484312","671.272055726","5020856","-9999","273168.2","23.52","-1","0.638467594","0.309567787","0.617818715","0.432868158","27","0.065217391","0.891304348","P1 O3","de-protonated","0","-9999","C46 H41 O3 P1","46","41","3","-9999","1","-9999","-9999","-9999","-9999"
"4599","671.272479","671.272484312","671.271917342","5020856","-9999","273168.2","23.52","-1","0.844620294","0.439292558","0.787157861","0.578438679","0","0.64","2.12","S1 P1 O16","de-protonated","0","-9999","C25 H53 O16 P1 S1","25","53","16","-9999","1","1","-9999","-9999","-9999"
"4599","671.272479","671.272484312","671.272765495","5020856","-9999","273168.2","23.52","-1","-0.418880819","0.484332137","0.800793265","0.610916588","1","0.869565217","2.086956522","N2 O20","de-protonated","0","-9999","C23 H48 O20 N2","23","48","20","2","-9999","-9999","-9999","-9999","-9999"
"4599","671.272479","671.272484312","671.273121811","5020856","-9999","273168.2","23.52","-1","-0.949686328","0.424519856","0.714192896","0.540389072","18","0.108108108","1.189189189","N4 S2 O4","de-protonated","0","-9999","C37 H44 O4 N4 S2","37","44","4","4","-9999","2","-9999","-9999","-9999"
"4599","671.272479","671.272484312","671.272252431","5020856","-9999","273168.2","23.52","-1","0.34543505","0.489290639","0.719752637","0.581475438","19","0.25","1.111111111","N4 O9","de-protonated","0","-9999","C36 H40 O9 N4","36","40","9","4","-9999","-9999","-9999","-9999","-9999"
"4600","671.280405","671.280410309","671.280297935","20378818","-9999","251349.9","100.59","-1","0.167402351","0.657471952","0.866477246","0.741074069","27","0.108695652","0.869565217","O5","de-protonated","0","-9999","C46 H40 O5","46","40","5","-9999","-9999","-9999","-9999","-9999","-9999"
"4600","671.280405","671.280410309","671.28015955","20378818","-9999","251349.9","100.59","-1","0.373552423","0.383933689","0.915784414","0.596673979","0","0.72","2.08","S1 O18","de-protonated","0","-9999","C25 H52 O18 S1","25","52","18","-9999","-9999","1","-9999","-9999","-9999"
"4600","671.280405","671.280410309","671.280648808","20378818","-9999","251349.9","100.59","-1","-0.35528958","0.567787965","0.877216978","0.69155957","4","0.357142857","1.892857143","N2 S2 P1 O10","de-protonated","0","-9999","C28 H53 O10 N2 P1 S2","28","53","10","2","1","2","-9999","-9999","-9999"
"4600","671.280405","671.280410309","671.279779428","20378818","-9999","251349.9","100.59","-1","0.939818045","0.212979288","0.733186454","0.421062154","5","0.555555556","1.814814815","N2 P1 O15","de-protonated","0","-9999","C27 H49 O15 N2 P1","27","49","15","2","1","-9999","-9999","-9999","-9999"
"4601","672.283886","672.283890921","672.28365277","6744426","-9999","245503.5","32.17","-1","0.354241691","0.651658523","0.866477246","0.737586012","27","0.108695652","0.869565217","13C1 O5","de-protonated","1","4600","C45 H40 O5 13C1","45","40","5","-9999","-9999","-9999","1","-9999","-9999"
"4601","672.283886","672.283890921","672.283514385","6744426","-9999","245503.5","32.17","-1","0.560084131","0.37786808","0.915784414","0.593034614","0","0.72","2.08","13C1 S1 O18","de-protonated","1","4600","C24 H52 O18 S1 13C1","24","52","18","-9999","-9999","1","1","-9999","-9999"
"4601","672.283886","672.283890921","672.284003643","6744426","-9999","245503.5","32.17","-1","-0.167670243","0.571299154","0.877216978","0.693666283","4","0.357142857","1.892857143","13C1 N2 S2 P1 O10","de-protonated","1","4600","C27 H53 O10 N2 P1 S2 13C1","27","53","10","2","1","2","1","-9999","-9999"
"4601","672.283886","672.283890921","672.284411314","6744426","-9999","245503.5","32.17","-1","-0.774067929","0.298993656","0.676548509","0.450015597","18","0.189189189","1.189189189","N3 P1 O7","de-protonated","0","-9999","C37 H44 O7 N3 P1","37","44","7","3","1","-9999","-9999","-9999","-9999"
"4601","672.283886","672.283890921","672.284139988","6744426","-9999","245503.5","32.17","-1","-0.370479723","0.618683186","0.788618877","0.686657462","4","0.444444444","1.888888889","N3 S2 O12","de-protonated","0","-9999","C27 H51 O12 N3 S2","27","51","12","3","-9999","2","-9999","-9999","-9999"
"4601","672.283886","672.283890921","672.283270608","6744426","-9999","245503.5","32.17","-1","0.922694725","0.428430674","0.780512821","0.569263532","5","0.653846154","1.807692308","N3 O17","de-protonated","0","-9999","C26 H47 O17 N3","26","47","17","3","-9999","-9999","-9999","-9999","-9999"
"4603","672.349179","672.349183895","672.349320247","21543352","-9999","243262.6","106.43","-1","-0.202799006","0.497111204","0.899130999","0.657919122","11","0.162162162","1.513513514","N1 S1 P1 O6","de-protonated","0","-9999","C37 H56 O6 N1 P1 S1","37","56","6","1","1","1","-9999","-9999","-9999"
"4603","672.349179","672.349183895","672.348668799","21543352","-9999","243262.6","106.43","-1","0.766115753","0.357001597","0.888385815","0.569555284","2","0.275862069","2.068965517","N3 S2 P1 O8","de-protonated","0","-9999","C29 H60 O8 N3 P1 S2","29","60","8","3","1","2","-9999","-9999","-9999"
"4604","673.081477","673.081481612","673.082146952","2658594.8","-9999","305764.2","11.66","-1","-0.98849759","0.418764873","0.658260696","0.514563202","40","0.020833333","0.395833333","S1 P1 O1","de-protonated","0","-9999","C48 H19 O1 P1 S1","48","19","1","-9999","1","1","-9999","-9999","-9999"
"4604","673.081477","673.081481612","673.081006246","2658594.8","-9999","305764.2","11.66","-1","0.706253698","0.456734624","0.714192896","0.559717933","27","0.297297297","0.594594595","S1 O11","de-protonated","0","-9999","C37 H22 O11 S1","37","22","11","-9999","-9999","1","-9999","-9999","-9999"
"4604","673.081477","673.081481612","673.082008568","2658594.8","-9999","305764.2","11.66","-1","-0.782899622","0.447372878","0.773979033","0.57801534","13","0.518518519","1.148148148","S2 P1 O14","de-protonated","0","-9999","C27 H31 O14 P1 S2","27","31","14","-9999","1","2","-9999","-9999","-9999"
"4604","673.081477","673.081481612","673.081139188","2658594.8","-9999","305764.2","11.66","-1","0.508741368","0.477061757","0.780512821","0.598442182","14","0.730769231","1.038461538","P1 O19","de-protonated","0","-9999","C26 H27 O19 P1","26","27","19","-9999","1","-9999","-9999","-9999","-9999"
"4604","673.081477","673.081481612","673.081495504","2658594.8","-9999","305764.2","11.66","-1","-0.020638511","0.499961358","0.698017357","0.579183757","31","0.075","0.575","N2 S2 P1 O3","de-protonated","0","-9999","C40 H23 O3 N2 P1 S2","40","23","3","2","1","2","-9999","-9999","-9999"
"4605","673.117885","673.117889598","673.117391756","3258702.5","-9999","277753.6","14.67","-1","0.739607283","0.940950838","0.924601729","0.934411194","26","0.263157895","0.684210526","S1 O10","de-protonated","0","-9999","C38 H26 O10 S1","38","26","10","-9999","-9999","1","-9999","-9999","-9999"
"4605","673.117885","673.117889598","673.118394077","3258702.5","-9999","277753.6","14.67","-1","-0.749465591","0.45155113","0.767553728","0.577952169","12","0.464285714","1.25","S2 P1 O13","de-protonated","0","-9999","C28 H35 O13 P1 S2","28","35","13","-9999","1","2","-9999","-9999","-9999"
"4605","673.117885","673.117889598","673.117524697","3258702.5","-9999","277753.6","14.67","-1","0.542105623","0.971552738","0.859341085","0.926668077","13","0.666666667","1.148148148","P1 O18","de-protonated","0","-9999","C27 H31 O18 P1","27","31","18","-9999","1","-9999","-9999","-9999","-9999"
"4605","673.117885","673.117889598","673.117881013","3258702.5","-9999","277753.6","14.67","-1","0.012754341","0.988178885","0.940533004","0.969120532","30","0.048780488","0.658536585","N2 S2 P1 O2","de-protonated","0","-9999","C41 H27 O2 N2 P1 S2","41","27","2","2","1","2","-9999","-9999","-9999"
"4606","673.154193","673.154197584","673.153777265","2269050.3","-9999","288272.3","9.7","-1","0.624402852","0.465850646","0.703327172","0.560841256","25","0.230769231","0.769230769","S1 O9","de-protonated","0","-9999","C39 H30 O9 S1","39","30","9","-9999","-9999","1","-9999","-9999","-9999"
"4606","673.154193","673.154197584","673.154779587","2269050.3","-9999","288272.3","9.7","-1","-0.864589362","0.436580389","0.761234226","0.566441924","11","0.413793103","1.344827586","S2 P1 O12","de-protonated","0","-9999","C29 H39 O12 P1 S2","29","39","12","-9999","1","2","-9999","-9999","-9999"
"4606","673.154193","673.154197584","673.153910207","2269050.3","-9999","288272.3","9.7","-1","0.426911891","0.483735559","0.767553728","0.597262827","12","0.607142857","1.25","P1 O17","de-protonated","0","-9999","C28 H35 O17 P1","28","35","17","-9999","1","-9999","-9999","-9999","-9999"
"4606","673.154193","673.154197584","673.154266522","2269050.3","-9999","288272.3","9.7","-1","-0.102410717","0.499049392","0.68763467","0.574483503","29","0.023809524","0.738095238","N2 S2 P1 O1","de-protonated","0","-9999","C42 H31 O1 N2 P1 S2","42","31","1","2","1","2","-9999","-9999","-9999"
"4607","673.190513","673.19051757","673.190162774","2397605.5","-9999","310148.7","10.35","-1","0.527036442","0.475424252","0.698017357","0.564461494","24","0.2","0.85","S1 O8","de-protonated","0","-9999","C40 H34 O8 S1","40","34","8","-9999","-9999","1","-9999","-9999","-9999"
"4607","673.190513","673.19051757","673.191165096","2397605.5","-9999","310148.7","10.35","-1","-0.961875149","0.422728904","0.755017935","0.555644516","10","0.366666667","1.433333333","S2 P1 O11","de-protonated","0","-9999","C30 H43 O11 P1 S2","30","43","11","-9999","1","2","-9999","-9999","-9999"
"4607","673.190513","673.19051757","673.190295716","2397605.5","-9999","310148.7","10.35","-1","0.329556173","0.49024313","0.761234226","0.598639568","11","0.551724138","1.344827586","P1 O16","de-protonated","0","-9999","C29 H39 O16 P1","29","39","16","-9999","1","-9999","-9999","-9999","-9999"
"4608","673.226927","673.226931556","673.226548284","2005969.3","-9999","259863.5","8.38","-1","0.569306605","0.471443263","0.692787115","0.559980804","23","0.170731707","0.926829268","S1 O7","de-protonated","0","-9999","C41 H38 O7 S1","41","38","7","-9999","-9999","1","-9999","-9999","-9999"
"4608","673.226927","673.226931556","673.227550605","2005969.3","-9999","259863.5","8.38","-1","-0.919524578","0.428884914","0.748902347","0.556891887","9","0.322580645","1.516129032","S2 P1 O10","de-protonated","0","-9999","C31 H47 O10 P1 S2","31","47","10","-9999","1","2","-9999","-9999","-9999"
"4608","673.226927","673.226931556","673.226681226","2005969.3","-9999","259863.5","8.38","-1","0.371837002","0.487612242","0.755017935","0.594574519","10","0.5","1.433333333","P1 O15","de-protonated","0","-9999","C30 H43 O15 P1","30","43","15","-9999","1","-9999","-9999","-9999","-9999"
"4609","673.263893","673.263897542","673.263936115","2555390","-9999","260857.3","11.14","-1","-0.057292419","0.499702293","0.742885034","0.59697539","8","0.28125","1.59375","S2 P1 O9","de-protonated","0","-9999","C32 H51 O9 P1 S2","32","51","9","-9999","1","2","-9999","-9999","-9999"
"4609","673.263893","673.263897542","673.264271204","2555390","-9999","260857.3","11.14","-1","-0.55500025099999994","0.472821206","0.6825583","0.556716043","27","0.046511628","0.88372093","N4 S1 O2","de-protonated","0","-9999","C43 H38 O2 N4 S1","43","38","2","4","-9999","1","-9999","-9999","-9999"
"4609","673.263893","673.263897542","673.264404145","2555390","-9999","260857.3","11.14","-1","-0.752458568","0.451182972","0.742885034","0.567863797","14","0.3125","1.34375","N4 P1 O10","de-protonated","0","-9999","C32 H43 O10 N4 P1","32","43","10","4","1","-9999","-9999","-9999","-9999"
"4609","673.263893","673.263897542","673.264132819","2555390","-9999","260857.3","11.14","-1","-0.349457811","0.489042524","0.807789663","0.616541379","0","0.681818182","2.272727273","N4 S2 O15","de-protonated","0","-9999","C22 H50 O15 N4 S2","22","50","15","4","-9999","2","-9999","-9999","-9999"
"4609","673.263893","673.263897542","673.263263439","2555390","-9999","260857.3","11.14","-1","0.941834338","0.425665443","0.81490939","0.581363022","1","0.952380952","2.19047619","N4 O20","de-protonated","0","-9999","C21 H46 O20 N4","21","46","20","4","-9999","-9999","-9999","-9999","-9999"
"4610","673.269044","673.26904854","673.26880702","2974211.8","-9999","253222.1","13.24","-1","0.358727326","0.48846036","0.725399619","0.583236063","13","0.314285714","1.314285714","S1 O11","de-protonated","0","-9999","C35 H46 O11 S1","35","46","11","-9999","-9999","1","-9999","-9999","-9999"
"4610","673.269044","673.26904854","673.268939962","2974211.8","-9999","253222.1","13.24","-1","0.161270159","0.497645994","0.793917021","0.616154405","0","0.791666667","2.125","P1 O19","de-protonated","0","-9999","C24 H51 O19 P1","24","51","19","-9999","1","-9999","-9999","-9999","-9999"
"4610","673.269044","673.26904854","673.269296277","2974211.8","-9999","253222.1","13.24","-1","-0.367961873","0.487865954","0.70871839","0.576206928","17","0.078947368","1.236842105","N2 S2 P1 O3","de-protonated","0","-9999","C38 H47 O3 N2 P1 S2","38","47","3","2","1","2","-9999","-9999","-9999"
"4610","673.269044","673.26904854","673.268426897","2974211.8","-9999","253222.1","13.24","-1","0.923320349","0.428340902","0.714192896","0.5426817","18","0.216216216","1.162162162","N2 P1 O8","de-protonated","0","-9999","C37 H43 O8 N2 P1","37","43","8","2","1","-9999","-9999","-9999","-9999"
"4611","673.273584","673.273588538","673.273319029","5875209","-9999","273646.9","27.8","-1","0.400296293","0.46888964","0.859061949","0.624958564","21","0.023255814","1.093023256","S2 P1 O1","de-protonated","0","-9999","C43 H47 O1 P1 S2","43","47","1","-9999","1","2","-9999","-9999","-9999"
"4611","673.273584","673.273588538","673.274167182","5875209","-9999","273646.9","27.8","-1","-0.859448326","0.609315467","0.906339161","0.728124945","22","0.12195122","1.024390244","N2 S1 O5","de-protonated","0","-9999","C41 H42 O5 N2 S1","41","42","5","2","-9999","1","-9999","-9999","-9999"
"4611","673.273584","673.273588538","673.27378706","5875209","-9999","273646.9","27.8","-1","-0.294860486","0.661293316","0.893377173","0.754126859","27","0.046511628","0.906976744","N4 P1 O2","de-protonated","0","-9999","C43 H39 O2 N4 P1","43","39","2","4","1","-9999","-9999","-9999","-9999"
"4611","673.273584","673.273588538","673.27351573399994","5875209","-9999","273646.9","27.8","-1","0.10813484","0.653766295","0.938134008","0.76751338","13","0.212121212","1.393939394","N4 S2 O7","de-protonated","0","-9999","C33 H46 O7 N4 S2","33","46","7","4","-9999","2","-9999","-9999","-9999"
"4611","673.273584","673.273588538","673.273648675","5875209","-9999","273646.9","27.8","-1","-0.089320897","0.993364529","0.935488235","0.970214011","0","0.681818182","2.318181818","N4 S1 P1 O15","de-protonated","0","-9999","C22 H51 O15 N4 P1 S1","22","51","15","4","1","1","-9999","-9999","-9999"
"4612","673.277038","673.27704253700006","673.27718217","6112781.5","-9999","322952.3","28.99","-1","-0.207393619","0.995841954","0.96840422","0.98486686","0","0.875","2.083333333","O21","de-protonated","0","-9999","C24 H50 O21","24","50","21","-9999","-9999","-9999","-9999","-9999","-9999"
"4612","673.277038","673.27704253700006","673.277538486","6112781.5","-9999","322952.3","28.99","-1","-0.736618977","0.461601845","0.869503372","0.624762455","17","0.131578947","1.210526316","N2 S2 O5","de-protonated","0","-9999","C38 H46 O5 N2 S2","38","46","5","2","-9999","2","-9999","-9999","-9999"
"4612","673.277038","673.27704253700006","673.276669106","6112781.5","-9999","322952.3","28.99","-1","0.554646961","0.929590314","0.951871656","0.93850285","18","0.27027027","1.135135135","N2 O10","de-protonated","0","-9999","C37 H42 O10 N2","37","42","10","2","-9999","-9999","-9999","-9999","-9999"
"4612","673.277038","673.27704253700006","673.276444637","6112781.5","-9999","322952.3","28.99","-1","0.888044596","0.545651189","0.877216978","0.678277504","4","0.357142857","1.892857143","N2 S1 34S1 P1 O10","de-protonated","1","4600","C28 H53 O10 N2 P1 S1 34S1","28","53","10","2","1","1","-9999","-9999","1"
"4612","673.277038","673.27704253700006","673.277671427","6112781.5","-9999","322952.3","28.99","-1","-0.934073367","0.874499495","0.98834220800000006","0.92003658","4","0.481481481","1.888888889","N2 S1 P1 O13","de-protonated","0","-9999","C27 H51 O13 N2 P1 S1","27","51","13","2","1","1","-9999","-9999","-9999"
"4612","673.277038","673.27704253700006","673.277158363","6112781.5","-9999","322952.3","28.99","-1","-0.172033894","0.66485878","0.893901202","0.756475749","22","0.05","1.075","N4 S1 P1 O2","de-protonated","0","-9999","C40 H43 O2 N4 P1 S1","40","43","2","4","1","1","-9999","-9999","-9999"
"4613","673.281628","673.281632535","673.281561238","17002002","-9999","249141.3","83.63","-1","0.105895094","0.396423794","0.820498984","0.56605387","21","0.069767442","1.069767442","S2 O3","de-protonated","0","-9999","C43 H46 O3 S2","43","46","3","-9999","-9999","2","-9999","-9999","-9999"
"4613","673.281628","673.281632535","673.281694179","17002002","-9999","249141.3","83.63","-1","-0.091558283","0.499170778","0.923083423","0.668735836","8","0.34375","1.59375","S1 P1 O11","de-protonated","0","-9999","C32 H51 O11 P1 S1","32","51","11","-9999","1","1","-9999","-9999","-9999"
"4613","673.281628","673.281632535","673.282029268","17002002","-9999","249141.3","83.63","-1","-0.589252971","0.636897735","0.869543982","0.729956234","27","0.093023256","0.88372093","N4 O4","de-protonated","0","-9999","C43 H38 O4 N4","43","38","4","4","-9999","-9999","-9999","-9999","-9999"
"4613","673.281628","673.281632535","673.281890884","17002002","-9999","249141.3","83.63","-1","-0.383715959","0.491739942","0.939530142","0.670856022","0","0.772727273","2.272727273","N4 S1 O17","de-protonated","0","-9999","C22 H50 O17 N4 S1","22","50","17","4","-9999","1","-9999","-9999","-9999"
"4614","673.344705","673.344709511","673.345220668","2409054.8","-9999","290419.1","10.41","-1","-0.759131416","0.450357971","0.677556332","0.541237315","20","0.090909091","1.159090909","P1 O4","de-protonated","0","-9999","C44 H51 O4 P1","44","51","4","-9999","1","-9999","-9999","-9999","-9999"
"4614","673.344705","673.344709511","673.344949342","2409054.8","-9999","290419.1","10.41","-1","-0.35617903","0.488621853","0.73113591","0.585627476","6","0.264705882","1.705882353","S2 O9","de-protonated","0","-9999","C34 H58 O9 S2","34","58","9","-9999","-9999","2","-9999","-9999","-9999"
"4614","673.344705","673.344709511","673.344079962","2409054.8","-9999","290419.1","10.41","-1","0.934958126","0.426663364","0.736963647","0.550783478","7","0.424242424","1.636363636","O14","de-protonated","0","-9999","C33 H54 O14","33","54","14","-9999","-9999","-9999","-9999","-9999","-9999"
"4614","673.344705","673.344709511","673.344569219","2409054.8","-9999","290419.1","10.41","-1","0.208349745","0.496077161","0.719752637","0.585547351","11","0.166666667","1.527777778","N2 S1 P1 O6","de-protonated","0","-9999","C36 H55 O6 N2 P1 S1","36","55","6","2","1","1","-9999","-9999","-9999"
"4615","673.352569","673.352573508","673.351963275","6895208","-9999","258469.1","32.92","-1","0.906261276","0.21538678","0.631824613","0.381961913","10","0.105263158","1.552631579","S2 P1 O4","de-protonated","0","-9999","C38 H59 O4 P1 S2","38","59","4","-9999","1","2","-9999","-9999","-9999"
"4615","673.352569","673.352573508","673.352675082","6895208","-9999","258469.1","32.92","-1","-0.150849242","0.497939779","0.899130999","0.658416267","11","0.162162162","1.513513514","13C1 N1 S1 P1 O6","de-protonated","1","4603","C36 H56 O6 N1 P1 S1 13C1","36","56","6","1","1","1","1","-9999","-9999"
"4615","673.352569","673.352573508","673.352811428","6895208","-9999","258469.1","32.92","-1","-0.353336849","0.325867116","0.683497284","0.468919183","11","0.222222222","1.5","N2 S1 O8","de-protonated","0","-9999","C36 H54 O8 N2 S1","36","54","8","2","-9999","1","-9999","-9999","-9999"
"4615","673.352569","673.352573508","673.352023634","6895208","-9999","258469.1","32.92","-1","0.816621796","0.354412558","0.888385815","0.56800186","2","0.275862069","2.068965517","13C1 N3 S2 P1 O8","de-protonated","1","4603","C28 H60 O8 N3 P1 S2 13C1","28","60","8","3","1","2","1","-9999","-9999"
"4615","673.352569","673.352573508","673.352431305","6895208","-9999","258469.1","32.92","-1","0.211185336","0.330646727","0.669687134","0.46626289","16","0.131578947","1.342105263","N4 P1 O5","de-protonated","0","-9999","C38 H51 O5 N4 P1","38","51","5","4","1","-9999","-9999","-9999","-9999"
"4615","673.352569","673.352573508","673.352159979","6895208","-9999","258469.1","32.92","-1","0.614133798","0.311284643","0.718223892","0.474060343","2","0.357142857","2.071428571","N4 S2 O10","de-protonated","0","-9999","C28 H58 O10 N4 S2","28","58","10","4","-9999","2","-9999","-9999","-9999"
"4616","674.120987","674.12099121","674.120746591","1886724.6","-9999","350791.2","7.78","-1","0.362872186","0.976390688","0.924601729","0.955675104","26","0.263157895","0.684210526","13C1 S1 O10","de-protonated","1","4605","C37 H26 O10 S1 13C1","37","26","10","-9999","-9999","1","1","-9999","-9999"
"4616","674.120987","674.12099121","674.120879533","1886724.6","-9999","350791.2","7.78","-1","0.16566456","0.995032566","0.859341085","0.940755973","13","0.666666667","1.148148148","13C1 P1 O18","de-protonated","1","4605","C26 H31 O18 P1 13C1","26","31","18","-9999","1","-9999","1","-9999","-9999"
"4616","674.120987","674.12099121","674.121015878","1886724.6","-9999","350791.2","7.78","-1","-0.036592363","0.499878535","0.780512821","0.612132249","13","0.769230769","1.115384615","N1 O20","de-protonated","0","-9999","C26 H29 O20 N1","26","29","20","1","-9999","-9999","-9999","-9999","-9999"
"4616","674.120987","674.12099121","674.121235848","1886724.6","-9999","350791.2","7.78","-1","-0.362898642","0.976387286","0.940533004","0.962045573","30","0.048780488","0.658536585","13C1 N2 S2 P1 O2","de-protonated","1","4605","C40 H27 O2 N2 P1 S2 13C1","40","27","2","2","1","2","1","-9999","-9999"
"4616","674.120987","674.12099121","674.121372194","1886724.6","-9999","350791.2","7.78","-1","-0.565155351","0.471846294","0.698017357","0.562314719","30","0.1","0.625","N3 S2 O4","de-protonated","0","-9999","C40 H25 O4 N3 S2","40","25","4","3","-9999","2","-9999","-9999","-9999"
"4616","674.120987","674.12099121","674.120502814","1886724.6","-9999","350791.2","7.78","-1","0.724494459","0.454576899","0.703327172","0.554077008","31","0.230769231","0.538461538","N3 O9","de-protonated","0","-9999","C39 H21 O9 N3","39","21","9","3","-9999","-9999","-9999","-9999","-9999"
"4616","674.120987","674.12099121","674.121505136","1886724.6","-9999","350791.2","7.78","-1","-0.762362611","0.44995641","0.761234226","0.574467536","17","0.413793103","1.034482759","N3 S1 P1 O12","de-protonated","0","-9999","C29 H30 O12 N3 P1 S1","29","30","12","3","1","1","-9999","-9999","-9999"
"4617","674.277172","674.27717615","674.276673864","2029249.1","-9999","326312.9","8.49","-1","0.744925325","0.452107385","0.859061949","0.614889211","21","0.023255814","1.093023256","13C1 S2 P1 O1","de-protonated","1","4611","C42 H47 O1 P1 S2 13C1","42","47","1","-9999","1","2","1","-9999","-9999"
"4617","674.277172","674.27717615","674.27681021","2029249.1","-9999","326312.9","8.49","-1","0.542715016","0.473979597","0.68763467","0.559441626","21","0.071428571","1.071428571","N1 S2 O3","de-protonated","0","-9999","C42 H45 O3 N1 S2","42","45","3","1","-9999","2","-9999","-9999","-9999"
"4617","674.277172","674.27717615","674.276943152","2029249.1","-9999","326312.9","8.49","-1","0.345552999","0.489283403","0.748902347","0.59313098","8","0.35483871","1.612903226","N1 S1 P1 O11","de-protonated","0","-9999","C31 H50 O11 N1 P1 S1","31","50","11","1","1","1","-9999","-9999","-9999"
"4617","674.277172","674.27717615","674.277522018","2029249.1","-9999","326312.9","8.49","-1","-0.512945173","0.635586826","0.906339161","0.74388776","22","0.12195122","1.024390244","13C1 N2 S1 O5","de-protonated","1","4611","C40 H42 O5 N2 S1 13C1","40","42","5","2","-9999","1","1","-9999","-9999"
"4617","674.277172","674.27717615","674.277791305","2029249.1","-9999","326312.9","8.49","-1","-0.912316493","0.429913694","0.761234226","0.562441907","9","0.517241379","1.551724138","N3 O15","de-protonated","0","-9999","C29 H45 O15 N3","29","45","15","3","-9999","-9999","-9999","-9999","-9999"
"4617","674.277172","674.27717615","674.277141895","2029249.1","-9999","326312.9","8.49","-1","0.050802731","0.666354537","0.893377173","0.757163591","27","0.046511628","0.906976744","13C1 N4 P1 O2","de-protonated","1","4611","C42 H39 O2 N4 P1 13C1","42","39","2","4","1","-9999","1","-9999","-9999"
"4617","674.277172","674.27717615","674.276870569","2029249.1","-9999","326312.9","8.49","-1","0.45319852","0.642278895","0.938134008","0.76062094","13","0.212121212","1.393939394","13C1 N4 S2 O7","de-protonated","1","4611","C32 H46 O7 N4 S2 13C1","32","46","7","4","-9999","2","1","-9999","-9999"
"4617","674.277172","674.27717615","674.277003511","2029249.1","-9999","326312.9","8.49","-1","0.256036539","0.988175648","0.935488235","0.967100683","0","0.681818182","2.318181818","13C1 N4 S1 P1 O15","de-protonated","1","4611","C21 H51 O15 N4 P1 S1 13C1","21","51","15","4","1","1","1","-9999","-9999"
"4618","674.280496","674.280500149","674.280537005","1905861","-9999","320413.2","7.87","-1","-0.054660313","0.999458024","0.96840422","0.987036502","0","0.875","2.083333333","13C1 O21","de-protonated","1","4612","C23 H50 O21 13C1","23","50","21","-9999","-9999","-9999","1","-9999","-9999"
"4618","674.280496","674.280500149","674.280314455","1905861","-9999","320413.2","7.87","-1","0.275395575","0.493166347","0.767553728","0.6029213","3","0.392857143","1.928571429","N1 S2 P1 O11","de-protonated","0","-9999","C28 H54 O11 N1 P1 S2","28","54","11","1","1","2","-9999","-9999","-9999"
"4618","674.280496","674.280500149","674.280893321","1905861","-9999","320413.2","7.87","-1","-0.583098244","0.470085644","0.869503372","0.629852735","17","0.131578947","1.210526316","13C1 N2 S2 O5","de-protonated","1","4612","C37 H46 O5 N2 S2 13C1","37","46","5","2","-9999","2","1","-9999","-9999"
"4618","674.280496","674.280500149","674.280023941","1905861","-9999","320413.2","7.87","-1","0.706246438","0.913470947","0.951871656","0.928831231","18","0.27027027","1.135135135","13C1 N2 O10","de-protonated","1","4612","C36 H42 O10 N2 13C1","36","42","10","2","-9999","-9999","1","-9999","-9999"
"4618","674.280496","674.280500149","674.281026263","1905861","-9999","320413.2","7.87","-1","-0.780258845","0.895416181","0.98834220800000006","0.932586592","4","0.481481481","1.888888889","13C1 N2 S1 P1 O13","de-protonated","1","4612","C26 H51 O13 N2 P1 S1 13C1","26","51","13","2","1","1","1","-9999","-9999"
"4618","674.280496","674.280500149","674.279935818","1905861","-9999","320413.2","7.87","-1","0.836938584","0.587097849","0.788618877","0.66770626","4","0.444444444","1.888888889","N3 S1 34S1 O12","de-protonated","1","4601","C27 H51 O12 N3 S1 34S1","27","51","12","3","-9999","1","-9999","-9999","1"
"4618","674.280496","674.280500149","674.281162608","1905861","-9999","320413.2","7.87","-1","-0.98246754","0.419668923","0.780512821","0.564006482","4","0.576923077","1.884615385","N3 S1 O15","de-protonated","0","-9999","C26 H49 O15 N3 S1","26","49","15","3","-9999","1","-9999","-9999","-9999"
"4618","674.280496","674.280500149","674.280513198","1905861","-9999","320413.2","7.87","-1","-0.019353199","0.666621361","0.893901202","0.757533297","22","0.05","1.075","13C1 N4 S1 P1 O2","de-protonated","1","4612","C39 H43 O2 N4 P1 S1 13C1","39","43","2","4","1","1","1","-9999","-9999"
"4619","674.285112","674.285116147","674.284916073","5161674.5","-9999","268353.7","24.21","-1","0.296720579","0.393660649","0.820498984","0.564395983","21","0.069767442","1.069767442","13C1 S2 O3","de-protonated","1","4613","C42 H46 O3 S2 13C1","42","46","3","-9999","-9999","2","1","-9999","-9999"
"4619","674.285112","674.285116147","674.285049015","5161674.5","-9999","268353.7","24.21","-1","0.09956098","0.499101513","0.923083423","0.668694277","8","0.34375","1.59375","13C1 S1 P1 O11","de-protonated","1","4613","C31 H51 O11 P1 S1 13C1","31","51","11","-9999","1","1","1","-9999","-9999"
"4619","674.285112","674.285116147","674.28518536","5161674.5","-9999","268353.7","24.21","-1","-0.102646686","0.49904501","0.748902347","0.598987945","8","0.419354839","1.580645161","N1 S1 O13","de-protonated","0","-9999","C31 H49 O13 N1 S1","31","49","13","1","-9999","1","-9999","-9999","-9999"
"4619","674.285112","674.285116147","674.284672296","5161674.5","-9999","268353.7","24.21","-1","0.658254783","0.308129883","0.630296418","0.436996497","26","0.045454545","0.931818182","N3 S1 O2","de-protonated","0","-9999","C44 H41 O2 N3 S1","44","41","2","3","-9999","1","-9999","-9999","-9999"
"4619","674.285112","674.285116147","674.285674618","5161674.5","-9999","268353.7","24.21","-1","-0.828240181","0.441482156","0.73113591","0.557343658","12","0.147058824","1.470588235","N3 S2 P1 O5","de-protonated","0","-9999","C34 H50 O5 N3 P1 S2","34","50","5","3","1","2","-9999","-9999","-9999"
"4619","674.285112","674.285116147","674.284805238","5161674.5","-9999","268353.7","24.21","-1","0.461095042","0.481078539","0.736963647","0.583432583","13","0.303030303","1.393939394","N3 P1 O10","de-protonated","0","-9999","C33 H46 O10 N3 P1","33","46","10","3","1","-9999","-9999","-9999","-9999"
"4619","674.285112","674.285116147","674.285384103","5161674.5","-9999","268353.7","24.21","-1","-0.397393219","0.647834683","0.869543982","0.736518403","27","0.093023256","0.88372093","13C1 N4 O4","de-protonated","1","4613","C42 H38 O4 N4 13C1","42","38","4","4","-9999","-9999","1","-9999","-9999"
"4619","674.285112","674.285116147","674.285245719","5161674.5","-9999","268353.7","24.21","-1","-0.192162012","0.496661089","0.939530142","0.67380871","0","0.772727273","2.272727273","13C1 N4 S1 O17","de-protonated","1","4613","C21 H50 O17 N4 S1 13C1","21","50","17","4","-9999","1","1","-9999","-9999"
"4620","675.097124","675.097127833","675.097797017","3700385.3","-9999","282759.7","16.87","-1","-0.991239736","0.278901718","0.605653763","0.409602536","39","0.020833333","0.4375","S1 P1 O1","de-protonated","0","-9999","C48 H21 O1 P1 S1","48","21","1","-9999","1","1","-9999","-9999","-9999"
"4620","675.097124","675.097127833","675.096656311","3700385.3","-9999","282759.7","16.87","-1","0.698451493","0.457643809","0.714192896","0.560263444","26","0.297297297","0.648648649","S1 O11","de-protonated","0","-9999","C37 H24 O11 S1","37","24","11","-9999","-9999","1","-9999","-9999","-9999"
"4620","675.097124","675.097127833","675.097658632","3700385.3","-9999","282759.7","16.87","-1","-0.786255626","0.446945606","0.773979033","0.577758977","12","0.518518519","1.222222222","S2 P1 O14","de-protonated","0","-9999","C27 H33 O14 P1 S2","27","33","14","-9999","1","2","-9999","-9999","-9999"
"4620","675.097124","675.097127833","675.096789253","3700385.3","-9999","282759.7","16.87","-1","0.501528882","0.477692915","0.780512821","0.598820877","13","0.730769231","1.115384615","P1 O19","de-protonated","0","-9999","C26 H29 O19 P1","26","29","19","-9999","1","-9999","-9999","-9999","-9999"
"4620","675.097124","675.097127833","675.097145568","3700385.3","-9999","282759.7","16.87","-1","-0.026270415","0.499937392","0.698017357","0.579169378","30","0.075","0.625","N2 S2 P1 O3","de-protonated","0","-9999","C40 H25 O3 N2 P1 S2","40","25","3","2","1","2","-9999","-9999","-9999"
"4621","675.133243","675.133246819","675.13304182","3445453.5","-9999","262218.8","15.59","-1","0.303642307","0.491704917","0.70871839","0.578510306","25","0.263157895","0.736842105","S1 O10","de-protonated","0","-9999","C38 H28 O10 S1","38","28","10","-9999","-9999","1","-9999","-9999","-9999"
"4621","675.133243","675.133246819","675.133174762","3445453.5","-9999","262218.8","15.59","-1","0.106730386","0.498967592","0.773979033","0.608972169","12","0.666666667","1.222222222","P1 O18","de-protonated","0","-9999","C27 H33 O18 P1","27","33","18","-9999","1","-9999","-9999","-9999","-9999"
"4621","675.133243","675.133246819","675.133531078","3445453.5","-9999","262218.8","15.59","-1","-0.421040257","0.484172768","0.692787115","0.567618507","29","0.048780488","0.707317073","N2 S2 P1 O2","de-protonated","0","-9999","C41 H29 O2 N2 P1 S2","41","29","2","2","1","2","-9999","-9999","-9999"
"4621","675.133243","675.133246819","675.132661698","3445453.5","-9999","262218.8","15.59","-1","0.866676296","0.436294269","0.698017357","0.540983504","30","0.175","0.625","N2 P1 O7","de-protonated","0","-9999","C40 H25 O7 N2 P1","40","25","7","2","1","-9999","-9999","-9999","-9999"
"4622","675.169616","675.169619805","675.16942733","2280185.5","-9999","256529.8","9.75","-1","0.285077397","0.492681008","0.703327172","0.576939474","24","0.230769231","0.820512821","S1 O9","de-protonated","0","-9999","C39 H32 O9 S1","39","32","9","-9999","-9999","1","-9999","-9999","-9999"
"4622","675.169616","675.169619805","675.169560271","2280185.5","-9999","256529.8","9.75","-1","0.088176092","0.499295113","0.767553728","0.606598559","11","0.607142857","1.321428571","P1 O17","de-protonated","0","-9999","C28 H37 O17 P1","28","37","17","-9999","1","-9999","-9999","-9999","-9999"
"4622","675.169616","675.169619805","675.169916587","2280185.5","-9999","256529.8","9.75","-1","-0.439566099","0.482774119","0.68763467","0.564718339","28","0.023809524","0.785714286","N2 S2 P1 O1","de-protonated","0","-9999","C42 H33 O1 N2 P1 S2","42","33","1","2","1","2","-9999","-9999","-9999"
"4622","675.169616","675.169619805","675.169047207","2280185.5","-9999","256529.8","9.75","-1","0.848081033","0.438825871","0.692787115","0.540410368","29","0.146341463","0.707317073","N2 P1 O6","de-protonated","0","-9999","C41 H29 O6 N2 P1","41","29","6","2","1","-9999","-9999","-9999","-9999"
"4623","675.206141","675.206144791","675.205812839","2275109.8","-9999","318458.5","9.72","-1","0.491630947","0.478545728","0.698017357","0.56633438","23","0.2","0.9","S1 O8","de-protonated","0","-9999","C40 H36 O8 S1","40","36","8","-9999","-9999","1","-9999","-9999","-9999"
"4623","675.206141","675.206144791","675.206815161","2275109.8","-9999","318458.5","9.72","-1","-0.992835842","0.418112257","0.755017935","0.552874528","9","0.366666667","1.5","S2 P1 O11","de-protonated","0","-9999","C30 H45 O11 P1 S2","30","45","11","-9999","1","2","-9999","-9999","-9999"
"4623","675.206141","675.206144791","675.205945781","2275109.8","-9999","318458.5","9.72","-1","0.294740211","0.492180405","0.761234226","0.599801933","10","0.551724138","1.413793103","P1 O16","de-protonated","0","-9999","C29 H41 O16 P1","29","41","16","-9999","1","-9999","-9999","-9999","-9999"
"4624","675.242625","675.242628777","675.242198348","2012498.3","-9999","304873","8.4","-1","0.637443305","0.464461808","0.692787115","0.555791931","22","0.170731707","0.975609756","S1 O7","de-protonated","0","-9999","C41 H40 O7 S1","41","40","7","-9999","-9999","1","-9999","-9999","-9999"
"4624","675.242625","675.242628777","675.24320067","2012498.3","-9999","304873","8.4","-1","-0.846943709","0.438979397","0.748902347","0.562948577","8","0.322580645","1.580645161","S2 P1 O10","de-protonated","0","-9999","C31 H49 O10 P1 S2","31","49","10","-9999","1","2","-9999","-9999","-9999"
"4624","675.242625","675.242628777","675.24233129","2012498.3","-9999","304873","8.4","-1","0.440563151","0.482697254","0.755017935","0.591625526","9","0.5","1.5","P1 O15","de-protonated","0","-9999","C30 H45 O15 P1","30","45","15","-9999","1","-9999","-9999","-9999","-9999"
"4625","676.319224","676.319227361","676.319734195","2958450.3","-9999","258504.3","13.14","-1","-0.749401066","0.451559055","0.68763467","0.545989301","20","0.119047619","1.142857143","N1 P1 O5","de-protonated","0","-9999","C42 H48 O5 N1 P1","42","48","5","1","1","-9999","-9999","-9999","-9999"
"4625","676.319224","676.319227361","676.319462869","2958450.3","-9999","258504.3","13.14","-1","-0.348220897","0.489119106","0.742885034","0.590625478","6","0.3125","1.71875","N1 S2 O10","de-protonated","0","-9999","C32 H55 O10 N1 S2","32","55","10","1","-9999","2","-9999","-9999","-9999"
"4625","676.319224","676.319227361","676.318593489","2958450.3","-9999","258504.3","13.14","-1","0.937237725","0.426333085","0.748902347","0.55536079","7","0.483870968","1.64516129","N1 O15","de-protonated","0","-9999","C31 H51 O15 N1","31","51","15","1","-9999","-9999","-9999","-9999","-9999"
"4625","676.319224","676.319227361","676.319082747","2958450.3","-9999","258504.3","13.14","-1","0.213825033","0.495869138","0.73113591","0.589975847","11","0.205882353","1.529411765","N3 S1 P1 O7","de-protonated","0","-9999","C34 H52 O7 N3 P1 S1","34","52","7","3","1","1","-9999","-9999","-9999"
"4626","677.076417","677.076420068","677.077061572","3335186.5","-9999","291321.7","15.03","-1","-0.947460897","0.424845193","0.662980834","0.520099449","39","0.042553191","0.404255319","S1 P1 O2","de-protonated","0","-9999","C47 H19 O2 P1 S1","47","19","2","-9999","1","1","-9999","-9999","-9999"
"4626","677.076417","677.076420068","677.075920866","3335186.5","-9999","291321.7","15.03","-1","0.73729101","0.453036615","0.719752637","0.559723024","26","0.333333333","0.611111111","S1 O12","de-protonated","0","-9999","C36 H22 O12 S1","36","22","12","-9999","-9999","1","-9999","-9999","-9999"
"4626","677.076417","677.076420068","677.076923188","3335186.5","-9999","291321.7","15.03","-1","-0.743075998","0.452333184","0.780512821","0.583605038","12","0.576923077","1.192307692","S2 P1 O15","de-protonated","0","-9999","C26 H31 O15 P1 S2","26","31","15","-9999","1","2","-9999","-9999","-9999"
"4626","677.076417","677.076420068","677.076053808","3335186.5","-9999","291321.7","15.03","-1","0.540944045","0.474144677","0.787157861","0.599349951","13","0.8","1.08","P1 O20","de-protonated","0","-9999","C25 H27 O20 P1","25","27","20","-9999","1","-9999","-9999","-9999","-9999"
"4626","677.076417","677.076420068","677.076410123","3335186.5","-9999","291321.7","15.03","-1","0.014687618","0.499980429","0.703327172","0.581319126","30","0.102564103","0.58974359","N2 S2 P1 O4","de-protonated","0","-9999","C39 H23 O4 N2 P1 S2","39","23","4","2","1","2","-9999","-9999","-9999"
"4627","677.112787","677.112790054","677.113447081","4041791.3","-9999","288281.2","18.58","-1","-0.970335848","0.280984548","0.605653763","0.410852234","38","0.020833333","0.479166667","S1 P1 O1","de-protonated","0","-9999","C48 H23 O1 P1 S1","48","23","1","-9999","1","1","-9999","-9999","-9999"
"4627","677.112787","677.112790054","677.112306375","4041791.3","-9999","288281.2","18.58","-1","0.714325489","0.455785328","0.714192896","0.559148356","25","0.297297297","0.702702703","S1 O11","de-protonated","0","-9999","C37 H26 O11 S1","37","26","11","-9999","-9999","1","-9999","-9999","-9999"
"4627","677.112787","677.112790054","677.113308697","4041791.3","-9999","288281.2","18.58","-1","-0.765961936","0.449507516","0.773979033","0.579296123","11","0.518518519","1.296296296","S2 P1 O14","de-protonated","0","-9999","C27 H35 O14 P1 S2","27","35","14","-9999","1","2","-9999","-9999","-9999"
"4627","677.112787","677.112790054","677.112439317","4041791.3","-9999","288281.2","18.58","-1","0.51798908","0.476240564","0.780512821","0.597949467","12","0.730769231","1.192307692","P1 O19","de-protonated","0","-9999","C26 H31 O19 P1","26","31","19","-9999","1","-9999","-9999","-9999","-9999"
"4627","677.112787","677.112790054","677.112795633","4041791.3","-9999","288281.2","18.58","-1","-0.008239057","0.499993841","0.698017357","0.579203248","29","0.075","0.675","N2 S2 P1 O3","de-protonated","0","-9999","C40 H27 O3 N2 P1 S2","40","27","3","2","1","2","-9999","-9999","-9999"
"4628","677.148855","677.14885804","677.148691885","3117163.5","-9999","258182.3","13.94","-1","0.24537489","0.494567322","0.70871839","0.580227749","24","0.263157895","0.789473684","S1 O10","de-protonated","0","-9999","C38 H30 O10 S1","38","30","10","-9999","-9999","1","-9999","-9999","-9999"
"4628","677.148855","677.14885804","677.148824826","3117163.5","-9999","258182.3","13.94","-1","0.049049123","0.499781782","0.773979033","0.609460682","11","0.666666667","1.296296296","P1 O18","de-protonated","0","-9999","C27 H35 O18 P1","27","35","18","-9999","1","-9999","-9999","-9999","-9999"
"4628","677.148855","677.14885804","677.149181142","3117163.5","-9999","258182.3","13.94","-1","-0.477150491","0.479765386","0.692787115","0.564974078","28","0.048780488","0.756097561","N2 S2 P1 O2","de-protonated","0","-9999","C41 H31 O2 N2 P1 S2","41","31","2","2","1","2","-9999","-9999","-9999"
"4628","677.148855","677.14885804","677.148311762","3117163.5","-9999","258182.3","13.94","-1","0.806732878","0.44430801","0.698017357","0.545791749","29","0.175","0.675","N2 P1 O7","de-protonated","0","-9999","C40 H27 O7 N2 P1","40","27","7","2","1","-9999","-9999","-9999","-9999"
"4629","677.185497","677.185500026","677.185077394","2195608.8","-9999","350649","9.31","-1","0.624100833","0.46588252","0.703327172","0.560860381","23","0.230769231","0.871794872","S1 O9","de-protonated","0","-9999","C39 H34 O9 S1","39","34","9","-9999","-9999","1","-9999","-9999","-9999"
"4629","677.185497","677.185500026","677.186079716","2195608.8","-9999","350649","9.31","-1","-0.856027386","0.437748965","0.761234226","0.567143069","9","0.413793103","1.482758621","S2 P1 O12","de-protonated","0","-9999","C29 H43 O12 P1 S2","29","43","12","-9999","1","2","-9999","-9999","-9999"
"4629","677.185497","677.185500026","677.185210336","2195608.8","-9999","350649","9.31","-1","0.42778554","0.483670023","0.767553728","0.597223505","10","0.607142857","1.392857143","P1 O17","de-protonated","0","-9999","C28 H39 O17 P1","28","39","17","-9999","1","-9999","-9999","-9999","-9999"
"4629","677.185497","677.185500026","677.185566651","2195608.8","-9999","350649","9.31","-1","-0.098386","0.499122577","0.68763467","0.574527414","27","0.023809524","0.833333333","N2 S2 P1 O1","de-protonated","0","-9999","C42 H35 O1 N2 P1 S2","42","35","1","2","1","2","-9999","-9999","-9999"
"4630","677.253036","677.253039","677.252977508","3483883.8","-9999","318235.3","15.77","-1","0.090796398","0.499252629","0.70871839","0.583038933","16","0.131578947","1.236842105","S2 P1 O5","de-protonated","0","-9999","C38 H47 O5 P1 S2","38","47","5","-9999","1","2","-9999","-9999","-9999"
"4630","677.253036","677.253039","677.253445538","3483883.8","-9999","318235.3","15.77","-1","-0.600275306","0.468355027","0.70871839","0.564500372","22","0.157894737","1.026315789","N4 P1 O6","de-protonated","0","-9999","C38 H39 O6 N4 P1","38","39","6","4","1","-9999","-9999","-9999","-9999"
"4630","677.253036","677.253039","677.253174212","3483883.8","-9999","318235.3","15.77","-1","-0.199648173","0.496396828","0.767553728","0.604859588","8","0.392857143","1.642857143","N4 S2 O11","de-protonated","0","-9999","C28 H46 O11 N4 S2","28","46","11","4","-9999","2","-9999","-9999","-9999"
"4631","677.351019","677.351021962","677.351368677","2634084.3","-9999","304625.2","11.51","-1","-0.511868986","0.476785524","0.68763467","0.561125182","19","0.095238095","1.214285714","N2 P1 O4","de-protonated","0","-9999","C42 H51 O4 N2 P1","42","51","4","2","1","-9999","-9999","-9999","-9999"
"4631","677.351019","677.351021962","677.351097351","2634084.3","-9999","304625.2","11.51","-1","-0.111299735","0.498877402","0.742885034","0.596480455","5","0.28125","1.8125","N2 S2 O9","de-protonated","0","-9999","C32 H58 O9 N2 S2","32","58","9","2","-9999","2","-9999","-9999","-9999"
"4631","677.351019","677.351021962","677.350717228","2634084.3","-9999","304625.2","11.51","-1","0.449890307","0.481970376","0.73113591","0.581636589","10","0.176470588","1.617647059","N4 S1 P1 O6","de-protonated","0","-9999","C34 H55 O6 N4 P1 S1","34","55","6","4","1","1","-9999","-9999","-9999"
"4632","679.092128","679.092130289","679.092711636","3363279.8","-9999","227044.8","15.16","-1","-0.856065361","0.437743801","0.662980834","0.527838614","38","0.042553191","0.446808511","S1 P1 O2","de-protonated","0","-9999","C47 H21 O2 P1 S1","47","21","2","-9999","1","1","-9999","-9999","-9999"
"4632","679.092128","679.092130289","679.09157093","3363279.8","-9999","227044.8","15.16","-1","0.823686093","0.442085209","0.719752637","0.55315218","25","0.333333333","0.666666667","S1 O12","de-protonated","0","-9999","C36 H24 O12 S1","36","24","12","-9999","-9999","1","-9999","-9999","-9999"
"4632","679.092128","679.092130289","679.092573252","3363279.8","-9999","227044.8","15.16","-1","-0.652287088","0.462851188","0.780512821","0.589915841","11","0.576923077","1.269230769","S2 P1 O15","de-protonated","0","-9999","C26 H33 O15 P1 S2","26","33","15","-9999","1","2","-9999","-9999","-9999"
"4632","679.092128","679.092130289","679.091703872","3363279.8","-9999","227044.8","15.16","-1","0.6279219","0.465478281","0.787157861","0.594150113","12","0.8","1.16","P1 O20","de-protonated","0","-9999","C25 H29 O20 P1","25","29","20","-9999","1","-9999","-9999","-9999","-9999"
"4632","679.092128","679.092130289","679.092060188","3363279.8","-9999","227044.8","15.16","-1","0.103227437","0.499034184","0.703327172","0.580751379","29","0.102564103","0.641025641","N2 S2 P1 O4","de-protonated","0","-9999","C39 H25 O4 N2 P1 S2","39","25","4","2","1","2","-9999","-9999","-9999"
"4633","679.128242","679.128244275","679.12795644","3892732.8","-9999","227216.5","17.81","-1","0.42383025","0.483965728","0.714192896","0.576056595","24","0.297297297","0.756756757","S1 O11","de-protonated","0","-9999","C37 H28 O11 S1","37","28","11","-9999","-9999","1","-9999","-9999","-9999"
"4633","679.128242","679.128244275","679.128089382","3892732.8","-9999","227216.5","17.81","-1","0.228076623","0.495302818","0.780512821","0.609386819","11","0.730769231","1.269230769","P1 O19","de-protonated","0","-9999","C26 H33 O19 P1","26","33","19","-9999","1","-9999","-9999","-9999","-9999"
"4633","679.128242","679.128244275","679.128445697","3892732.8","-9999","227216.5","17.81","-1","-0.296589518","0.492082755","0.698017357","0.574456595","28","0.075","0.725","N2 S2 P1 O3","de-protonated","0","-9999","C40 H29 O3 N2 P1 S2","40","29","3","2","1","2","-9999","-9999","-9999"
"4633","679.128242","679.128244275","679.127576317","3892732.8","-9999","227216.5","17.81","-1","0.983552303","0.419506555","0.703327172","0.533034802","29","0.205128205","0.641025641","N2 P1 O8","de-protonated","0","-9999","C39 H25 O8 N2 P1","39","25","8","2","1","-9999","-9999","-9999","-9999"
"4634","679.164921","679.164923261","679.164341949","2603562.5","-9999","294855.1","11.35","-1","0.855921617","0.437763347","0.70871839","0.546145364","23","0.263157895","0.842105263","S1 O10","de-protonated","0","-9999","C38 H32 O10 S1","38","32","10","-9999","-9999","1","-9999","-9999","-9999"
"4634","679.164921","679.164923261","679.165344271","2603562.5","-9999","294855.1","11.35","-1","-0.619893464","0.466325175","0.767553728","0.586816596","9","0.464285714","1.464285714","S2 P1 O13","de-protonated","0","-9999","C28 H41 O13 P1 S2","28","41","13","-9999","1","2","-9999","-9999","-9999"
"4634","679.164921","679.164923261","679.164474891","2603562.5","-9999","294855.1","11.35","-1","0.660178394","0.461982179","0.773979033","0.586780921","10","0.666666667","1.37037037","P1 O18","de-protonated","0","-9999","C27 H37 O18 P1","27","37","18","-9999","1","-9999","-9999","-9999","-9999"
"4634","679.164921","679.164923261","679.164831206","2603562.5","-9999","294855.1","11.35","-1","0.135540134","0.498336066","0.692787115","0.576116486","27","0.048780488","0.804878049","N2 S2 P1 O2","de-protonated","0","-9999","C41 H33 O2 N2 P1 S2","41","33","2","2","1","2","-9999","-9999","-9999"
"4635","679.201249","679.201251247","679.200727458","2483799.3","-9999","244800.4","10.74","-1","0.77118299","0.44885341","0.703327172","0.550642915","22","0.230769231","0.923076923","S1 O9","de-protonated","0","-9999","C39 H36 O9 S1","39","36","9","-9999","-9999","1","-9999","-9999","-9999"
"4635","679.201249","679.201251247","679.20172978","2483799.3","-9999","244800.4","10.74","-1","-0.704552906","0.456933522","0.761234226","0.578653804","8","0.413793103","1.551724138","S2 P1 O12","de-protonated","0","-9999","C29 H45 O12 P1 S2","29","45","12","-9999","1","2","-9999","-9999","-9999"
"4635","679.201249","679.201251247","679.2008604","2483799.3","-9999","244800.4","10.74","-1","0.575450269","0.470842025","0.767553728","0.589526706","9","0.607142857","1.464285714","P1 O17","de-protonated","0","-9999","C28 H41 O17 P1","28","41","17","-9999","1","-9999","-9999","-9999","-9999"
"4635","679.201249","679.201251247","679.201216716","2483799.3","-9999","244800.4","10.74","-1","0.050840159","0.499765558","0.68763467","0.574913203","26","0.023809524","0.880952381","N2 S2 P1 O1","de-protonated","0","-9999","C42 H37 O1 N2 P1 S2","42","37","1","2","1","2","-9999","-9999","-9999"
"4635","679.201249","679.201251247","679.201926485","2483799.3","-9999","244800.4","10.74","-1","-0.994163909","0.417912105","0.829532115","0.582560109","0","0.947368421","2.315789474","N4 S2 O18","de-protonated","0","-9999","C19 H44 O18 N4 S2","19","44","18","4","-9999","2","-9999","-9999","-9999"
"4636","681.009156","681.009157548","681.009297856","2290991.5","-9999","206392.6","9.77","-1","-0.206030248","0.496163684","0.742885034","0.594852224","27","0.4375","0.4375","N2 S1 O14","de-protonated","0","-9999","C32 H14 O14 N2 S1","32","14","14","2","-9999","1","-9999","-9999","-9999"
"4636","681.009156","681.009157548","681.009787113","2290991.5","-9999","206392.6","9.77","-1","-0.924459349","0.428177359","0.725399619","0.547066263","31","0.171428571","0.428571429","N4 S2 P1 O6","de-protonated","0","-9999","C35 H15 O6 N4 P1 S2","35","15","6","4","1","2","-9999","-9999","-9999"
"4636","681.009156","681.009157548","681.008917734","2290991.5","-9999","206392.6","9.77","-1","0.352145176","0.488875244","0.73113591","0.58577951","32","0.323529412","0.323529412","N4 P1 O11","de-protonated","0","-9999","C34 H11 O11 N4 P1","34","11","11","4","1","-9999","-9999","-9999","-9999"
"4636","681.009156","681.009157548","681.008646407","2290991.5","-9999","206392.6","9.77","-1","0.7505634","0.451416227","0.793917021","0.588416545","18","0.666666667","0.75","N4 S2 O16","de-protonated","0","-9999","C24 H18 O16 N4 S2","24","18","16","4","-9999","2","-9999","-9999","-9999"
"4637","681.071685","681.071686523","681.071976192","2006910.1","-9999","239344.1","8.34","-1","-0.425312063","0.483855245","0.667769153","0.557420808","38","0.065217391","0.413043478","S1 P1 O3","de-protonated","0","-9999","C46 H19 O3 P1 S1","46","19","3","-9999","1","1","-9999","-9999","-9999"
"4637","681.071685","681.071686523","681.071837807","2006910.1","-9999","239344.1","8.34","-1","-0.222125904","0.495543646","0.787157861","0.612189332","11","0.64","1.24","S2 P1 O16","de-protonated","0","-9999","C25 H31 O16 P1 S2","25","31","16","-9999","1","2","-9999","-9999","-9999"
"4637","681.071685","681.071686523","681.071324743","2006910.1","-9999","239344.1","8.34","-1","0.531193341","0.475044927","0.70871839","0.568514312","29","0.131578947","0.605263158","N2 S2 P1 O5","de-protonated","0","-9999","C38 H23 O5 N2 P1 S2","38","23","5","2","1","2","-9999","-9999","-9999"
"4637","681.071685","681.071686523","681.072172896","2006910.1","-9999","239344.1","8.34","-1","-0.714127866","0.455808675","0.719752637","0.56138626","30","0.25","0.5","N4 S1 O9","de-protonated","0","-9999","C36 H18 O9 N4 S1","36","18","9","4","-9999","1","-9999","-9999","-9999"
"4637","681.071685","681.071686523","681.072305838","2006910.1","-9999","239344.1","8.34","-1","-0.909322464","0.430339359","0.787157861","0.57306676","17","0.68","0.92","N4 P1 O17","de-protonated","0","-9999","C25 H23 O17 N4 P1","25","23","17","4","1","-9999","-9999","-9999","-9999"
"4638","681.086857","681.086858518","681.087093948","2124177.3","-9999","287773.9","8.93","-1","-0.345669232","0.48927627","0.761234226","0.598059452","15","0.448275862","1.068965517","S2 P1 O13","de-protonated","0","-9999","C29 H31 O13 P1 S2","29","31","13","-9999","1","2","-9999","-9999","-9999"
"4638","681.086857","681.086858518","681.086224569","2124177.3","-9999","287773.9","8.93","-1","0.930791131","0.427265677","0.767553728","0.563380897","16","0.642857143","0.964285714","P1 O18","de-protonated","0","-9999","C28 H27 O18 P1","28","27","18","-9999","1","-9999","-9999","-9999","-9999"
"4638","681.086857","681.086858518","681.086580884","2124177.3","-9999","287773.9","8.93","-1","0.407633046","0.485149811","0.68763467","0.566143755","33","0.047619048","0.547619048","N2 S2 P1 O2","de-protonated","0","-9999","C42 H23 O2 N2 P1 S2","42","23","2","2","1","2","-9999","-9999","-9999"
"4638","681.086857","681.086858518","681.087429037","2124177.3","-9999","287773.9","8.93","-1","-0.837660113","0.440226862","0.698017357","0.54334306","34","0.15","0.45","N4 S1 O6","de-protonated","0","-9999","C40 H18 O6 N4 S1","40","18","6","4","-9999","1","-9999","-9999","-9999"
"4639","681.107761","681.10776251","681.108361701","3397035.8","-9999","223536.7","15.31","-1","-0.879729948","0.434493273","0.662980834","0.525888298","37","0.042553191","0.489361702","S1 P1 O2","de-protonated","0","-9999","C47 H23 O2 P1 S1","47","23","2","-9999","1","1","-9999","-9999","-9999"
"4639","681.107761","681.10776251","681.107220995","3397035.8","-9999","223536.7","15.31","-1","0.795050455","0.445819176","0.719752637","0.555392561","24","0.333333333","0.722222222","S1 O12","de-protonated","0","-9999","C36 H26 O12 S1","36","26","12","-9999","-9999","1","-9999","-9999","-9999"
"4639","681.107761","681.10776251","681.108223316","3397035.8","-9999","223536.7","15.31","-1","-0.676554736","0.460150799","0.780512821","0.588295608","10","0.576923077","1.346153846","S2 P1 O15","de-protonated","0","-9999","C26 H35 O15 P1 S2","26","35","15","-9999","1","2","-9999","-9999","-9999"
"4639","681.107761","681.10776251","681.107353937","3397035.8","-9999","223536.7","15.31","-1","0.599865607","0.468396814","0.787157861","0.595901233","11","0.8","1.24","P1 O20","de-protonated","0","-9999","C25 H31 O20 P1","25","31","20","-9999","1","-9999","-9999","-9999","-9999"
"4639","681.107761","681.10776251","681.107710252","3397035.8","-9999","223536.7","15.31","-1","0.076723924","0.499466231","0.703327172","0.581010607","28","0.102564103","0.692307692","N2 S2 P1 O4","de-protonated","0","-9999","C39 H27 O4 N2 P1 S2","39","27","4","2","1","2","-9999","-9999","-9999"
"4640","681.143999","681.144000495","681.143606504","2889689","-9999","271362.9","12.77","-1","0.57842611","0.470548758","0.714192896","0.568006413","23","0.297297297","0.810810811","S1 O11","de-protonated","0","-9999","C37 H30 O11 S1","37","30","11","-9999","-9999","1","-9999","-9999","-9999"
"4640","681.143999","681.144000495","681.144608826","2889689","-9999","271362.9","12.77","-1","-0.893100151","0.432628576","0.773979033","0.569168759","9","0.518518519","1.444444444","S2 P1 O14","de-protonated","0","-9999","C27 H39 O14 P1 S2","27","39","14","-9999","1","2","-9999","-9999","-9999"
"4640","681.143999","681.144000495","681.143739446","2889689","-9999","271362.9","12.77","-1","0.383251731","0.486850246","0.780512821","0.604315276","10","0.730769231","1.346153846","P1 O19","de-protonated","0","-9999","C26 H35 O19 P1","26","35","19","-9999","1","-9999","-9999","-9999","-9999"
"4640","681.143999","681.144000495","681.144095762","2889689","-9999","271362.9","12.77","-1","-0.139861894","0.498228455","0.698017357","0.578144016","27","0.075","0.775","N2 S2 P1 O3","de-protonated","0","-9999","C40 H31 O3 N2 P1 S2","40","31","3","2","1","2","-9999","-9999","-9999"
"4641","681.180538","681.180539481","681.179992014","1904647.3","-9999","294925.2","7.83","-1","0.803705009","0.444701299","0.70871839","0.550308135","22","0.263157895","0.894736842","S1 O10","de-protonated","0","-9999","C38 H34 O10 S1","38","34","10","-9999","-9999","1","-9999","-9999","-9999"
"4641","681.180538","681.180539481","681.180994335","1904647.3","-9999","294925.2","7.83","-1","-0.667742982","0.461140898","0.767553728","0.58370603","8","0.464285714","1.535714286","S2 P1 O13","de-protonated","0","-9999","C28 H43 O13 P1 S2","28","43","13","-9999","1","2","-9999","-9999","-9999"
"4641","681.180538","681.180539481","681.180124955","1904647.3","-9999","294925.2","7.83","-1","0.60854101","0.467506676","0.773979033","0.590095619","9","0.666666667","1.444444444","P1 O18","de-protonated","0","-9999","C27 H39 O18 P1","27","39","18","-9999","1","-9999","-9999","-9999","-9999"
"4641","681.180538","681.180539481","681.180481271","1904647.3","-9999","294925.2","7.83","-1","0.08545521","0.499337916","0.692787115","0.576717595","26","0.048780488","0.853658537","N2 S2 P1 O2","de-protonated","0","-9999","C41 H35 O2 N2 P1 S2","41","35","2","2","1","2","-9999","-9999","-9999"
"4642","682.236971","682.236972073","682.237267873","2426174.8","-9999","291362.5","10.44","-1","-0.433572901","0.483232732","0.6825583","0.562962959","24","0.023255814","0.976744186","N1 S2 P1 O1","de-protonated","0","-9999","C43 H42 O1 N1 P1 S2","43","42","1","1","1","2","-9999","-9999","-9999"
"4642","682.236971","682.236972073","682.236398493","2426174.8","-9999","291362.5","10.44","-1","0.840735382","0.43981476","0.68763467","0.538942724","25","0.142857143","0.904761905","N1 P1 O6","de-protonated","0","-9999","C42 H38 O6 N1 P1","42","38","6","1","1","-9999","-9999","-9999","-9999"
"4643","682.383374","682.383375016","682.383658063","3764728.3","-9999","249494.6","17.15","-1","-0.414791233","0.48463185","0.672627142","0.559829967","21","0.022222222","1.177777778","N3 S1 O1","de-protonated","0","-9999","C45 H53 O1 N3 S1","45","53","1","3","-9999","1","-9999","-9999","-9999"
"4643","682.383374","682.383375016","682.383791005","3764728.3","-9999","249494.6","17.15","-1","-0.609610742","0.467396149","0.73113591","0.572892054","8","0.264705882","1.705882353","N3 P1 O9","de-protonated","0","-9999","C34 H58 O9 N3 P1","34","58","9","3","1","-9999","-9999","-9999","-9999"
"4644","682.391417","682.391418013","682.39118506","15043074","-9999","256822.5","73.75","-1","0.341377625","0.48844849","0.902572003","0.654097895","7","0.194444444","1.722222222","N1 S1 P1 O7","de-protonated","0","-9999","C36 H62 O7 N1 P1 S1","36","62","7","1","1","1","-9999","-9999","-9999"
"4644","682.391417","682.391418013","682.392033213","15043074","-9999","256822.5","73.75","-1","-0.901534687","0.578605818","0.937017519","0.721970498","8","0.323529412","1.676470588","N3 O11","de-protonated","0","-9999","C34 H57 O11 N3","34","57","11","3","-9999","-9999","-9999","-9999","-9999"
"4645","683.086775","683.086775744","683.08648555","2441590.8","-9999","307339.6","10.51","-1","0.424828249","0.483891357","0.725399619","0.580494662","24","0.371428571","0.685714286","S1 O13","de-protonated","0","-9999","C35 H24 O13 S1","35","24","13","-9999","-9999","1","-9999","-9999","-9999"
"4645","683.086775","683.086775744","683.086618492","2441590.8","-9999","307339.6","10.51","-1","0.230209027","0.495214998","0.793917021","0.614695807","11","0.875","1.208333333","P1 O21","de-protonated","0","-9999","C24 H29 O21 P1","24","29","21","-9999","1","-9999","-9999","-9999","-9999"
"4645","683.086775","683.086775744","683.086974807","2441590.8","-9999","307339.6","10.51","-1","-0.291416645","0.492354414","0.70871839","0.578900004","28","0.131578947","0.657894737","N2 S2 P1 O5","de-protonated","0","-9999","C38 H25 O5 N2 P1 S2","38","25","5","2","1","2","-9999","-9999","-9999"
"4645","683.086775","683.086775744","683.086105427","2441590.8","-9999","307339.6","10.51","-1","0.981306676","0.419842552","0.714192896","0.53758269","29","0.27027027","0.567567568","N2 P1 O10","de-protonated","0","-9999","C37 H21 O10 N2 P1","37","21","10","2","1","-9999","-9999","-9999","-9999"
"4646","683.102549","683.102549738","683.102744013","2241418.5","-9999","291412.1","9.5","-1","-0.284400193","0.492715486","0.761234226","0.600122982","14","0.448275862","1.137931034","S2 P1 O13","de-protonated","0","-9999","C29 H33 O13 P1 S2","29","33","13","-9999","1","2","-9999","-9999","-9999"
"4646","683.102549","683.102549738","683.101874633","2241418.5","-9999","291412.1","9.5","-1","0.988293756","0.418795491","0.767553728","0.558298786","15","0.642857143","1.035714286","P1 O18","de-protonated","0","-9999","C28 H29 O18 P1","28","29","18","-9999","1","-9999","-9999","-9999","-9999"
"4646","683.102549","683.102549738","683.102230949","2241418.5","-9999","291412.1","9.5","-1","0.466679339","0.4806265","0.68763467","0.563429768","32","0.047619048","0.595238095","N2 S2 P1 O2","de-protonated","0","-9999","C42 H25 O2 N2 P1 S2","42","25","2","2","1","2","-9999","-9999","-9999"
"4646","683.102549","683.102549738","683.103079102","2241418.5","-9999","291412.1","9.5","-1","-0.774939374","0.448380648","0.698017357","0.548235331","33","0.15","0.5","N4 S1 O6","de-protonated","0","-9999","C40 H20 O6 N4 S1","40","20","6","4","-9999","1","-9999","-9999","-9999"
"4646","683.102549","683.102549738","683.103212044","2241418.5","-9999","291412.1","9.5","-1","-0.969553635","0.421592884","0.761234226","0.557449421","20","0.482758621","0.862068966","N4 P1 O14","de-protonated","0","-9999","C29 H25 O14 N4 P1","29","25","14","4","1","-9999","-9999","-9999","-9999"
"4647","683.123586","683.12358673","683.124011765","2824613.5","-9999","259760.5","12.43","-1","-0.622193288","0.466083531","0.662980834","0.544842452","36","0.042553191","0.531914894","S1 P1 O2","de-protonated","0","-9999","C47 H25 O2 P1 S1","47","25","2","-9999","1","1","-9999","-9999","-9999"
"4647","683.123586","683.12358673","683.123873381","2824613.5","-9999","259760.5","12.43","-1","-0.419617519","0.484277854","0.780512821","0.602771841","9","0.576923077","1.423076923","S2 P1 O15","de-protonated","0","-9999","C26 H37 O15 P1 S2","26","37","15","-9999","1","2","-9999","-9999","-9999"
"4647","683.123586","683.12358673","683.123004001","2824613.5","-9999","259760.5","12.43","-1","0.853036893","0.43815511","0.787157861","0.577756211","10","0.8","1.32","P1 O20","de-protonated","0","-9999","C25 H33 O20 P1","25","33","20","-9999","1","-9999","-9999","-9999","-9999"
"4647","683.123586","683.12358673","683.123360317","2824613.5","-9999","259760.5","12.43","-1","0.33143868","0.490132455","0.703327172","0.575410342","27","0.102564103","0.743589744","N2 S2 P1 O4","de-protonated","0","-9999","C39 H29 O4 N2 P1 S2","39","29","4","2","1","2","-9999","-9999","-9999"
"4647","683.123586","683.12358673","683.12420847","2824613.5","-9999","259760.5","12.43","-1","-0.91014146","0.430223019","0.714192896","0.54381097","28","0.216216216","0.648648649","N4 S1 O8","de-protonated","0","-9999","C37 H24 O8 N4 S1","37","24","8","4","-9999","1","-9999","-9999","-9999"
"4648","683.160201","683.160201716","683.160397275","2103508","-9999","220735.2","8.81","-1","-0.286255878","0.492620821","0.658260696","0.558876771","35","0.020833333","0.604166667","S1 P1 O1","de-protonated","0","-9999","C48 H29 O1 P1 S1","48","29","1","-9999","1","1","-9999","-9999","-9999"
"4648","683.160201","683.160201716","683.16025889","2103508","-9999","220735.2","8.81","-1","-0.083690831","0.499364956","0.773979033","0.609210587","8","0.518518519","1.518518519","S2 P1 O14","de-protonated","0","-9999","C27 H41 O14 P1 S2","27","41","14","-9999","1","2","-9999","-9999","-9999"
"4648","683.160201","683.160201716","683.159745826","2103508","-9999","220735.2","8.81","-1","0.667325619","0.461187524","0.698017357","0.555919457","26","0.075","0.825","N2 S2 P1 O3","de-protonated","0","-9999","C40 H33 O3 N2 P1 S2","40","33","3","2","1","2","-9999","-9999","-9999"
"4648","683.160201","683.160201716","683.160593979","2103508","-9999","220735.2","8.81","-1","-0.574188812","0.470965939","0.70871839","0.566066919","27","0.184210526","0.736842105","N4 S1 O7","de-protonated","0","-9999","C38 H28 O7 N4 S1","38","28","7","4","-9999","1","-9999","-9999","-9999"
"4648","683.160201","683.160201716","683.160726921","2103508","-9999","220735.2","8.81","-1","-0.768786728","0.449154053","0.773979033","0.579084045","14","0.555555556","1.222222222","N4 P1 O15","de-protonated","0","-9999","C27 H33 O15 N4 P1","27","33","15","4","1","-9999","-9999","-9999","-9999"
"4649","683.196684","683.196684702","683.1966444","2031106.5","-9999","330387.2","8.45","-1","0.05899077","0.499684387","0.767553728","0.606832123","7","0.464285714","1.607142857","S2 P1 O13","de-protonated","0","-9999","C28 H45 O13 P1 S2","28","45","13","-9999","1","2","-9999","-9999","-9999"
"4649","683.196684","683.196684702","683.196131335","2031106.5","-9999","330387.2","8.45","-1","0.80996733","0.443886642","0.692787115","0.543446831","25","0.048780488","0.902439024","N2 S2 P1 O2","de-protonated","0","-9999","C41 H37 O2 N2 P1 S2","41","37","2","2","1","2","-9999","-9999","-9999"
"4649","683.196684","683.196684702","683.196979489","2031106.5","-9999","330387.2","8.45","-1","-0.431481157","0.483391416","0.703327172","0.571365718","26","0.153846154","0.820512821","N4 S1 O6","de-protonated","0","-9999","C39 H32 O6 N4 S1","39","32","6","4","-9999","1","-9999","-9999","-9999"
"4649","683.196684","683.196684702","683.19711243","2031106.5","-9999","330387.2","8.45","-1","-0.626068738","0.465674595","0.767553728","0.586426248","13","0.5","1.321428571","N4 P1 O14","de-protonated","0","-9999","C28 H37 O14 N4 P1","28","37","14","4","1","-9999","-9999","-9999","-9999"
"4650","683.394796","683.394796625","683.39532769","4733695","-9999","242096.3","22.01","-1","-0.777096593","0.298738891","0.63665507","0.433905363","16","0.162790698","1.302325581","O7","de-protonated","0","-9999","C43 H56 O7","43","56","7","-9999","-9999","-9999","-9999","-9999","-9999"
"4650","683.394796","683.394796625","683.394539895","4733695","-9999","242096.3","22.01","-1","0.375668964","0.487358874","0.902572003","0.653444125","7","0.194444444","1.722222222","13C1 N1 S1 P1 O7","de-protonated","1","4644","C35 H62 O7 N1 P1 S1 13C1","35","62","7","1","1","1","1","-9999","-9999"
"4650","683.394796","683.394796625","683.394676241","4733695","-9999","242096.3","22.01","-1","0.176156624","0.49719263","0.725399619","0.588475425","7","0.257142857","1.714285714","N2 S1 O9","de-protonated","0","-9999","C35 H60 O9 N2 S1","35","60","9","2","-9999","1","-9999","-9999","-9999"
"4650","683.394796","683.394796625","683.395388048","4733695","-9999","242096.3","22.01","-1","-0.865418558","0.581955688","0.937017519","0.72398042","8","0.323529412","1.676470588","13C1 N3 O11","de-protonated","1","4644","C33 H57 O11 N3 13C1","33","57","11","3","-9999","-9999","1","-9999","-9999"
"4650","683.394796","683.394796625","683.395165498","4733695","-9999","242096.3","22.01","-1","-0.539765087","0.474254305","0.70871839","0.568039939","11","0.026315789","1.605263158","N4 S2 P1 O1","de-protonated","0","-9999","C38 H61 O1 N4 P1 S2","38","61","1","4","1","2","-9999","-9999","-9999"
"4650","683.394796","683.394796625","683.39429611800006","4733695","-9999","242096.3","22.01","-1","0.732383957","0.453629831","0.714192896","0.557855057","12","0.162162162","1.540540541","N4 P1 O6","de-protonated","0","-9999","C37 H57 O6 N4 P1","37","57","6","4","1","-9999","-9999","-9999","-9999"
"4651","684.287463","684.28746328","684.28729336","2189685","-9999","286883.9","9.24","-1","0.248316471","0.494437018","0.742885034","0.593816225","10","0.46875","1.46875","N1 O15","de-protonated","0","-9999","C32 H47 O15 N1","32","47","15","1","-9999","-9999","-9999","-9999","-9999"
"4651","684.287463","684.28746328","684.286780296","2189685","-9999","286883.9","9.24","-1","0.99809623","0.417318462","0.672627142","0.519441934","28","0.088888889","0.866666667","N3 O4","de-protonated","0","-9999","C45 H39 O4 N3","45","39","4","3","-9999","-9999","-9999","-9999","-9999"
"4651","684.287463","684.28746328","684.287782618","2189685","-9999","286883.9","9.24","-1","-0.46667141","0.480627145","0.725399619","0.578536135","14","0.2","1.371428571","N3 S1 P1 O7","de-protonated","0","-9999","C35 H48 O7 N3 P1 S1","35","48","7","3","1","1","-9999","-9999","-9999"
"4653","685.082102","685.082101973","685.082008568","2636657.8","-9999","333778.1","11.47","-1","0.136341442","0.498316367","0.767553728","0.606011312","14","0.5","1.107142857","S2 P1 O14","de-protonated","0","-9999","C28 H31 O14 P1 S2","28","31","14","-9999","1","2","-9999","-9999","-9999"
"4653","685.082102","685.082101973","685.081495504","2636657.8","-9999","333778.1","11.47","-1","0.88525135","0.43372566","0.692787115","0.537350242","32","0.073170732","0.56097561","N2 S2 P1 O3","de-protonated","0","-9999","C41 H23 O3 N2 P1 S2","41","23","3","2","1","2","-9999","-9999","-9999"
"4653","685.082102","685.082101973","685.082343657","2636657.8","-9999","333778.1","11.47","-1","-0.352780732","0.488835503","0.703327172","0.574632171","33","0.179487179","0.461538462","N4 S1 O7","de-protonated","0","-9999","C39 H18 O7 N4 S1","39","18","7","4","-9999","1","-9999","-9999","-9999"
"4653","685.082102","685.082101973","685.082476599","2636657.8","-9999","333778.1","11.47","-1","-0.546832818","0.473593898","0.767553728","0.59117783","20","0.535714286","0.821428571","N4 P1 O15","de-protonated","0","-9999","C28 H23 O15 N4 P1","28","23","15","4","1","-9999","-9999","-9999","-9999"
"4654","685.102414","685.102413965","685.102135614","2098571.8","-9999","269628.1","8.77","-1","0.40629089","0.485245985","0.725399619","0.581307439","23","0.371428571","0.742857143","S1 O13","de-protonated","0","-9999","C35 H26 O13 S1","35","26","13","-9999","-9999","1","-9999","-9999","-9999"
"4654","685.102414","685.102413965","685.102268556","2098571.8","-9999","269628.1","8.77","-1","0.212244264","0.495929741","0.793917021","0.615124653","10","0.875","1.291666667","P1 O21","de-protonated","0","-9999","C24 H31 O21 P1","24","31","21","-9999","1","-9999","-9999","-9999","-9999"
"4654","685.102414","685.102413965","685.102624872","2098571.8","-9999","269628.1","8.77","-1","-0.307846716","0.491475592","0.70871839","0.578372711","27","0.131578947","0.710526316","N2 S2 P1 O5","de-protonated","0","-9999","C38 H27 O5 N2 P1 S2","38","27","5","2","1","2","-9999","-9999","-9999"
"4654","685.102414","685.102413965","685.101755492","2098571.8","-9999","269628.1","8.77","-1","0.961132082","0.422838521","0.714192896","0.539380271","28","0.27027027","0.621621622","N2 P1 O10","de-protonated","0","-9999","C37 H23 O10 N2 P1","37","23","10","2","1","-9999","-9999","-9999","-9999"
"4655","685.118401","685.118400959","685.118394077","2150816.5","-9999","258664.3","9.04","-1","0.010044521","0.499990847","0.761234226","0.604488198","13","0.448275862","1.206896552","S2 P1 O13","de-protonated","0","-9999","C29 H35 O13 P1 S2","29","35","13","-9999","1","2","-9999","-9999","-9999"
"4655","685.118401","685.118400959","685.117881013","2150816.5","-9999","258664.3","9.04","-1","0.758914562","0.450384873","0.68763467","0.545284792","31","0.047619048","0.642857143","N2 S2 P1 O2","de-protonated","0","-9999","C42 H27 O2 N2 P1 S2","42","27","2","2","1","2","-9999","-9999","-9999"
"4655","685.118401","685.118400959","685.118729166","2150816.5","-9999","258664.3","9.04","-1","-0.479051615","0.479607163","0.698017357","0.56697124","32","0.15","0.55","N4 S1 O6","de-protonated","0","-9999","C40 H22 O6 N4 S1","40","22","6","4","-9999","1","-9999","-9999","-9999"
"4655","685.118401","685.118400959","685.118862108","2150816.5","-9999","258664.3","9.04","-1","-0.67309337","0.460541016","0.761234226","0.5808183","19","0.482758621","0.931034483","N4 P1 O14","de-protonated","0","-9999","C29 H27 O14 N4 P1","29","27","14","4","1","-9999","-9999","-9999","-9999"
"4656","685.139599","685.139598951","685.13966183","1967035.6","-9999","215853","8.11","-1","-0.091775447","0.499236437","0.662980834","0.564734196","35","0.042553191","0.574468085","S1 P1 O2","de-protonated","0","-9999","C47 H27 O2 P1 S1","47","27","2","-9999","1","1","-9999","-9999","-9999"
"4656","685.139599","685.139598951","685.139523445","1967035.6","-9999","215853","8.11","-1","0.11020446","0.498899364","0.780512821","0.611544747","8","0.576923077","1.5","S2 P1 O15","de-protonated","0","-9999","C26 H39 O15 P1 S2","26","39","15","-9999","1","2","-9999","-9999","-9999"
"4656","685.139599","685.139598951","685.139010381","1967035.6","-9999","215853","8.11","-1","0.859051481","0.437337195","0.703327172","0.543733186","26","0.102564103","0.794871795","N2 S2 P1 O4","de-protonated","0","-9999","C39 H31 O4 N2 P1 S2","39","31","4","2","1","2","-9999","-9999","-9999"
"4656","685.139599","685.139598951","685.139858534","1967035.6","-9999","215853","8.11","-1","-0.378876641","0.487144889","0.714192896","0.577964092","27","0.216216216","0.702702703","N4 S1 O8","de-protonated","0","-9999","C37 H26 O8 N4 S1","37","26","8","4","-9999","1","-9999","-9999","-9999"
"4656","685.139599","685.139598951","685.139991476","1967035.6","-9999","215853","8.11","-1","-0.572912432","0.471091075","0.780512821","0.594859773","14","0.615384615","1.192307692","N4 P1 O16","de-protonated","0","-9999","C26 H31 O16 N4 P1","26","31","16","4","1","-9999","-9999","-9999","-9999"
"4657","685.227007","685.227006917","685.226548284","1874988.4","-9999","235399.7","7.65","-1","0.669316231","0.460964923","0.68763467","0.551632822","24","0.166666667","0.904761905","S1 O7","de-protonated","0","-9999","C42 H38 O7 S1","42","38","7","-9999","-9999","1","-9999","-9999","-9999"
"4657","685.227007","685.227006917","685.227550605","1874988.4","-9999","235399.7","7.65","-1","-0.793442045","0.446025902","0.742885034","0.564769555","10","0.3125","1.46875","S2 P1 O10","de-protonated","0","-9999","C32 H47 O10 P1 S2","32","47","10","-9999","1","2","-9999","-9999","-9999"
"4657","685.227007","685.227006917","685.226681226","1874988.4","-9999","235399.7","7.65","-1","0.475304786","0.479918445","0.748902347","0.587512006","11","0.483870968","1.387096774","P1 O15","de-protonated","0","-9999","C31 H43 O15 P1","31","43","15","-9999","1","-9999","-9999","-9999","-9999"
"4658","685.331507","685.331506877","685.330833907","5796019","-9999","230719.9","27.33","-1","0.981963658","0.209872152","0.608101079","0.369163723","16","0.047619048","1.30952381","S2 P1 O2","de-protonated","0","-9999","C42 H55 O2 P1 S2","42","55","2","-9999","1","2","-9999","-9999","-9999"
"4658","685.331507","685.331506877","685.33168206","5796019","-9999","230719.9","27.33","-1","-0.255618122","0.329404678","0.656222442","0.460131784","17","0.15","1.25","N2 S1 O6","de-protonated","0","-9999","C40 H50 O6 N2 S1","40","50","6","2","-9999","1","-9999","-9999","-9999"
"4658","685.331507","685.331506877","685.331815002","5796019","-9999","230719.9","27.33","-1","-0.449599626","0.481993242","0.761234226","0.593689636","4","0.482758621","1.896551724","N2 P1 O14","de-protonated","0","-9999","C29 H55 O14 N2 P1","29","55","14","2","1","-9999","-9999","-9999","-9999"
"4658","685.331507","685.331506877","685.331301937","5796019","-9999","230719.9","27.33","-1","0.299036863","0.327968411","0.643094943","0.454019024","22","0.071428571","1.119047619","N4 P1 O3","de-protonated","0","-9999","C42 H47 O3 N4 P1","42","47","3","4","1","-9999","-9999","-9999","-9999"
"4658","685.331507","685.331506877","685.331030611","5796019","-9999","230719.9","27.33","-1","0.694942241","0.305366687","0.696579456","0.461851794","8","0.25","1.6875","N4 S2 O8","de-protonated","0","-9999","C32 H54 O8 N4 S2","32","54","8","4","-9999","2","-9999","-9999","-9999"
"4660","686.56257","686.562569401","686.563002153","2302186.8","-9999","276125.3","9.79","-1","-0.630316735","0.465223848","0.672627142","0.548185165","11","0.044444444","1.622222222","N3 O2","de-protonated","0","-9999","C45 H73 O2 N3","45","73","2","3","-9999","-9999","-9999","-9999","-9999"
"4661","687.097774","687.097773194","687.097797017","2784673.8","-9999","261314.1","11.23","-1","-0.034671997","0.499890948","0.653607294","0.561377486","40","0.020408163","0.428571429","S1 P1 O1","de-protonated","0","-9999","C49 H21 O1 P1 S1","49","21","1","-9999","1","1","-9999","-9999","-9999"
"4661","687.097774","687.097773194","687.097658632","2784673.8","-9999","261314.1","11.23","-1","0.166732306","0.497484244","0.767553728","0.605512038","13","0.5","1.178571429","S2 P1 O14","de-protonated","0","-9999","C28 H33 O14 P1 S2","28","33","14","-9999","1","2","-9999","-9999","-9999"
"4661","687.097774","687.097773194","687.097145568","2784673.8","-9999","261314.1","11.23","-1","0.913445255","0.429752963","0.692787115","0.534966624","31","0.073170732","0.609756098","N2 S2 P1 O3","de-protonated","0","-9999","C41 H25 O3 N2 P1 S2","41","25","3","2","1","2","-9999","-9999","-9999"
"4661","687.097774","687.097773194","687.097993721","2784673.8","-9999","261314.1","11.23","-1","-0.320955009","0.490741094","0.703327172","0.575775525","32","0.179487179","0.512820513","N4 S1 O7","de-protonated","0","-9999","C39 H20 O7 N4 S1","39","20","7","4","-9999","1","-9999","-9999","-9999"
"4661","687.097774","687.097773194","687.098126663","2784673.8","-9999","261314.1","11.23","-1","-0.514437835","0.476557495","0.767553728","0.592955988","19","0.535714286","0.892857143","N4 P1 O15","de-protonated","0","-9999","C28 H25 O15 N4 P1","28","25","15","4","1","-9999","-9999","-9999","-9999"
"4662","687.133514","687.13351318","687.13304182","3060176.5","-9999","299554.1","12.5","-1","0.685980417","0.459079752","0.703327172","0.55677872","26","0.256410256","0.717948718","S1 O10","de-protonated","0","-9999","C39 H28 O10 S1","39","28","10","-9999","-9999","1","-9999","-9999","-9999"
"4662","687.133514","687.13351318","687.134044142","3060176.5","-9999","299554.1","12.5","-1","-0.772719375","0.448660265","0.761234226","0.573689849","12","0.448275862","1.275862069","S2 P1 O13","de-protonated","0","-9999","C29 H37 O13 P1 S2","29","37","13","-9999","1","2","-9999","-9999","-9999"
"4662","687.133514","687.13351318","687.133174762","3060176.5","-9999","299554.1","12.5","-1","0.492507265","0.478470849","0.767553728","0.594104","13","0.642857143","1.178571429","P1 O18","de-protonated","0","-9999","C28 H33 O18 P1","28","33","18","-9999","1","-9999","-9999","-9999","-9999"
"4662","687.133514","687.13351318","687.133531078","3060176.5","-9999","299554.1","12.5","-1","-0.026046669","0.499938454","0.68763467","0.57501694","30","0.047619048","0.69047619","N2 S2 P1 O2","de-protonated","0","-9999","C42 H29 O2 N2 P1 S2","42","29","2","2","1","2","-9999","-9999","-9999"
"4663","687.170397","687.170396166","687.170429651","2426880.5","-9999","250382.1","9.58","-1","-0.048729393","0.499784617","0.755017935","0.601877944","11","0.4","1.366666667","S2 P1 O12","de-protonated","0","-9999","C30 H41 O12 P1 S2","30","41","12","-9999","1","2","-9999","-9999","-9999"
"4663","687.170397","687.170396166","687.169916587","2426880.5","-9999","250382.1","9.58","-1","0.697904318","0.457707259","0.6825583","0.547647675","29","0.023255814","0.76744186","N2 S2 P1 O1","de-protonated","0","-9999","C43 H33 O1 N2 P1 S2","43","33","1","2","1","2","-9999","-9999","-9999"
"4663","687.170397","687.170396166","687.17076474","2426880.5","-9999","250382.1","9.58","-1","-0.536364957","0.474569275","0.692787115","0.56185641099999994","30","0.12195122","0.682926829","N4 S1 O5","de-protonated","0","-9999","C41 H28 O5 N4 S1","41","28","5","4","-9999","1","-9999","-9999","-9999"
"4663","687.170397","687.170396166","687.170897682","2426880.5","-9999","250382.1","9.58","-1","-0.729827252","0.453937649","0.755017935","0.574369763","17","0.433333333","1.1","N4 P1 O13","de-protonated","0","-9999","C30 H33 O13 N4 P1","30","33","13","4","1","-9999","-9999","-9999","-9999"
"4663","687.170397","687.170396166","687.170626356","2426880.5","-9999","250382.1","9.58","-1","-0.334982141","0.489922488","0.822155738","0.622815788","3","0.9","2","N4 S2 O18","de-protonated","0","-9999","C20 H40 O18 N4 S2","20","40","18","4","-9999","2","-9999","-9999","-9999"
"4664","687.206896","687.206895152","687.206815161","1900080","-9999","339916.8","7.14","-1","0.116400392","0.498772281","0.748902347","0.598824307","10","0.35483871","1.451612903","S2 P1 O11","de-protonated","0","-9999","C31 H45 O11 P1 S2","31","45","11","-9999","1","2","-9999","-9999","-9999"
"4664","687.206896","687.206895152","687.207150249","1900080","-9999","339916.8","7.14","-1","-0.371209435","0.487653501","0.68763467","0.567645969","29","0.095238095","0.761904762","N4 S1 O4","de-protonated","0","-9999","C42 H32 O4 N4 S1","42","32","4","4","-9999","1","-9999","-9999","-9999"
"4664","687.206896","687.206895152","687.207283191","1900080","-9999","339916.8","7.14","-1","-0.564661518","0.471894065","0.748902347","0.582697378","16","0.387096774","1.193548387","N4 P1 O12","de-protonated","0","-9999","C31 H37 O12 N4 P1","31","37","12","4","1","-9999","-9999","-9999","-9999"
"4664","687.206896","687.206895152","687.207011865","1900080","-9999","339916.8","7.14","-1","-0.169837248","0.994779841","0","0.596867905","2","0.80952381","2.095238095","N4 S2 O17","de-protonated","0","-9999","C21 H44 O17 N4 S2","21","44","17","4","-9999","2","-9999","-9999","-9999"
"4665","688.342308","688.342306713","688.341732943","4243449","-9999","239744.3","17.96","-1","0.833553088","0.440775467","0.692787115","0.541580126","15","0.048780488","1.365853659","N1 S2 P1 O2","de-protonated","0","-9999","C41 H56 O2 N1 P1 S2","41","56","2","1","1","2","-9999","-9999","-9999"
"4665","688.342308","688.342306713","688.342581097","4243449","-9999","239744.3","17.96","-1","-0.398615167","0.485790267","0.703327172","0.572805029","16","0.153846154","1.307692308","N3 S1 O6","de-protonated","0","-9999","C39 H51 O6 N3 S1","39","51","6","3","-9999","1","-9999","-9999","-9999"
"4665","688.342308","688.342306713","688.342714038","4243449","-9999","239744.3","17.96","-1","-0.591748143","0.469219634","0.767553728","0.588553272","3","0.5","2","N3 P1 O14","de-protonated","0","-9999","C28 H56 O14 N3 P1","28","56","14","3","1","-9999","-9999","-9999","-9999"
"4666","688.954937","688.954935476","688.9548795","2844443.8","-9999","297681.7","11.49","-1","0.081247604","0.499401471","0.773979033","0.609232496","21","0.666666667","0.518518519","S2 O18","de-protonated","0","-9999","C27 H14 O18 S2","27","14","18","-9999","-9999","2","-9999","-9999","-9999"
"4666","688.954937","688.954935476","688.954499377","2844443.8","-9999","297681.7","11.49","-1","0.632985855","0.464939298","0.761234226","0.583457269","26","0.517241379","0.379310345","N2 S1 P1 O15","de-protonated","0","-9999","C29 H11 O15 N2 P1 S1","29","11","15","2","1","1","-9999","-9999","-9999"
"4667","689.045208","689.045206441","689.045408583","2638738.3","-9999","264478.4","10.54","-1","-0.293365868","0.492252592","0.761234226","0.599845246","19","0.620689655","0.75862069","S1 O18","de-protonated","0","-9999","C29 H22 O18 S1","29","22","18","-9999","-9999","1","-9999","-9999","-9999"
"4667","689.045208","689.045206441","689.044895519","2638738.3","-9999","264478.4","10.54","-1","0.451235975","0.48186434","0.68763467","0.564172472","37","0.166666667","0.333333333","N2 S1 O7","de-protonated","0","-9999","C42 H14 O7 N2 S1","42","14","7","2","-9999","1","-9999","-9999","-9999"
"4667","689.045208","689.045206441","689.045028461","2638738.3","-9999","264478.4","10.54","-1","0.258299687","0.493983479","0.748902347","0.595951026","24","0.483870968","0.612903226","N2 P1 O15","de-protonated","0","-9999","C31 H19 O15 N2 P1","31","19","15","2","1","-9999","-9999","-9999","-9999"
"4667","689.045208","689.045206441","689.044757135","2638738.3","-9999","264478.4","10.54","-1","0.652071249","0.462874832","0.81490939","0.603688656","10","0.952380952","1.238095238","N2 S2 O20","de-protonated","0","-9999","C21 H26 O20 N2 S2","21","26","20","2","-9999","2","-9999","-9999","-9999"
"4668","689.076604","689.076602429","689.077061572","2670523.3","-9999","297591.3","10.69","-1","-0.666316117","0.4613002","0.658260696","0.540084399","40","0.041666667","0.395833333","S1 P1 O2","de-protonated","0","-9999","C48 H19 O2 P1 S1","48","19","2","-9999","1","1","-9999","-9999","-9999"
"4668","689.076604","689.076602429","689.075920866","2670523.3","-9999","297591.3","10.69","-1","0.98909693","0.418674822","0.714192896","0.536882052","27","0.324324324","0.594594595","S1 O12","de-protonated","0","-9999","C37 H22 O12 S1","37","22","12","-9999","-9999","1","-9999","-9999","-9999"
"4668","689.076604","689.076602429","689.076923188","2670523.3","-9999","297591.3","10.69","-1","-0.465490442","0.480723159","0.773979033","0.598025509","13","0.555555556","1.148148148","S2 P1 O15","de-protonated","0","-9999","C27 H31 O15 P1 S2","27","31","15","-9999","1","2","-9999","-9999","-9999"
"4668","689.076604","689.076602429","689.076053808","2670523.3","-9999","297591.3","10.69","-1","0.796169226","0.445675193","0.780512821","0.579610244","14","0.769230769","1.038461538","P1 O20","de-protonated","0","-9999","C26 H27 O20 P1","26","27","20","-9999","1","-9999","-9999","-9999","-9999"
"4668","689.076604","689.076602429","689.076410123","2670523.3","-9999","297591.3","10.69","-1","0.279077219","0.49298371","0.698017357","0.574997169","31","0.1","0.575","N2 S2 P1 O4","de-protonated","0","-9999","C40 H23 O4 N2 P1 S2","40","23","4","2","1","2","-9999","-9999","-9999"
"4668","689.076604","689.076602429","689.077258276","2670523.3","-9999","297591.3","10.69","-1","-0.951776646","0.42421380400000003","0.70871839","0.538015638","32","0.210526316","0.473684211","N4 S1 O8","de-protonated","0","-9999","C38 H18 O8 N4 S1","38","18","8","4","-9999","1","-9999","-9999","-9999"
"4669","689.113121","689.113119415","689.113447081","2668523.5","-9999","239865.3","10.68","-1","-0.475490095","0.479903103","0.653607294","0.549384779","39","0.020408163","0.469387755","S1 P1 O1","de-protonated","0","-9999","C49 H23 O1 P1 S1","49","23","1","-9999","1","1","-9999","-9999","-9999"
"4669","689.113121","689.113119415","689.113308697","2668523.5","-9999","239865.3","10.68","-1","-0.274674987","0.493201818","0.767553728","0.602942582","12","0.5","1.25","S2 P1 O14","de-protonated","0","-9999","C28 H35 O14 P1 S2","28","35","14","-9999","1","2","-9999","-9999","-9999"
"4669","689.113121","689.113119415","689.112439317","2668523.5","-9999","239865.3","10.68","-1","0.986918306","0.419001992","0.773979033","0.560992808","13","0.703703704","1.148148148","P1 O19","de-protonated","0","-9999","C27 H31 O19 P1","27","31","19","-9999","1","-9999","-9999","-9999","-9999"
"4669","689.113121","689.113119415","689.112795633","2668523.5","-9999","239865.3","10.68","-1","0.469853503","0.480367322","0.692787115","0.565335239","30","0.073170732","0.658536585","N2 S2 P1 O3","de-protonated","0","-9999","C41 H27 O3 N2 P1 S2","41","27","3","2","1","2","-9999","-9999","-9999"
"4669","689.113121","689.113119415","689.113643786","2668523.5","-9999","239865.3","10.68","-1","-0.760935607","0.450133919","0.703327172","0.55141122","31","0.179487179","0.564102564","N4 S1 O7","de-protonated","0","-9999","C39 H22 O7 N4 S1","39","22","7","4","-9999","1","-9999","-9999","-9999"
"4669","689.113121","689.113119415","689.113776728","2668523.5","-9999","239865.3","10.68","-1","-0.953852413","0.423909436","0.767553728","0.561367153","18","0.535714286","0.964285714","N4 P1 O15","de-protonated","0","-9999","C28 H27 O15 N4 P1","28","27","15","4","1","-9999","-9999","-9999","-9999"
"4670","689.149428","689.149426401","689.149694206","2895899.3","-9999","242321.5","11.73","-1","-0.388602907","0.486485516","0.761234226","0.596385","11","0.448275862","1.344827586","S2 P1 O13","de-protonated","0","-9999","C29 H39 O13 P1 S2","29","39","13","-9999","1","2","-9999","-9999","-9999"
"4670","689.149428","689.149426401","689.148824826","2895899.3","-9999","242321.5","11.73","-1","0.872923632","0.435434762","0.767553728","0.568282349","12","0.642857143","1.25","P1 O18","de-protonated","0","-9999","C28 H35 O18 P1","28","35","18","-9999","1","-9999","-9999","-9999","-9999"
"4670","689.149428","689.149426401","689.149181142","2895899.3","-9999","242321.5","11.73","-1","0.355886188","0.488640341","0.68763467","0.568238072","29","0.047619048","0.738095238","N2 S2 P1 O2","de-protonated","0","-9999","C42 H31 O2 N2 P1 S2","42","31","2","2","1","2","-9999","-9999","-9999"
"4670","689.149428","689.149426401","689.150029295","2895899.3","-9999","242321.5","11.73","-1","-0.874837799","0.435170517","0.698017357","0.540309253","30","0.15","0.65","N4 S1 O6","de-protonated","0","-9999","C40 H26 O6 N4 S1","40","26","6","4","-9999","1","-9999","-9999","-9999"
"4671","689.185889","689.185887387","689.186079716","2245195","-9999","260930.8","8.73","-1","-0.279066896","0.492984226","0.755017935","0.597797709","10","0.4","1.433333333","S2 P1 O12","de-protonated","0","-9999","C30 H43 O12 P1 S2","30","43","12","-9999","1","2","-9999","-9999","-9999"
"4671","689.185889","689.185887387","689.185210336","2245195","-9999","260930.8","8.73","-1","0.98239318","0.419680049","0.761234226","0.55630172","11","0.586206897","1.344827586","P1 O17","de-protonated","0","-9999","C29 H39 O17 P1","29","39","17","-9999","1","-9999","-9999","-9999","-9999"
"4671","689.185889","689.185887387","689.185566651","2245195","-9999","260930.8","8.73","-1","0.465382976","0.480731885","0.6825583","0.561462451","28","0.023255814","0.813953488","N2 S2 P1 O1","de-protonated","0","-9999","C43 H35 O1 N2 P1 S2","43","35","1","2","1","2","-9999","-9999","-9999"
"4671","689.185889","689.185887387","689.186414805","2245195","-9999","260930.8","8.73","-1","-0.76527617","0.44959317","0.692787115","0.546870748","29","0.12195122","0.731707317","N4 S1 O5","de-protonated","0","-9999","C41 H30 O5 N4 S1","41","30","5","4","-9999","1","-9999","-9999","-9999"
"4671","689.185889","689.185887387","689.186547746","2245195","-9999","260930.8","8.73","-1","-0.958172605","0.423274546","0.755017935","0.555971902","16","0.433333333","1.166666667","N4 P1 O13","de-protonated","0","-9999","C30 H35 O13 N4 P1","30","35","13","4","1","-9999","-9999","-9999","-9999"
"4671","689.185889","689.185887387","689.18627642","2245195","-9999","260930.8","8.73","-1","-0.56448238","0.471911385","0.822155738","0.612009126","2","0.9","2.1","N4 S2 O18","de-protonated","0","-9999","C20 H42 O18 N4 S2","20","42","18","4","-9999","2","-9999","-9999","-9999"
"4673","691.092618","691.092615649","691.092711636","4010525.8","-9999","292612.8","16.86","-1","-0.138891605","0.332168605","0.605653763","0.441562668","39","0.041666667","0.4375","S1 P1 O2","de-protonated","0","-9999","C48 H21 O2 P1 S1","48","21","2","-9999","1","1","-9999","-9999","-9999"
"4673","691.092618","691.092615649","691.092573252","4010525.8","-9999","292612.8","16.86","-1","0.061348444","0.499658664","0.773979033","0.609386811","12","0.555555556","1.222222222","S2 P1 O15","de-protonated","0","-9999","C27 H33 O15 P1 S2","27","33","15","-9999","1","2","-9999","-9999","-9999"
"4673","691.092618","691.092615649","691.092060188","4010525.8","-9999","292612.8","16.86","-1","0.803744879","0.444696127","0.698017357","0.546024619","30","0.1","0.625","N2 S2 P1 O4","de-protonated","0","-9999","C40 H25 O4 N2 P1 S2","40","25","4","2","1","2","-9999","-9999","-9999"
"4673","691.092618","691.092615649","691.092908341","4010525.8","-9999","292612.8","16.86","-1","-0.423519706","0.483988836","0.70871839","0.573880657","31","0.210526316","0.526315789","N4 S1 O8","de-protonated","0","-9999","C38 H20 O8 N4 S1","38","20","8","4","-9999","1","-9999","-9999","-9999"
"4673","691.092618","691.092615649","691.093041283","4010525.8","-9999","292612.8","16.86","-1","-0.615884071","0.466744603","0.773979033","0.589638375","18","0.592592593","0.925925926","N4 P1 O16","de-protonated","0","-9999","C27 H25 O16 N4 P1","27","25","16","4","1","-9999","-9999","-9999","-9999"
"4674","691.12887","691.128867635","691.129097146","3594829.8","-9999","264366.1","14.94","-1","-0.332080274","0.326729731","0.599686074","0.435912268","38","0.020408163","0.510204082","S1 P1 O1","de-protonated","0","-9999","C49 H25 O1 P1 S1","49","25","1","-9999","1","1","-9999","-9999","-9999"
"4674","691.12887","691.128867635","691.128958761","3594829.8","-9999","264366.1","14.94","-1","-0.131850806","0.498425275","0.767553728","0.606076656","11","0.5","1.321428571","S2 P1 O14","de-protonated","0","-9999","C28 H37 O14 P1 S2","28","37","14","-9999","1","2","-9999","-9999","-9999"
"4674","691.12887","691.128867635","691.128445697","3594829.8","-9999","264366.1","14.94","-1","0.610506401","0.467303479","0.692787115","0.557496933","29","0.073170732","0.707317073","N2 S2 P1 O3","de-protonated","0","-9999","C41 H29 O3 N2 P1 S2","41","29","3","2","1","2","-9999","-9999","-9999"
"4674","691.12887","691.128867635","691.12929385","3594829.8","-9999","264366.1","14.94","-1","-0.616693337","0.466660133","0.703327172","0.561326949","30","0.179487179","0.615384615","N4 S1 O7","de-protonated","0","-9999","C39 H24 O7 N4 S1","39","24","7","4","-9999","1","-9999","-9999","-9999"
"4674","691.12887","691.128867635","691.129426792","3594829.8","-9999","264366.1","14.94","-1","-0.809047537","0.444006599","0.767553728","0.57342545","17","0.535714286","1.035714286","N4 P1 O15","de-protonated","0","-9999","C28 H29 O15 N4 P1","28","29","15","4","1","-9999","-9999","-9999","-9999"
"4675","691.165439","691.165436621","691.165344271","2953854.3","-9999","309848.3","11.99","-1","0.133615789","0.498382903","0.761234226","0.603523432","10","0.448275862","1.413793103","S2 P1 O13","de-protonated","0","-9999","C29 H41 O13 P1 S2","29","41","13","-9999","1","2","-9999","-9999","-9999"
"4675","691.165439","691.165436621","691.164831206","2953854.3","-9999","309848.3","11.99","-1","0.875934112","0.435018986","0.68763467","0.53606526","28","0.047619048","0.785714286","N2 S2 P1 O2","de-protonated","0","-9999","C42 H33 O2 N2 P1 S2","42","33","2","2","1","2","-9999","-9999","-9999"
"4675","691.165439","691.165436621","691.16567936","2953854.3","-9999","309848.3","11.99","-1","-0.351201347","0.488934134","0.698017357","0.572567423","29","0.15","0.7","N4 S1 O6","de-protonated","0","-9999","C40 H28 O6 N4 S1","40","28","6","4","-9999","1","-9999","-9999","-9999"
"4675","691.165439","691.165436621","691.165812301","2953854.3","-9999","309848.3","11.99","-1","-0.543545472","0.473902021","0.761234226","0.588834903","16","0.482758621","1.137931034","N4 P1 O14","de-protonated","0","-9999","C29 H33 O14 N4 P1","29","33","14","4","1","-9999","-9999","-9999","-9999"
"4676","691.201787","691.201784607","691.20172978","2192046.8","-9999","251290.8","8.47","-1","0.079321562","0.499429496","0.755017935","0.601664872","9","0.4","1.5","S2 P1 O12","de-protonated","0","-9999","C30 H45 O12 P1 S2","30","45","12","-9999","1","2","-9999","-9999","-9999"
"4676","691.201787","691.201784607","691.201216716","2192046.8","-9999","251290.8","8.47","-1","0.821600769","0.442360512","0.6825583","0.538439627","27","0.023255814","0.860465116","N2 S2 P1 O1","de-protonated","0","-9999","C43 H37 O1 N2 P1 S2","43","37","1","2","1","2","-9999","-9999","-9999"
"4676","691.201787","691.201784607","691.202064869","2192046.8","-9999","251290.8","8.47","-1","-0.405470026","0.485304659","0.692787115","0.568297641","28","0.12195122","0.780487805","N4 S1 O5","de-protonated","0","-9999","C41 H32 O5 N4 S1","41","32","5","4","-9999","1","-9999","-9999","-9999"
"4676","691.201787","691.201784607","691.202197811","2192046.8","-9999","251290.8","8.47","-1","-0.597804015","0.468606711","0.755017935","0.5831712","15","0.433333333","1.233333333","N4 P1 O13","de-protonated","0","-9999","C30 H37 O13 N4 P1","30","37","13","4","1","-9999","-9999","-9999","-9999"
"4676","691.201787","691.201784607","691.201926485","2192046.8","-9999","251290.8","8.47","-1","-0.20526171000000001","0.992384285","0","0.595430571","1","0.9","2.2","N4 S2 O18","de-protonated","0","-9999","C20 H44 O18 N4 S2","20","44","18","4","-9999","2","-9999","-9999","-9999"
"4677","691.237943","691.237940593","691.238115289","2162910.3","-9999","204521.8","8.33","-1","-0.252729302","0.494238695","0.748902347","0.596104156","8","0.35483871","1.580645161","S2 P1 O11","de-protonated","0","-9999","C31 H49 O11 P1 S2","31","49","11","-9999","1","2","-9999","-9999","-9999"
"4677","691.237943","691.237940593","691.238450378","2162910.3","-9999","204521.8","8.33","-1","-0.737495211","0.45301186","0.68763467","0.546860984","27","0.095238095","0.857142857","N4 S1 O4","de-protonated","0","-9999","C42 H36 O4 N4 S1","42","36","4","4","-9999","1","-9999","-9999","-9999"
"4677","691.237943","691.237940593","691.23858332","2162910.3","-9999","204521.8","8.33","-1","-0.929819012","0.427405925","0.748902347","0.556004494","14","0.387096774","1.322580645","N4 P1 O12","de-protonated","0","-9999","C31 H41 O12 N4 P1","31","41","12","4","1","-9999","-9999","-9999","-9999"
"4677","691.237943","691.237940593","691.238311994","2162910.3","-9999","204521.8","8.33","-1","-0.537297499","0.474483067","0.81490939","0.610653596","0","0.80952381","2.285714286","N4 S2 O17","de-protonated","0","-9999","C21 H48 O17 N4 S2","21","48","17","4","-9999","2","-9999","-9999","-9999"
"4678","691.248235","691.248232589","691.248859421","2512620","-9999","293606.4","9.95","-1","-0.906810965","0.430695667","0.773979033","0.568009014","4","0.666666667","1.777777778","S1 O18","de-protonated","0","-9999","C27 H48 O18 S1","27","48","18","-9999","-9999","1","-9999","-9999","-9999"
"4678","691.248235","691.248232589","691.248346357","2512620","-9999","293606.4","9.95","-1","-0.164583099","0.497548525","0.698017357","0.577736058","22","0.175","1","N2 S1 O7","de-protonated","0","-9999","C40 H40 O7 N2 S1","40","40","7","2","-9999","1","-9999","-9999","-9999"
"4678","691.248235","691.248232589","691.248479299","2512620","-9999","293606.4","9.95","-1","-0.356904257","0.488576005","0.761234226","0.597639293","9","0.517241379","1.551724138","N2 P1 O15","de-protonated","0","-9999","C29 H45 O15 N2 P1","29","45","15","2","1","-9999","-9999","-9999","-9999"
"4678","691.248235","691.248232589","691.247966235","2512620","-9999","293606.4","9.95","-1","0.385324424","0.486709541","0.68763467","0.567079593","27","0.095238095","0.880952381","N4 P1 O4","de-protonated","0","-9999","C42 H37 O4 N4 P1","42","37","4","4","1","-9999","-9999","-9999","-9999"
"4678","691.248235","691.248232589","691.247694908","2512620","-9999","293606.4","9.95","-1","0.777841125","0.448014216","0.742885034","0.565962543","13","0.28125","1.375","N4 S2 O9","de-protonated","0","-9999","C32 H44 O9 N4 S2","32","44","9","4","-9999","2","-9999","-9999","-9999"
"4678","691.248235","691.248232589","691.24782785","2512620","-9999","293606.4","9.95","-1","0.585519604","0.469844347","0.81490939","0.607870364","0","0.80952381","2.333333333","N4 S1 P1 O17","de-protonated","0","-9999","C21 H49 O17 N4 P1 S1","21","49","17","4","1","1","-9999","-9999","-9999"
"4679","691.297493","691.29749057","691.297999149","3085101.8","-9999","247259.7","12.59","-1","-0.735686026","0.453230993","0.719752637","0.559839651","11","0.25","1.444444444","S2 O9","de-protonated","0","-9999","C36 H52 O9 S2","36","52","9","-9999","-9999","2","-9999","-9999","-9999"
"4679","691.297493","691.29749057","691.297129769","3085101.8","-9999","247259.7","12.59","-1","0.521919702","0.475887482","0.725399619","0.575692337","12","0.4","1.371428571","O14","de-protonated","0","-9999","C35 H48 O14","35","48","14","-9999","-9999","-9999","-9999","-9999","-9999"
"4679","691.297493","691.29749057","691.297619026","3085101.8","-9999","247259.7","12.59","-1","-0.185818313","0.496877222","0.70871839","0.581613689","16","0.157894737","1.289473684","N2 S1 P1 O6","de-protonated","0","-9999","C38 H49 O6 N2 P1 S1","38","49","6","2","1","1","-9999","-9999","-9999"
"4679","691.297493","691.29749057","691.296967577","3085101.8","-9999","247259.7","12.59","-1","0.756538719","0.450679206","0.755017935","0.572414698","7","0.266666667","1.766666667","N4 S2 P1 O8","de-protonated","0","-9999","C30 H53 O8 N4 P1 S2","30","53","8","4","1","2","-9999","-9999","-9999"
"4681","693.108467","693.10846387","693.108361701","3470487.5","-9999","269910.9","14.36","-1","0.147407346","0.498032539","0.658260696","0.562123802","38","0.041666667","0.479166667","S1 P1 O2","de-protonated","0","-9999","C48 H23 O2 P1 S1","48","23","2","-9999","1","1","-9999","-9999","-9999"
"4681","693.108467","693.10846387","693.108223316","3470487.5","-9999","269910.9","14.36","-1","0.347065128","0.48919043","0.773979033","0.603105871","11","0.555555556","1.296296296","S2 P1 O15","de-protonated","0","-9999","C27 H35 O15 P1 S2","27","35","15","-9999","1","2","-9999","-9999","-9999"
"4681","693.108467","693.10846387","693.10907147","3470487.5","-9999","269910.9","14.36","-1","-0.876628948","0.434922876","0.787157861","0.57581687","12","0.76","1.2","N2 S1 O19","de-protonated","0","-9999","C25 H30 O19 N2 S1","25","30","19","2","-9999","1","-9999","-9999","-9999"
"4681","693.108467","693.10846387","693.108558405","3470487.5","-9999","269910.9","14.36","-1","-0.136393101","0.498315093","0.70871839","0.582476412","30","0.210526316","0.578947368","N4 S1 O8","de-protonated","0","-9999","C38 H22 O8 N4 S1","38","22","8","4","-9999","1","-9999","-9999","-9999"
"4681","693.108467","693.10846387","693.108691347","3470487.5","-9999","269910.9","14.36","-1","-0.328198101","0.490322597","0.773979033","0.603785171","17","0.592592593","1","N4 P1 O16","de-protonated","0","-9999","C27 H27 O16 N4 P1","27","27","16","4","1","-9999","-9999","-9999","-9999"
"4682","693.144362","693.144358856","693.14474721","2875591.5","-9999","226850.4","11.61","-1","-0.560278302","0.472316456","0.653607294","0.544832791","37","0.020408163","0.551020408","S1 P1 O1","de-protonated","0","-9999","C49 H27 O1 P1 S1","49","27","1","-9999","1","1","-9999","-9999","-9999"
"4682","693.144362","693.144358856","693.144608826","2875591.5","-9999","226850.4","11.61","-1","-0.360631143","0.488338993","0.767553728","0.600024887","10","0.5","1.392857143","S2 P1 O14","de-protonated","0","-9999","C28 H39 O14 P1 S2","28","39","14","-9999","1","2","-9999","-9999","-9999"
"4682","693.144362","693.144358856","693.143739446","2875591.5","-9999","226850.4","11.61","-1","0.893624659","0.432555016","0.773979033","0.569124623","11","0.703703704","1.296296296","P1 O19","de-protonated","0","-9999","C27 H35 O19 P1","27","35","19","-9999","1","-9999","-9999","-9999","-9999"
"4682","693.144362","693.144358856","693.144095762","2875591.5","-9999","226850.4","11.61","-1","0.379567133","0.4870986","0.692787115","0.569374006","28","0.073170732","0.756097561","N2 S2 P1 O3","de-protonated","0","-9999","C41 H31 O3 N2 P1 S2","41","31","3","2","1","2","-9999","-9999","-9999"
"4682","693.144362","693.144358856","693.144943915","2875591.5","-9999","226850.4","11.61","-1","-0.844063652","0.43936749","0.703327172","0.544951363","29","0.179487179","0.666666667","N4 S1 O7","de-protonated","0","-9999","C39 H26 O7 N4 S1","39","26","7","4","-9999","1","-9999","-9999","-9999"
"4683","693.180766","693.180762842","693.180994335","2451704.3","-9999","334084.2","9.65","-1","-0.333957448","0.489983426","0.761234226","0.598483746","9","0.448275862","1.482758621","S2 P1 O13","de-protonated","0","-9999","C29 H43 O13 P1 S2","29","43","13","-9999","1","2","-9999","-9999","-9999"
"4683","693.180766","693.180762842","693.180124955","2451704.3","-9999","334084.2","9.65","-1","0.92023255","0.428783565","0.767553728","0.56429163","10","0.642857143","1.392857143","P1 O18","de-protonated","0","-9999","C28 H39 O18 P1","28","39","18","-9999","1","-9999","-9999","-9999","-9999"
"4683","693.180766","693.180762842","693.180481271","2451704.3","-9999","334084.2","9.65","-1","0.406201995","0.485252345","0.68763467","0.566205275","27","0.047619048","0.833333333","N2 S2 P1 O2","de-protonated","0","-9999","C42 H35 O2 N2 P1 S2","42","35","2","2","1","2","-9999","-9999","-9999"
"4683","693.180766","693.180762842","693.181329424","2451704.3","-9999","334084.2","9.65","-1","-0.81736459400000006","0.442918143","0.698017357","0.544957829","28","0.15","0.75","N4 S1 O6","de-protonated","0","-9999","C40 H30 O6 N4 S1","40","30","6","4","-9999","1","-9999","-9999","-9999"
"4686","694.930838","694.930834166","694.931180476","1955362.8","-9999","424091.5","7.35","-1","-0.498336943","0.477969625","0.800793265","0.607099081","21","0.956521739","0.391304348","N2 P1 O22","de-protonated","0","-9999","C23 H9 O22 N2 P1","23","9","22","2","1","-9999","-9999","-9999","-9999"
"4686","694.930838","694.930834166","694.930396085","1955362.8","-9999","424091.5","7.35","-1","0.630394831","0.953539209","0.613011783","0.817328239","25","0.615384615","0.307692308","N4 S2 O16","de-protonated","0","-9999","C26 H8 O16 N4 S2","26","8","16","4","-9999","2","-9999","-9999","-9999"
"4688","695.123847","695.123843091","695.124011765","2918182.3","-9999","273884.1","11.8","-1","-0.242653558","0.494686517","0.658260696","0.560116189","37","0.041666667","0.520833333","S1 P1 O2","de-protonated","0","-9999","C48 H25 O2 P1 S1","48","25","2","-9999","1","1","-9999","-9999","-9999"
"4688","695.123847","695.123843091","695.123873381","2918182.3","-9999","273884.1","11.8","-1","-0.043574802","0.499827766","0.773979033","0.609488273","10","0.555555556","1.37037037","S2 P1 O15","de-protonated","0","-9999","C27 H37 O15 P1 S2","27","37","15","-9999","1","2","-9999","-9999","-9999"
"4688","695.123847","695.123843091","695.123360317","2918182.3","-9999","273884.1","11.8","-1","0.6945161","0.458099244","0.698017357","0.554066489","28","0.1","0.725","N2 S2 P1 O4","de-protonated","0","-9999","C40 H29 O4 N2 P1 S2","40","29","4","2","1","2","-9999","-9999","-9999"
"4688","695.123847","695.123843091","695.12420847","2918182.3","-9999","273884.1","11.8","-1","-0.52563096","0.475551898","0.70871839","0.568818495","29","0.210526316","0.631578947","N4 S1 O8","de-protonated","0","-9999","C38 H24 O8 N4 S1","38","24","8","4","-9999","1","-9999","-9999","-9999"
"4688","695.123847","695.123843091","695.124341412","2918182.3","-9999","273884.1","11.8","-1","-0.716879708","0.455483104","0.773979033","0.582881475","16","0.592592593","1.074074074","N4 P1 O16","de-protonated","0","-9999","C27 H29 O16 N4 P1","27","29","16","4","1","-9999","-9999","-9999","-9999"
"4689","695.160344","695.160340077","695.160397275","2377047.8","-9999","274041.3","9.3","-1","-0.082279966","0.499386174","0.653607294","0.561074622","36","0.020408163","0.591836735","S1 P1 O1","de-protonated","0","-9999","C49 H29 O1 P1 S1","49","29","1","-9999","1","1","-9999","-9999","-9999"
"4689","695.160344","695.160340077","695.16025889","2377047.8","-9999","274041.3","9.3","-1","0.116788402","0.498764093","0.767553728","0.606279947","9","0.5","1.464285714","S2 P1 O14","de-protonated","0","-9999","C28 H41 O14 P1 S2","28","41","14","-9999","1","2","-9999","-9999","-9999"
"4689","695.160344","695.160340077","695.159745826","2377047.8","-9999","274041.3","9.3","-1","0.85484079","0.437910244","0.692787115","0.539860992","27","0.073170732","0.804878049","N2 S2 P1 O3","de-protonated","0","-9999","C41 H33 O3 N2 P1 S2","41","33","3","2","1","2","-9999","-9999","-9999"
"4689","695.160344","695.160340077","695.160593979","2377047.8","-9999","274041.3","9.3","-1","-0.365242602","0.48804248","0.703327172","0.574156357","28","0.179487179","0.717948718","N4 S1 O7","de-protonated","0","-9999","C39 H28 O7 N4 S1","39","28","7","4","-9999","1","-9999","-9999","-9999"
"4689","695.160344","695.160340077","695.160726921","2377047.8","-9999","274041.3","9.3","-1","-0.556481371","0.472679991","0.767553728","0.590629486","15","0.535714286","1.178571429","N4 P1 O15","de-protonated","0","-9999","C28 H33 O15 N4 P1","28","33","15","4","1","-9999","-9999","-9999","-9999"
"4690","695.196479","695.196475063","695.1966444","2574216","-9999","274557.6","10.21","-1","-0.243580956","0.494646043","0.761234226","0.601281316","8","0.448275862","1.551724138","S2 P1 O13","de-protonated","0","-9999","C29 H45 O13 P1 S2","29","45","13","-9999","1","2","-9999","-9999","-9999"
"4690","695.196479","695.196475063","695.196131335","2574216","-9999","274557.6","10.21","-1","0.494432536","0.478305912","0.68763467","0.562037415","26","0.047619048","0.880952381","N2 S2 P1 O2","de-protonated","0","-9999","C42 H37 O2 N2 P1 S2","42","37","2","2","1","2","-9999","-9999","-9999"
"4690","695.196479","695.196475063","695.196979489","2574216","-9999","274557.6","10.21","-1","-0.725586558","0.454446296","0.698017357","0.551874721","27","0.15","0.8","N4 S1 O6","de-protonated","0","-9999","C40 H32 O6 N4 S1","40","32","6","4","-9999","1","-9999","-9999","-9999"
"4690","695.196479","695.196475063","695.19711243","2574216","-9999","274557.6","10.21","-1","-0.916815249","0.429272265","0.761234226","0.56205705","14","0.482758621","1.275862069","N4 P1 O14","de-protonated","0","-9999","C29 H37 O14 N4 P1","29","37","14","4","1","-9999","-9999","-9999","-9999"
"4691","695.255902","695.25589804","695.256528259","3044312.3","-9999","289364.6","12.38","-1","-0.906455013","0.43074611","0.73113591","0.55090203","11","0.323529412","1.411764706","S2 O11","de-protonated","0","-9999","C34 H48 O11 S2","34","48","11","-9999","-9999","2","-9999","-9999","-9999"
"4691","695.255902","695.25589804","695.255658879","3044312.3","-9999","289364.6","12.38","-1","0.343990159","0.489379086","0.736963647","0.58841291","12","0.484848485","1.333333333","O16","de-protonated","0","-9999","C33 H44 O16","33","44","16","-9999","-9999","-9999","-9999","-9999","-9999"
"4691","695.255902","695.25589804","695.256148136","3044312.3","-9999","289364.6","12.38","-1","-0.359718136","0.488397273","0.719752637","0.580939418","16","0.222222222","1.25","N2 S1 P1 O8","de-protonated","0","-9999","C36 H45 O8 N2 P1 S1","36","45","8","2","1","1","-9999","-9999","-9999"
"4691","695.255902","695.25589804","695.255496688","3044312.3","-9999","289364.6","12.38","-1","0.577273299","0.470662524","0.767553728","0.589419006","7","0.357142857","1.75","N4 S2 P1 O10","de-protonated","0","-9999","C28 H49 O10 N4 P1 S2","28","49","10","4","1","2","-9999","-9999","-9999"
"4692","695.264445","695.264441037","695.265041793","10021860","-9999","263526.4","44.59","-1","-0.864068639","0.575404993","0.851777248","0.685953895","25","0.181818182","0.909090909","O8","de-protonated","0","-9999","C44 H40 O8","44","40","8","-9999","-9999","-9999","-9999","-9999","-9999"
"4692","695.264445","695.264441037","695.264390345","10021860","-9999","263526.4","44.59","-1","0.072910338","0.666345264","0.904978113","0.761798404","16","0.277777778","1.222222222","N2 S1 O10","de-protonated","0","-9999","C36 H44 O10 N2 S1","36","44","10","2","-9999","1","-9999","-9999","-9999"
"4692","695.264445","695.264441037","695.264523286","10021860","-9999","263526.4","44.59","-1","-0.118299964","0.995409098","0.991361309","0.993789983","3","0.72","1.96","N2 P1 O18","de-protonated","0","-9999","C25 H49 O18 N2 P1","25","49","18","2","1","-9999","-9999","-9999","-9999"
"4692","695.264445","695.264441037","695.264879602","10021860","-9999","263526.4","44.59","-1","-0.630788928","0.461118068","0.84727141","0.615579405","20","0.051282051","1.153846154","N4 S2 P1 O2","de-protonated","0","-9999","C39 H45 O2 N4 P1 S2","39","45","2","4","1","2","-9999","-9999","-9999"
"4692","695.264445","695.264441037","695.264010222","10021860","-9999","263526.4","44.59","-1","0.619641569","0.626733701","0.891167964","0.732507406","21","0.184210526","1.078947368","N4 P1 O7","de-protonated","0","-9999","C38 H41 O7 N4 P1","38","41","7","4","1","-9999","-9999","-9999","-9999"
"4693","695.933504","695.933499778","695.933823503","3013482.3","-9999","292329.9","12.23","-1","-0.46516638","0.480749467","0.793917021","0.606016488","20","0.833333333","0.5","N1 S1 P1 O20","de-protonated","0","-9999","C24 H12 O20 N1 P1 S1","24","12","20","1","1","1","-9999","-9999","-9999"
"4693","695.933504","695.933499778","695.93375092","3013482.3","-9999","292329.9","12.23","-1","-0.360870783","0.97664734499999994","0.613011783","0.83119312","25","0.615384615","0.307692308","13C1 N4 S2 O16","de-protonated","1","4686","C25 H8 O16 N4 S2 13C1","25","8","16","4","-9999","2","1","-9999","-9999"
"4694","696.267749","696.267744649","696.268396629","2851117.8","-9999","254085.1","11.48","-1","-0.936391275","0.568607716","0.851777248","0.681875529","25","0.181818182","0.909090909","13C1 O8","de-protonated","1","4692","C43 H40 O8 13C1","43","40","8","-9999","-9999","-9999","1","-9999","-9999"
"4694","696.267749","696.267744649","696.267304698","2851117.8","-9999","254085.1","11.48","-1","0.631869995","0.465058383","0.662980834","0.544227363","29","0.063829787","0.85106383","N1 P1 O3","de-protonated","0","-9999","C47 H40 O3 N1 P1","47","40","3","1","1","-9999","-9999","-9999","-9999"
"4694","696.267749","696.267744649","696.267166314","2851117.8","-9999","254085.1","11.48","-1","0.830622031","0.441165756","0.780512821","0.576904582","2","0.615384615","2","N1 S1 P1 O16","de-protonated","0","-9999","C26 H52 O16 N1 P1 S1","26","52","16","1","1","1","-9999","-9999","-9999"
"4694","696.267749","696.267744649","696.26774518","2851117.8","-9999","254085.1","11.48","-1","-7.62598e-4","0.666666596","0.904978113","0.761991203","16","0.277777778","1.222222222","13C1 N2 S1 O10","de-protonated","1","4692","C35 H44 O10 N2 S1 13C1","35","44","10","2","-9999","1","1","-9999","-9999"
"4694","696.267749","696.267744649","696.267878122","2851117.8","-9999","254085.1","11.48","-1","-0.191697343","0.993354328","0.991361309","0.99255712","3","0.72","1.96","13C1 N2 P1 O18","de-protonated","1","4692","C24 H49 O18 N2 P1 13C1","24","49","18","2","1","-9999","1","-9999","-9999"
"4694","696.267749","696.267744649","696.268014467","2851117.8","-9999","254085.1","11.48","-1","-0.387520777","0.486559659","0.793917021","0.609502604","3","0.833333333","1.958333333","N3 O20","de-protonated","0","-9999","C24 H47 O20 N3","24","47","20","3","-9999","-9999","-9999","-9999","-9999"
"4694","696.267749","696.267744649","696.268234437","2851117.8","-9999","254085.1","11.48","-1","-0.703447749","0.457062553","0.84727141","0.613146096","20","0.051282051","1.153846154","13C1 N4 S2 P1 O2","de-protonated","1","4692","C38 H45 O2 N4 P1 S2 13C1","38","45","2","4","1","2","1","-9999","-9999"
"4694","696.267749","696.267744649","696.267365057","2851117.8","-9999","254085.1","11.48","-1","0.545180727","0.631665275","0.891167964","0.73546635","21","0.184210526","1.078947368","13C1 N4 P1 O7","de-protonated","1","4692","C37 H41 O7 N4 P1 13C1","37","41","7","4","1","-9999","1","-9999","-9999"
"4695","696.32298","696.322975628","696.323165806","2900344.5","-9999","275451.7","11.71","-1","-0.273117531","0.493278174","0.662980834","0.561159238","28","0.063829787","0.914893617","N3 O3","de-protonated","0","-9999","C47 H43 O3 N3","47","43","3","3","-9999","-9999","-9999","-9999","-9999"
"4695","696.32298","696.322975628","696.323027421","2900344.5","-9999","275451.7","11.71","-1","-0.074381618","0.499498308","0.780512821","0.611904113","1","0.615384615","2.115384615","N3 S1 O16","de-protonated","0","-9999","C26 H55 O16 N3 S1","26","55","16","3","-9999","1","-9999","-9999","-9999"
"4696","697.067152","697.06714734","697.066890811","2030440.3","-9999","251910","7.69","-1","0.368011554","0.487862717","0.667769153","0.559825291","38","0.086956522","0.413043478","S1 P1 O4","de-protonated","0","-9999","C46 H19 O4 P1 S1","46","19","4","-9999","1","1","-9999","-9999","-9999"
"4696","697.067152","697.06714734","697.066752427","2030440.3","-9999","251910","7.69","-1","0.566535555","0.471712584","0.787157861","0.597890695","11","0.68","1.24","S2 P1 O17","de-protonated","0","-9999","C25 H31 O17 P1 S2","25","31","17","-9999","1","2","-9999","-9999","-9999"
"4696","697.067152","697.06714734","697.067738964","2030440.3","-9999","251910","7.69","-1","-0.848733154","0.438737773","0.677556332","0.534265196","39","0.181818182","0.318181818","N2 O8","de-protonated","0","-9999","C44 H14 O8 N2","44","14","8","2","-9999","-9999","-9999","-9999","-9999"
"4696","697.067152","697.06714734","697.06760058","2030440.3","-9999","251910","7.69","-1","-0.650209636","0.463078493","0.800793265","0.598164402","12","0.913043478","1.130434783","N2 S1 O21","de-protonated","0","-9999","C23 H26 O21 N2 S1","23","26","21","2","-9999","1","-9999","-9999","-9999"
"4696","697.067152","697.06714734","697.067087516","2030440.3","-9999","251910","7.69","-1","0.0858227","0.499332213","0.719752637","0.587500383","30","0.277777778","0.5","N4 S1 O10","de-protonated","0","-9999","C36 H18 O10 N4 S1","36","18","10","4","-9999","1","-9999","-9999","-9999"
"4696","697.067152","697.06714734","697.067220457","2030440.3","-9999","251910","7.69","-1","-0.104893113","0.499002795","0.787157861","0.614264822","17","0.72","0.92","N4 P1 O18","de-protonated","0","-9999","C25 H23 O18 N4 P1","25","23","18","4","1","-9999","-9999","-9999","-9999"
"4697","697.102933","697.102928326","697.10327632","2426776.8","-9999","221829.7","9.51","-1","-0.499200799","0.477894896","0.662980834","0.551929271","37","0.063829787","0.489361702","S1 P1 O3","de-protonated","0","-9999","C47 H23 O3 P1 S1","47","23","3","-9999","1","1","-9999","-9999","-9999"
"4697","697.102933","697.102928326","697.103137936","2426776.8","-9999","221829.7","9.51","-1","-0.300687332","0.491864269","0.780512821","0.607323689","10","0.615384615","1.346153846","S2 P1 O16","de-protonated","0","-9999","C26 H35 O16 P1 S2","26","35","16","-9999","1","2","-9999","-9999","-9999"
"4697","697.102933","697.102928326","697.102268556","2426776.8","-9999","221829.7","9.51","-1","0.946446191","0.424993363","0.787157861","0.569859162","11","0.84","1.24","P1 O21","de-protonated","0","-9999","C25 H31 O21 P1","25","31","21","-9999","1","-9999","-9999","-9999","-9999"
"4697","697.102933","697.102928326","697.102624872","2426776.8","-9999","221829.7","9.51","-1","0.435307738","0.483100581","0.703327172","0.571191217","28","0.128205128","0.692307692","N2 S2 P1 O5","de-protonated","0","-9999","C39 H27 O5 N2 P1 S2","39","27","5","2","1","2","-9999","-9999","-9999"
"4697","697.102933","697.102928326","697.103473025","2426776.8","-9999","221829.7","9.51","-1","-0.78137468","0.447566557","0.714192896","0.554217093","29","0.243243243","0.594594595","N4 S1 O9","de-protonated","0","-9999","C37 H22 O9 N4 S1","37","22","9","4","-9999","1","-9999","-9999","-9999"
"4697","697.102933","697.102928326","697.103605967","2426776.8","-9999","221829.7","9.51","-1","-0.972080373","0.421217754","0.780512821","0.564935781","16","0.653846154","1.038461538","N4 P1 O17","de-protonated","0","-9999","C26 H27 O17 N4 P1","26","27","17","4","1","-9999","-9999","-9999","-9999"
"4698","697.118623","697.11861832","697.118394077","2105774","-9999","299606","8.03","-1","0.321670699","0.490700142","0.755017935","0.596427259","14","0.433333333","1.166666667","S2 P1 O13","de-protonated","0","-9999","C30 H35 O13 P1 S2","30","35","13","-9999","1","2","-9999","-9999","-9999"
"4698","697.118623","697.11861832","697.119242231","2105774","-9999","299606","8.03","-1","-0.894984058","0.432364223","0.767553728","0.566440025","15","0.607142857","1.071428571","N2 S1 O17","de-protonated","0","-9999","C28 H30 O17 N2 S1","28","30","17","2","-9999","1","-9999","-9999","-9999"
"4698","697.118623","697.11861832","697.118729166","2105774","-9999","299606","8.03","-1","-0.159006427","0.497711466","0.692787115","0.575741725","33","0.146341463","0.536585366","N4 S1 O6","de-protonated","0","-9999","C41 H22 O6 N4 S1","41","22","6","4","-9999","1","-9999","-9999","-9999"
"4698","697.118623","697.11861832","697.118862108","2105774","-9999","299606","8.03","-1","-0.349708065","0.489026998","0.755017935","0.595423373","20","0.466666667","0.9","N4 P1 O14","de-protonated","0","-9999","C30 H27 O14 N4 P1","30","27","14","4","1","-9999","-9999","-9999","-9999"
"4698","697.118623","697.11861832","697.118590782","2105774","-9999","299606","8.03","-1","0.039502707","0.999716896","0","0.599830138","6","0.95","1.7","N4 S2 O19","de-protonated","0","-9999","C20 H34 O19 N4 S2","20","34","19","4","-9999","2","-9999","-9999","-9999"
"4699","699.097606","699.097600555","699.097658632","2608179.5","-9999","259314.6","10.34","-1","-0.083075084","0.499374261","0.761234226","0.604118247","14","0.482758621","1.137931034","S2 P1 O14","de-protonated","0","-9999","C29 H33 O14 P1 S2","29","33","14","-9999","1","2","-9999","-9999","-9999"
"4699","699.097606","699.097600555","699.097145568","2608179.5","-9999","259314.6","10.34","-1","0.650820356","0.463011734","0.68763467","0.552860909","32","0.071428571","0.595238095","N2 S2 P1 O3","de-protonated","0","-9999","C42 H25 O3 N2 P1 S2","42","25","3","2","1","2","-9999","-9999","-9999"
"4699","699.097606","699.097600555","699.097993721","2608179.5","-9999","259314.6","10.34","-1","-0.562391139","0.472113215","0.698017357","0.562474872","33","0.175","0.5","N4 S1 O7","de-protonated","0","-9999","C40 H20 O7 N4 S1","40","20","7","4","-9999","1","-9999","-9999","-9999"
"4699","699.097606","699.097600555","699.098126663","2608179.5","-9999","259314.6","10.34","-1","-0.752552791","0.451171363","0.761234226","0.575196508","20","0.517241379","0.862068966","N4 P1 O15","de-protonated","0","-9999","C29 H25 O15 N4 P1","29","25","15","4","1","-9999","-9999","-9999","-9999"
"4700","699.119194","699.119188547","699.118926385","2229328.8","-9999","311123.2","8.59","-1","0.374988515","0.487404045","0.662980834","0.55763476","36","0.063829787","0.531914894","S1 P1 O3","de-protonated","0","-9999","C47 H25 O3 P1 S1","47","25","3","-9999","1","1","-9999","-9999","-9999"
"4700","699.119194","699.119188547","699.118788001","2229328.8","-9999","311123.2","8.59","-1","0.572929815","0.471089372","0.780512821","0.594858752","9","0.615384615","1.423076923","S2 P1 O16","de-protonated","0","-9999","C26 H37 O16 P1 S2","26","37","16","-9999","1","2","-9999","-9999","-9999"
"4700","699.119194","699.119188547","699.119774538","2229328.8","-9999","311123.2","8.59","-1","-0.838184849","0.440156624","0.672627142","0.533144831","37","0.155555556","0.444444444","N2 O7","de-protonated","0","-9999","C45 H20 O7 N2","45","20","7","2","-9999","-9999","-9999","-9999","-9999"
"4700","699.119194","699.119188547","699.119636154","2229328.8","-9999","311123.2","8.59","-1","-0.640244029","0.464160329","0.793917021","0.596063006","10","0.833333333","1.333333333","N2 S1 O20","de-protonated","0","-9999","C24 H32 O20 N2 S1","24","32","20","2","-9999","1","-9999","-9999","-9999"
"4700","699.119194","699.119188547","699.119123089","2229328.8","-9999","311123.2","8.59","-1","0.093627932","0.499205325","0.714192896","0.585200354","28","0.243243243","0.648648649","N4 S1 O9","de-protonated","0","-9999","C37 H24 O9 N4 S1","37","24","9","4","-9999","1","-9999","-9999","-9999"
"4700","699.119194","699.119188547","699.119256031","2229328.8","-9999","311123.2","8.59","-1","-0.096528099","0.499155374","0.780512821","0.611698353","15","0.653846154","1.115384615","N4 P1 O17","de-protonated","0","-9999","C26 H29 O17 N4 P1","26","29","17","4","1","-9999","-9999","-9999","-9999"
"4701","699.134441","699.134435541","699.134044142","2246245.5","-9999","245349.9","8.67","-1","0.559833721","0.472359136","0.755017935","0.585422655","13","0.433333333","1.233333333","S2 P1 O13","de-protonated","0","-9999","C30 H37 O13 P1 S2","30","37","13","-9999","1","2","-9999","-9999","-9999"
"4701","699.134441","699.134435541","699.134892295","2246245.5","-9999","245349.9","8.67","-1","-0.653313633","0.462738641","0.767553728","0.584664676","14","0.607142857","1.142857143","N2 S1 O17","de-protonated","0","-9999","C28 H32 O17 N2 S1","28","32","17","2","-9999","1","-9999","-9999","-9999"
"4701","699.134441","699.134435541","699.134379231","2246245.5","-9999","245349.9","8.67","-1","0.080542303","0.499411812","0.692787115","0.576761933","32","0.146341463","0.585365854","N4 S1 O6","de-protonated","0","-9999","C41 H24 O6 N4 S1","41","24","6","4","-9999","1","-9999","-9999","-9999"
"4701","699.134441","699.134435541","699.134512172","2246245.5","-9999","245349.9","8.67","-1","-0.109609575","0.498911201","0.755017935","0.601353895","19","0.466666667","0.966666667","N4 P1 O14","de-protonated","0","-9999","C30 H29 O14 N4 P1","30","29","14","4","1","-9999","-9999","-9999","-9999"
"4701","699.134441","699.134435541","699.134240846","2246245.5","-9999","245349.9","8.67","-1","0.27847917","0.493013539","0.822155738","0.624670418","5","0.95","1.8","N4 S2 O19","de-protonated","0","-9999","C20 H36 O19 N4 S2","20","36","19","4","-9999","2","-9999","-9999","-9999"
"4702","701.113578","701.113571776","701.113447081","3322620.8","-9999","278644.5","13.63","-1","0.177851625","0.4971385","0.649019222","0.557890789","40","0.02","0.46","S1 P1 O1","de-protonated","0","-9999","C50 H23 O1 P1 S1","50","23","1","-9999","1","1","-9999","-9999","-9999"
"4702","701.113578","701.113571776","701.113308697","3322620.8","-9999","278644.5","13.63","-1","0.375229784","0.487388037","0.761234226","0.596926513","13","0.482758621","1.206896552","S2 P1 O14","de-protonated","0","-9999","C29 H35 O14 P1 S2","29","35","14","-9999","1","2","-9999","-9999","-9999"
"4702","701.113578","701.113571776","701.11415685","3322620.8","-9999","278644.5","13.63","-1","-0.834492598","0.440650147","0.773979033","0.573981702","14","0.666666667","1.111111111","N2 S1 O18","de-protonated","0","-9999","C27 H30 O18 N2 S1","27","30","18","2","-9999","1","-9999","-9999","-9999"
"4702","701.113578","701.113571776","701.113643786","3322620.8","-9999","278644.5","13.63","-1","-0.102708491","0.499043861","0.698017357","0.578633259","32","0.175","0.55","N4 S1 O7","de-protonated","0","-9999","C40 H22 O7 N4 S1","40","22","7","4","-9999","1","-9999","-9999","-9999"
"4702","701.113578","701.113571776","701.113776728","3322620.8","-9999","278644.5","13.63","-1","-0.29232353","0.492307123","0.761234226","0.599877964","19","0.517241379","0.931034483","N4 P1 O15","de-protonated","0","-9999","C29 H27 O15 N4 P1","29","27","15","4","1","-9999","-9999","-9999","-9999"
"4703","701.150241","701.150234761","701.149694206","2115375.5","-9999","259576.5","8.05","-1","0.770955299","0.448882009","0.755017935","0.571336379","12","0.433333333","1.3","S2 P1 O13","de-protonated","0","-9999","C30 H39 O13 P1 S2","30","39","13","-9999","1","2","-9999","-9999","-9999"
"4703","701.150241","701.150234761","701.150680744","2115375.5","-9999","259576.5","8.05","-1","-0.636072303","0.464608977","0.653607294","0.540208304","40","0.081632653","0.448979592","N2 O4","de-protonated","0","-9999","C49 H22 O4 N2","49","22","4","2","-9999","-9999","-9999","-9999","-9999"
"4703","701.150241","701.150234761","701.150542359","2115375.5","-9999","259576.5","8.05","-1","-0.438704785","0.482840389","0.767553728","0.596725725","13","0.607142857","1.214285714","N2 S1 O17","de-protonated","0","-9999","C28 H34 O17 N2 S1","28","34","17","2","-9999","1","-9999","-9999","-9999"
"4703","701.150241","701.150234761","701.150029295","2115375.5","-9999","259576.5","8.05","-1","0.293041637","0.492269575","0.692787115","0.572476591","31","0.146341463","0.634146341","N4 S1 O6","de-protonated","0","-9999","C41 H26 O6 N4 S1","41","26","6","4","-9999","1","-9999","-9999","-9999"
"4703","701.150241","701.150234761","701.150162237","2115375.5","-9999","259576.5","8.05","-1","0.103436362","0.499030274","0.755017935","0.601425339","18","0.466666667","1.033333333","N4 P1 O14","de-protonated","0","-9999","C30 H31 O14 N4 P1","30","31","14","4","1","-9999","-9999","-9999","-9999"
"4703","701.150241","701.150234761","701.14989091100006","2115375.5","-9999","259576.5","8.05","-1","0.490409521","0.957299786","0","0.574379871","4","0.95","1.9","N4 S2 O19","de-protonated","0","-9999","C20 H38 O19 N4 S2","20","38","19","4","-9999","2","-9999","-9999","-9999"
"4704","701.186661","701.186654747","701.186079716","2157409.8","-9999","278022.5","8.25","-1","0.820084225","0.442560393","0.748902347","0.565097175","11","0.387096774","1.387096774","S2 P1 O12","de-protonated","0","-9999","C31 H43 O12 P1 S2","31","43","12","-9999","1","2","-9999","-9999","-9999"
"4704","701.186661","701.186654747","701.187066253","2157409.8","-9999","278022.5","8.25","-1","-0.586870433","0.469709352","0.649019222","0.5414333","39","0.06","0.52","N2 O3","de-protonated","0","-9999","C50 H26 O3 N2","50","26","3","2","-9999","-9999","-9999","-9999","-9999"
"4704","701.186661","701.186654747","701.186927869","2157409.8","-9999","278022.5","8.25","-1","-0.389513148","0.486422999","0.761234226","0.59634749","12","0.551724138","1.310344828","N2 S1 O16","de-protonated","0","-9999","C29 H38 O16 N2 S1","29","38","16","2","-9999","1","-9999","-9999","-9999"
"4704","701.186661","701.186654747","701.186414805","2157409.8","-9999","278022.5","8.25","-1","0.342195339","0.489488459","0.68763467","0.568746943","30","0.119047619","0.714285714","N4 S1 O5","de-protonated","0","-9999","C42 H30 O5 N4 S1","42","30","5","4","-9999","1","-9999","-9999","-9999"
"4704","701.186661","701.186654747","701.186547746","2157409.8","-9999","278022.5","8.25","-1","0.152599894","0.497891784","0.748902347","0.598296009","17","0.419354839","1.129032258","N4 P1 O13","de-protonated","0","-9999","C31 H35 O13 N4 P1","31","35","13","4","1","-9999","-9999","-9999","-9999"
"4704","701.186661","701.186654747","701.18627642","2157409.8","-9999","278022.5","8.25","-1","0.539552991","0.474274004","0.81490939","0.610528159","3","0.857142857","2","N4 S2 O18","de-protonated","0","-9999","C21 H42 O18 N4 S2","21","42","18","4","-9999","2","-9999","-9999","-9999"
"4705","701.196435","701.196428743","701.196962232","2285422.8","-9999","247279.4","8.84","-1","-0.760825466","0.450147609","0.658260696","0.533392844","34","0.125","0.625","O6","de-protonated","0","-9999","C48 H30 O6","48","30","6","-9999","-9999","-9999","-9999","-9999","-9999"
"4705","701.196435","701.196428743","701.196823848","2285422.8","-9999","247279.4","8.84","-1","-0.563471001","0.472009078","0.773979033","0.59279706","7","0.703703704","1.555555556","S1 O19","de-protonated","0","-9999","C27 H42 O19 S1","27","42","19","-9999","-9999","1","-9999","-9999","-9999"
"4705","701.196435","701.196428743","701.196310783","2285422.8","-9999","247279.4","8.84","-1","0.168227032","0.497439052","0.698017357","0.577670374","25","0.2","0.85","N2 S1 O8","de-protonated","0","-9999","C40 H34 O8 N2 S1","40","34","8","2","-9999","1","-9999","-9999","-9999"
"4705","701.196435","701.196428743","701.196443725","2285422.8","-9999","247279.4","8.84","-1","-0.021365704","0.499958587","0.761234226","0.604468842","12","0.551724138","1.344827586","N2 P1 O16","de-protonated","0","-9999","C29 H39 O16 N2 P1","29","39","16","2","1","-9999","-9999","-9999","-9999"
"4705","701.196435","701.196428743","701.195930661","2285422.8","-9999","247279.4","8.84","-1","0.710333121","0.456255958","0.68763467","0.548807443","30","0.119047619","0.738095238","N4 P1 O5","de-protonated","0","-9999","C42 H31 O5 N4 P1","42","31","5","4","1","-9999","-9999","-9999","-9999"
"4705","701.196435","701.196428743","701.195792276","2285422.8","-9999","247279.4","8.84","-1","0.907688168","0.430571296","0.81490939","0.584306534","3","0.857142857","2.047619048","N4 S1 P1 O18","de-protonated","0","-9999","C21 H43 O18 N4 P1 S1","21","43","18","4","1","1","-9999","-9999","-9999"
"4706","701.201675","701.201668741","701.201335857","2206582","-9999","316769.3","8.47","-1","0.474734618","0.479965618","0.725399619","0.578139218","15","0.257142857","1.228571429","S2 P1 O9","de-protonated","0","-9999","C35 H43 O9 P1 S2","35","43","9","-9999","1","2","-9999","-9999","-9999"
"4706","701.201675","701.201668741","701.20218401","2206582","-9999","316769.3","8.47","-1","-0.734836019","0.453333798","0.736963647","0.566785738","16","0.393939394","1.151515152","N2 S1 O13","de-protonated","0","-9999","C33 H38 O13 N2 S1","33","38","13","2","-9999","1","-9999","-9999","-9999"
"4706","701.201675","701.201668741","701.202316952","2206582","-9999","316769.3","8.47","-1","-0.924426996","0.428182006","0.807789663","0.580025069","3","0.954545455","1.954545455","N2 P1 O21","de-protonated","0","-9999","C22 H43 O21 N2 P1","22","43","21","2","1","-9999","-9999","-9999","-9999"
"4706","701.201675","701.201668741","701.201670946","2206582","-9999","316769.3","8.47","-1","-0.003143706","0.499999103","0.667769153","0.567107123","34","0.043478261","0.652173913","N4 S1 O2","de-protonated","0","-9999","C46 H30 O2 N4 S1","46","30","2","4","-9999","1","-9999","-9999","-9999"
"4706","701.201675","701.201668741","701.201803888","2206582","-9999","316769.3","8.47","-1","-0.19273496","0.496641216","0.725399619","0.588144577","21","0.285714286","1","N4 P1 O10","de-protonated","0","-9999","C35 H35 O10 N4 P1","35","35","10","4","1","-9999","-9999","-9999","-9999"
"4706","701.201675","701.201668741","701.201532561","2206582","-9999","316769.3","8.47","-1","0.194209585","0.4965898","0.787157861","0.612817024","7","0.6","1.68","N4 S2 O15","de-protonated","0","-9999","C25 H42 O15 N4 S2","25","42","15","4","-9999","2","-9999","-9999","-9999"
"4707","701.205394","701.20538774","701.20582664","9333627","-9999","251815.1","41.38","-1","-0.625921124","0.614929367","0.908433182","0.732330893","25","0.2","0.875","N2 P1 O8","de-protonated","0","-9999","C40 H35 O8 N2 P1","40","35","8","2","1","-9999","-9999","-9999","-9999"
"4707","701.205394","701.20538774","701.205555313","9333627","-9999","251815.1","41.38","-1","-0.238978967","0.657089161","0.936714318","0.768939224","11","0.433333333","1.4","N2 S2 O13","de-protonated","0","-9999","C30 H42 O13 N2 S2","30","42","13","2","-9999","2","-9999","-9999","-9999"
"4707","701.205394","701.20538774","701.205042249","9333627","-9999","251815.1","41.38","-1","0.492710191","0.481697848","0.854550586","0.630838943","29","0.046511628","0.790697674","N4 S2 O2","de-protonated","0","-9999","C43 H34 O2 N4 S2","43","34","2","4","-9999","2","-9999","-9999","-9999"
"4707","701.205394","701.20538774","701.205175191","9333627","-9999","251815.1","41.38","-1","0.303119755","0.658209262","0.95867743","0.778396529","16","0.3125","1.21875","N4 S1 P1 O10","de-protonated","0","-9999","C32 H39 O10 N4 P1 S1","32","39","10","4","1","1","-9999","-9999","-9999"
"4708","702.208692","702.208685352","702.208469667","3148000.5","-9999","285668.9","12.81","-1","0.307152489","0.491513668","0.692787115","0.572023047","24","0.146341463","0.926829268","N1 S1 P1 O6","de-protonated","0","-9999","C41 H38 O6 N1 P1 S1","41","38","6","1","1","1","-9999","-9999","-9999"
"4708","702.208692","702.208685352","702.209181475","3148000.5","-9999","285668.9","12.81","-1","-0.706516639","0.608938452","0.908433182","0.728736344","25","0.2","0.875","13C1 N2 P1 O8","de-protonated","1","4707","C39 H35 O8 N2 P1 13C1","39","35","8","2","1","-9999","1","-9999","-9999"
"4708","702.208692","702.208685352","702.208910148","3148000.5","-9999","285668.9","12.81","-1","-0.320127397","0.654384454","0.936714318","0.767316399","11","0.433333333","1.4","13C1 N2 S2 O13","de-protonated","1","4707","C29 H42 O13 N2 S2 13C1","29","42","13","2","-9999","2","1","-9999","-9999"
"4708","702.208692","702.208685352","702.20931782","3148000.5","-9999","285668.9","12.81","-1","-0.900683136","0.431562119","0.703327172","0.54026814","25","0.256410256","0.846153846","N3 O10","de-protonated","0","-9999","C39 H33 O10 N3","39","33","10","3","-9999","-9999","-9999","-9999","-9999"
"4708","702.208692","702.208685352","702.208397084","3148000.5","-9999","285668.9","12.81","-1","0.410516223","0.484942205","0.854550586","0.632785557","29","0.046511628","0.790697674","13C1 N4 S2 O2","de-protonated","1","4707","C42 H34 O2 N4 S2 13C1","42","34","2","4","-9999","2","1","-9999","-9999"
"4708","702.208692","702.208685352","702.208530026","3148000.5","-9999","285668.9","12.81","-1","0.2211967","0.66077425","0.95867743","0.779935522","16","0.3125","1.21875","13C1 N4 S1 P1 O10","de-protonated","1","4707","C31 H39 O10 N4 P1 S1 13C1","31","39","10","4","1","1","1","-9999","-9999"
"4709","702.970453","702.970446058","702.970529564","2103548","-9999","322974","7.99","-1","-0.118791235","0.498721394","0.767553728","0.606254328","21","0.642857143","0.571428571","S2 O18","de-protonated","0","-9999","C28 H16 O18 S2","28","16","18","-9999","-9999","2","-9999","-9999","-9999"
"4709","702.970453","702.970446058","702.970149442","2103548","-9999","322974","7.99","-1","0.421946483","0.484105659","0.755017935","0.592470569","26","0.5","0.433333333","N2 S1 P1 O15","de-protonated","0","-9999","C30 H13 O15 N2 P1 S1","30","13","15","2","1","1","-9999","-9999","-9999"
"4710","703.092823","703.09281601","703.092711636","3498404.5","-9999","262987.8","14.42","-1","0.148449705","0.498004671","0.653607294","0.56024572","40","0.040816327","0.428571429","S1 P1 O2","de-protonated","0","-9999","C49 H21 O2 P1 S1","49","21","2","-9999","1","1","-9999","-9999","-9999"
"4710","703.092823","703.09281601","703.092573252","3498404.5","-9999","262987.8","14.42","-1","0.345272223","0.489300624","0.767553728","0.600601865","13","0.535714286","1.178571429","S2 P1 O15","de-protonated","0","-9999","C28 H33 O15 P1 S2","28","33","15","-9999","1","2","-9999","-9999","-9999"
"4710","703.092823","703.09281601","703.093421405","3498404.5","-9999","262987.8","14.42","-1","-0.861044657","0.437065217","0.780512821","0.574444259","14","0.730769231","1.076923077","N2 S1 O19","de-protonated","0","-9999","C26 H28 O19 N2 S1","26","28","19","2","-9999","1","-9999","-9999","-9999"
"4710","703.092823","703.09281601","703.092908341","3498404.5","-9999","262987.8","14.42","-1","-0.131320602","0.498437895","0.703327172","0.580393606","32","0.205128205","0.512820513","N4 S1 O8","de-protonated","0","-9999","C39 H20 O8 N4 S1","39","20","8","4","-9999","1","-9999","-9999","-9999"
"4710","703.092823","703.09281601","703.093041283","3498404.5","-9999","262987.8","14.42","-1","-0.320401854","0.490772685","0.767553728","0.601485102","19","0.571428571","0.892857143","N4 P1 O16","de-protonated","0","-9999","C28 H25 O16 N4 P1","28","25","16","4","1","-9999","-9999","-9999","-9999"
"4711","703.129669","703.129661996","703.129097146","3262935.8","-9999","273309.5","13.34","-1","0.803337985","0.444748894","0.649019222","0.526457025","39","0.02","0.5","S1 P1 O1","de-protonated","0","-9999","C50 H25 O1 P1 S1","50","25","1","-9999","1","1","-9999","-9999","-9999"
"4711","703.129669","703.129661996","703.129945299","3262935.8","-9999","273309.5","13.34","-1","-0.402916787","0.485486445","0.658260696","0.554596145","40","0.104166667","0.416666667","N2 O5","de-protonated","0","-9999","C48 H20 O5 N2","48","20","5","2","-9999","-9999","-9999","-9999","-9999"
"4711","703.129669","703.129661996","703.129806915","3262935.8","-9999","273309.5","13.34","-1","-0.2061048","0.496160918","0.773979033","0.607288164","13","0.666666667","1.185185185","N2 S1 O18","de-protonated","0","-9999","C27 H32 O18 N2 S1","27","32","18","2","-9999","1","-9999","-9999","-9999"
"4711","703.129669","703.129661996","703.12929385","3262935.8","-9999","273309.5","13.34","-1","0.523581971","0.475737439","0.698017357","0.564649406","31","0.175","0.6","N4 S1 O7","de-protonated","0","-9999","C40 H24 O7 N4 S1","40","24","7","4","-9999","1","-9999","-9999","-9999"
"4711","703.129669","703.129661996","703.130296172","3262935.8","-9999","273309.5","13.34","-1","-0.901932091","0.431385857","0.755017935","0.560838688","17","0.333333333","1.1","N4 S2 P1 O10","de-protonated","0","-9999","C30 H33 O10 N4 P1 S2","30","33","10","4","1","2","-9999","-9999","-9999"
"4711","703.129669","703.129661996","703.129426792","3262935.8","-9999","273309.5","13.34","-1","0.33451038","0.489950566","0.761234226","0.59846403","18","0.517241379","1","N4 P1 O15","de-protonated","0","-9999","C29 H29 O15 N4 P1","29","29","15","4","1","-9999","-9999","-9999","-9999"
"4712","703.16608","703.166072982","703.166330808","2923018","-9999","281794.1","11.77","-1","-0.366664718","0.487950316","0.653607294","0.554213107","39","0.081632653","0.489795918","N2 O4","de-protonated","0","-9999","C49 H24 O4 N2","49","24","4","2","-9999","-9999","-9999","-9999","-9999"
"4712","703.16608","703.166072982","703.166192424","2923018","-9999","281794.1","11.77","-1","-0.169862908","0.497389134","0.767553728","0.605454972","12","0.607142857","1.285714286","N2 S1 O17","de-protonated","0","-9999","C28 H36 O17 N2 S1","28","36","17","2","-9999","1","-9999","-9999","-9999"
"4712","703.16608","703.166072982","703.16567936","2923018","-9999","281794.1","11.77","-1","0.559786132","0.472363702","0.692787115","0.560533067","30","0.146341463","0.682926829","N4 S1 O6","de-protonated","0","-9999","C41 H28 O6 N4 S1","41","28","6","4","-9999","1","-9999","-9999","-9999"
"4712","703.16608","703.166072982","703.166681681","2923018","-9999","281794.1","11.77","-1","-0.865654218","0.43643446","0.748902347","0.561421614","16","0.290322581","1.193548387","N4 S2 P1 O9","de-protonated","0","-9999","C31 H37 O9 N4 P1 S2","31","37","9","4","1","2","-9999","-9999","-9999"
"4712","703.16608","703.166072982","703.165812301","2923018","-9999","281794.1","11.77","-1","0.370724317","0.48768535","0.755017935","0.594618384","17","0.466666667","1.1","N4 P1 O14","de-protonated","0","-9999","C30 H33 O14 N4 P1","30","33","14","4","1","-9999","-9999","-9999","-9999"
"4712","703.16608","703.166072982","703.165540975","2923018","-9999","281794.1","11.77","-1","0.756588306","0.45067307","0.822155738","0.599266138","3","0.95","2","N4 S2 O19","de-protonated","0","-9999","C20 H40 O19 N4 S2","20","40","19","4","-9999","2","-9999","-9999","-9999"
"4713","703.202333","703.202325968","703.20172978","4675132.5","-9999","261488.9","19.86","-1","0.847819233","0.912203323","0.913207176","0.912604865","10","0.387096774","1.451612903","S2 P1 O12","de-protonated","0","-9999","C31 H45 O12 P1 S2","31","45","12","-9999","1","2","-9999","-9999","-9999"
"4713","703.202333","703.202325968","703.202716318","4675132.5","-9999","261488.9","19.86","-1","-0.55510259","0.607457486","0.914909097","0.730438131","38","0.06","0.56","N2 O3","de-protonated","0","-9999","C50 H28 O3 N2","50","28","3","2","-9999","-9999","-9999","-9999","-9999"
"4713","703.202333","703.202325968","703.202577933","4675132.5","-9999","261488.9","19.86","-1","-0.358311","0.951050677","0.900875297","0.930980525","11","0.551724138","1.379310345","N2 S1 O16","de-protonated","0","-9999","C29 H40 O16 N2 S1","29","40","16","2","-9999","1","-9999","-9999","-9999"
"4713","703.202333","703.202325968","703.202064869","4675132.5","-9999","261488.9","19.86","-1","0.371300148","0.987155448","0.974474853","0.98208321","29","0.119047619","0.761904762","N4 S1 O5","de-protonated","0","-9999","C42 H32 O5 N4 S1","42","32","5","4","-9999","1","-9999","-9999","-9999"
"4713","703.202333","703.202325968","703.202197811","4675132.5","-9999","261488.9","19.86","-1","0.182248152","0.995794894","0.913207176","0.962759807","16","0.419354839","1.193548387","N4 P1 O13","de-protonated","0","-9999","C31 H37 O13 N4 P1","31","37","13","4","1","-9999","-9999","-9999","-9999"
"4713","703.202333","703.202325968","703.201926485","4675132.5","-9999","261488.9","19.86","-1","0.568092102","0.964982595","0.847200133","0.91786961","2","0.857142857","2.095238095","N4 S2 O18","de-protonated","0","-9999","C21 H44 O18 N4 S2","21","44","18","4","-9999","2","-9999","-9999","-9999"
"4714","704.205479","704.20547158","704.205084615","2385833","-9999","300767.7","9.28","-1","0.549506225","0.946684198","0.913207176","0.933293389","10","0.387096774","1.451612903","13C1 S2 P1 O12","de-protonated","1","4713","C30 H45 O12 P1 S2 13C1","30","45","12","-9999","1","2","1","-9999","-9999"
"4714","704.205479","704.20547158","704.205359345","2385833","-9999","300767.7","9.28","-1","0.159378265","0.497700775","0.644495114","0.55641851","37","0.019607843","0.607843137","N1 S1 O1","de-protonated","0","-9999","C51 H31 O1 N1 S1","51","31","1","1","-9999","1","-9999","-9999","-9999"
"4714","704.205479","704.20547158","704.205492287","2385833","-9999","300767.7","9.28","-1","-0.029404346","0.499921564","0.698017357","0.579159881","24","0.225","0.9","N1 P1 O9","de-protonated","0","-9999","C40 H36 O9 N1 P1","40","36","9","1","1","-9999","-9999","-9999","-9999"
"4714","704.205479","704.20547158","704.205220961","2385833","-9999","300767.7","9.28","-1","0.355889804","0.488640112","0.755017935","0.595191241","10","0.466666667","1.433333333","N1 S2 O14","de-protonated","0","-9999","C30 H43 O14 N1 S2","30","43","14","1","-9999","2","-9999","-9999","-9999"
"4714","704.205479","704.20547158","704.206071153","2385833","-9999","300767.7","9.28","-1","-0.851416292","0.584499694","0.914909097","0.716663455","38","0.06","0.56","13C1 N2 O3","de-protonated","1","4713","C49 H28 O3 N2 13C1","49","28","3","2","-9999","-9999","1","-9999","-9999"
"4714","704.205479","704.20547158","704.205932768","2385833","-9999","300767.7","9.28","-1","-0.65490515","0.925127717","0.900875297","0.915426749","11","0.551724138","1.379310345","13C1 N2 S1 O16","de-protonated","1","4713","C28 H40 O16 N2 S1 13C1","28","40","16","2","-9999","1","1","-9999","-9999"
"4714","704.205479","704.20547158","704.204840838","2385833","-9999","300767.7","9.28","-1","0.895679696","0.43226651","0.742885034","0.55651392","15","0.34375","1.25","N3 S1 P1 O11","de-protonated","0","-9999","C32 H40 O11 N3 P1 S1","32","40","11","3","1","1","-9999","-9999","-9999"
"4714","704.205479","704.20547158","704.205419704","2385833","-9999","300767.7","9.28","-1","0.07366623","0.999015815","0.974474853","0.98919943","29","0.119047619","0.761904762","13C1 N4 S1 O5","de-protonated","1","4713","C41 H32 O5 N4 S1 13C1","41","32","5","4","-9999","1","1","-9999","-9999"
"4714","704.205479","704.20547158","704.205552646","2385833","-9999","300767.7","9.28","-1","-0.115116349","0.997598372","0.913207176","0.963841894","16","0.419354839","1.193548387","13C1 N4 P1 O13","de-protonated","1","4713","C30 H37 O13 N4 P1 13C1","30","37","13","4","1","-9999","1","-9999","-9999"
"4714","704.205479","704.20547158","704.20528132","2385833","-9999","300767.7","9.28","-1","0.270177735","0.9868423","0.847200133","0.930985433","2","0.857142857","2.095238095","13C1 N4 S2 O18","de-protonated","1","4713","C20 H44 O18 N4 S2 13C1","20","44","18","4","-9999","2","1","-9999","-9999"
"4715","704.244067","704.244059565","704.244246778","1929182.6","-9999","324662","7.17","-1","-0.265834887","0.493629605","0.658260696","0.559482041","32","0.104166667","0.729166667","N1 O5","de-protonated","0","-9999","C48 H35 O5 N1","48","35","5","1","-9999","-9999","-9999","-9999","-9999"
"4715","704.244067","704.244059565","704.244108394","1929182.6","-9999","324662","7.17","-1","-0.069334282","0.499564056","0.773979033","0.609330047","5","0.666666667","1.740740741","N1 S1 O18","de-protonated","0","-9999","C27 H47 O18 N1 S1","27","47","18","1","-9999","1","-9999","-9999","-9999"
"4715","704.244067","704.244059565","704.243595329","1929182.6","-9999","324662","7.17","-1","0.65919803","0.462090618","0.698017357","0.556461314","23","0.175","0.975","N3 S1 O7","de-protonated","0","-9999","C40 H39 O7 N3 S1","40","39","7","3","-9999","1","-9999","-9999","-9999"
"4715","704.244067","704.244059565","704.244597651","1929182.6","-9999","324662","7.17","-1","-0.764060685","0.44974484","0.755017935","0.571854078","9","0.333333333","1.6","N3 S2 P1 O10","de-protonated","0","-9999","C30 H48 O10 N3 P1 S2","30","48","10","3","1","2","-9999","-9999","-9999"
"4715","704.244067","704.244059565","704.243728271","1929182.6","-9999","324662","7.17","-1","0.470425574","0.48032044","0.761234226","0.592685954","10","0.517241379","1.517241379","N3 P1 O15","de-protonated","0","-9999","C29 H44 O15 N3 P1","29","44","15","3","1","-9999","-9999","-9999","-9999"
"4716","704.252148","704.252140562","704.252839859","5996522","-9999","228180.5","25.95","-1","-0.9929633","0.278728703","0.70723611","0.450131666","9","0.4","1.566666667","N3 S2 O12","de-protonated","0","-9999","C30 H47 O12 N3 S2","30","47","12","3","-9999","2","-9999","-9999","-9999"
"4716","704.252148","704.252140562","704.25197048","5996522","-9999","228180.5","25.95","-1","0.241508229","0.494736294","0.761234226","0.601335467","10","0.586206897","1.482758621","N3 O17","de-protonated","0","-9999","C29 H43 O17 N3","29","43","17","3","-9999","-9999","-9999","-9999","-9999"
"4717","704.322432","704.322424535","704.322891023","7672907","-9999","238099","33.69","-1","-0.66232187","0.641088842","0.882863296","0.737798624","21","0.186046512","1.093023256","N1 O8","de-protonated","0","-9999","C43 H47 O8 N1","43","47","8","1","-9999","-9999","-9999","-9999","-9999"
"4717","704.322432","704.322424535","704.322239575","7672907","-9999","238099","33.69","-1","0.262607391","0.618029231","0.936742721","0.745514627","12","0.285714286","1.457142857","N3 S1 O10","de-protonated","0","-9999","C35 H51 O10 N3 S1","35","51","10","3","-9999","1","-9999","-9999","-9999"
"4718","704.37453","704.374522515","704.374532674","2916499.8","-9999","267617.4","11.73","-1","-0.014423058","0.499981127","0.658260696","0.563292955","24","0.083333333","1.0625","N1 O4","de-protonated","0","-9999","C48 H51 O4 N1","48","51","4","1","-9999","-9999","-9999","-9999","-9999"
"4718","704.37453","704.374522515","704.373881225","2916499.8","-9999","267617.4","11.73","-1","0.91043899","0.430180736","0.698017357","0.537315384","15","0.15","1.375","N3 S1 O6","de-protonated","0","-9999","C40 H55 O6 N3 S1","40","55","6","3","-9999","1","-9999","-9999","-9999"
"4718","704.37453","704.374522515","704.374883547","2916499.8","-9999","267617.4","11.73","-1","-0.512556826","0.476724567","0.755017935","0.588041914","1","0.3","2.133333333","N3 S2 P1 O9","de-protonated","0","-9999","C30 H64 O9 N3 P1 S2","30","64","9","3","1","2","-9999","-9999","-9999"
"4718","704.37453","704.374522515","704.374014167","2916499.8","-9999","267617.4","11.73","-1","0.721701404","0.454910193","0.761234226","0.577439806","2","0.482758621","2.068965517","N3 P1 O14","de-protonated","0","-9999","C29 H60 O14 N3 P1","29","60","14","3","1","-9999","-9999","-9999","-9999"
"4719","705.072557","705.072549245","705.071976192","2310236.5","-9999","310905.9","8.93","-1","0.812758806","0.443521949","0.658260696","0.529417448","40","0.0625","0.395833333","S1 P1 O3","de-protonated","0","-9999","C48 H19 O3 P1 S1","48","19","3","-9999","1","1","-9999","-9999","-9999"
"4719","705.072557","705.072549245","705.07268596","2310236.5","-9999","310905.9","8.93","-1","-0.193902395","0.496600542","0.787157861","0.61282347","14","0.8","1.04","N2 S1 O20","de-protonated","0","-9999","C25 H26 O20 N2 S1","25","26","20","2","-9999","1","-9999","-9999","-9999"
"4719","705.072557","705.072549245","705.072172896","2310236.5","-9999","310905.9","8.93","-1","0.533773678","0.474808121","0.70871839","0.568372228","32","0.236842105","0.473684211","N4 S1 O9","de-protonated","0","-9999","C38 H18 O9 N4 S1","38","18","9","4","-9999","1","-9999","-9999","-9999"
"4719","705.072557","705.072549245","705.073175218","2310236.5","-9999","310905.9","8.93","-1","-0.887812293","0.433368458","0.767553728","0.567042566","18","0.428571429","0.964285714","N4 S2 P1 O12","de-protonated","0","-9999","C28 H27 O12 N4 P1 S2","28","27","12","4","1","2","-9999","-9999","-9999"
"4719","705.072557","705.072549245","705.072305838","2310236.5","-9999","310905.9","8.93","-1","0.345223086","0.489303636","0.773979033","0.603173795","19","0.62962963","0.851851852","N4 P1 O17","de-protonated","0","-9999","C27 H23 O17 N4 P1","27","23","17","4","1","-9999","-9999","-9999","-9999"
"4720","705.10869","705.108682231","705.108361701","3103886.8","-9999","312509.7","12.59","-1","0.454582808","0.481599347","0.653607294","0.550402526","39","0.040816327","0.469387755","S1 P1 O2","de-protonated","0","-9999","C49 H23 O2 P1 S1","49","23","2","-9999","1","1","-9999","-9999","-9999"
"4720","705.10869","705.108682231","705.108223316","3103886.8","-9999","312509.7","12.59","-1","0.650842741","0.463009286","0.767553728","0.584827063","12","0.535714286","1.25","S2 P1 O15","de-protonated","0","-9999","C28 H35 O15 P1 S2","28","35","15","-9999","1","2","-9999","-9999","-9999"
"4720","705.10869","705.108682231","705.109209854","3103886.8","-9999","312509.7","12.59","-1","-0.748285548","0.451695964","0.662980834","0.536209912","40","0.127659574","0.382978723","N2 O6","de-protonated","0","-9999","C47 H18 O6 N2","47","18","6","2","-9999","-9999","-9999","-9999","-9999"
"4720","705.10869","705.108682231","705.10907147","3103886.8","-9999","312509.7","12.59","-1","-0.552026086","0.473103761","0.780512821","0.596067385","13","0.730769231","1.153846154","N2 S1 O19","de-protonated","0","-9999","C26 H30 O19 N2 S1","26","30","19","2","-9999","1","-9999","-9999","-9999"
"4720","705.10869","705.108682231","705.108558405","3103886.8","-9999","312509.7","12.59","-1","0.175612177","0.497209908","0.703327172","0.579656814","31","0.205128205","0.564102564","N4 S1 O8","de-protonated","0","-9999","C39 H22 O8 N4 S1","39","22","8","4","-9999","1","-9999","-9999","-9999"
"4720","705.10869","705.108682231","705.108691347","3103886.8","-9999","312509.7","12.59","-1","-0.012928618","0.499984836","0.767553728","0.607012393","18","0.571428571","0.964285714","N4 P1 O16","de-protonated","0","-9999","C28 H27 O16 N4 P1","28","27","16","4","1","-9999","-9999","-9999","-9999"
"4721","705.145171","705.145163217","705.14474721","2726081","-9999","274507","10.85","-1","0.589959278","0.469399646","0.649019222","0.541247476","38","0.02","0.54","S1 P1 O1","de-protonated","0","-9999","C50 H27 O1 P1 S1","50","27","1","-9999","1","1","-9999","-9999","-9999"
"4721","705.145171","705.145163217","705.144608826","2726081","-9999","274507","10.85","-1","0.786209111","0.446951538","0.761234226","0.572664613","11","0.482758621","1.344827586","S2 P1 O14","de-protonated","0","-9999","C29 H39 O14 P1 S2","29","39","14","-9999","1","2","-9999","-9999","-9999"
"4721","705.145171","705.145163217","705.145595363","2726081","-9999","274507","10.85","-1","-0.612847172","0.467060734","0.658260696","0.543540719","39","0.104166667","0.458333333","N2 O5","de-protonated","0","-9999","C48 H22 O5 N2","48","22","5","2","-9999","-9999","-9999","-9999","-9999"
"4721","705.145171","705.145163217","705.145456979","2726081","-9999","274507","10.85","-1","-0.416597812","0.484499791","0.773979033","0.600291488","12","0.666666667","1.259259259","N2 S1 O18","de-protonated","0","-9999","C27 H34 O18 N2 S1","27","34","18","2","-9999","1","-9999","-9999","-9999"
"4721","705.145171","705.145163217","705.144943915","2726081","-9999","274507","10.85","-1","0.311003004","0.491301435","0.698017357","0.573987804","30","0.175","0.65","N4 S1 O7","de-protonated","0","-9999","C40 H26 O7 N4 S1","40","26","7","4","-9999","1","-9999","-9999","-9999"
"4721","705.145171","705.145163217","705.145076856","2726081","-9999","274507","10.85","-1","0.122471912","0.498641042","0.761234226","0.603678316","17","0.517241379","1.068965517","N4 P1 O15","de-protonated","0","-9999","C29 H31 O15 N4 P1","29","31","15","4","1","-9999","-9999","-9999","-9999"
"4722","705.181537","705.181529203","705.180994335","2042611.9","-9999","262357.7","7.69","-1","0.758482874","0.450438407","0.755017935","0.572270218","10","0.433333333","1.433333333","S2 P1 O13","de-protonated","0","-9999","C30 H43 O13 P1 S2","30","43","13","-9999","1","2","-9999","-9999","-9999"
"4722","705.181537","705.181529203","705.181980873","2042611.9","-9999","262357.7","7.69","-1","-0.640501183","0.464132592","0.653607294","0.539922472","38","0.081632653","0.530612245","N2 O4","de-protonated","0","-9999","C49 H26 O4 N2","49","26","4","2","-9999","-9999","-9999","-9999","-9999"
"4722","705.181537","705.181529203","705.181842488","2042611.9","-9999","262357.7","7.69","-1","-0.444261953","0.482410692","0.767553728","0.596467907","11","0.607142857","1.357142857","N2 S1 O17","de-protonated","0","-9999","C28 H38 O17 N2 S1","28","38","17","2","-9999","1","-9999","-9999","-9999"
"4722","705.181537","705.181529203","705.181329424","2042611.9","-9999","262357.7","7.69","-1","0.2833013","0.492771262","0.692787115","0.572777603","29","0.146341463","0.731707317","N4 S1 O6","de-protonated","0","-9999","C41 H30 O6 N4 S1","41","30","6","4","-9999","1","-9999","-9999","-9999"
"4722","705.181537","705.181529203","705.181462366","2042611.9","-9999","262357.7","7.69","-1","0.094779941","0.499185666","0.755017935","0.601518573","16","0.466666667","1.166666667","N4 P1 O14","de-protonated","0","-9999","C30 H35 O14 N4 P1","30","35","14","4","1","-9999","-9999","-9999","-9999"
"4722","705.181537","705.181529203","705.18119104","2042611.9","-9999","262357.7","7.69","-1","0.479540892","0.959132697","0","0.575479618","2","0.95","2.1","N4 S2 O19","de-protonated","0","-9999","C20 H42 O19 N4 S2","20","42","19","4","-9999","2","-9999","-9999","-9999"
"4723","705.217742","705.217734189","705.217379845","2213158.3","-9999","293486.5","8.48","-1","0.502461186","0.477611791","0.748902347","0.586128013","9","0.387096774","1.516129032","S2 P1 O12","de-protonated","0","-9999","C31 H47 O12 P1 S2","31","47","12","-9999","1","2","-9999","-9999","-9999"
"4723","705.217742","705.217734189","705.218366382","2213158.3","-9999","293486.5","8.48","-1","-0.896450333","0.4321582","0.649019222","0.518902609","37","0.06","0.6","N2 O3","de-protonated","0","-9999","C50 H30 O3 N2","50","30","3","2","-9999","-9999","-9999","-9999","-9999"
"4723","705.217742","705.217734189","705.218227998","2213158.3","-9999","293486.5","8.48","-1","-0.700221278","0.457438305","0.761234226","0.578956673","10","0.551724138","1.448275862","N2 S1 O16","de-protonated","0","-9999","C29 H42 O16 N2 S1","29","42","16","2","-9999","1","-9999","-9999","-9999"
"4723","705.217742","705.217734189","705.217714933","2213158.3","-9999","293486.5","8.48","-1","0.02730425","0.499932368","0.68763467","0.575013289","28","0.119047619","0.80952381","N4 S1 O5","de-protonated","0","-9999","C42 H34 O5 N4 S1","42","34","5","4","-9999","1","-9999","-9999","-9999"
"4723","705.217742","705.217734189","705.217847875","2213158.3","-9999","293486.5","8.48","-1","-0.161207334","0.497647824","0.748902347","0.598149633","15","0.419354839","1.258064516","N4 P1 O13","de-protonated","0","-9999","C31 H39 O13 N4 P1","31","39","13","4","1","-9999","-9999","-9999","-9999"
"4723","705.217742","705.217734189","705.217576549","2213158.3","-9999","293486.5","8.48","-1","0.223533667","0.495487238","0.81490939","0.623256099","1","0.857142857","2.19047619","N4 S2 O18","de-protonated","0","-9999","C21 H46 O18 N4 S2","21","46","18","4","-9999","2","-9999","-9999","-9999"
"4724","705.326229","705.326221147","705.325534051","2506173.3","-9999","330003.6","9.83","-1","0.974154398","0.420909357","0.677556332","0.523568147","20","0.136363636","1.136363636","S1 O6","de-protonated","0","-9999","C44 H50 O6 S1","44","50","6","-9999","-9999","1","-9999","-9999","-9999"
"4724","705.326229","705.326221147","705.326536373","2506173.3","-9999","330003.6","9.83","-1","-0.44692155","0.482203268","0.73113591","0.581776325","6","0.264705882","1.735294118","S2 P1 O9","de-protonated","0","-9999","C34 H59 O9 P1 S2","34","59","9","-9999","1","2","-9999","-9999","-9999"
"4724","705.326229","705.326221147","705.325666993","2506173.3","-9999","330003.6","9.83","-1","0.785671452","0.447020082","0.736963647","0.562997508","7","0.424242424","1.666666667","P1 O14","de-protonated","0","-9999","C33 H55 O14 P1","33","55","14","-9999","1","-9999","-9999","-9999","-9999"
"4724","705.326229","705.326221147","705.326245859","2506173.3","-9999","330003.6","9.83","-1","-0.035035672","0.666518198","0.882863296","0.753056237","21","0.186046512","1.093023256","13C1 N1 O8","de-protonated","1","4717","C42 H47 O8 N1 13C1","42","47","8","1","-9999","-9999","1","-9999","-9999"
"4724","705.326229","705.326221147","705.32559441","2506173.3","-9999","330003.6","9.83","-1","0.888578418","0.57768194","0.936742721","0.721306252","12","0.285714286","1.457142857","13C1 N3 S1 O10","de-protonated","1","4717","C34 H51 O10 N3 S1 13C1","34","51","10","3","-9999","1","1","-9999","-9999"
"4724","705.326229","705.326221147","705.326871462","2506173.3","-9999","330003.6","9.83","-1","-0.922004499","0.428529666","0.672627142","0.526168656","25","0.044444444","1.022222222","N4 S1 O2","de-protonated","0","-9999","C45 H46 O2 N4 S1","45","46","2","4","-9999","1","-9999","-9999","-9999"
"4725","707.088107","707.088098466","707.087626256","2566995.8","-9999","253314.8","10.1","-1","0.667823612","0.461131888","0.658260696","0.539983411","39","0.0625","0.4375","S1 P1 O3","de-protonated","0","-9999","C48 H21 O3 P1 S1","48","21","3","-9999","1","1","-9999","-9999","-9999"
"4725","707.088107","707.088098466","707.087487872","2566995.8","-9999","253314.8","10.1","-1","0.863534221","0.436724859","0.773979033","0.571626528","12","0.592592593","1.222222222","S2 P1 O16","de-protonated","0","-9999","C27 H33 O16 P1 S2","27","33","16","-9999","1","2","-9999","-9999","-9999"
"4725","707.088107","707.088098466","707.088474409","2566995.8","-9999","253314.8","10.1","-1","-0.53167796","0.47500053","0.667769153","0.552107979","40","0.152173913","0.347826087","N2 O7","de-protonated","0","-9999","C46 H16 O7 N2","46","16","7","2","-9999","-9999","-9999","-9999","-9999"
"4725","707.088107","707.088098466","707.088336025","2566995.8","-9999","253314.8","10.1","-1","-0.335967821","0.489863701","0.787157861","0.608781365","13","0.8","1.12","N2 S1 O20","de-protonated","0","-9999","C25 H28 O20 N2 S1","25","28","20","2","-9999","1","-9999","-9999","-9999"
"4725","707.088107","707.088098466","707.087822961","2566995.8","-9999","253314.8","10.1","-1","0.38963381","0.486414702","0.70871839","0.575336177","31","0.236842105","0.526315789","N4 S1 O9","de-protonated","0","-9999","C38 H20 O9 N4 S1","38","20","9","4","-9999","1","-9999","-9999","-9999"
"4725","707.088107","707.088098466","707.087955902","2566995.8","-9999","253314.8","10.1","-1","0.201620734","0.49632554","0.773979033","0.607386937","18","0.62962963","0.925925926","N4 P1 O17","de-protonated","0","-9999","C27 H25 O17 N4 P1","27","25","17","4","1","-9999","-9999","-9999","-9999"
"4726","707.12454","707.124531452","707.124011765","3325831","-9999","261181.2","13.6","-1","0.734929616","0.453322483","0.653607294","0.533436407","38","0.040816327","0.510204082","S1 P1 O2","de-protonated","0","-9999","C49 H25 O2 P1 S1","49","25","2","-9999","1","1","-9999","-9999","-9999"
"4726","707.12454","707.124531452","707.123873381","3325831","-9999","261181.2","13.6","-1","0.930630167","0.427288906","0.767553728","0.563394835","11","0.535714286","1.321428571","S2 P1 O15","de-protonated","0","-9999","C28 H37 O15 P1 S2","28","37","15","-9999","1","2","-9999","-9999","-9999"
"4726","707.12454","707.124531452","707.124859919","3325831","-9999","261181.2","13.6","-1","-0.464510315","0.480802674","0.662980834","0.553673938","39","0.127659574","0.425531915","N2 O6","de-protonated","0","-9999","C47 H20 O6 N2","47","20","6","2","-9999","-9999","-9999","-9999","-9999"
"4726","707.12454","707.124531452","707.124721534","3325831","-9999","261181.2","13.6","-1","-0.268810234","0.493487144","0.780512821","0.608297415","12","0.730769231","1.230769231","N2 S1 O19","de-protonated","0","-9999","C26 H32 O19 N2 S1","26","32","19","2","-9999","1","-9999","-9999","-9999"
"4726","707.12454","707.124531452","707.12420847","3325831","-9999","261181.2","13.6","-1","0.45675411","0.48142646100000003","0.703327172","0.570186745","30","0.205128205","0.615384615","N4 S1 O8","de-protonated","0","-9999","C39 H24 O8 N4 S1","39","24","8","4","-9999","1","-9999","-9999","-9999"
"4726","707.12454","707.124531452","707.125210791","3325831","-9999","261181.2","13.6","-1","-0.960706394","0.422901294","0.761234226","0.558234467","16","0.379310345","1.137931034","N4 S2 P1 O11","de-protonated","0","-9999","C29 H33 O11 N4 P1 S2","29","33","11","4","1","2","-9999","-9999","-9999"
"4726","707.12454","707.124531452","707.124341412","3325831","-9999","261181.2","13.6","-1","0.268750695","0.49349001","0.767553728","0.603115497","17","0.571428571","1.035714286","N4 P1 O16","de-protonated","0","-9999","C28 H29 O16 N4 P1","28","29","16","4","1","-9999","-9999","-9999","-9999"
"4727","707.161003","707.160994438","707.160397275","2156473.8","-9999","310127.3","8.2","-1","0.844451888","0.439315232","0.649019222","0.523196828","37","0.02","0.58","S1 P1 O1","de-protonated","0","-9999","C50 H29 O1 P1 S1","50","29","1","-9999","1","1","-9999","-9999","-9999"
"4727","707.161003","707.160994438","707.161245428","2156473.8","-9999","310127.3","8.2","-1","-0.354926461","0.488700829","0.658260696","0.556524776","38","0.104166667","0.5","N2 O5","de-protonated","0","-9999","C48 H24 O5 N2","48","24","5","2","-9999","-9999","-9999","-9999","-9999"
"4727","707.161003","707.160994438","707.161107043","2156473.8","-9999","310127.3","8.2","-1","-0.159236427","0.497704856","0.773979033","0.608214527","11","0.666666667","1.333333333","N2 S1 O18","de-protonated","0","-9999","C27 H36 O18 N2 S1","27","36","18","2","-9999","1","-9999","-9999","-9999"
"4727","707.161003","707.160994438","707.160593979","2156473.8","-9999","310127.3","8.2","-1","0.566290664","0.471736329","0.698017357","0.56224874","29","0.175","0.7","N4 S1 O7","de-protonated","0","-9999","C40 H28 O7 N4 S1","40","28","7","4","-9999","1","-9999","-9999","-9999"
"4727","707.161003","707.160994438","707.161596301","2156473.8","-9999","310127.3","8.2","-1","-0.851097063","0.438418003","0.755017935","0.565057976","15","0.333333333","1.233333333","N4 S2 P1 O10","de-protonated","0","-9999","C30 H37 O10 N4 P1 S2","30","37","10","4","1","2","-9999","-9999","-9999"
"4727","707.161003","707.160994438","707.160726921","2156473.8","-9999","310127.3","8.2","-1","0.378296902","0.487183691","0.761234226","0.596803905","16","0.517241379","1.137931034","N4 P1 O15","de-protonated","0","-9999","C29 H33 O15 N4 P1","29","33","15","4","1","-9999","-9999","-9999","-9999"
"4728","708.352239","708.352229977","708.351689229","2058171.9","-9999","201445.4","7.74","-1","0.76338945","0.449828516","0.662980834","0.535089443","23","0.063829787","1.085106383","N1 S1 O3","de-protonated","0","-9999","C47 H51 O3 N1 S1","47","51","3","1","-9999","1","-9999","-9999","-9999"
"4728","708.352239","708.352229977","708.352691551","2058171.9","-9999","201445.4","7.74","-1","-0.651615218","0.462924768","0.714192896","0.563432019","9","0.162162162","1.621621622","N1 S2 P1 O6","de-protonated","0","-9999","C37 H60 O6 N1 P1 S2","37","60","6","1","1","2","-9999","-9999","-9999"
"4728","708.352239","708.352229977","708.351822171","2058171.9","-9999","201445.4","7.74","-1","0.575711763","0.470816308","0.719752637","0.57039084","10","0.305555556","1.555555556","N1 P1 O11","de-protonated","0","-9999","C36 H56 O11 N1 P1","36","56","11","1","1","-9999","-9999","-9999","-9999"
"4729","708.361314","708.361304974","708.361205085","5796424.5","-9999","237804.9","25","-1","0.141013437","0.33213281099999997","0.611697646","0.443958745","23","0.063829787","1.106382979","N1 P1 O3","de-protonated","0","-9999","C47 H52 O3 N1 P1","47","52","3","1","1","-9999","-9999","-9999","-9999"
"4729","708.361314","708.361304974","708.360933759","5796424.5","-9999","237804.9","25","-1","0.524047262","0.317130242","0.671291845","0.458794883","9","0.216216216","1.594594595","N1 S2 O8","de-protonated","0","-9999","C37 H59 O8 N1 S2","37","59","8","1","-9999","2","-9999","-9999","-9999"
"4730","709.103858","709.103848687","709.10327632","3268185","-9999","237072.2","13.32","-1","0.80716887","0.444251286","0.658260696","0.52985505","38","0.0625","0.479166667","S1 P1 O3","de-protonated","0","-9999","C48 H23 O3 P1 S1","48","23","3","-9999","1","1","-9999","-9999","-9999"
"4730","709.103858","709.103848687","709.104124474","3268185","-9999","237072.2","13.32","-1","-0.388923248","0.48646353","0.667769153","0.558985779","39","0.152173913","0.391304348","N2 O7","de-protonated","0","-9999","C46 H18 O7 N2","46","18","7","2","-9999","-9999","-9999","-9999","-9999"
"4730","709.103858","709.103848687","709.103986089","3268185","-9999","237072.2","13.32","-1","-0.193769394","0.496605189","0.787157861","0.612826258","12","0.8","1.2","N2 S1 O20","de-protonated","0","-9999","C25 H30 O20 N2 S1","25","30","20","2","-9999","1","-9999","-9999","-9999"
"4730","709.103858","709.103848687","709.103473025","3268185","-9999","237072.2","13.32","-1","0.529769793","0.475175129","0.70871839","0.568592434","30","0.236842105","0.578947368","N4 S1 O9","de-protonated","0","-9999","C38 H22 O9 N4 S1","38","22","9","4","-9999","1","-9999","-9999","-9999"
"4730","709.103858","709.103848687","709.104475347","3268185","-9999","237072.2","13.32","-1","-0.883734374","0.433936901","0.767553728","0.567383632","16","0.428571429","1.107142857","N4 S2 P1 O12","de-protonated","0","-9999","C28 H31 O12 N4 P1 S2","28","31","12","4","1","2","-9999","-9999","-9999"
"4730","709.103858","709.103848687","709.103605967","3268185","-9999","237072.2","13.32","-1","0.342291124","0.489482635","0.773979033","0.603281194","17","0.62962963","1","N4 P1 O17","de-protonated","0","-9999","C27 H27 O17 N4 P1","27","27","17","4","1","-9999","-9999","-9999","-9999"
"4731","709.140054","709.140044673","709.13966183","2355851.8","-9999","228163.5","9.11","-1","0.539869321","0.474244621","0.653607294","0.54598969","37","0.040816327","0.551020408","S1 P1 O2","de-protonated","0","-9999","C49 H27 O2 P1 S1","49","27","2","-9999","1","1","-9999","-9999","-9999"
"4731","709.140054","709.140044673","709.139523445","2355851.8","-9999","228163.5","9.11","-1","0.735013577","0.453312331","0.767553728","0.57900889","10","0.535714286","1.392857143","S2 P1 O15","de-protonated","0","-9999","C28 H39 O15 P1 S2","28","39","15","-9999","1","2","-9999","-9999","-9999"
"4731","709.140054","709.140044673","709.140509983","2355851.8","-9999","228163.5","9.11","-1","-0.656161108","0.462425674","0.662980834","0.542647738","38","0.127659574","0.468085106","N2 O6","de-protonated","0","-9999","C47 H22 O6 N2","47","22","6","2","-9999","-9999","-9999","-9999","-9999"
"4731","709.140054","709.140044673","709.140371599","2355851.8","-9999","228163.5","9.11","-1","-0.461017318","0.481084796","0.780512821","0.600856006","11","0.730769231","1.307692308","N2 S1 O19","de-protonated","0","-9999","C26 H34 O19 N2 S1","26","34","19","2","-9999","1","-9999","-9999","-9999"
"4731","709.140054","709.140044673","709.139858534","2355851.8","-9999","228163.5","9.11","-1","0.262484551","0.493788171","0.703327172","0.577603771","29","0.205128205","0.666666667","N4 S1 O8","de-protonated","0","-9999","C39 H26 O8 N4 S1","39","26","8","4","-9999","1","-9999","-9999","-9999"
"4731","709.140054","709.140044673","709.139991476","2355851.8","-9999","228163.5","9.11","-1","0.075015552","0.499489724","0.767553728","0.606715326","16","0.571428571","1.107142857","N4 P1 O16","de-protonated","0","-9999","C28 H31 O16 N4 P1","28","31","16","4","1","-9999","-9999","-9999","-9999"
"4732","709.259546","709.259536626","709.25956249","2576179.3","-9999","247492.3","10.13","-1","-0.036465404","0.499879376","0.658260696","0.563231904","30","0.125","0.791666667","O6","de-protonated","0","-9999","C48 H38 O6","48","38","6","-9999","-9999","-9999","-9999","-9999","-9999"
"4732","709.259546","709.259536626","709.259424105","2576179.3","-9999","247492.3","10.13","-1","0.15864575","0.497721813","0.773979033","0.608224701","3","0.703703704","1.851851852","S1 O19","de-protonated","0","-9999","C27 H50 O19 S1","27","50","19","-9999","-9999","1","-9999","-9999","-9999"
"4732","709.259546","709.259536626","709.258911041","2576179.3","-9999","247492.3","10.13","-1","0.882026625","0.434174396","0.698017357","0.539711581","21","0.2","1.05","N2 S1 O8","de-protonated","0","-9999","C40 H42 O8 N2 S1","40","42","8","2","-9999","1","-9999","-9999","-9999"
"4732","709.259546","709.259536626","709.259913363","2576179.3","-9999","247492.3","10.13","-1","-0.531168263","0.475047223","0.755017935","0.587035508","7","0.366666667","1.7","N2 S2 P1 O11","de-protonated","0","-9999","C30 H51 O11 N2 P1 S2","30","51","11","2","1","2","-9999","-9999","-9999"
"4732","709.259546","709.259536626","709.259043983","2576179.3","-9999","247492.3","10.13","-1","0.694588977","0.458090829","0.761234226","0.579348188","8","0.551724138","1.620689655","N2 P1 O16","de-protonated","0","-9999","C29 H47 O16 N2 P1","29","47","16","2","1","-9999","-9999","-9999","-9999"
"4733","711.119602","711.119591907","711.118926385","2041193.8","-9999","234176","7.65","-1","0.935880549","0.426529786","0.658260696","0.51922215","37","0.0625","0.520833333","S1 P1 O3","de-protonated","0","-9999","C48 H25 O3 P1 S1","48","25","3","-9999","1","1","-9999","-9999","-9999"
"4733","711.119602","711.119591907","711.120287602","2041193.8","-9999","234176","7.65","-1","-0.978308538","0.420290362","0.736963647","0.546959676","20","0.545454545","0.848484848","O18","de-protonated","0","-9999","C33 H28 O18","33","28","18","-9999","-9999","-9999","-9999","-9999","-9999"
"4733","711.119602","711.119591907","711.119774538","2041193.8","-9999","234176","7.65","-1","-0.256821432","0.494051737","0.667769153","0.563538703","38","0.152173913","0.434782609","N2 O7","de-protonated","0","-9999","C46 H20 O7 N2","46","20","7","2","-9999","-9999","-9999","-9999","-9999"
"4733","711.119602","711.119591907","711.119636154","2041193.8","-9999","234176","7.65","-1","-0.062220711","0.499648892","0.787157861","0.614652479","11","0.8","1.28","N2 S1 O20","de-protonated","0","-9999","C25 H32 O20 N2 S1","25","32","20","2","-9999","1","-9999","-9999","-9999"
"4733","711.119602","711.119591907","711.119123089","2041193.8","-9999","234176","7.65","-1","0.659267717","0.462082915","0.70871839","0.560737105","29","0.236842105","0.631578947","N4 S1 O9","de-protonated","0","-9999","C38 H24 O9 N4 S1","38","24","9","4","-9999","1","-9999","-9999","-9999"
"4733","711.119602","711.119591907","711.120125411","2041193.8","-9999","234176","7.65","-1","-0.750230095","0.451457202","0.767553728","0.577895812","15","0.428571429","1.178571429","N4 S2 P1 O12","de-protonated","0","-9999","C28 H33 O12 N4 P1 S2","28","33","12","4","1","2","-9999","-9999","-9999"
"4733","711.119602","711.119591907","711.119256031","2041193.8","-9999","234176","7.65","-1","0.472320427","0.480164777","0.773979033","0.597690479","16","0.62962963","1.074074074","N4 P1 O17","de-protonated","0","-9999","C27 H29 O17 N4 P1","27","29","17","4","1","-9999","-9999","-9999","-9999"
"4734","713.113854","713.113843136","713.113308697","2135143.3","-9999","307741.4","8.07","-1","0.749445345","0.451553617","0.755017935","0.572939344","14","0.466666667","1.166666667","S2 P1 O14","de-protonated","0","-9999","C30 H35 O14 P1 S2","30","35","14","-9999","1","2","-9999","-9999","-9999"
"4734","713.113854","713.113843136","713.11415685","2135143.3","-9999","307741.4","8.07","-1","-0.439920758","0.482746796","0.767553728","0.596669569","15","0.642857143","1.071428571","N2 S1 O18","de-protonated","0","-9999","C28 H30 O18 N2 S1","28","30","18","2","-9999","1","-9999","-9999","-9999"
"4734","713.113854","713.113843136","713.113643786","2135143.3","-9999","307741.4","8.07","-1","0.279549454","0.492960114","0.692787115","0.572890914","33","0.170731707","0.536585366","N4 S1 O7","de-protonated","0","-9999","C41 H22 O7 N4 S1","41","22","7","4","-9999","1","-9999","-9999","-9999"
"4734","713.113854","713.113843136","713.113776728","2135143.3","-9999","307741.4","8.07","-1","0.093125111","0.499213831","0.755017935","0.601535473","20","0.5","0.9","N4 P1 O15","de-protonated","0","-9999","C30 H27 O15 N4 P1","30","27","15","4","1","-9999","-9999","-9999","-9999"
"4735","715.08967","715.089658373","715.089069007","2052947.1","-9999","257908.1","7.11","-1","0.824184834","0.442019288","0.6825583","0.538234893","32","0.162790698","0.558139535","S2 O7","de-protonated","0","-9999","C43 H24 O7 S2","43","24","7","-9999","-9999","2","-9999","-9999","-9999"
"4735","715.08967","715.089658373","715.089201949","2052947.1","-9999","257908.1","7.11","-1","0.638275385","0.464372358","0.742885034","0.575777428","19","0.46875","0.90625","S1 P1 O15","de-protonated","0","-9999","C32 H29 O15 P1 S1","32","29","15","-9999","1","1","-9999","-9999","-9999"
"4735","715.08967","715.089658373","715.090050102","2052947.1","-9999","257908.1","7.11","-1","-0.547804202","0.473502533","0.755017935","0.586108694","20","0.633333333","0.8","N2 O19","de-protonated","0","-9999","C30 H24 O19 N2","30","24","19","2","-9999","-9999","-9999","-9999","-9999"
"4735","715.08967","715.089658373","715.089537038","2052947.1","-9999","257908.1","7.11","-1","0.169677935","0.497394802","0.6825583","0.571460201","38","0.186046512","0.372093023","N4 O8","de-protonated","0","-9999","C43 H16 O8 N4","43","16","8","4","-9999","-9999","-9999","-9999","-9999"
"4735","715.08967","715.089658373","715.089398653","2052947.1","-9999","257908.1","7.11","-1","0.363198428","0.488174361","0.807789663","0.616020482","11","0.954545455","1.272727273","N4 S1 O21","de-protonated","0","-9999","C22 H28 O21 N4 S1","22","28","21","4","-9999","1","-9999","-9999","-9999"
"4736","715.093298","715.093286371","715.092573252","2869080.3","-9999","289408.8","10.61","-1","0.997240274","0.417447809","0.761234226","0.554962376","14","0.517241379","1.137931034","S2 P1 O15","de-protonated","0","-9999","C29 H33 O15 P1 S2","29","33","15","-9999","1","2","-9999","-9999","-9999"
"4736","715.093298","715.093286371","715.093421405","2869080.3","-9999","289408.8","10.61","-1","-0.188834148","0.496775364","0.773979033","0.607656832","15","0.703703704","1.037037037","N2 S1 O19","de-protonated","0","-9999","C27 H28 O19 N2 S1","27","28","19","2","-9999","1","-9999","-9999","-9999"
"4736","715.093298","715.093286371","715.092908341","2869080.3","-9999","289408.8","10.61","-1","0.528644864","0.475277798","0.698017357","0.564373621","33","0.2","0.5","N4 S1 O8","de-protonated","0","-9999","C40 H20 O8 N4 S1","40","20","8","4","-9999","1","-9999","-9999","-9999"
"4736","715.093298","715.093286371","715.093910663","2869080.3","-9999","289408.8","10.61","-1","-0.873020169","0.435421446","0.755017935","0.563260041","19","0.366666667","0.966666667","N4 S2 P1 O11","de-protonated","0","-9999","C30 H29 O11 N4 P1 S2","30","29","11","4","1","2","-9999","-9999","-9999"
"4736","715.093298","715.093286371","715.093041283","2869080.3","-9999","289408.8","10.61","-1","0.342736468","0.489455541","0.761234226","0.598167015","20","0.551724138","0.862068966","N4 P1 O16","de-protonated","0","-9999","C29 H25 O16 N4 P1","29","25","16","4","1","-9999","-9999","-9999","-9999"
"4737","715.130156","715.130144357","715.130458363","2335628.3","-9999","326758.5","8.32","-1","-0.439089584","0.482810797","0.719752637","0.577587533","23","0.444444444","0.777777778","O16","de-protonated","0","-9999","C36 H28 O16","36","28","16","-9999","-9999","-9999","-9999","-9999","-9999"
"4737","715.130156","715.130144357","715.129806915","2335628.3","-9999","326758.5","8.32","-1","0.471861669","0.480202517","0.767553728","0.595143001","14","0.642857143","1.142857143","N2 S1 O18","de-protonated","0","-9999","C28 H32 O18 N2 S1","28","32","18","2","-9999","1","-9999","-9999","-9999"
"4737","715.130156","715.130144357","715.130296172","2335628.3","-9999","326758.5","8.32","-1","-0.212289993","0.495927994","0.748902347","0.597117735","18","0.322580645","1.064516129","N4 S2 P1 O10","de-protonated","0","-9999","C31 H33 O10 N4 P1 S2","31","33","10","4","1","2","-9999","-9999","-9999"
"4738","715.222429","715.222417321","715.222997533","3805199","-9999","301433.8","14.61","-1","-0.811231391","0.62765885","0.338833646","0.512128768","33","0.02","0.74","S1 P1 O1","de-protonated","0","-9999","C50 H37 O1 P1 S1","50","37","1","-9999","1","1","-9999","-9999","-9999"
"4738","715.222429","715.222417321","715.221856827","3805199","-9999","301433.8","14.61","-1","0.783665485","0.447275496","0.703327172","0.549696167","20","0.282051282","1.025641026","S1 O11","de-protonated","0","-9999","C39 H40 O11 S1","39","40","11","-9999","-9999","1","-9999","-9999","-9999"
"4738","715.222429","715.222417321","715.222859148","3805199","-9999","301433.8","14.61","-1","-0.617747198","0.46654999","0.761234226","0.584423685","6","0.482758621","1.689655172","S2 P1 O14","de-protonated","0","-9999","C29 H49 O14 P1 S2","29","49","14","-9999","1","2","-9999","-9999","-9999"
"4738","715.222429","715.222417321","715.221989768","3805199","-9999","301433.8","14.61","-1","0.597790559","0.468608079","0.767553728","0.588186338","7","0.678571429","1.607142857","P1 O19","de-protonated","0","-9999","C28 H45 O19 P1","28","45","19","-9999","1","-9999","-9999","-9999","-9999"
"4738","715.222429","715.222417321","715.222346084","3805199","-9999","301433.8","14.61","-1","0.09960166","0.49910078","0.68763467","0.574514336","24","0.071428571","0.976190476","N2 S2 P1 O3","de-protonated","0","-9999","C42 H41 O3 N2 P1 S2","42","41","3","2","1","2","-9999","-9999","-9999"
"4739","715.231612","715.231600318","715.231239741","11520029","-9999","245557","47.63","-1","0.50413991","0.488694995","0.849393689","0.632974473","33","0.06","0.72","S1 O3","de-protonated","0","-9999","C50 H36 O3 S1","50","36","3","-9999","-9999","1","-9999","-9999","-9999"
"4739","715.231612","715.231600318","715.232242063","11520029","-9999","245557","47.63","-1","-0.897253995","0.216022589","0.619825765","0.377543859","19","0.15","1.125","S2 P1 O6","de-protonated","0","-9999","C40 H45 O6 P1 S2","40","45","6","-9999","1","2","-9999","-9999","-9999"
"4739","715.231612","715.231600318","715.231372683","11520029","-9999","245557","47.63","-1","0.318267475","0.657826407","0.933879418","0.768247611","20","0.282051282","1.051282051","P1 O11","de-protonated","0","-9999","C39 H41 O11 P1","39","41","11","-9999","1","-9999","-9999","-9999","-9999"
"4739","715.231612","715.231600318","715.23110135699994","11520029","-9999","245557","47.63","-1","0.697622128","0.477647186","0.905574349","0.648818051","6","0.551724138","1.655172414","S2 O16","de-protonated","0","-9999","C29 H48 O16 S2","29","48","16","-9999","-9999","2","-9999","-9999","-9999"
"4739","715.231612","715.231600318","715.231569387","11520029","-9999","245557","47.63","-1","0.043245285","0.652395876","0.959467354","0.775224467","12","0.586206897","1.379310345","N4 O17","de-protonated","0","-9999","C29 H40 O17 N4","29","40","17","4","-9999","-9999","-9999","-9999","-9999"
"4740","715.294158","715.294146294","715.294627845","2329717.3","-9999","284813.5","8.3","-1","-0.673221534","0.460526598","0.692787115","0.553430805","18","0.219512195","1.170731707","S1 O9","de-protonated","0","-9999","C41 H48 O9 S1","41","48","9","-9999","-9999","1","-9999","-9999","-9999"
"4740","715.294158","715.294146294","715.294760787","2329717.3","-9999","284813.5","8.3","-1","-0.859077279","0.437333678","0.755017935","0.564407381","5","0.566666667","1.766666667","P1 O17","de-protonated","0","-9999","C30 H53 O17 P1","30","53","17","-9999","1","-9999","-9999","-9999","-9999"
"4740","715.294158","715.294146294","715.294247723","2329717.3","-9999","284813.5","8.3","-1","-0.141800702","0.49817909","0.6825583","0.571930774","23","0.139534884","1.046511628","N2 P1 O6","de-protonated","0","-9999","C43 H45 O6 N2 P1","43","45","6","2","1","-9999","-9999","-9999","-9999"
"4740","715.294158","715.294146294","715.293976397","2329717.3","-9999","284813.5","8.3","-1","0.237520431","0.494907807","0.736963647","0.591730143","9","0.333333333","1.575757576","N2 S2 O11","de-protonated","0","-9999","C33 H52 O11 N2 S2","33","52","11","2","-9999","2","-9999","-9999","-9999"
"4740","715.294158","715.294146294","715.293596274","2329717.3","-9999","284813.5","8.3","-1","0.768942231","0.449134565","0.725399619","0.559640587","14","0.228571429","1.4","N4 S1 P1 O8","de-protonated","0","-9999","C35 H49 O8 N4 P1 S1","35","49","8","4","1","1","-9999","-9999","-9999"
"4741","716.234586","716.23457393","716.234594576","4281771","-9999","241859.3","16.65","-1","-0.028826021","0.499924619","0.849393689","0.639712247","33","0.06","0.72","13C1 S1 O3","de-protonated","1","4739","C49 H36 O3 S1 13C1","49","36","3","-9999","-9999","1","1","-9999","-9999"
"4741","716.234586","716.23457393","716.234727518","4281771","-9999","241859.3","16.65","-1","-0.214437973","0.66112736","0.933879418","0.770228183","20","0.282051282","1.051282051","13C1 P1 O11","de-protonated","1","4739","C38 H41 O11 P1 13C1","38","41","11","-9999","1","-9999","1","-9999","-9999"
"4741","716.234586","716.23457393","716.234456192","4281771","-9999","241859.3","16.65","-1","0.16438505","0.497554407","0.905574349","0.660762384","6","0.551724138","1.655172414","13C1 S2 O16","de-protonated","1","4739","C28 H48 O16 S2 13C1","28","48","16","-9999","-9999","2","1","-9999","-9999"
"4741","716.234586","716.23457393","716.234863863","4281771","-9999","241859.3","16.65","-1","-0.404802332","0.485352302","0.70871839","0.574698737","20","0.342105263","1.026315789","N1 O13","de-protonated","0","-9999","C38 H39 O13 N1","38","39","13","1","-9999","-9999","-9999","-9999","-9999"
"4741","716.234586","716.23457393","716.234350799","4281771","-9999","241859.3","16.65","-1","0.311533099","0.327514679","0.587975334","0.431698941","38","0.039215686","0.607843137","N3 O2","de-protonated","0","-9999","C51 H31 O2 N3","51","31","2","3","-9999","-9999","-9999","-9999","-9999"
"4741","716.234586","716.23457393","716.234212415","4281771","-9999","241859.3","16.65","-1","0.504744301","0.477412547","0.755017935","0.588454702","11","0.5","1.433333333","N3 S1 O15","de-protonated","0","-9999","C30 H43 O15 N3 S1","30","43","15","3","-9999","1","-9999","-9999","-9999"
"4741","716.234586","716.23457393","716.234924222","4281771","-9999","241859.3","16.65","-1","-0.489074746","0.638351272","0.959467354","0.766797705","12","0.586206897","1.379310345","13C1 N4 O17","de-protonated","1","4739","C28 H40 O17 N4 13C1","28","40","17","4","-9999","-9999","1","-9999","-9999"
"4742","717.07346","717.073447606","717.073337409","2048594.5","-9999","264442.9","7.08","-1","0.153675563","0.497862022","0.73113591","0.591171577","24","0.529411765","0.647058824","O18","de-protonated","0","-9999","C34 H22 O18","34","22","18","-9999","-9999","-9999","-9999","-9999","-9999"
"4742","717.07346","717.073447606","717.073826666","2048594.5","-9999","264442.9","7.08","-1","-0.528621582","0.47527992","0.714192896","0.570845111","28","0.27027027","0.621621622","N2 S1 P1 O10","de-protonated","0","-9999","C37 H23 O10 N2 P1 S1","37","23","10","2","1","1","-9999","-9999","-9999"
"4742","717.07346","717.073447606","717.073175218","2048594.5","-9999","264442.9","7.08","-1","0.379860785","0.48707889","0.761234226","0.596741025","19","0.413793103","0.931034483","N4 S2 P1 O12","de-protonated","0","-9999","C29 H27 O12 N4 P1 S2","29","27","12","4","1","2","-9999","-9999","-9999"
"4743","717.109244","717.109231592","717.109722918","2365061.5","-9999","302099.8","8.44","-1","-0.685148337","0.459174798","0.725399619","0.565664726","23","0.485714286","0.742857143","O17","de-protonated","0","-9999","C35 H26 O17","35","26","17","-9999","-9999","-9999","-9999","-9999","-9999"
"4743","717.109244","717.109231592","717.10907147","2365061.5","-9999","302099.8","8.44","-1","0.223288412","0.49549709","0.773979033","0.606889867","14","0.703703704","1.111111111","N2 S1 O19","de-protonated","0","-9999","C27 H30 O19 N2 S1","27","30","19","2","-9999","1","-9999","-9999","-9999"
"4743","717.109244","717.109231592","717.108558405","2365061.5","-9999","302099.8","8.44","-1","0.938751027","0.426113529","0.698017357","0.53487506","32","0.2","0.55","N4 S1 O8","de-protonated","0","-9999","C40 H22 O8 N4 S1","40","22","8","4","-9999","1","-9999","-9999","-9999"
"4743","717.109244","717.109231592","717.109560727","2365061.5","-9999","302099.8","8.44","-1","-0.458974782","0.481248856","0.755017935","0.590756487","18","0.366666667","1.033333333","N4 S2 P1 O11","de-protonated","0","-9999","C30 H31 O11 N4 P1 S2","30","31","11","4","1","2","-9999","-9999","-9999"
"4743","717.109244","717.109231592","717.108691347","2365061.5","-9999","302099.8","8.44","-1","0.753365106","0.451071231","0.761234226","0.575136429","19","0.551724138","0.931034483","N4 P1 O16","de-protonated","0","-9999","C29 H27 O16 N4 P1","29","27","16","4","1","-9999","-9999","-9999","-9999"
"4744","717.220336","717.220323549","717.220020152","3407651.3","-9999","243848.2","12.9","-1","0.423017248","0.484026191","0.653607294","0.551858632","33","0.081632653","0.714285714","P1 O4","de-protonated","0","-9999","C49 H35 O4 P1","49","35","4","-9999","1","-9999","-9999","-9999","-9999"
"4744","717.220336","717.220323549","717.219748826","3407651.3","-9999","243848.2","12.9","-1","0.801320097","0.445010276","0.703327172","0.548337035","19","0.230769231","1.076923077","S2 O9","de-protonated","0","-9999","C39 H42 O9 S2","39","42","9","-9999","-9999","2","-9999","-9999","-9999"
"4744","717.220336","717.220323549","717.219881768","3407651.3","-9999","243848.2","12.9","-1","0.615962943","0.466736374","0.767553728","0.587063316","6","0.607142857","1.678571429","S1 P1 O17","de-protonated","0","-9999","C28 H47 O17 P1 S1","28","47","17","-9999","1","1","-9999","-9999","-9999"
"4744","717.220336","717.220323549","717.220729921","3407651.3","-9999","243848.2","12.9","-1","-0.566593078","0.471707005","0.780512821","0.595229331","7","0.807692308","1.615384615","N2 O21","de-protonated","0","-9999","C26 H42 O21 N2","26","42","21","2","-9999","-9999","-9999","-9999","-9999"
"4744","717.220336","717.220323549","717.220216857","3407651.3","-9999","243848.2","12.9","-1","0.148757587","0.497996403","0.703327172","0.58012871","25","0.256410256","0.871794872","N4 O10","de-protonated","0","-9999","C39 H34 O10 N4","39","34","10","4","-9999","-9999","-9999","-9999","-9999"
"4745","717.229607","717.229594545","717.229707203","11191088","-9999","235332.7","46.21","-1","-0.157073018","0.663688877","0.338833646","0.533746785","33","0.02","0.74","13C2 S1 P1 O1","de-protonated","1","4738","C48 H37 O1 P1 S1 13C2","48","37","1","-9999","1","1","2","-9999","-9999"
"4745","717.229607","717.229594545","717.229131741","11191088","-9999","235332.7","46.21","-1","0.645267286","0.359956292","0.799386722","0.535728464","32","0.02","0.76","S2 O1","de-protonated","0","-9999","C50 H38 O1 S2","50","38","1","-9999","-9999","2","-9999","-9999","-9999"
"4745","717.229607","717.229594545","717.229264683","11191088","-9999","235332.7","46.21","-1","0.459912585","0.470369012","0.894344327","0.639959138","19","0.230769231","1.102564103","S1 P1 O9","de-protonated","0","-9999","C39 H43 O9 P1 S1","39","43","9","-9999","1","1","-9999","-9999","-9999"
"4745","717.229607","717.229594545","717.230112836","11191088","-9999","235332.7","46.21","-1","-0.722627781","0.621798795","0.927076134","0.74390973","20","0.351351351","1.027027027","N2 O13","de-protonated","0","-9999","C37 H38 O13 N2","37","38","13","2","-9999","-9999","-9999","-9999","-9999"
"4745","717.229607","717.229594545","717.229599771","11191088","-9999","235332.7","46.21","-1","-0.007286586","0.663874629","0.844321216","0.736053264","38","0.04","0.6","N4 O2","de-protonated","0","-9999","C50 H30 O2 N4","50","30","2","4","-9999","-9999","-9999","-9999","-9999"
"4745","717.229607","717.229594545","717.229461387","11191088","-9999","235332.7","46.21","-1","0.185656449","0.49100824","0.934393643","0.668362401","11","0.517241379","1.448275862","N4 S1 O15","de-protonated","0","-9999","C29 H42 O15 N4 S1","29","42","15","4","-9999","1","-9999","-9999","-9999"
"4746","717.247124","717.247111539","717.246889806","4596553","-9999","265088.3","17.99","-1","0.309144573","0.327602791","0.59379359","0.434079111","32","0.06","0.76","S1 O3","de-protonated","0","-9999","C50 H38 O3 S1","50","38","3","-9999","-9999","1","-9999","-9999","-9999"
"4746","717.247124","717.247111539","717.247022747","4596553","-9999","265088.3","17.99","-1","0.123794523","0.498611573","0.703327172","0.580497813","19","0.282051282","1.102564103","P1 O11","de-protonated","0","-9999","C39 H43 O11 P1","39","43","11","-9999","1","-9999","-9999","-9999","-9999"
"4746","717.247124","717.247111539","717.246751421","4596553","-9999","265088.3","17.99","-1","0.502083017","0.477644713","0.761234226","0.591080518","5","0.551724138","1.724137931","S2 O16","de-protonated","0","-9999","C29 H50 O16 S2","29","50","16","-9999","-9999","2","-9999","-9999","-9999"
"4746","717.247124","717.247111539","717.247219452","4596553","-9999","265088.3","17.99","-1","-0.15045473","0.497950519","0.761234226","0.603264002","11","0.586206897","1.448275862","N4 O17","de-protonated","0","-9999","C29 H42 O17 N4","29","42","17","4","-9999","-9999","-9999","-9999","-9999"
"4747","718.233122","718.233109157","718.232486576","3740867.3","-9999","228190.3","14.32","-1","0.866824449","0.349019151","0.799386722","0.529166179","32","0.02","0.76","13C1 S2 O1","de-protonated","1","4745","C49 H38 O1 S2 13C1","49","38","1","-9999","-9999","2","1","-9999","-9999"
"4747","718.233122","718.233109157","718.232619518","3740867.3","-9999","228190.3","14.32","-1","0.681728643","0.45956441","0.894344327","0.633476377","19","0.230769231","1.102564103","13C1 S1 P1 O9","de-protonated","1","4745","C38 H43 O9 P1 S1 13C1","38","43","9","-9999","1","1","1","-9999","-9999"
"4747","718.233122","718.233109157","718.232755863","3740867.3","-9999","228190.3","14.32","-1","0.491893647","0.478523294","0.70871839","0.570601332","19","0.289473684","1.078947368","N1 S1 O11","de-protonated","0","-9999","C38 H41 O11 N1 S1","38","41","11","1","-9999","1","-9999","-9999","-9999"
"4747","718.233122","718.233109157","718.233758185","3740867.3","-9999","228190.3","14.32","-1","-0.903643783","0.431144011","0.767553728","0.565707898","5","0.5","1.785714286","N1 S2 P1 O14","de-protonated","0","-9999","C28 H50 O14 N1 P1 S2","28","50","14","1","1","2","-9999","-9999","-9999"
"4747","718.233122","718.233109157","718.232888805","3740867.3","-9999","228190.3","14.32","-1","0.30679798","0.49153308","0.773979033","0.604511461","6","0.703703704","1.703703704","N1 P1 O19","de-protonated","0","-9999","C27 H46 O19 N1 P1","27","46","19","1","1","-9999","-9999","-9999","-9999"
"4747","718.233122","718.233109157","718.233467671","3740867.3","-9999","228190.3","14.32","-1","-0.499160004","0.637197903","0.927076134","0.753149196","20","0.351351351","1.027027027","13C1 N2 O13","de-protonated","1","4745","C36 H38 O13 N2 13C1","36","38","13","2","-9999","-9999","1","-9999","-9999"
"4747","718.233122","718.233109157","718.233245121","3740867.3","-9999","228190.3","14.32","-1","-0.189302321","0.496759407","0.692787115","0.57517049","23","0.073170732","1.024390244","N3 S2 P1 O3","de-protonated","0","-9999","C41 H42 O3 N3 P1 S2","41","42","3","3","1","2","-9999","-9999","-9999"
"4747","718.233122","718.233109157","718.232954607","3740867.3","-9999","228190.3","14.32","-1","0.215182036","0.661089014","0.844321216","0.734381895","38","0.04","0.6","13C1 N4 O2","de-protonated","1","4745","C49 H30 O2 N4 13C1","49","30","2","4","-9999","-9999","1","-9999","-9999"
"4747","718.233122","718.233109157","718.232816222","3740867.3","-9999","228190.3","14.32","-1","0.407855576","0.485133836","0.934393643","0.664837759","11","0.517241379","1.448275862","13C1 N4 S1 O15","de-protonated","1","4745","C28 H42 O15 N4 S1 13C1","28","42","15","4","-9999","1","1","-9999","-9999"
"4748","719.08852","719.088506827","719.088987473","2121092.8","-9999","311502.3","7.38","-1","-0.668410745","0.461066248","0.73113591","0.569094113","23","0.529411765","0.705882353","O18","de-protonated","0","-9999","C34 H24 O18","34","24","18","-9999","-9999","-9999","-9999","-9999","-9999"
"4748","719.08852","719.088506827","719.088336025","2121092.8","-9999","311502.3","7.38","-1","0.23752558","0.494907588","0.780512821","0.609149681","14","0.769230769","1.076923077","N2 S1 O20","de-protonated","0","-9999","C26 H28 O20 N2 S1","26","28","20","2","-9999","1","-9999","-9999","-9999"
"4748","719.08852","719.088506827","719.087822961","2121092.8","-9999","311502.3","7.38","-1","0.951018919","0.424324798","0.703327172","0.535925748","32","0.230769231","0.512820513","N4 S1 O9","de-protonated","0","-9999","C39 H20 O9 N4 S1","39","20","9","4","-9999","1","-9999","-9999","-9999"
"4748","719.08852","719.088506827","719.088825282","2121092.8","-9999","311502.3","7.38","-1","-0.44285972","0.482519591","0.761234226","0.594005445","18","0.413793103","1","N4 S2 P1 O12","de-protonated","0","-9999","C29 H29 O12 N4 P1 S2","29","29","12","4","1","2","-9999","-9999","-9999"
"4748","719.08852","719.088506827","719.087955902","2121092.8","-9999","311502.3","7.38","-1","0.766143265","0.449484857","0.767553728","0.576712405","19","0.607142857","0.892857143","N4 P1 O17","de-protonated","0","-9999","C28 H25 O17 N4 P1","28","25","17","4","1","-9999","-9999","-9999","-9999"
"4749","719.12519","719.125176812","719.125372983","2675129.3","-9999","285346.1","9.75","-1","-0.272790169","0.49329417","0.725399619","0.586136349","22","0.485714286","0.8","O17","de-protonated","0","-9999","C35 H28 O17","35","28","17","-9999","-9999","-9999","-9999","-9999","-9999"
"4749","719.12519","719.125176812","719.125729298","2675129.3","-9999","285346.1","9.75","-1","-0.768274489","0.449218225","0.653607294","0.530973852","39","0.020408163","0.489795918","N2 S2 O1","de-protonated","0","-9999","C49 H24 O1 N2 S2","49","24","1","2","-9999","2","-9999","-9999","-9999"
"4749","719.12519","719.125176812","719.124859919","2675129.3","-9999","285346.1","9.75","-1","0.440666059","0.482689312","0.658260696","0.552917865","40","0.125","0.416666667","N2 O6","de-protonated","0","-9999","C48 H20 O6 N2","48","20","6","2","-9999","-9999","-9999","-9999","-9999"
"4749","719.12519","719.125176812","719.12586224","2675129.3","-9999","285346.1","9.75","-1","-0.95314008","0.424013935","0.70871839","0.537895717","26","0.236842105","0.763157895","N2 S1 P1 O9","de-protonated","0","-9999","C38 H29 O9 N2 P1 S1","38","29","9","2","1","1","-9999","-9999","-9999"
"4749","719.12519","719.125176812","719.124721534","2675129.3","-9999","285346.1","9.75","-1","0.633100677","0.464927034","0.773979033","0.588547834","13","0.703703704","1.185185185","N2 S1 O19","de-protonated","0","-9999","C27 H32 O19 N2 S1","27","32","19","2","-9999","1","-9999","-9999","-9999"
"4749","719.12519","719.125176812","719.125210791","2675129.3","-9999","285346.1","9.75","-1","-0.047250467","0.499797489","0.755017935","0.601885667","17","0.366666667","1.1","N4 S2 P1 O11","de-protonated","0","-9999","C30 H33 O11 N4 P1 S2","30","33","11","4","1","2","-9999","-9999","-9999"
"4750","719.161076","719.161062799","719.160397275","2523628.5","-9999","298857.6","9.1","-1","0.925417845","0.428039625","0.644495114","0.51462182","38","0.019607843","0.568627451","S1 P1 O1","de-protonated","0","-9999","C51 H29 O1 P1 S1","51","29","1","-9999","1","1","-9999","-9999","-9999"
"4750","719.161076","719.161062799","719.161758492","2523628.5","-9999","298857.6","9.1","-1","-0.967367281","0.42191696","0.719752637","0.541051231","21","0.444444444","0.888888889","O16","de-protonated","0","-9999","C36 H32 O16","36","32","16","-9999","-9999","-9999","-9999","-9999","-9999"
"4750","719.161076","719.161062799","719.161245428","2523628.5","-9999","298857.6","9.1","-1","-0.253947646","0.494183339","0.653607294","0.557952921","39","0.102040816","0.489795918","N2 O5","de-protonated","0","-9999","C49 H24 O5 N2","49","24","5","2","-9999","-9999","-9999","-9999","-9999"
"4750","719.161076","719.161062799","719.161107043","2523628.5","-9999","298857.6","9.1","-1","-0.061522898","0.49965672","0.767553728","0.606815523","12","0.642857143","1.285714286","N2 S1 O18","de-protonated","0","-9999","C28 H36 O18 N2 S1","28","36","18","2","-9999","1","-9999","-9999","-9999"
"4750","719.161076","719.161062799","719.160593979","2523628.5","-9999","298857.6","9.1","-1","0.651898031","0.462893803","0.692787115","0.554851128","30","0.170731707","0.682926829","N4 S1 O7","de-protonated","0","-9999","C41 H28 O7 N4 S1","41","28","7","4","-9999","1","-9999","-9999","-9999"
"4750","719.161076","719.161062799","719.161596301","2523628.5","-9999","298857.6","9.1","-1","-0.741839147","0.45248395","0.748902347","0.571051308","16","0.322580645","1.193548387","N4 S2 P1 O10","de-protonated","0","-9999","C31 H37 O10 N4 P1 S2","31","37","10","4","1","2","-9999","-9999","-9999"
"4750","719.161076","719.161062799","719.160726921","2523628.5","-9999","298857.6","9.1","-1","0.467041139","0.48059704","0.755017935","0.590365398","17","0.5","1.1","N4 P1 O15","de-protonated","0","-9999","C30 H33 O15 N4 P1","30","33","15","4","1","-9999","-9999","-9999","-9999"
"4751","720.318003","720.317989351","720.318675023","4555868.5","-9999","275612.6","17.79","-1","-0.951900307","0.282797123","0.630296418","0.421796841","20","0.090909091","1.159090909","N1 S2 O4","de-protonated","0","-9999","C44 H51 O4 N1 S2","44","51","4","1","-9999","2","-9999","-9999","-9999"
"4751","720.318003","720.317989351","720.317805643","4555868.5","-9999","275612.6","17.79","-1","0.255037847","0.494133585","0.6825583","0.569503471","21","0.209302326","1.093023256","N1 O9","de-protonated","0","-9999","C43 H47 O9 N1","43","47","9","1","-9999","-9999","-9999","-9999","-9999"
"4751","720.318003","720.317989351","720.3182949","4555868.5","-9999","275612.6","17.79","-1","-0.424186154","0.32262615","0.617818715","0.440703176","25","0.02173913","1.043478261","N3 S1 P1 O1","de-protonated","0","-9999","C46 H48 O1 N3 P1 S1","46","48","1","3","1","1","-9999","-9999","-9999"
"4752","721.104277","721.104263047","721.104637538","3071165.8","-9999","295407.2","11.43","-1","-0.519328973","0.476120474","0.73113591","0.578126649","22","0.529411765","0.764705882","O18","de-protonated","0","-9999","C34 H26 O18","34","26","18","-9999","-9999","-9999","-9999","-9999","-9999"
"4752","721.104277","721.104263047","721.104124474","3071165.8","-9999","295407.2","11.43","-1","0.192168807","0.496660854","0.662980834","0.563188846","40","0.14893617","0.382978723","N2 O7","de-protonated","0","-9999","C47 H18 O7 N2","47","18","7","2","-9999","-9999","-9999","-9999","-9999"
"4752","721.104277","721.104263047","721.103986089","3071165.8","-9999","295407.2","11.43","-1","0.384075189","0.486794432","0.780512821","0.604281787","13","0.769230769","1.153846154","N2 S1 O20","de-protonated","0","-9999","C26 H30 O20 N2 S1","26","30","20","2","-9999","1","-9999","-9999","-9999"
"4752","721.104277","721.104263047","721.104475347","3071165.8","-9999","295407.2","11.43","-1","-0.29440838","0.492197864","0.761234226","0.599812409","17","0.413793103","1.068965517","N4 S2 P1 O12","de-protonated","0","-9999","C29 H31 O12 N4 P1 S2","29","31","12","4","1","2","-9999","-9999","-9999"
"4752","721.104277","721.104263047","721.103605967","3071165.8","-9999","295407.2","11.43","-1","0.911215343","0.43007036","0.767553728","0.565063707","18","0.607142857","0.964285714","N4 P1 O17","de-protonated","0","-9999","C28 H27 O17 N4 P1","28","27","17","4","1","-9999","-9999","-9999","-9999"
"4753","721.140511","721.140497033","721.141023047","2561265.5","-9999","338252.6","9.25","-1","-0.729418895","0.453986733","0.725399619","0.562551887","21","0.485714286","0.857142857","O17","de-protonated","0","-9999","C35 H30 O17","35","30","17","-9999","-9999","-9999","-9999","-9999","-9999"
"4753","721.140511","721.140497033","721.140509983","2561265.5","-9999","338252.6","9.25","-1","-0.017957164","0.499970746","0.658260696","0.563286726","39","0.125","0.458333333","N2 O6","de-protonated","0","-9999","C48 H22 O6 N2","48","22","6","2","-9999","-9999","-9999","-9999","-9999"
"4753","721.140511","721.140497033","721.140371599","2561265.5","-9999","338252.6","9.25","-1","0.173939495","0.49726266","0.773979033","0.607949209","12","0.703703704","1.259259259","N2 S1 O19","de-protonated","0","-9999","C27 H34 O19 N2 S1","27","34","19","2","-9999","1","-9999","-9999","-9999"
"4753","721.140511","721.140497033","721.139858534","2561265.5","-9999","338252.6","9.25","-1","0.885402511","0.433704597","0.698017357","0.539429701","30","0.2","0.65","N4 S1 O8","de-protonated","0","-9999","C40 H26 O8 N4 S1","40","26","8","4","-9999","1","-9999","-9999","-9999"
"4753","721.140511","721.140497033","721.140860856","2561265.5","-9999","338252.6","9.25","-1","-0.504509698","0.477433058","0.755017935","0.588467009","16","0.366666667","1.166666667","N4 S2 P1 O11","de-protonated","0","-9999","C30 H35 O11 N4 P1 S2","30","35","11","4","1","2","-9999","-9999","-9999"
"4753","721.140511","721.140497033","721.139991476","2561265.5","-9999","338252.6","9.25","-1","0.701052941","0.457341586","0.761234226","0.578898642","17","0.551724138","1.068965517","N4 P1 O16","de-protonated","0","-9999","C29 H31 O16 N4 P1","29","31","16","4","1","-9999","-9999","-9999","-9999"
"4754","722.305963","722.305948583","722.306453113","2094960.8","-9999","286390.8","7.25","-1","-0.698498323","0.457638376","0.635633513","0.528836431","34","0.037735849","0.773584906","N1 O2","de-protonated","0","-9999","C53 H41 O2 N1","53","41","2","1","-9999","-9999","-9999","-9999","-9999"
"4754","722.305963","722.305948583","722.306314728","2094960.8","-9999","286390.8","7.25","-1","-0.506911554","0.477222656","0.742885034","0.583487607","7","0.46875","1.65625","N1 S1 O15","de-protonated","0","-9999","C32 H53 O15 N1 S1","32","53","15","1","-9999","1","-9999","-9999","-9999"
"4754","722.305963","722.305948583","722.305801664","2094960.8","-9999","286390.8","7.25","-1","0.203402539","0.496260552","0.672627142","0.566807188","25","0.088888889","1","N3 S1 O4","de-protonated","0","-9999","C45 H45 O4 N3 S1","45","45","4","3","-9999","1","-9999","-9999","-9999"
"4754","722.305963","722.305948583","722.305934606","2094960.8","-9999","286390.8","7.25","-1","0.01935067","0.49996603","0.73113591","0.592433982","12","0.352941176","1.470588235","N3 P1 O12","de-protonated","0","-9999","C34 H50 O12 N3 P1","34","50","12","3","1","-9999","-9999","-9999","-9999"
"4755","722.315262","722.315247579","722.315697643","5681022","-9999","219505.4","22.6","-1","-0.623084245","0.643762096","0.922932102","0.755430098","20","0.162790698","1.139534884","N1 S1 O7","de-protonated","0","-9999","C43 H49 O7 N1 S1","43","49","7","1","-9999","1","-9999","-9999","-9999"
"4755","722.315262","722.315247579","722.315830584","5681022","-9999","219505.4","22.6","-1","-0.80713344","0.942907882","0.970837935","0.954079903","7","0.46875","1.6875","N1 P1 O15","de-protonated","0","-9999","C32 H54 O15 N1 P1","32","54","15","1","1","-9999","-9999","-9999","-9999"
"4755","722.315262","722.315247579","722.31531752","5681022","-9999","219505.4","22.6","-1","-0.096828919","0.645874808","0.910295002","0.751642885","25","0.088888889","1.022222222","N3 P1 O4","de-protonated","0","-9999","C45 H46 O4 N3 P1","45","46","4","3","1","-9999","-9999","-9999","-9999"
"4755","722.315262","722.315247579","722.315046194","5681022","-9999","219505.4","22.6","-1","0.278805142","0.610426995","0.939045602","0.741874438","11","0.257142857","1.514285714","N3 S2 O9","de-protonated","0","-9999","C35 H53 O9 N3 S2","35","53","9","3","-9999","2","-9999","-9999","-9999"
"4756","723.120241","723.120226268","723.120287602","2138619.8","-9999","262148.9","7.43","-1","-0.084818994","0.499347731","0.73113591","0.592063003","21","0.529411765","0.823529412","O18","de-protonated","0","-9999","C34 H28 O18","34","28","18","-9999","-9999","-9999","-9999","-9999","-9999"
"4756","723.120241","723.120226268","723.120643918","2138619.8","-9999","262148.9","7.43","-1","-0.57756608","0.47063365","0.658260696","0.545684468","38","0.041666667","0.5","N2 S2 O2","de-protonated","0","-9999","C48 H24 O2 N2 S2","48","24","2","2","-9999","2","-9999","-9999","-9999"
"4756","723.120241","723.120226268","723.119774538","2138619.8","-9999","262148.9","7.43","-1","0.62469584","0.465819712","0.662980834","0.54468416099999994","39","0.14893617","0.425531915","N2 O7","de-protonated","0","-9999","C47 H20 O7 N2","47","20","7","2","-9999","-9999","-9999","-9999","-9999"
"4756","723.120241","723.120226268","723.12077686","2138619.8","-9999","262148.9","7.43","-1","-0.761410407","0.450074886","0.714192896","0.55572209","25","0.27027027","0.783783784","N2 S1 P1 O10","de-protonated","0","-9999","C37 H29 O10 N2 P1 S1","37","29","10","2","1","1","-9999","-9999","-9999"
"4756","723.120241","723.120226268","723.119636154","2138619.8","-9999","262148.9","7.43","-1","0.816067377","0.443088467","0.780512821","0.578058208","12","0.769230769","1.230769231","N2 S1 O20","de-protonated","0","-9999","C26 H32 O20 N2 S1","26","32","20","2","-9999","1","-9999","-9999","-9999"
"4756","723.120241","723.120226268","723.120125411","2138619.8","-9999","262148.9","7.43","-1","0.139474745","0.498238232","0.761234226","0.60343663","16","0.413793103","1.137931034","N4 S2 P1 O12","de-protonated","0","-9999","C29 H33 O12 N4 P1 S2","29","33","12","4","1","2","-9999","-9999","-9999"
"4757","723.156863","723.156848254","723.157542492","2238511.8","-9999","288664.4","7.86","-1","-0.96000895","0.4230041","0.719752637","0.541703515","19","0.333333333","1","S2 O12","de-protonated","0","-9999","C36 H36 O12 S2","36","36","12","-9999","-9999","2","-9999","-9999","-9999"
"4757","723.156863","723.156848254","723.156673112","2238511.8","-9999","288664.4","7.86","-1","0.242191165","0.494706641","0.725399619","0.586983832","20","0.485714286","0.914285714","O17","de-protonated","0","-9999","C35 H32 O17","35","32","17","-9999","-9999","-9999","-9999","-9999","-9999"
"4757","723.156863","723.156848254","723.157029427","2238511.8","-9999","288664.4","7.86","-1","-0.250531289","0.494337906","0.653607294","0.558045661","37","0.020408163","0.571428571","N2 S2 O1","de-protonated","0","-9999","C49 H28 O1 N2 S2","49","28","1","2","-9999","2","-9999","-9999","-9999"
"4757","723.156863","723.156848254","723.156160047","2238511.8","-9999","288664.4","7.86","-1","0.951670531","0.424229352","0.658260696","0.517841889","38","0.125","0.5","N2 O6","de-protonated","0","-9999","C48 H24 O6 N2","48","24","6","2","-9999","-9999","-9999","-9999","-9999"
"4757","723.156863","723.156848254","723.157162369","2238511.8","-9999","288664.4","7.86","-1","-0.434366427","0.483172346","0.70871839","0.573390763","24","0.236842105","0.868421053","N2 S1 P1 O9","de-protonated","0","-9999","C38 H33 O9 N2 P1 S1","38","33","9","2","1","1","-9999","-9999","-9999"
"4757","723.156863","723.156848254","723.15651092","2238511.8","-9999","288664.4","7.86","-1","0.466473692","0.480643235","0.755017935","0.590393115","15","0.366666667","1.233333333","N4 S2 P1 O11","de-protonated","0","-9999","C30 H37 O11 N4 P1 S2","30","37","11","4","1","2","-9999","-9999","-9999"
"4758","723.319112","723.319097191","723.318473612","2278679.8","-9999","256807.3","8.03","-1","0.862108693","0.436919836","0.736963647","0.556937361","6","0.393939394","1.727272727","S1 P1 O13","de-protonated","0","-9999","C33 H57 O13 P1 S1","33","57","13","-9999","1","1","-9999","-9999","-9999"
"4758","723.319112","723.319097191","723.319052478","2278679.8","-9999","256807.3","8.03","-1","0.061816876","0.666204577","0.922932102","0.768895587","20","0.162790698","1.139534884","13C1 N1 S1 O7","de-protonated","1","4755","C42 H49 O7 N1 S1 13C1","42","49","7","1","-9999","1","1","-9999","-9999"
"4758","723.319112","723.319097191","723.31918542","2278679.8","-9999","256807.3","8.03","-1","-0.121977141","0.997303971","0.970837935","0.986717556","7","0.46875","1.6875","13C1 N1 P1 O15","de-protonated","1","4755","C31 H54 O15 N1 P1 13C1","31","54","15","1","1","-9999","1","-9999","-9999"
"4758","723.319112","723.319097191","723.319321765","2278679.8","-9999","256807.3","8.03","-1","-0.310477018","0.491330577","0.748902347","0.594359285","7","0.548387097","1.677419355","N2 O17","de-protonated","0","-9999","C31 H52 O17 N2","31","52","17","2","-9999","-9999","-9999","-9999","-9999"
"4758","723.319112","723.319097191","723.318672355","2278679.8","-9999","256807.3","8.03","-1","0.587342565","0.62621614","0.910295002","0.739847685","25","0.088888889","1.022222222","13C1 N3 P1 O4","de-protonated","1","4755","C44 H46 O4 N3 P1 13C1","44","46","4","3","1","-9999","1","-9999","-9999"
"4758","723.319112","723.319097191","723.318401029","2278679.8","-9999","256807.3","8.03","-1","0.962455819","0.563524272","0.939045602","0.713732804","11","0.257142857","1.514285714","13C1 N3 S2 O9","de-protonated","1","4755","C34 H53 O9 N3 S2 13C1","34","53","9","3","-9999","2","1","-9999","-9999"
"4758","723.319112","723.319097191","723.319678081","2278679.8","-9999","256807.3","8.03","-1","-0.803088404","0.444781251","0.672627142","0.535919607","24","0.022222222","1.066666667","N4 S2 O1","de-protonated","0","-9999","C45 H48 O1 N4 S2","45","48","1","4","-9999","2","-9999","-9999","-9999"
"4758","723.319112","723.319097191","723.318808701","2278679.8","-9999","256807.3","8.03","-1","0.39884242","0.485774293","0.677556332","0.562487109","25","0.136363636","1","N4 O6","de-protonated","0","-9999","C44 H44 O6 N4","44","44","6","4","-9999","-9999","-9999","-9999","-9999"
"4758","723.319112","723.319097191","723.31981102300006","2278679.8","-9999","256807.3","8.03","-1","-0.986882103","0.419007424","0.73113591","0.543858819","11","0.264705882","1.558823529","N4 S1 P1 O9","de-protonated","0","-9999","C34 H53 O9 N4 P1 S1","34","53","9","4","1","1","-9999","-9999","-9999"
"4759","725.098937","725.098921503","725.099552157","2387719.3","-9999","266925.7","8.49","-1","-0.869748686","0.43587213","0.736963647","0.556308737","21","0.575757576","0.787878788","O19","de-protonated","0","-9999","C33 H26 O19","33","26","19","-9999","-9999","-9999","-9999","-9999","-9999"
"4759","725.098937","725.098921503","725.099039093","2387719.3","-9999","266925.7","8.49","-1","-0.162171133","0.497619681","0.667769153","0.56567947","39","0.173913043","0.391304348","N2 O8","de-protonated","0","-9999","C46 H18 O8 N2","46","18","8","2","-9999","-9999","-9999","-9999","-9999"
"4759","725.098937","725.098921503","725.098900709","2387719.3","-9999","266925.7","8.49","-1","0.028677877","0.499925392","0.787157861","0.61481838","12","0.84","1.2","N2 S1 O21","de-protonated","0","-9999","C25 H30 O21 N2 S1","25","30","21","2","-9999","1","-9999","-9999","-9999"
"4759","725.098937","725.098921503","725.098387645","2387719.3","-9999","266925.7","8.49","-1","0.736256702","0.453161918","0.70871839","0.555384506","30","0.263157895","0.578947368","N4 S1 O10","de-protonated","0","-9999","C38 H22 O10 N4 S1","38","22","10","4","-9999","1","-9999","-9999","-9999"
"4759","725.098937","725.098921503","725.099389966","2387719.3","-9999","266925.7","8.49","-1","-0.646067365","0.463529887","0.767553728","0.585139424","16","0.464285714","1.107142857","N4 S2 P1 O13","de-protonated","0","-9999","C28 H31 O13 N4 P1 S2","28","31","13","4","1","2","-9999","-9999","-9999"
"4759","725.098937","725.098921503","725.098520586","2387719.3","-9999","266925.7","8.49","-1","0.552913578","0.473019588","0.773979033","0.593403366","17","0.666666667","1","N4 P1 O18","de-protonated","0","-9999","C27 H27 O18 N4 P1","27","27","18","4","1","-9999","-9999","-9999","-9999"
"4760","725.398862","725.398846387","725.398519545","2166964","-9999","293058.5","7.54","-1","0.450569159","0.48191692","0.667769153","0.556257813","16","0.02173913","1.369565217","S2 P1 O1","de-protonated","0","-9999","C46 H63 O1 P1 S2","46","63","1","-9999","1","2","-9999","-9999","-9999"
"4760","725.398862","725.398846387","725.399367698","2166964","-9999","293058.5","7.54","-1","-0.718653741","0.455272677","0.677556332","0.544186139","17","0.113636364","1.318181818","N2 S1 O5","de-protonated","0","-9999","C44 H58 O5 N2 S1","44","58","5","2","-9999","1","-9999","-9999","-9999"
"4760","725.398862","725.398846387","725.39950064","2166964","-9999","293058.5","7.54","-1","-0.901920526","0.43138749","0.736963647","0.553617953","4","0.393939394","1.909090909","N2 P1 O13","de-protonated","0","-9999","C33 H63 O13 N2 P1","33","63","13","2","1","-9999","-9999","-9999","-9999"
"4760","725.398862","725.398846387","725.398987576","2166964","-9999","293058.5","7.54","-1","-0.194635576","0.496574874","0.667769153","0.565052586","22","0.043478261","1.195652174","N4 P1 O2","de-protonated","0","-9999","C46 H55 O2 N4 P1","46","55","2","4","1","-9999","-9999","-9999","-9999"
"4760","725.398862","725.398846387","725.398716249","2166964","-9999","293058.5","7.54","-1","0.179401628","0.497088552","0.719752637","0.586154186","8","0.194444444","1.722222222","N4 S2 O7","de-protonated","0","-9999","C36 H62 O7 N4 S2","36","62","7","4","-9999","2","-9999","-9999","-9999"
"4761","726.234884","726.234868064","726.23533932","2068319.1","-9999","249434.4","7.11","-1","-0.648902909","0.463221154","0.677556332","0.548955225","25","0.113636364","0.931818182","N1 S2 O5","de-protonated","0","-9999","C44 H41 O5 N1 S2","44","41","5","1","-9999","2","-9999","-9999","-9999"
"4761","726.234884","726.234868064","726.23446994","2068319.1","-9999","249434.4","7.11","-1","0.548202629","0.473465017","0.6825583","0.55710233","26","0.23255814","0.860465116","N1 O10","de-protonated","0","-9999","C43 H37 O10 N1","43","37","10","1","-9999","-9999","-9999","-9999","-9999"
"4761","726.234884","726.234868064","726.235472262","2068319.1","-9999","249434.4","7.11","-1","-0.831958748","0.440987891","0.736963647","0.559378194","12","0.393939394","1.393939394","N1 S1 P1 O13","de-protonated","0","-9999","C33 H46 O13 N1 P1 S1","33","46","13","1","1","1","-9999","-9999","-9999"
"4761","726.234884","726.234868064","726.234959198","2068319.1","-9999","249434.4","7.11","-1","-0.125487906","0.498573383","0.667769153","0.566251691","30","0.043478261","0.826086957","N3 S1 P1 O2","de-protonated","0","-9999","C46 H38 O2 N3 P1 S1","46","38","2","3","1","1","-9999","-9999","-9999"
"4761","726.234884","726.234868064","726.234820813","2068319.1","-9999","249434.4","7.11","-1","0.0650626","0.499616098","0.787157861","0.614632804","3","0.6","2","N3 S2 P1 O15","de-protonated","0","-9999","C25 H50 O15 N3 P1 S2","25","50","15","3","1","2","-9999","-9999","-9999"
"4762","727.094008","727.093991732","727.094072854","2081323.5","-9999","346412.6","7.16","-1","-0.111570226","0.498871945","0.719752637","0.587224222","25","0.472222222","0.666666667","O17","de-protonated","0","-9999","C36 H24 O17","36","24","17","-9999","-9999","-9999","-9999","-9999","-9999"
"4762","727.094008","727.093991732","727.094562111","2081323.5","-9999","346412.6","7.16","-1","-0.784463851","0.447173903","0.703327172","0.549635211","29","0.230769231","0.641025641","N2 S1 P1 O9","de-protonated","0","-9999","C39 H25 O9 N2 P1 S1","39","25","9","2","1","1","-9999","-9999","-9999"
"4762","727.094008","727.093991732","727.093421405","2081323.5","-9999","346412.6","7.16","-1","0.784392505","0.447182986","0.767553728","0.575331283","16","0.678571429","1","N2 S1 O19","de-protonated","0","-9999","C28 H28 O19 N2 S1","28","28","19","2","-9999","1","-9999","-9999","-9999"
"4762","727.094008","727.093991732","727.093910663","2081323.5","-9999","346412.6","7.16","-1","0.111497674","0.49887341","0.748902347","0.598884985","20","0.35483871","0.935483871","N4 S2 P1 O11","de-protonated","0","-9999","C31 H29 O11 N4 P1 S2","31","29","11","4","1","2","-9999","-9999","-9999"
"4763","727.166598","727.166581704","727.166843873","2138771.8","-9999","342390.2","7.41","-1","-0.360534607","0.488345162","0.70871839","0.576494453","23","0.394736842","0.842105263","O15","de-protonated","0","-9999","C38 H32 O15","38","32","15","-9999","-9999","-9999","-9999","-9999","-9999"
"4763","727.166598","727.166581704","727.166192424","2138771.8","-9999","342390.2","7.41","-1","0.535338237","0.474664035","0.755017935","0.586805595","14","0.566666667","1.2","N2 S1 O17","de-protonated","0","-9999","C30 H36 O17 N2 S1","30","36","17","2","-9999","1","-9999","-9999","-9999"
"4763","727.166598","727.166581704","727.166681681","2138771.8","-9999","342390.2","7.41","-1","-0.137489086","0.498287953","0.736963647","0.593758231","18","0.272727273","1.121212121","N4 S2 P1 O9","de-protonated","0","-9999","C33 H37 O9 N4 P1 S2","33","37","9","4","1","2","-9999","-9999","-9999"
"4764","729.146502","729.146484938","729.146977808","2276259","-9999","245534.7","7.98","-1","-0.67595315","0.460218739","0.70871839","0.559618599","22","0.289473684","0.894736842","S2 O11","de-protonated","0","-9999","C38 H34 O11 S2","38","34","11","-9999","-9999","2","-9999","-9999","-9999"
"4764","729.146502","729.146484938","729.146108428","2276259","-9999","245534.7","7.98","-1","0.516372053","0.47638512","0.714192896","0.571508231","23","0.432432432","0.810810811","O16","de-protonated","0","-9999","C37 H30 O16","37","30","16","-9999","-9999","-9999","-9999","-9999","-9999"
"4764","729.146502","729.146484938","729.147110749","2276259","-9999","245534.7","7.98","-1","-0.858278004","0.437442616","0.773979033","0.572057183","9","0.703703704","1.444444444","S1 P1 O19","de-protonated","0","-9999","C27 H39 O19 P1 S1","27","39","19","-9999","1","1","-9999","-9999","-9999"
"4764","729.146502","729.146484938","729.146597685","2276259","-9999","245534.7","7.98","-1","-0.15462827","0.497835489","0.698017357","0.577908236","27","0.2","0.775","N2 S1 P1 O8","de-protonated","0","-9999","C40 H31 O8 N2 P1 S1","40","31","8","2","1","1","-9999","-9999","-9999"
"4764","729.146502","729.146484938","729.145946236","2276259","-9999","245534.7","7.98","-1","0.738812313","0.452852057","0.742885034","0.568865248","18","0.3125","1.09375","N4 S2 P1 O10","de-protonated","0","-9999","C32 H35 O10 N4 P1 S2","32","35","10","4","1","2","-9999","-9999","-9999"
"4765","730.299957","730.299939492","730.299653655","2797588.5","-9999","253652.2","10.21","-1","0.391397314","0.486293153","0.658260696","0.55508017","27","0.083333333","0.9375","N1 S1 O4","de-protonated","0","-9999","C48 H45 O4 N1 S1","48","45","4","1","-9999","1","-9999","-9999","-9999"
"4765","730.299957","730.299939492","730.300655977","2797588.5","-9999","253652.2","10.21","-1","-0.981081246","0.419876254","0.70871839","0.535413108","13","0.184210526","1.421052632","N1 S2 P1 O7","de-protonated","0","-9999","C38 H54 O7 N1 P1 S2","38","54","7","1","1","2","-9999","-9999","-9999"
"4765","730.299957","730.299939492","730.299786597","2797588.5","-9999","253652.2","10.21","-1","0.20936004","0.496039176","0.714192896","0.583300664","14","0.324324324","1.351351351","N1 P1 O12","de-protonated","0","-9999","C37 H50 O12 N1 P1","37","50","12","1","1","-9999","-9999","-9999","-9999"
"4765","730.299957","730.299939492","730.299515271","2797588.5","-9999","253652.2","10.21","-1","0.580887354","0.470305201","0.773979033","0.591774734","0","0.62962963","2.111111111","N1 S2 O17","de-protonated","0","-9999","C27 H57 O17 N1 S2","27","57","17","1","-9999","2","-9999","-9999","-9999"
"4765","730.299957","730.299939492","730.299273533","2797588.5","-9999","253652.2","10.21","-1","0.911899911","0.429972978","0.649019222","0.517591476","32","0.02","0.84","N3 P1 O1","de-protonated","0","-9999","C50 H42 O1 N3 P1","50","42","1","3","1","-9999","-9999","-9999","-9999"
"4766","730.310115","730.310097489","730.31074866","7605282.5","-9999","261182.5","30.78","-1","-0.89163615","0.579220617","0.934716843","0.721419108","0","0.615384615","2.192307692","N3 S2 O16","de-protonated","0","-9999","C26 H57 O16 N3 S2","26","57","16","3","-9999","2","-9999","-9999","-9999"
"4766","730.310115","730.310097489","730.30987928","7605282.5","-9999","261182.5","30.78","-1","0.298788791","0.982764169","0.950861406","0.970003064","1","0.84","2.12","N3 O21","de-protonated","0","-9999","C25 H53 O21 N3","25","53","21","3","-9999","-9999","-9999","-9999","-9999"
"4767","731.08923","731.089212187","731.089856853","2651260.5","-9999","317488.6","9.58","-1","-0.881787626","0.434207608","0.719752637","0.548425619","23","0.361111111","0.777777778","S2 O13","de-protonated","0","-9999","C36 H28 O13 S2","36","28","13","-9999","-9999","2","-9999","-9999","-9999"
"4767","731.08923","731.089212187","731.088987473","2651260.5","-9999","317488.6","9.58","-1","0.307368712","0.491501818","0.725399619","0.585060938","24","0.514285714","0.685714286","O18","de-protonated","0","-9999","C35 H24 O18","35","24","18","-9999","-9999","-9999","-9999","-9999","-9999"
"4767","731.08923","731.089212187","731.089476731","2651260.5","-9999","317488.6","9.58","-1","-0.36184828","0.488261081","0.70871839","0.576444004","28","0.263157895","0.657894737","N2 S1 P1 O10","de-protonated","0","-9999","C38 H25 O10 N2 P1 S1","38","25","10","2","1","1","-9999","-9999","-9999"
"4767","731.08923","731.089212187","731.088825282","2651260.5","-9999","317488.6","9.58","-1","0.529217787","0.475225534","0.755017935","0.587142494","19","0.4","0.966666667","N4 S2 P1 O12","de-protonated","0","-9999","C30 H29 O12 N4 P1 S2","30","29","12","4","1","2","-9999","-9999","-9999"
"4768","731.125511","731.125493173","731.125372983","2689200.8","-9999","289610.5","9.74","-1","0.164391101","0.497554227","0.719752637","0.586433591","23","0.472222222","0.777777778","O17","de-protonated","0","-9999","C36 H28 O17","36","28","17","-9999","-9999","-9999","-9999","-9999","-9999"
"4768","731.125511","731.125493173","731.125729298","2689200.8","-9999","289610.5","9.74","-1","-0.322961025","0.490626088","0.649019222","0.553983342","40","0.02","0.48","N2 S2 O1","de-protonated","0","-9999","C50 H24 O1 N2 S2","50","24","1","2","-9999","2","-9999","-9999","-9999"
"4768","731.125511","731.125493173","731.12586224","2689200.8","-9999","289610.5","9.74","-1","-0.504792491","0.477408333","0.703327172","0.567775868","27","0.230769231","0.743589744","N2 S1 P1 O9","de-protonated","0","-9999","C39 H29 O9 N2 P1 S1","39","29","9","2","1","1","-9999","-9999","-9999"
"4768","731.125511","731.125493173","731.125210791","2689200.8","-9999","289610.5","9.74","-1","0.386229104","0.486647902","0.748902347","0.59154968","18","0.35483871","1.064516129","N4 S2 P1 O11","de-protonated","0","-9999","C31 H33 O11 N4 P1 S2","31","33","11","4","1","2","-9999","-9999","-9999"
"4769","731.161775","731.161757159","731.161758492","2118372","-9999","258709.2","7.3","-1","-0.00182294","0.499999699","0.714192896","0.585676978","22","0.432432432","0.864864865","O16","de-protonated","0","-9999","C37 H32 O16","37","32","16","-9999","-9999","-9999","-9999","-9999","-9999"
"4769","731.161775","731.161757159","731.161245428","2118372","-9999","258709.2","7.3","-1","0.699888552","0.457476973","0.649019222","0.534093872","40","0.1","0.48","N2 O5","de-protonated","0","-9999","C50 H24 O5 N2","50","24","5","2","-9999","-9999","-9999","-9999","-9999"
"4769","731.161775","731.161757159","731.16224775","2118372","-9999","258709.2","7.3","-1","-0.670973119","0.460779217","0.698017357","0.555674473","26","0.2","0.825","N2 S1 P1 O8","de-protonated","0","-9999","C40 H33 O8 N2 P1 S1","40","33","8","2","1","1","-9999","-9999","-9999"
"4769","731.161775","731.161757159","731.161107043","2118372","-9999","258709.2","7.3","-1","0.889155358","0.433180832","0.761234226","0.564402189","13","0.620689655","1.24137931","N2 S1 O18","de-protonated","0","-9999","C29 H36 O18 N2 S1","29","36","18","2","-9999","1","-9999","-9999","-9999"
"4769","731.161775","731.161757159","731.161596301","2118372","-9999","258709.2","7.3","-1","0.220003986","0.495628009","0.742885034","0.594530819","17","0.3125","1.15625","N4 S2 P1 O10","de-protonated","0","-9999","C32 H37 O10 N4 P1 S2","32","37","10","4","1","2","-9999","-9999","-9999"
"4770","731.313486","731.313468101","731.314043136","2699709.3","-9999","258205.7","9.78","-1","-0.786304542","0.446939367","0.725399619","0.558323468","8","0.342857143","1.6","S2 O12","de-protonated","0","-9999","C35 H56 O12 S2","35","56","12","-9999","-9999","2","-9999","-9999","-9999"
"4770","731.313486","731.313468101","731.313173756","2699709.3","-9999","258205.7","9.78","-1","0.40248737","0.485516912","0.73113591","0.583764511","9","0.5","1.529411765","O17","de-protonated","0","-9999","C34 H52 O17","34","52","17","-9999","-9999","-9999","-9999","-9999","-9999"
"4770","731.313486","731.313468101","731.313530072","2699709.3","-9999","258205.7","9.78","-1","-0.08473972","0.499348949","0.658260696","0.562913648","26","0.020833333","1","N2 S2 O1","de-protonated","0","-9999","C48 H48 O1 N2 S2","48","48","1","2","-9999","2","-9999","-9999","-9999"
"4770","731.313486","731.313468101","731.313663014","2699709.3","-9999","258205.7","9.78","-1","-0.266524535","0.493596722","0.714192896","0.581835192","13","0.243243243","1.432432432","N2 S1 P1 O9","de-protonated","0","-9999","C37 H53 O9 N2 P1 S1","37","53","9","2","1","1","-9999","-9999","-9999"
"4770","731.313486","731.313468101","731.314103495","2699709.3","-9999","258205.7","9.78","-1","-0.868839286","0.58132959","0.934716843","0.722684491","0","0.615384615","2.192307692","13C1 N3 S2 O16","de-protonated","1","4766","C25 H57 O16 N3 S2 13C1","25","57","16","3","-9999","2","1","-9999","-9999"
"4770","731.313486","731.313468101","731.313234115","2699709.3","-9999","258205.7","9.78","-1","0.31995243","0.981596627","0.950861406","0.969302539","1","0.84","2.12","13C1 N3 O21","de-protonated","1","4766","C24 H53 O21 N3 13C1","24","53","21","3","-9999","-9999","1","-9999","-9999"
"4770","731.313486","731.313468101","731.313011565","2699709.3","-9999","258205.7","9.78","-1","0.624268458","0.465864831","0.761234226","0.584012589","4","0.379310345","1.965517241","N4 S2 P1 O11","de-protonated","0","-9999","C29 H57 O11 N4 P1 S2","29","57","11","4","1","2","-9999","-9999","-9999"
"4771","732.307464","732.307445716","732.307061511","2245449.3","-9999","281488.4","7.83","-1","0.524650516","0.475640761","0.658260696","0.548688735","26","0.041666667","1","N1 S1 P1 O2","de-protonated","0","-9999","C48 H48 O2 N1 P1 S1","48","48","2","1","1","1","-9999","-9999","-9999"
"4771","732.307464","732.307445716","732.307909664","2245449.3","-9999","281488.4","7.83","-1","-0.633542102","0.464879868","0.667769153","0.546035582","27","0.130434783","0.934782609","N3 O6","de-protonated","0","-9999","C46 H43 O6 N3","46","43","6","3","-9999","-9999","-9999","-9999","-9999"
"4771","732.307464","732.307445716","732.30777128","2245449.3","-9999","281488.4","7.83","-1","-0.444571907","0.482386578","0.787157861","0.604295091","0","0.76","2.2","N3 S1 O19","de-protonated","0","-9999","C25 H55 O19 N3 S1","25","55","19","3","-9999","1","-9999","-9999","-9999"
"4772","733.104742","733.104723408","733.104637538","2487740.3","-9999","234571.2","8.86","-1","0.117132325","0.498756812","0.725399619","0.58941393500000006","23","0.514285714","0.742857143","O18","de-protonated","0","-9999","C35 H26 O18","35","26","18","-9999","-9999","-9999","-9999","-9999","-9999"
"4772","733.104742","733.104723408","733.104993854","2487740.3","-9999","234571.2","8.86","-1","-0.368904007","0.487804503","0.653607294","0.554125619","40","0.040816327","0.448979592","N2 S2 O2","de-protonated","0","-9999","C49 H22 O2 N2 S2","49","22","2","2","-9999","2","-9999","-9999","-9999"
"4772","733.104742","733.104723408","733.105126795","2487740.3","-9999","234571.2","8.86","-1","-0.550244548","0.473272366","0.70871839","0.567450776","27","0.263157895","0.710526316","N2 S1 P1 O10","de-protonated","0","-9999","C38 H27 O10 N2 P1 S1","38","27","10","2","1","1","-9999","-9999","-9999"
"4772","733.104742","733.104723408","733.104475347","2487740.3","-9999","234571.2","8.86","-1","0.33837139","0.489719655","0.755017935","0.595838967","18","0.4","1.033333333","N4 S2 P1 O12","de-protonated","0","-9999","C30 H31 O12 N4 P1 S2","30","31","12","4","1","2","-9999","-9999","-9999"
"4773","735.120459","735.120439629","735.121156982","2430713","-9999","300596.7","8.61","-1","-0.975830068","0.420659878","0.719752637","0.540296982","21","0.361111111","0.888888889","S2 O13","de-protonated","0","-9999","C36 H32 O13 S2","36","32","13","-9999","-9999","2","-9999","-9999","-9999"
"4773","735.120459","735.120439629","735.120287602","2430713","-9999","300596.7","8.61","-1","0.206804987","0.49613489","0.725399619","0.587840782","22","0.514285714","0.8","O18","de-protonated","0","-9999","C35 H28 O18","35","28","18","-9999","-9999","-9999","-9999","-9999","-9999"
"4773","735.120459","735.120439629","735.120643918","2430713","-9999","300596.7","8.61","-1","-0.27789871","0.49304243","0.653607294","0.557268375","39","0.040816327","0.489795918","N2 S2 O2","de-protonated","0","-9999","C49 H24 O2 N2 S2","49","24","2","2","-9999","2","-9999","-9999","-9999"
"4773","735.120459","735.120439629","735.119774538","2430713","-9999","300596.7","8.61","-1","0.904737996","0.43098924","0.658260696","0.521897822","40","0.145833333","0.416666667","N2 O7","de-protonated","0","-9999","C48 H20 O7 N2","48","20","7","2","-9999","-9999","-9999","-9999","-9999"
"4773","735.120459","735.120439629","735.12077686","2430713","-9999","300596.7","8.61","-1","-0.458742045","0.481267507","0.70871839","0.57224786","26","0.263157895","0.763157895","N2 S1 P1 O10","de-protonated","0","-9999","C38 H29 O10 N2 P1 S1","38","29","10","2","1","1","-9999","-9999","-9999"
"4773","735.120459","735.120439629","735.120125411","2430713","-9999","300596.7","8.61","-1","0.42743745","0.48369615","0.755017935","0.592224864","17","0.4","1.1","N4 S2 P1 O12","de-protonated","0","-9999","C30 H33 O12 N4 P1 S2","30","33","12","4","1","2","-9999","-9999","-9999"
"4774","735.192988","735.192968601","735.193058621","2232160","-9999","331030.4","7.76","-1","-0.122444297","0.498641654","0.714192896","0.584862151","20","0.432432432","0.972972973","O16","de-protonated","0","-9999","C37 H36 O16","37","36","16","-9999","-9999","-9999","-9999","-9999","-9999"
"4774","735.192988","735.192968601","735.192545557","2232160","-9999","331030.4","7.76","-1","0.575419399","0.47084506","0.649019222","0.542114725","38","0.1","0.56","N2 O5","de-protonated","0","-9999","C50 H28 O5 N2","50","28","5","2","-9999","-9999","-9999","-9999","-9999"
"4774","735.192988","735.192968601","735.193547878","2232160","-9999","331030.4","7.76","-1","-0.787925233","0.446732511","0.698017357","0.547246449","24","0.2","0.925","N2 S1 P1 O8","de-protonated","0","-9999","C40 H37 O8 N2 P1 S1","40","37","8","2","1","1","-9999","-9999","-9999"
"4774","735.192988","735.192968601","735.192407172","2232160","-9999","331030.4","7.76","-1","0.763648369","0.449796246","0.761234226","0.574371438","11","0.620689655","1.379310345","N2 S1 O18","de-protonated","0","-9999","C29 H40 O18 N2 S1","29","40","18","2","-9999","1","-9999","-9999","-9999"
"4774","735.192988","735.192968601","735.19289643","2232160","-9999","331030.4","7.76","-1","0.098166254","0.499126488","0.742885034","0.596629907","15","0.3125","1.28125","N4 S2 P1 O10","de-protonated","0","-9999","C32 H41 O10 N4 P1 S2","32","41","10","4","1","2","-9999","-9999","-9999"
"4775","736.733994","736.733974005","736.734090234","2255860","-9999","333923.2","7.85","-1","-0.157761641","0.497747077","0.644495114","0.556446292","5","0.019607843","1.862745098","N1 O1","de-protonated","0","-9999","C51 H95 O1 N1","51","95","1","1","-9999","-9999","-9999","-9999","-9999"
"4776","737.10019","737.100169864","737.100692864","2259454","-9999","352822.8","7.86","-1","-0.709536622","0.456349594","0.672627142","0.542860613","35","0.2","0.511111111","P1 O9","de-protonated","0","-9999","C45 H23 O9 P1","45","23","9","-9999","1","-9999","-9999","-9999","-9999"
"4776","737.10019","737.100169864","737.100421537","2259454","-9999","352822.8","7.86","-1","-0.341437569","0.489534471","0.725399619","0.58388053","21","0.4","0.857142857","S2 O14","de-protonated","0","-9999","C35 H30 O14 S2","35","30","14","-9999","-9999","2","-9999","-9999","-9999"
"4776","737.10019","737.100169864","737.099552157","2259454","-9999","352822.8","7.86","-1","0.838022615","0.440178343","0.73113591","0.55656137","22","0.558823529","0.764705882","O19","de-protonated","0","-9999","C34 H26 O19","34","26","19","-9999","-9999","-9999","-9999","-9999","-9999"
"4776","737.10019","737.100169864","737.100554479","2259454","-9999","352822.8","7.86","-1","-0.521795166","0.475898706","0.793917021","0.603106032","8","0.916666667","1.458333333","S1 P1 O22","de-protonated","0","-9999","C24 H35 O22 P1 S1","24","35","22","-9999","1","1","-9999","-9999","-9999"
"4776","737.10019","737.100169864","737.099908473","2259454","-9999","352822.8","7.86","-1","0.354620142","0.488720103","0.658260696","0.55653634","39","0.0625","0.458333333","N2 S2 O3","de-protonated","0","-9999","C48 H22 O3 N2 S2","48","22","3","2","-9999","2","-9999","-9999","-9999"
"4776","737.10019","737.100169864","737.100041415","2259454","-9999","352822.8","7.86","-1","0.174262294","0.497252519","0.714192896","0.58402867","26","0.297297297","0.72972973","N2 S1 P1 O11","de-protonated","0","-9999","C37 H27 O11 N2 P1 S1","37","27","11","2","1","1","-9999","-9999","-9999"
"4776","737.10019","737.100169864","737.100889568","2259454","-9999","352822.8","7.86","-1","-0.976398803","0.42057514","0.725399619","0.542504931","27","0.428571429","0.628571429","N4 O15","de-protonated","0","-9999","C35 H22 O15 N4","35","22","15","4","-9999","-9999","-9999","-9999","-9999"
"4777","737.136226","737.13620585","737.136807047","2297392.8","-9999","305697.2","8.02","-1","-0.815584097","0.443151869","0.719752637","0.553792176","20","0.361111111","0.944444444","S2 O13","de-protonated","0","-9999","C36 H34 O13 S2","36","34","13","-9999","-9999","2","-9999","-9999","-9999"
"4777","737.136226","737.13620585","737.135937667","2297392.8","-9999","305697.2","8.02","-1","0.363817309","0.488134508","0.725399619","0.583040553","21","0.514285714","0.857142857","O18","de-protonated","0","-9999","C35 H30 O18","35","30","18","-9999","-9999","-9999","-9999","-9999","-9999"
"4777","737.136226","737.13620585","737.136939988","2297392.8","-9999","305697.2","8.02","-1","-0.995932706","0.417645264","0.787157861","0.565450303","7","0.84","1.56","S1 P1 O21","de-protonated","0","-9999","C25 H39 O21 P1 S1","25","39","21","-9999","1","1","-9999","-9999","-9999"
"4777","737.136226","737.13620585","737.136293982","2297392.8","-9999","305697.2","8.02","-1","-0.119561074","0.49870479","0.653607294","0.560665791","38","0.040816327","0.530612245","N2 S2 O2","de-protonated","0","-9999","C49 H26 O2 N2 S2","49","26","2","2","-9999","2","-9999","-9999","-9999"
"4777","737.136226","737.13620585","737.136426924","2297392.8","-9999","305697.2","8.02","-1","-0.299909934","0.491905941","0.70871839","0.57863092","25","0.263157895","0.815789474","N2 S1 P1 O10","de-protonated","0","-9999","C38 H31 O10 N2 P1 S1","38","31","10","2","1","1","-9999","-9999","-9999"
"4777","737.136226","737.13620585","737.135775476","2297392.8","-9999","305697.2","8.02","-1","0.583846501","0.470011171","0.755017935","0.584013877","16","0.4","1.166666667","N4 S2 P1 O12","de-protonated","0","-9999","C30 H35 O12 N4 P1 S2","30","35","12","4","1","2","-9999","-9999","-9999"
"4778","739.115618","739.115597084","739.116071602","2170160","-9999","324860.3","7.47","-1","-0.642006569","0.463970026","0.725399619","0.568541863","20","0.4","0.914285714","S2 O14","de-protonated","0","-9999","C35 H32 O14 S2","35","32","14","-9999","-9999","2","-9999","-9999","-9999"
"4778","739.115618","739.115597084","739.115202222","2170160","-9999","324860.3","7.47","-1","0.534236741","0.474765515","0.73113591","0.577313673","21","0.558823529","0.823529412","O19","de-protonated","0","-9999","C34 H28 O19","34","28","19","-9999","-9999","-9999","-9999","-9999","-9999"
"4778","739.115618","739.115597084","739.116204544","2170160","-9999","324860.3","7.47","-1","-0.821872257","0.4423247","0.793917021","0.582961628","7","0.916666667","1.541666667","S1 P1 O22","de-protonated","0","-9999","C24 H37 O22 P1 S1","24","37","22","-9999","1","1","-9999","-9999","-9999"
"4778","739.115618","739.115597084","739.115558538","2170160","-9999","324860.3","7.47","-1","0.052152706","0.499753299","0.658260696","0.563156258","38","0.0625","0.5","N2 S2 O3","de-protonated","0","-9999","C48 H24 O3 N2 S2","48","24","3","2","-9999","2","-9999","-9999","-9999"
"4778","739.115618","739.115597084","739.115691479","2170160","-9999","324860.3","7.47","-1","-0.127713231","0.498522413","0.714192896","0.584790606","25","0.297297297","0.783783784","N2 S1 P1 O11","de-protonated","0","-9999","C37 H29 O11 N2 P1 S1","37","29","11","2","1","1","-9999","-9999","-9999"
"4778","739.115618","739.115597084","739.115040031","2170160","-9999","324860.3","7.47","-1","0.753676757","0.451032791","0.761234226","0.575113365","16","0.448275862","1.137931034","N4 S2 P1 O13","de-protonated","0","-9999","C29 H33 O13 N4 P1 S2","29","33","13","4","1","2","-9999","-9999","-9999"
"4779","740.352197","740.352175606","740.352751857","2902027","-9999","316554.5","10.59","-1","-0.778346507","0.447950287","0.667769153","0.535877833","23","0.086956522","1.108695652","N3 S1 O4","de-protonated","0","-9999","C46 H51 O4 N3 S1","46","51","4","3","-9999","1","-9999","-9999","-9999"
"4779","740.352197","740.352175606","740.352884799","2902027","-9999","316554.5","10.59","-1","-0.957911724","0.423312939","0.725399619","0.544147611","10","0.342857143","1.6","N3 P1 O12","de-protonated","0","-9999","C35 H56 O12 N3 P1","35","56","12","3","1","-9999","-9999","-9999","-9999"
"4780","740.968471","740.968449368","740.968041442","2561908.3","-9999","251037","9.13","-1","0.550531893","0.473245205","0.736963647","0.578732582","28","0.393939394","0.454545455","N2 S2 P1 O13","de-protonated","0","-9999","C33 H15 O13 N2 P1 S2","33","15","13","2","1","2","-9999","-9999","-9999"
"4780","740.968471","740.968449368","740.968889595","2561908.3","-9999","251037","9.13","-1","-0.594122962","0.468979924","0.748902347","0.580948893","29","0.548387097","0.322580645","N4 S1 O17","de-protonated","0","-9999","C31 H10 O17 N4 S1","31","10","17","4","-9999","1","-9999","-9999","-9999"
"4781","740.977928","740.977906365","740.97793742","5562241.5","-9999","272514.9","21.98","-1","-0.041912027","0.333227105","0.701867335","0.480683197","23","0.516129032","0.612903226","S2 P1 O16","de-protonated","0","-9999","C31 H19 O16 P1 S2","31","19","16","-9999","1","2","-9999","-9999","-9999"
"4781","740.977928","740.977906365","740.978405451","5562241.5","-9999","272514.9","21.98","-1","-0.673550719","0.460489553","0.748902347","0.575854671","29","0.548387097","0.35483871","N4 P1 O17","de-protonated","0","-9999","C31 H11 O17 N4 P1","31","11","17","4","1","-9999","-9999","-9999","-9999"
"4783","743.126221","743.126198534","743.126513689","2197344.3","-9999","224603.5","7.56","-1","-0.424093116","0.483946155","0.658260696","0.553671971","37","0.145833333","0.520833333","P1 O7","de-protonated","0","-9999","C48 H25 O7 P1","48","25","7","-9999","1","-9999","-9999","-9999","-9999"
"4783","743.126221","743.126198534","743.126242363","2197344.3","-9999","224603.5","7.56","-1","-0.058978779","0.499684515","0.70871839","0.583298065","23","0.315789474","0.842105263","S2 O12","de-protonated","0","-9999","C38 H32 O12 S2","38","32","12","-9999","-9999","2","-9999","-9999","-9999"
"4783","743.126221","743.126198534","743.126375304","2197344.3","-9999","224603.5","7.56","-1","-0.237873953","0.494892716","0.773979033","0.606527243","10","0.740740741","1.37037037","S1 P1 O20","de-protonated","0","-9999","C27 H37 O20 P1 S1","27","37","20","-9999","1","1","-9999","-9999","-9999"
"4783","743.126221","743.126198534","743.12586224","2197344.3","-9999","224603.5","7.56","-1","0.452539547","0.481761343","0.698017357","0.568263748","28","0.225","0.725","N2 S1 P1 O9","de-protonated","0","-9999","C40 H29 O9 N2 P1 S1","40","29","9","2","1","1","-9999","-9999","-9999"
"4783","743.126221","743.126198534","743.126710393","2197344.3","-9999","224603.5","7.56","-1","-0.688791456","0.458757952","0.70871839","0.558742127","29","0.342105263","0.631578947","N4 O13","de-protonated","0","-9999","C38 H24 O13 N4","38","24","13","4","-9999","-9999","-9999","-9999","-9999"
"4784","744.6622","744.66217694","744.662381843","3325910.8","-9999","234320.9","12.38","-1","-0.275162345","0.493177838","0.667769153","0.563014364","5","0.086956522","1.891304348","N3 O4","de-protonated","0","-9999","C46 H87 O4 N3","46","87","4","3","-9999","-9999","-9999","-9999","-9999"
"4785","745.141841","745.141817755","745.142163753","2724474","-9999","298839","9.17","-1","-0.464338924","0.480816563","0.658260696","0.551794216","36","0.145833333","0.5625","P1 O7","de-protonated","0","-9999","C48 H27 O7 P1","48","27","7","-9999","1","-9999","-9999","-9999","-9999"
"4785","745.141841","745.141817755","745.141892427","2724474","-9999","298839","9.17","-1","-0.100212256","0.499089731","0.70871839","0.582941194","22","0.315789474","0.894736842","S2 O12","de-protonated","0","-9999","C38 H34 O12 S2","38","34","12","-9999","-9999","2","-9999","-9999","-9999"
"4785","745.141841","745.141817755","745.142025369","2724474","-9999","298839","9.17","-1","-0.278623502","0.493006346","0.773979033","0.605395421","9","0.740740741","1.444444444","S1 P1 O20","de-protonated","0","-9999","C27 H39 O20 P1 S1","27","39","20","-9999","1","1","-9999","-9999","-9999"
"4785","745.141841","745.141817755","745.141379363","2724474","-9999","298839","9.17","-1","0.588333854","0.469562798","0.644495114","0.539535724","40","0.019607843","0.509803922","N2 S2 O1","de-protonated","0","-9999","C51 H26 O1 N2 S2","51","26","1","2","-9999","2","-9999","-9999","-9999"
"4785","745.141841","745.141817755","745.141512305","2724474","-9999","298839","9.17","-1","0.409922363","0.484985079","0.698017357","0.57019799","27","0.225","0.775","N2 S1 P1 O9","de-protonated","0","-9999","C40 H31 O9 N2 P1 S1","40","31","9","2","1","1","-9999","-9999","-9999"
"4785","745.141841","745.141817755","745.142360458","2724474","-9999","298839","9.17","-1","-0.72832123","0.454118562","0.70871839","0.555958493","28","0.342105263","0.684210526","N4 O13","de-protonated","0","-9999","C38 H26 O13 N4","38","26","13","4","-9999","-9999","-9999","-9999","-9999"
"4786","747.157703","747.157678975","747.157813818","2670984.5","-9999","277919.8","8.94","-1","-0.18047362","0.497053757","0.658260696","0.561536532","35","0.145833333","0.604166667","P1 O7","de-protonated","0","-9999","C48 H29 O7 P1","48","29","7","-9999","1","-9999","-9999","-9999","-9999"
"4786","747.157703","747.157678975","747.157542492","2670984.5","-9999","277919.8","8.94","-1","0.182670825","0.496981799","0.70871839","0.581676435","21","0.315789474","0.947368421","S2 O12","de-protonated","0","-9999","C38 H36 O12 S2","38","36","12","-9999","-9999","2","-9999","-9999","-9999"
"4786","747.157703","747.157678975","747.157675433","2670984.5","-9999","277919.8","8.94","-1","0.004740839","0.499997961","0.773979033","0.60959039","8","0.740740741","1.518518519","S1 P1 O20","de-protonated","0","-9999","C27 H41 O20 P1 S1","27","41","20","-9999","1","1","-9999","-9999","-9999"
"4786","747.157703","747.157678975","747.157029427","2670984.5","-9999","277919.8","8.94","-1","0.869359598","0.43592565","0.644495114","0.519353436","39","0.019607843","0.549019608","N2 S2 O1","de-protonated","0","-9999","C51 H28 O1 N2 S2","51","28","1","2","-9999","2","-9999","-9999","-9999"
"4786","747.157703","747.157678975","747.157162369","2670984.5","-9999","277919.8","8.94","-1","0.691429368","0.458454979","0.698017357","0.55427993","26","0.225","0.825","N2 S1 P1 O9","de-protonated","0","-9999","C40 H33 O9 N2 P1 S1","40","33","9","2","1","1","-9999","-9999","-9999"
"4786","747.157703","747.157678975","747.158010522","2670984.5","-9999","277919.8","8.94","-1","-0.44374384100000003","0.482450967","0.70871839","0.572957936","27","0.342105263","0.736842105","N4 O13","de-protonated","0","-9999","C38 H28 O13 N4","38","28","13","4","-9999","-9999","-9999","-9999","-9999"
"4787","749.014541","749.014516258","749.014896301","4879278","-9999","280909.1","17.77","-1","-0.507390662","0.477180578","0.780512821","0.598513475","16","0.923076923","0.846153846","S1 O24","de-protonated","0","-9999","C26 H22 O24 S1","26","22","24","-9999","-9999","1","-9999","-9999","-9999"
"4787","749.014541","749.014516258","749.014383237","4879278","-9999","280909.1","17.77","-1","0.177594835","0.497146733","0.703327172","0.579618909","34","0.333333333","0.358974359","N2 S1 O13","de-protonated","0","-9999","C39 H14 O13 N2 S1","39","14","13","2","-9999","1","-9999","-9999","-9999"
"4787","749.014541","749.014516258","749.014516178","4879278","-9999","280909.1","17.77","-1","1.05947e-4","0.499999999","0.767553728","0.607021491","21","0.75","0.678571429","N2 P1 O21","de-protonated","0","-9999","C28 H19 O21 N2 P1","28","19","21","2","1","-9999","-9999","-9999","-9999"
"4787","749.014541","749.014516258","749.014872494","4879278","-9999","280909.1","17.77","-1","-0.475606396","0.319928981","0.643094943","0.449195366","38","0.119047619","0.357142857","N4 S2 P1 O5","de-protonated","0","-9999","C42 H15 O5 N4 P1 S2","42","15","5","4","1","2","-9999","-9999","-9999"
"4788","749.172791","749.172766196","749.173463882","2191498.5","-9999","266785.4","7.01","-1","-0.931273964","0.427195981","0.658260696","0.519621867","34","0.145833333","0.645833333","P1 O7","de-protonated","0","-9999","C48 H31 O7 P1","48","31","7","-9999","1","-9999","-9999","-9999","-9999"
"4788","749.172791","749.172766196","749.173192556","2191498.5","-9999","266785.4","7.01","-1","-0.569106831","0.471462718","0.70871839","0.566364987","20","0.315789474","1","S2 O12","de-protonated","0","-9999","C38 H38 O12 S2","38","38","12","-9999","-9999","2","-9999","-9999","-9999"
"4788","749.172791","749.172766196","749.172323176","2191498.5","-9999","266785.4","7.01","-1","0.591346309","0.469260112","0.714192896","0.567233226","21","0.459459459","0.918918919","O17","de-protonated","0","-9999","C37 H34 O17","37","34","17","-9999","-9999","-9999","-9999","-9999","-9999"
"4788","749.172791","749.172766196","749.173325498","2191498.5","-9999","266785.4","7.01","-1","-0.746557963","0.451907671","0.773979033","0.580736216","7","0.740740741","1.592592593","S1 P1 O20","de-protonated","0","-9999","C27 H43 O20 P1 S1","27","43","20","-9999","1","1","-9999","-9999","-9999"
"4788","749.172791","749.172766196","749.172679492","2191498.5","-9999","266785.4","7.01","-1","0.11573389","0.498786283","0.644495114","0.557069816","38","0.019607843","0.588235294","N2 S2 O1","de-protonated","0","-9999","C51 H30 O1 N2 S2","51","30","1","2","-9999","2","-9999","-9999","-9999"
"4788","749.172791","749.172766196","749.172812434","2191498.5","-9999","266785.4","7.01","-1","-0.061717485","0.499654546","0.698017357","0.57899967","25","0.225","0.875","N2 S1 P1 O9","de-protonated","0","-9999","C40 H35 O9 N2 P1 S1","40","35","9","2","1","1","-9999","-9999","-9999"
"4788","749.172791","749.172766196","749.172160985","2191498.5","-9999","266785.4","7.01","-1","0.807840507","0.444163859","0.742885034","0.563652329","16","0.34375","1.21875","N4 S2 P1 O11","de-protonated","0","-9999","C32 H39 O11 N4 P1 S2","32","39","11","4","1","2","-9999","-9999","-9999"
"4789","749.36783","749.367805121","749.368007262","4724122.5","-9999","251931.6","17.14","-1","-0.269749041","0.493441873","0.698017357","0.575272067","10","0.175","1.575","S2 P1 O7","de-protonated","0","-9999","C40 H63 O7 P1 S2","40","63","7","-9999","1","2","-9999","-9999","-9999"
"4789","749.36783","749.367805121","749.367137883","4724122.5","-9999","251931.6","17.14","-1","0.890402762","0.433006388","0.703327172","0.541134702","11","0.307692308","1.512820513","P1 O12","de-protonated","0","-9999","C39 H59 O12 P1","39","59","12","-9999","1","-9999","-9999","-9999","-9999"
"4789","749.36783","749.367805121","749.368475293","4724122.5","-9999","251931.6","17.14","-1","-0.894315644","0.432458061","0.698017357","0.53868178","16","0.2","1.375","N4 P1 O8","de-protonated","0","-9999","C40 H55 O8 N4 P1","40","55","8","4","1","-9999","-9999","-9999","-9999"
"4789","749.36783","749.367805121","749.368203967","4724122.5","-9999","251931.6","17.14","-1","-0.532242746","0.474948743","0.755017935","0.58697642","2","0.433333333","2.066666667","N4 S2 O13","de-protonated","0","-9999","C30 H62 O13 N4 S2","30","62","13","4","-9999","2","-9999","-9999","-9999"
"4789","749.36783","749.367805121","749.367334587","4724122.5","-9999","251931.6","17.14","-1","0.627908447","0.465479708","0.761234226","0.583781515","3","0.620689655","2","N4 O18","de-protonated","0","-9999","C29 H58 O18 N4","29","58","18","4","-9999","-9999","-9999","-9999","-9999"
"4790","751.011388","751.011362486","751.011405856","2691721","-9999","265681.9","9","-1","-0.057749747","0.499697523","0.70871839","0.58330587","34","0.421052632","0.315789474","N2 O16","de-protonated","0","-9999","C38 H12 O16 N2","38","12","16","2","-9999","-9999","-9999","-9999","-9999"
"4790","751.011388","751.011362486","751.011895114","2691721","-9999","265681.9","9","-1","-0.709213891","0.456387509","0.692787115","0.550947352","38","0.195121951","0.317073171","N4 S1 P1 O8","de-protonated","0","-9999","C41 H13 O8 N4 P1 S1","41","13","8","4","1","1","-9999","-9999","-9999"
"4790","751.011388","751.011362486","751.010754408","2691721","-9999","265681.9","9","-1","0.809679433","0.4439242","0.755017935","0.568361694","25","0.6","0.533333333","N4 S1 O18","de-protonated","0","-9999","C30 H16 O18 N4 S1","30","16","18","4","-9999","1","-9999","-9999","-9999"
"4791","751.379282","751.379256343","751.379283702","3235976","-9999","197833.3","11.18","-1","-0.03641096","0.333253157","0.576557625","0.430574944","28","0.075471698","0.981132075","O4","de-protonated","0","-9999","C53 H52 O4","53","52","4","-9999","-9999","-9999","-9999","-9999","-9999"
"4791","751.379282","751.379256343","751.379145317","3235976","-9999","197833.3","11.18","-1","0.147762936","0.498023054","0.742885034","0.595967846","1","0.53125","2","S1 O17","de-protonated","0","-9999","C32 H64 O17 S1","32","64","17","-9999","-9999","1","-9999","-9999","-9999"
"4791","751.379282","751.379256343","751.378632253","3235976","-9999","197833.3","11.18","-1","0.830593541","0.441169545","0.672627142","0.533752584","19","0.133333333","1.244444444","N2 S1 O6","de-protonated","0","-9999","C45 H56 O6 N2 S1","45","56","6","2","-9999","1","-9999","-9999","-9999"
"4791","751.379282","751.379256343","751.379634575","3235976","-9999","197833.3","11.18","-1","-0.503382503","0.477531487","0.725399619","0.57667874","5","0.257142857","1.857142857","N2 S2 P1 O9","de-protonated","0","-9999","C35 H65 O9 N2 P1 S2","35","65","9","2","1","2","-9999","-9999","-9999"
"4791","751.379282","751.379256343","751.378765195","3235976","-9999","197833.3","11.18","-1","0.653663014","0.462700303","0.73113591","0.570074546","6","0.411764706","1.794117647","N2 P1 O14","de-protonated","0","-9999","C34 H61 O14 N2 P1","34","61","14","2","1","-9999","-9999","-9999","-9999"
"4792","753.395122","753.395095564","753.394933766","5847916.5","-9999","210377.9","21.62","-1","0.214758282","0.330555434","0.576557625","0.42895631","27","0.075471698","1.018867925","O4","de-protonated","0","-9999","C53 H54 O4","53","54","4","-9999","-9999","-9999","-9999","-9999","-9999"
"4792","753.395122","753.395095564","753.394795382","5847916.5","-9999","210377.9","21.62","-1","0.398439482","0.48580261","0.742885034","0.58863558","0","0.53125","2.0625","S1 O17","de-protonated","0","-9999","C32 H66 O17 S1","32","66","17","-9999","-9999","1","-9999","-9999","-9999"
"4792","753.395122","753.395095564","753.395284639","5847916.5","-9999","210377.9","21.62","-1","-0.250964032","0.329545627","0.681183322","0.470200705","4","0.257142857","1.914285714","N2 S2 P1 O9","de-protonated","0","-9999","C35 H67 O9 N2 P1 S2","35","67","9","2","1","2","-9999","-9999","-9999"
"4792","753.395122","753.395095564","753.394415259","5847916.5","-9999","210377.9","21.62","-1","0.902986189","0.431236961","0.73113591","0.551196541","5","0.411764706","1.852941176","N2 P1 O14","de-protonated","0","-9999","C34 H63 O14 N2 P1","34","63","14","2","1","-9999","-9999","-9999","-9999"
"4794","756.400056","756.400028403","756.399821192","4418441.5","-9999","233761.7","15.88","-1","0.273943315","0.493237742","0.70871839","0.579430001","8","0.315789474","1.657894737","N1 S1 O12","de-protonated","0","-9999","C38 H63 O12 N1 S1","38","63","12","1","-9999","1","-9999","-9999","-9999"
"4794","756.400056","756.400028403","756.399308128","4418441.5","-9999","233761.7","15.88","-1","0.952241649","0.282763773","0.587975334","0.404848398","26","0.019607843","1.078431373","N3 S1 O1","de-protonated","0","-9999","C51 H55 O1 N3 S1","51","55","1","3","-9999","1","-9999","-9999","-9999"
"4794","756.400056","756.400028403","756.400310449","4418441.5","-9999","233761.7","15.88","-1","-0.372880169","0.487543512","0.692787115","0.569640953","12","0.097560976","1.56097561","N3 S2 P1 O4","de-protonated","0","-9999","C41 H64 O4 N3 P1 S2","41","64","4","3","1","2","-9999","-9999","-9999"
"4794","756.400056","756.400028403","756.399441069","4418441.5","-9999","233761.7","15.88","-1","0.776485495","0.448185537","0.698017357","0.548118265","13","0.225","1.5","N3 P1 O9","de-protonated","0","-9999","C40 H60 O9 N3 P1","40","60","9","3","1","-9999","-9999","-9999","-9999"
"4795","756.410024","756.409996399","756.410206428","12553111","-9999","223100.3","48.43","-1","-0.277665871","0.483195016","0.889757435","0.645819983","7","0.179487179","1.743589744","N1 S2 P1 O7","de-protonated","0","-9999","C39 H68 O7 N1 P1 S2","39","68","7","1","1","2","-9999","-9999","-9999"
"4795","756.410024","756.409996399","756.409337048","12553111","-9999","223100.3","48.43","-1","0.871684866","0.602777439","0.934570724","0.735494753","8","0.315789474","1.684210526","N1 P1 O12","de-protonated","0","-9999","C38 H64 O12 N1 P1","38","64","12","1","1","-9999","-9999","-9999","-9999"
"4796","757.141973","757.141945116","757.142163753","2302845.8","-9999","269339.9","7.41","-1","-0.288766906","0.492491775","0.653607294","0.556937982","37","0.142857143","0.551020408","P1 O7","de-protonated","0","-9999","C49 H27 O7 P1","49","27","7","-9999","1","-9999","-9999","-9999","-9999"
"4796","757.141973","757.141945116","757.141892427","2302845.8","-9999","269339.9","7.41","-1","0.069588752","0.499560852","0.703327172","0.58106738","23","0.307692308","0.871794872","S2 O12","de-protonated","0","-9999","C39 H34 O12 S2","39","34","12","-9999","-9999","2","-9999","-9999","-9999"
"4796","757.141973","757.141945116","757.142025369","2302845.8","-9999","269339.9","7.41","-1","-0.10599487","0.498981758","0.767553728","0.606410546","10","0.714285714","1.392857143","S1 P1 O20","de-protonated","0","-9999","C28 H39 O20 P1 S1","28","39","20","-9999","1","1","-9999","-9999","-9999"
"4796","757.141973","757.141945116","757.141512305","2302845.8","-9999","269339.9","7.41","-1","0.57163829","0.471215747","0.692787115","0.559844294","28","0.219512195","0.756097561","N2 S1 P1 O9","de-protonated","0","-9999","C41 H31 O9 N2 P1 S1","41","31","9","2","1","1","-9999","-9999","-9999"
"4796","757.141973","757.141945116","757.142360458","2302845.8","-9999","269339.9","7.41","-1","-0.548565385","0.473430838","0.703327172","0.565389372","29","0.333333333","0.666666667","N4 O13","de-protonated","0","-9999","C39 H26 O13 N4","39","26","13","4","-9999","-9999","-9999","-9999","-9999"
"4797","757.413173","757.413145011","757.413561263","4523247","-9999","209716.9","16.3","-1","-0.549570531","0.473336029","0.889757435","0.639904591","7","0.179487179","1.743589744","13C1 N1 S2 P1 O7","de-protonated","1","4795","C38 H68 O7 N1 P1 S2 13C1","38","68","7","1","1","2","1","-9999","-9999"
"4797","757.413173","757.413145011","757.412691883","4523247","-9999","209716.9","16.3","-1","0.598257333","0.624747481","0.934570724","0.748676778","8","0.315789474","1.684210526","13C1 N1 P1 O12","de-protonated","1","4795","C37 H64 O12 N1 P1 13C1","37","64","12","1","1","-9999","1","-9999","-9999"
"4797","757.413173","757.413145011","757.413697609","4523247","-9999","209716.9","16.3","-1","-0.729585159","0.453966751","0.70871839","0.555867407","7","0.236842105","1.736842105","N2 S2 O9","de-protonated","0","-9999","C38 H66 O9 N2 S2","38","66","9","2","-9999","2","-9999","-9999","-9999"
"4797","757.413173","757.413145011","757.412828229","4523247","-9999","209716.9","16.3","-1","0.418242292","0.484379114","0.714192896","0.576304627","8","0.378378378","1.675675676","N2 O14","de-protonated","0","-9999","C37 H62 O14 N2","37","62","14","2","-9999","-9999","-9999","-9999","-9999"
"4797","757.413173","757.413145011","757.413317486","4523247","-9999","209716.9","16.3","-1","-0.227716187","0.495317583","0.698017357","0.576397492","12","0.15","1.575","N4 S1 P1 O6","de-protonated","0","-9999","C40 H63 O6 N4 P1 S1","40","63","6","4","1","1","-9999","-9999","-9999"
"4798","759.15671","759.156681337","759.156673112","2380333.5","-9999","274483.2","7.71","-1","0.010834521","0.49998935","0.70871839","0.583480966","23","0.447368421","0.842105263","O17","de-protonated","0","-9999","C38 H32 O17","38","32","17","-9999","-9999","-9999","-9999","-9999","-9999"
"4798","759.15671","759.156681337","759.157029427","2380333.5","-9999","274483.2","7.71","-1","-0.458522423","0.481285099","0.640033642","0.544784516","40","0.019230769","0.538461538","N2 S2 O1","de-protonated","0","-9999","C52 H28 O1 N2 S2","52","28","1","2","-9999","2","-9999","-9999","-9999"
"4798","759.15671","759.156681337","759.157162369","2380333.5","-9999","274483.2","7.71","-1","-0.633639877","0.464869417","0.692787115","0.556036496","27","0.219512195","0.804878049","N2 S1 P1 O9","de-protonated","0","-9999","C41 H33 O9 N2 P1 S1","41","33","9","2","1","1","-9999","-9999","-9999"
"4798","759.15671","759.156681337","759.156021663","2380333.5","-9999","274483.2","7.71","-1","0.868956789","0.435981039","0.755017935","0.563595797","14","0.633333333","1.2","N2 S1 O19","de-protonated","0","-9999","C30 H36 O19 N2 S1","30","36","19","2","-9999","1","-9999","-9999","-9999"
"4798","759.15671","759.156681337","759.15651092","2380333.5","-9999","274483.2","7.71","-1","0.224481285","0.49544907","0.736963647","0.592054901","18","0.333333333","1.121212121","N4 S2 P1 O11","de-protonated","0","-9999","C33 H37 O11 N4 P1 S2","33","37","11","4","1","2","-9999","-9999","-9999"
"4799","763.153326","763.153295792","763.153597817","2374433.8","-9999","311985.2","7.67","-1","-0.395759661","0.485990254","0.653607294","0.55303707","34","0.06122449","0.673469388","S2 P1 O3","de-protonated","0","-9999","C49 H33 O3 P1 S2","49","33","3","-9999","1","2","-9999","-9999","-9999"
"4799","763.153326","763.153295792","763.152728437","2374433.8","-9999","311985.2","7.67","-1","0.743435016","0.452289383","0.658260696","0.534677908","35","0.166666667","0.604166667","P1 O8","de-protonated","0","-9999","C48 H29 O8 P1","48","29","8","-9999","1","-9999","-9999","-9999","-9999"
"4799","763.153326","763.153295792","763.152590053","2374433.8","-9999","311985.2","7.67","-1","0.924767734","0.428133055","0.773979033","0.566471446","8","0.777777778","1.518518519","S1 P1 O21","de-protonated","0","-9999","C27 H41 O21 P1 S1","27","41","21","-9999","1","1","-9999","-9999","-9999"
"4799","763.153326","763.153295792","763.153794522","2374433.8","-9999","311985.2","7.67","-1","-0.653511655","0.462716914","0.703327172","0.558961017","26","0.230769231","0.820512821","N4 S2 O9","de-protonated","0","-9999","C39 H32 O9 N4 S2","39","32","9","4","-9999","2","-9999","-9999","-9999"
"4799","763.153326","763.153295792","763.152925142","2374433.8","-9999","311985.2","7.67","-1","0.485682435","0.479050794","0.70871839","0.570917833","27","0.368421053","0.736842105","N4 O14","de-protonated","0","-9999","C38 H28 O14 N4","38","28","14","4","-9999","-9999","-9999","-9999","-9999"
"4799","763.153326","763.153295792","763.153927463","2374433.8","-9999","311985.2","7.67","-1","-0.827711955","0.441552232","0.767553728","0.57195283","13","0.607142857","1.321428571","N4 S1 P1 O17","de-protonated","0","-9999","C28 H37 O17 N4 P1 S1","28","37","17","4","1","1","-9999","-9999","-9999"
"4800","768.69878","768.698747648","768.698767353","4950936.5","-9999","237301.5","17.95","-1","-0.02563373","0.333293593","0.599686074","0.439850585","6","0.06122449","1.857142857","N3 O3","de-protonated","0","-9999","C49 H91 O3 N3","49","91","3","3","-9999","-9999","-9999","-9999","-9999"
"4802","769.414748","769.41471537100006","769.414349057","2344246.5","-9999","255480.3","7.51","-1","0.476094422","0.47985303","0.662980834","0.553104151","17","0.14893617","1.319148936","S1 O7","de-protonated","0","-9999","C47 H62 O7 S1","47","62","7","-9999","-9999","1","-9999","-9999","-9999"
"4802","769.414748","769.41471537100006","769.415351379","2344246.5","-9999","255480.3","7.51","-1","-0.826611686","0.441698089","0.714192896","0.550696012","3","0.27027027","1.918918919","S2 P1 O10","de-protonated","0","-9999","C37 H71 O10 P1 S2","37","71","10","-9999","1","2","-9999","-9999","-9999"
"4802","769.414748","769.41471537100006","769.414481999","2344246.5","-9999","255480.3","7.51","-1","0.303311355","0.491722839","0.719752637","0.582934758","4","0.416666667","1.861111111","P1 O15","de-protonated","0","-9999","C36 H67 O15 P1","36","67","15","-9999","1","-9999","-9999","-9999","-9999"
"4802","769.414748","769.41471537100006","769.413968935","2344246.5","-9999","255480.3","7.51","-1","0.970136272","0.42150644","0.653607294","0.514346782","22","0.081632653","1.204081633","N2 P1 O4","de-protonated","0","-9999","C49 H59 O4 N2 P1","49","59","4","2","1","-9999","-9999","-9999","-9999"
"4804","770.696704","770.696670876","770.696659352","10421672","-9999","233952.8","39.83","-1","0.014951787","0.659790279","0.849917919","0.735841335","5","0.020408163","1.897959184","N3 S1 O1","de-protonated","0","-9999","C49 H93 O1 N3 S1","49","93","1","3","-9999","1","-9999","-9999","-9999"
"4805","771.122243","771.122209711","771.122297688","2266057.3","-9999","312105.3","7.19","-1","-0.11408977","0.498820482","0.649019222","0.558899978","37","0.06","0.58","S2 P1 O3","de-protonated","0","-9999","C50 H29 O3 P1 S2","50","29","3","-9999","1","2","-9999","-9999","-9999"
"4805","771.122243","771.122209711","771.122138077","2266057.3","-9999","312105.3","7.19","-1","0.092895744","0.499217696","0.780512821","0.611735746","12","0.961538462","1.230769231","N2 O25","de-protonated","0","-9999","C26 H32 O25 N2","26","32","25","2","-9999","-9999","-9999","-9999","-9999"
"4805","771.122243","771.122209711","771.122494393","2266057.3","-9999","312105.3","7.19","-1","-0.369178253","0.487786587","0.698017357","0.571878895","29","0.225","0.7","N4 S2 O9","de-protonated","0","-9999","C40 H28 O9 N4 S2","40","28","9","4","-9999","2","-9999","-9999","-9999"
"4805","771.122243","771.122209711","771.121625013","2266057.3","-9999","312105.3","7.19","-1","0.758243831","0.450468041","0.703327172","0.551611693","30","0.358974359","0.615384615","N4 O14","de-protonated","0","-9999","C39 H24 O14 N4","39","24","14","4","-9999","-9999","-9999","-9999","-9999"
"4805","771.122243","771.122209711","771.122627334","2266057.3","-9999","312105.3","7.19","-1","-0.541578434","0.474085598","0.761234226","0.588945049","16","0.586206897","1.137931034","N4 S1 P1 O17","de-protonated","0","-9999","C29 H33 O17 N4 P1 S1","29","33","17","4","1","1","-9999","-9999","-9999"
"4806","771.700309","771.700275488","771.70008677","3478187.5","-9999","303172.8","12.04","-1","0.244547571","0.494603697","0.662980834","0.561954552","0","0.106382979","2.063829787","P1 O5","de-protonated","0","-9999","C47 H97 O5 P1","47","97","5","-9999","1","-9999","-9999","-9999","-9999"
"4806","771.700309","771.700275488","771.700014187","3478187.5","-9999","303172.8","12.04","-1","0.338603392","0.652940932","0.849917919","0.731731727","5","0.020408163","1.897959184","13C1 N3 S1 O1","de-protonated","1","4804","C48 H93 O1 N3 S1 13C1","48","93","1","3","-9999","1","1","-9999","-9999"
"4807","772.684868","772.684834107","772.685439764","3055503.5","-9999","245836.9","10.34","-1","-0.783833413","0.447254134","0.658260696","0.531656759","5","0.041666667","1.916666667","N3 P1 O2","de-protonated","0","-9999","C48 H92 O2 N3 P1","48","92","2","3","1","-9999","-9999","-9999","-9999"
"4808","772.694476","772.694442103","772.693681972","9703323","-9999","198076.3","36.94","-1","0.983741874","0.279652112","0.605653763","0.410052772","5","0.083333333","1.895833333","N3 O4","de-protonated","0","-9999","C48 H91 O4 N3","48","91","4","3","-9999","-9999","-9999","-9999","-9999"
"4810","774.331218","774.331183471","774.33174163","2296748.3","-9999","254426.6","7.3","-1","-0.720827782","0.455014227","0.6825583","0.546031856","18","0.23255814","1.23255814","N1 S1 O10","de-protonated","0","-9999","C43 H53 O10 N1 S1","43","53","10","1","-9999","1","-9999","-9999","-9999"
"4810","774.331218","774.331183471","774.331874572","2296748.3","-9999","254426.6","7.3","-1","-0.892513384","0.432710831","0.742885034","0.556780512","5","0.5625","1.8125","N1 P1 O18","de-protonated","0","-9999","C32 H58 O18 N1 P1","32","58","18","1","1","-9999","-9999","-9999","-9999"
"4810","774.331218","774.331183471","774.331361508","2296748.3","-9999","254426.6","7.3","-1","-0.229923933","0.495226786","0.672627142","0.566186928","23","0.155555556","1.111111111","N3 P1 O7","de-protonated","0","-9999","C45 H50 O7 N3 P1","45","50","7","3","1","-9999","-9999","-9999","-9999"
"4810","774.331218","774.331183471","774.331090182","2296748.3","-9999","254426.6","7.3","-1","0.120476692","0.498684902","0.725399619","0.589370789","9","0.342857143","1.628571429","N3 S2 O12","de-protonated","0","-9999","C35 H57 O12 N3 S2","35","57","12","3","-9999","2","-9999","-9999","-9999"
"4811","774.338702","774.338667468","774.338755563","8787893","-9999","222182.3","33.27","-1","-0.113768715","0.643372683","0.861600029","0.730663621","22","0.106382979","1.14893617","N1 S1 P1 O5","de-protonated","0","-9999","C47 H54 O5 N1 P1 S1","47","54","5","1","1","1","-9999","-9999","-9999"
"4811","774.338702","774.338667468","774.338104115","8787893","-9999","222182.3","33.27","-1","0.727528649","0.474932244","0.875692963","0.635236531","13","0.179487179","1.487179487","N3 S2 P1 O7","de-protonated","0","-9999","C39 H58 O7 N3 P1 S2","39","58","7","3","1","2","-9999","-9999","-9999"
"4812","774.348538","774.348503464","774.348000093","26286018","-9999","216073.8","103.29","-1","0.650057316","0.303971516","0.862216481","0.527269502","8","0.27027027","1.675675676","N1 S2 P1 O10","de-protonated","0","-9999","C37 H62 O10 N1 P1 S2","37","62","10","1","1","2","-9999","-9999","-9999"
"4812","774.348538","774.348503464","774.348986631","26286018","-9999","216073.8","103.29","-1","-0.623965455","0.471821284","0.810923455","0.607462153","36","0.017857143","0.803571429","N3 O1","de-protonated","0","-9999","C56 H45 O1 N3","56","45","1","3","-9999","-9999","-9999","-9999","-9999"
"4812","774.348538","774.348503464","774.348848246","26286018","-9999","216073.8","103.29","-1","-0.44525486","0.389195736","0.905948717","0.595896928","9","0.4","1.628571429","N3 S1 O14","de-protonated","0","-9999","C35 H57 O14 N3 S1","35","57","14","3","-9999","1","-9999","-9999","-9999"
"4813","774.692235","774.692200331","774.691573972","5839217","-9999","197839.8","21.47","-1","0.808527064","0.296049621","0.605653763","0.419891278","4","0.041666667","1.9375","N3 S1 O2","de-protonated","0","-9999","C48 H93 O2 N3 S1","48","93","2","3","-9999","1","-9999","-9999","-9999"
"4814","775.341664","775.34162908","775.341398591","2927772.8","-9999","208727.3","9.82","-1","0.297274496","0.492046435","0.658260696","0.558532139","21","0.0625","1.1875","S2 P1 O3","de-protonated","0","-9999","C48 H57 O3 P1 S2","48","57","3","-9999","1","2","-9999","-9999","-9999"
"4814","775.341664","775.34162908","775.342110398","2927772.8","-9999","208727.3","9.82","-1","-0.620781872","0.621642561","0.861600029","0.717625548","22","0.106382979","1.14893617","13C1 N1 S1 P1 O5","de-protonated","1","4811","C46 H54 O5 N1 P1 S1 13C1","46","54","5","1","1","1","1","-9999","-9999"
"4814","775.341664","775.34162908","775.342246744","2927772.8","-9999","208727.3","9.82","-1","-0.796633937","0.445615339","0.667769153","0.534476865","22","0.152173913","1.130434783","N2 S1 O7","de-protonated","0","-9999","C46 H52 O7 N2 S1","46","52","7","2","-9999","1","-9999","-9999","-9999"
"4814","775.341664","775.34162908","775.342379686","2927772.8","-9999","208727.3","9.82","-1","-0.968095768","0.421809032","0.725399619","0.543245267","9","0.428571429","1.628571429","N2 P1 O15","de-protonated","0","-9999","C35 H57 O15 N2 P1","35","57","15","2","1","-9999","-9999","-9999","-9999"
"4814","775.341664","775.34162908","775.34145895","2927772.8","-9999","208727.3","9.82","-1","0.219426359","0.495650837","0.875692963","0.647667687","13","0.179487179","1.487179487","13C1 N3 S2 P1 O7","de-protonated","1","4811","C38 H58 O7 N3 P1 S2 13C1","38","58","7","3","1","2","1","-9999","-9999"
"4814","775.341664","775.34162908","775.341866621","2927772.8","-9999","208727.3","9.82","-1","-0.306369922","0.49155649","0.658260696","0.558238172","27","0.083333333","1.020833333","N4 P1 O4","de-protonated","0","-9999","C48 H49 O4 N4 P1","48","49","4","4","1","-9999","-9999","-9999","-9999"
"4814","775.341664","775.34162908","775.341595295","2927772.8","-9999","208727.3","9.82","-1","0.043573998","0.499827772","0.70871839","0.583384019","13","0.236842105","1.473684211","N4 S2 O9","de-protonated","0","-9999","C38 H56 O9 N4 S2","38","56","9","4","-9999","2","-9999","-9999","-9999"
"4814","775.341664","775.34162908","775.341728237","2927772.8","-9999","208727.3","9.82","-1","-0.127888121","0.498518369","0.773979033","0.608702635","0","0.62962963","2.259259259","N4 S1 P1 O17","de-protonated","0","-9999","C27 H61 O17 N4 P1 S1","27","61","17","4","1","1","-9999","-9999","-9999"
"4815","775.351988","775.351953076","775.352142723","9319593","-9999","206724","35.4","-1","-0.244594291","0.329734431","0.630296418","0.449959226","17","0.227272727","1.272727273","S1 O10","de-protonated","0","-9999","C44 H56 O10 S1","44","56","10","-9999","-9999","1","-9999","-9999","-9999"
"4815","775.351988","775.351953076","775.352275664","9319593","-9999","206724","35.4","-1","-0.416054029","0.323026399","0.704878376","0.47576719","4","0.545454545","1.848484848","P1 O18","de-protonated","0","-9999","C33 H61 O18 P1","33","61","18","-9999","1","-9999","-9999","-9999","-9999"
"4815","775.351988","775.351953076","775.351354928","9319593","-9999","206724","35.4","-1","0.771453598","0.299212942","0.862216481","0.524414357","8","0.27027027","1.675675676","13C1 N1 S2 P1 O10","de-protonated","1","4812","C36 H62 O10 N1 P1 S2 13C1","36","62","10","1","1","2","1","-9999","-9999"
"4815","775.351988","775.351953076","775.35263198","9319593","-9999","206724","35.4","-1","-0.875606827","0.217532119","0.579952989","0.362500467","21","0.042553191","1.212765957","N2 S2 P1 O2","de-protonated","0","-9999","C47 H57 O2 N2 P1 S2","47","57","2","2","1","2","-9999","-9999","-9999"
"4815","775.351988","775.351953076","775.3517626","9319593","-9999","206724","35.4","-1","0.245663738","0.329703063","0.617818715","0.444949324","22","0.152173913","1.152173913","N2 P1 O7","de-protonated","0","-9999","C46 H53 O7 N2 P1","46","53","7","2","1","-9999","-9999","-9999","-9999"
"4815","775.351988","775.351953076","775.351491274","9319593","-9999","206724","35.4","-1","0.595603384","0.234415034","0.644103005","0.398290223","8","0.333333333","1.666666667","N2 S2 O12","de-protonated","0","-9999","C36 H60 O12 N2 S2","36","60","12","2","-9999","2","-9999","-9999","-9999"
"4815","775.351988","775.351953076","775.352341466","9319593","-9999","206724","35.4","-1","-0.500920662","0.477745766","0.810923455","0.611016841","36","0.017857143","0.803571429","13C1 N3 O1","de-protonated","1","4812","C55 H45 O1 N3 13C1","55","45","1","3","-9999","-9999","1","-9999","-9999"
"4815","775.351988","775.351953076","775.352203082","9319593","-9999","206724","35.4","-1","-0.322441307","0.39252476","0.905948717","0.597894343","9","0.4","1.628571429","13C1 N3 S1 O14","de-protonated","1","4812","C34 H57 O14 N3 S1 13C1","34","57","14","3","-9999","1","1","-9999","-9999"
"4816","775.378313","775.378278066","775.3777841","2549962.5","-9999","240709.6","8.31","-1","0.637064558","0.464502492","0.653607294","0.540144412","20","0.040816327","1.244897959","S2 P1 O2","de-protonated","0","-9999","C49 H61 O2 P1 S2","49","61","2","-9999","1","2","-9999","-9999","-9999"
"4816","775.378313","775.378278066","775.378632253","2549962.5","-9999","240709.6","8.31","-1","-0.456792914","0.481423364","0.662980834","0.554046352","21","0.127659574","1.191489362","N2 S1 O6","de-protonated","0","-9999","C47 H56 O6 N2 S1","47","56","6","2","-9999","1","-9999","-9999","-9999"
"4816","775.378313","775.378278066","775.378765195","2549962.5","-9999","240709.6","8.31","-1","-0.628246757","0.465443816","0.719752637","0.567167344","8","0.388888889","1.694444444","N2 P1 O14","de-protonated","0","-9999","C36 H61 O14 N2 P1","36","61","14","2","1","-9999","-9999","-9999","-9999"
"4816","775.378313","775.378278066","775.378252131","2549962.5","-9999","240709.6","8.31","-1","0.033448262","0.499898509","0.653607294","0.561382023","26","0.06122449","1.081632653","N4 P1 O3","de-protonated","0","-9999","C49 H53 O3 N4 P1","49","53","3","4","1","-9999","-9999","-9999","-9999"
"4816","775.378313","775.378278066","775.377980805","2549962.5","-9999","240709.6","8.31","-1","0.383375879","0.486841838","0.703327172","0.573435972","12","0.205128205","1.538461538","N4 S2 O8","de-protonated","0","-9999","C39 H60 O8 N4 S2","39","60","8","4","-9999","2","-9999","-9999","-9999"
"4817","788.982397","788.982356807","788.982808326","9190374","-9999","232971.5","33.28","-1","-0.572279822","0.314102003","0.669687134","0.456336056","32","0.473684211","0.368421053","S1 O18","de-protonated","0","-9999","C38 H14 O18 S1","38","14","18","-9999","-9999","1","-9999","-9999","-9999"
"4817","788.982397","788.982356807","788.982156877","9190374","-9999","232971.5","33.28","-1","0.253402104","0.329472106","0.70723611","0.480577707","23","0.666666667","0.6","N2 S2 O20","de-protonated","0","-9999","C30 H18 O20 N2 S2","30","18","20","2","-9999","2","-9999","-9999","-9999"
"4817","788.982397","788.982356807","788.981776754","9190374","-9999","232971.5","33.28","-1","0.735190946","0.302193922","0.712187115","0.466191199","28","0.53125","0.46875","N4 S1 P1 O17","de-protonated","0","-9999","C32 H15 O17 N4 P1 S1","32","15","17","4","1","1","-9999","-9999","-9999"
"4818","788.992577","788.992536803","788.993193562","27122674","-9999","208084.4","101.89","-1","-0.832401346","0.146976317","0.601525917","0.328796157","31","0.333333333","0.487179487","S2 P1 O13","de-protonated","0","-9999","C39 H19 O13 P1 S2","39","19","13","-9999","1","2","-9999","-9999","-9999"
"4818","788.992577","788.992536803","788.992324182","27122674","-9999","208084.4","101.89","-1","0.269484083","0.246727333","0.653498888","0.409435955","32","0.473684211","0.394736842","P1 O18","de-protonated","0","-9999","C38 H15 O18 P1","38","15","18","-9999","1","-9999","-9999","-9999","-9999"
"4818","788.992577","788.992536803","788.992052856","27122674","-9999","208084.4","101.89","-1","0.613373774","0.155668671","0.661854596","0.358143041","18","0.821428571","0.785714286","S2 O23","de-protonated","0","-9999","C28 H22 O23 S2","28","22","23","-9999","-9999","2","-9999","-9999","-9999"
"4818","788.992577","788.992536803","788.992520886","27122674","-9999","208084.4","101.89","-1","0.020173047","0.485583142","0.868203634","0.638631339","24","0.857142857","0.5","N4 O24","de-protonated","0","-9999","C28 H14 O24 N4","28","14","24","4","-9999","-9999","-9999","-9999","-9999"
"4819","789.996368","789.996327415","789.996684742","4864082.5","-9999","254568.9","16.73","-1","-0.452315492","0.481779065","0.70871839","0.572554795","31","0.394736842","0.447368421","N1 S2 O15","de-protonated","0","-9999","C38 H17 O15 N1 S2","38","17","15","1","-9999","2","-9999","-9999","-9999"
"4819","789.996368","789.996327415","789.995815362","4864082.5","-9999","254568.9","16.73","-1","0.648170688","0.463300988","0.714192896","0.563657751","32","0.540540541","0.351351351","N1 O20","de-protonated","0","-9999","C37 H13 O20 N1","37","13","20","1","-9999","-9999","-9999","-9999","-9999"
"4819","789.996368","789.996327415","789.996817684","4864082.5","-9999","254568.9","16.73","-1","-0.620596764","0.466251361","0.773979033","0.58934243","18","0.851851852","0.814814815","N1 S1 P1 O23","de-protonated","0","-9999","C27 H22 O23 N1 P1 S1","27","22","23","1","1","1","-9999","-9999","-9999"
"4819","789.996368","789.996327415","789.99630462","4864082.5","-9999","254568.9","16.73","-1","0.028854288","0.499924471","0.698017357","0.579161626","36","0.3","0.35","N3 S1 P1 O12","de-protonated","0","-9999","C40 H14 O12 N3 P1 S1","40","14","12","3","1","1","-9999","-9999","-9999"
"4819","789.996368","789.996327415","789.995875721","4864082.5","-9999","254568.9","16.73","-1","0.571766607","0.471203202","0.868203634","0.630003375","24","0.857142857","0.5","13C1 N4 O24","de-protonated","1","4818","C27 H14 O24 N4 13C1","27","14","24","4","-9999","-9999","1","-9999","-9999"
"4820","793.128934","793.128892204","793.129138209","2399674","-9999","298629","7.29","-1","-0.310171024","0.491347509","0.73113591","0.587262869","18","0.588235294","1","S1 O20","de-protonated","0","-9999","C34 H34 O20 S1","34","34","20","-9999","-9999","1","-9999","-9999","-9999"
"4820","793.128934","793.128892204","793.128625145","2399674","-9999","298629","7.29","-1","0.336715338","0.489819008","0.662980834","0.559083738","36","0.191489362","0.553191489","N2 S1 O9","de-protonated","0","-9999","C47 H26 O9 N2 S1","47","26","9","2","-9999","1","-9999","-9999","-9999"
"4820","793.128934","793.128892204","793.129627467","2399674","-9999","298629","7.29","-1","-0.927040173","0.427806275","0.714192896","0.542360924","22","0.324324324","0.945945946","N2 S2 P1 O12","de-protonated","0","-9999","C37 H35 O12 N2 P1 S2","37","35","12","2","1","2","-9999","-9999","-9999"
"4820","793.128934","793.128892204","793.128758087","2399674","-9999","298629","7.29","-1","0.169098449","0.49741252","0.719752637","0.586348567","23","0.472222222","0.861111111","N2 P1 O17","de-protonated","0","-9999","C36 H31 O17 N2 P1","36","31","17","2","1","-9999","-9999","-9999","-9999"
"4820","793.128934","793.128892204","793.128486761","2399674","-9999","298629","7.29","-1","0.511194605","0.476845215","0.780512821","0.598312257","9","0.846153846","1.461538462","N2 S2 O22","de-protonated","0","-9999","C26 H38 O22 N2 S2","26","38","22","2","-9999","2","-9999","-9999","-9999"
"4820","793.128934","793.128892204","793.129114402","2399674","-9999","298629","7.29","-1","-0.280154609","0.492929818","0.649019222","0.55536558","40","0.02","0.54","N4 S2 P1 O1","de-protonated","0","-9999","C50 H27 O1 N4 P1 S2","50","27","1","4","1","2","-9999","-9999","-9999"
"4820","793.128934","793.128892204","793.128106638","2399674","-9999","298629","7.29","-1","0.990464865","0.418469158","0.767553728","0.558102986","14","0.678571429","1.25","N4 S1 P1 O19","de-protonated","0","-9999","C28 H35 O19 N4 P1 S1","28","35","19","4","1","1","-9999","-9999","-9999"
"4821","793.232213","793.232171164","793.232421511","3698217.3","-9999","224060.9","12.25","-1","-0.315603443","0.491044525","0.677556332","0.565649248","24","0.272727273","0.954545455","S1 O12","de-protonated","0","-9999","C44 H42 O12 S1","44","42","12","-9999","-9999","1","-9999","-9999","-9999"
"4821","793.232213","793.232171164","793.232554452","3698217.3","-9999","224060.9","12.25","-1","-0.483198289","0.47926005","0.736963647","0.582341489","11","0.606060606","1.424242424","P1 O20","de-protonated","0","-9999","C33 H47 O20 P1","33","47","20","-9999","1","-9999","-9999","-9999","-9999"
"4821","793.232213","793.232171164","793.232910768","3698217.3","-9999","224060.9","12.25","-1","-0.932392268","0.42703446","0.662980834","0.52141301","28","0.085106383","0.914893617","N2 S2 P1 O4","de-protonated","0","-9999","C47 H43 O4 N2 P1 S2","47","43","4","2","1","2","-9999","-9999","-9999"
"4821","793.232213","793.232171164","793.232041388","3698217.3","-9999","224060.9","12.25","-1","0.163603624","0.497577546","0.667769153","0.565654189","29","0.195652174","0.847826087","N2 P1 O9","de-protonated","0","-9999","C46 H39 O9 N2 P1","46","39","9","2","1","-9999","-9999","-9999","-9999"
"4821","793.232213","793.232171164","793.231770062","3698217.3","-9999","224060.9","12.25","-1","0.505655235","0.477332823","0.719752637","0.574300748","15","0.388888889","1.277777778","N2 S2 O14","de-protonated","0","-9999","C36 H46 O14 N2 S2","36","46","14","2","-9999","2","-9999","-9999","-9999"
"4821","793.232213","793.232171164","793.231903004","3698217.3","-9999","224060.9","12.25","-1","0.338060113","0.489738366","0.787157861","0.608706164","2","0.88","2.04","N2 S1 P1 O22","de-protonated","0","-9999","C25 H51 O22 N2 P1 S1","25","51","22","2","1","1","-9999","-9999","-9999"
"4821","793.232213","793.232171164","793.231389939","3698217.3","-9999","224060.9","12.25","-1","0.984863089","0.419310201","0.70871839","0.535073476","20","0.289473684","1.131578947","N4 S1 P1 O11","de-protonated","0","-9999","C38 H43 O11 N4 P1 S1","38","43","11","4","1","1","-9999","-9999","-9999"
"4822","793.243462","793.243420159","793.242806747","9604661","-9999","233121.6","34.85","-1","0.773297461","0.224293757","0.59101618","0.370982726","23","0.155555556","1.044444444","S2 P1 O7","de-protonated","0","-9999","C45 H47 O7 P1 S2","45","47","7","-9999","1","2","-9999","-9999","-9999"
"4822","793.243462","793.243420159","793.244167964","9604661","-9999","233121.6","34.85","-1","-0.942717012","0.591336298","0.963001425","0.740002349","6","0.733333333","1.666666667","S1 O22","de-protonated","0","-9999","C30 H50 O22 S1","30","50","22","-9999","-9999","1","-9999","-9999","-9999"
"4822","793.243462","793.243420159","793.2436549","9604661","-9999","233121.6","34.85","-1","-0.295924865","0.661390479","0.874471263","0.746622792","24","0.255813953","0.976744186","N2 S1 O11","de-protonated","0","-9999","C43 H42 O11 N2 S1","43","42","11","2","-9999","1","-9999","-9999","-9999"
"4822","793.243462","793.243420159","793.243787842","9604661","-9999","233121.6","34.85","-1","-0.463517342","0.651831199","0.950003308","0.771100042","11","0.59375","1.46875","N2 P1 O19","de-protonated","0","-9999","C32 H47 O19 N2 P1","32","47","19","2","1","-9999","-9999","-9999","-9999"
"4822","793.243462","793.243420159","793.244144157","9604661","-9999","233121.6","34.85","-1","-0.912704969","0.447299653","0.823268562","0.597687217","28","0.065217391","0.934782609","N4 S2 P1 O3","de-protonated","0","-9999","C46 H43 O3 N4 P1 S2","46","43","3","4","1","2","-9999","-9999","-9999"
"4822","793.243462","793.243420159","793.243274777","9604661","-9999","233121.6","34.85","-1","0.183275425","0.652098736","0.861834163","0.735992907","29","0.177777778","0.866666667","N4 P1 O8","de-protonated","0","-9999","C45 H39 O8 N4 P1","45","39","8","4","1","-9999","-9999","-9999","-9999"
"4822","793.243462","793.243420159","793.243003451","9604661","-9999","233121.6","34.85","-1","0.525322198","0.460291866","0.888164882","0.631441072","15","0.371428571","1.314285714","N4 S2 O13","de-protonated","0","-9999","C35 H46 O13 N4 S2","35","46","13","4","-9999","2","-9999","-9999","-9999"
"4822","793.243462","793.243420159","793.243136393","9604661","-9999","233121.6","34.85","-1","0.357729447","0.953355838","0.968266786","0.959320217","2","0.875","2.125","N4 S1 P1 O21","de-protonated","0","-9999","C24 H51 O21 N4 P1 S1","24","51","21","4","1","1","-9999","-9999","-9999"
"4823","794.247037","794.246994771","794.247522799","2996841.3","-9999","240652.8","9.57","-1","-0.664815181","0.615289951","0.963001425","0.754374541","6","0.733333333","1.666666667","13C1 S1 O22","de-protonated","1","4822","C29 H50 O22 S1 13C1","29","50","22","-9999","-9999","1","1","-9999","-9999"
"4823","794.247037","794.246994771","794.246569254","2996841.3","-9999","240652.8","9.57","-1","0.53575029","0.31641735","0.570956251","0.41823291","37","0.074074074","0.703703704","N1 P1 O4","de-protonated","0","-9999","C54 H38 O4 N1 P1","54","38","4","1","1","-9999","-9999","-9999","-9999"
"4823","794.247037","794.246994771","794.246297927","2996841.3","-9999","240652.8","9.57","-1","0.877365109","0.434820989","0.677556332","0.531915126","23","0.204545455","1.022727273","N1 S2 O9","de-protonated","0","-9999","C44 H45 O9 N1 S2","44","45","9","1","-9999","2","-9999","-9999","-9999"
"4823","794.247037","794.246994771","794.246430869","2996841.3","-9999","240652.8","9.57","-1","0.709984002","0.456297011","0.736963647","0.568563666","10","0.515151515","1.515151515","N1 S1 P1 O17","de-protonated","0","-9999","C33 H50 O17 N1 P1 S1","33","50","17","1","1","1","-9999","-9999","-9999"
"4823","794.247037","794.246994771","794.247009735","2996841.3","-9999","240652.8","9.57","-1","-0.018839933","0.666623732","0.874471263","0.749762745","24","0.255813953","0.976744186","13C1 N2 S1 O11","de-protonated","1","4822","C42 H42 O11 N2 S1 13C1","42","42","11","2","-9999","1","1","-9999","-9999"
"4823","794.247037","794.246994771","794.247142677","2996841.3","-9999","240652.8","9.57","-1","-0.18622074","0.662484965","0.950003308","0.777492302","11","0.59375","1.46875","13C1 N2 P1 O19","de-protonated","1","4822","C31 H47 O19 N2 P1 13C1","31","47","19","2","1","-9999","1","-9999","-9999"
"4823","794.247037","794.246994771","794.247279022","2996841.3","-9999","240652.8","9.57","-1","-0.357887169","0.488513724","0.748902347","0.592669173","11","0.677419355","1.451612903","N3 O21","de-protonated","0","-9999","C31 H45 O21 N3","31","45","21","3","-9999","-9999","-9999","-9999","-9999"
"4823","794.247037","794.246994771","794.247498992","2996841.3","-9999","240652.8","9.57","-1","-0.634841043","0.464740915","0.823268562","0.608151974","28","0.065217391","0.934782609","13C1 N4 S2 P1 O3","de-protonated","1","4822","C45 H43 O3 N4 P1 S2 13C1","45","43","3","4","1","2","1","-9999","-9999"
"4823","794.247037","794.246994771","794.246629612","2996841.3","-9999","240652.8","9.57","-1","0.459755126","0.641581675","0.861834163","0.729682671","29","0.177777778","0.866666667","13C1 N4 P1 O8","de-protonated","1","4822","C44 H39 O8 N4 P1 13C1","44","39","8","4","1","-9999","1","-9999","-9999"
"4823","794.247037","794.246994771","794.246358286","2996841.3","-9999","240652.8","9.57","-1","0.801369894","0.445003832","0.888164882","0.622268252","15","0.371428571","1.314285714","13C1 N4 S2 O13","de-protonated","1","4822","C34 H46 O13 N4 S2 13C1","34","46","13","4","-9999","2","1","-9999","-9999"
"4823","794.247037","794.246994771","794.246491228","2996841.3","-9999","240652.8","9.57","-1","0.633988812","0.929664218","0.968266786","0.945105245","2","0.875","2.125","13C1 N4 S1 P1 O21","de-protonated","1","4822","C23 H51 O21 N4 P1 S1 13C1","23","51","21","4","1","1","1","-9999","-9999"
"4824","796.320571","796.32052797","796.319734195","2391794.8","-9999","207484.1","7.24","-1","0.996803577","0.417513773","0.640033642","0.50652172","30","0.096153846","0.923076923","N1 P1 O5","de-protonated","0","-9999","C52 H48 O5 N1 P1","52","48","5","1","1","-9999","-9999","-9999","-9999"
"4824","796.320571","796.32052797","796.321313344","2391794.8","-9999","207484.1","7.24","-1","-0.986252958","0.419101816","0.755017935","0.553468263","3","0.566666667","1.966666667","N3 S2 O17","de-protonated","0","-9999","C30 H59 O17 N3 S2","30","59","17","3","-9999","2","-9999","-9999","-9999"
"4824","796.320571","796.32052797","796.320443964","2391794.8","-9999","207484.1","7.24","-1","0.10549223","0.498991383","0.761234226","0.60388852","4","0.75862069","1.896551724","N3 O22","de-protonated","0","-9999","C29 H55 O22 N3","29","55","22","3","-9999","-9999","-9999","-9999","-9999"
"4825","796.331405","796.331361966","796.331347707","8506110","-9999","224705.6","30.64","-1","0.01790506","0.666399573","0.910244226","0.763937434","25","0.142857143","1.040816327","N1 S1 O7","de-protonated","0","-9999","C49 H51 O7 N1 S1","49","51","7","1","-9999","1","-9999","-9999","-9999"
"4825","796.331405","796.331361966","796.331480649","8506110","-9999","224705.6","30.64","-1","-0.149037646","0.664688279","0.944926989","0.776783763","12","0.394736842","1.473684211","N1 P1 O15","de-protonated","0","-9999","C38 H56 O15 N1 P1","38","56","15","1","1","-9999","-9999","-9999","-9999"
"4825","796.331405","796.331361966","796.330967585","8506110","-9999","224705.6","30.64","-1","0.49524745","0.634932487","0.898533487","0.740372887","30","0.078431373","0.941176471","N3 P1 O4","de-protonated","0","-9999","C51 H48 O4 N3 P1","51","48","4","3","1","-9999","-9999","-9999","-9999"
"4825","796.331405","796.331361966","796.330696259","8506110","-9999","224705.6","30.64","-1","0.835968077","0.437382213","0.886173368","0.616898675","16","0.219512195","1.341463415","N3 S2 O9","de-protonated","0","-9999","C41 H55 O9 N3 S2","41","55","9","3","-9999","2","-9999","-9999","-9999"
"4825","796.331405","796.331361966","796.3308292","8506110","-9999","224705.6","30.64","-1","0.669025098","0.916784885","0.934423913","0.923840496","3","0.566666667","2","N3 S1 P1 O17","de-protonated","0","-9999","C30 H60 O17 N3 P1 S1","30","60","17","3","1","1","-9999","-9999","-9999"
"4826","797.334797","797.334753578","797.333990735","3831565.8","-9999","279369.2","12.75","-1","0.956742033","0.282323329","0.59379359","0.406911434","24","0.1","1.08","S2 O5","de-protonated","0","-9999","C50 H54 O5 S2","50","54","5","-9999","-9999","2","-9999","-9999","-9999"
"4826","797.334797","797.334753578","797.334123676","3831565.8","-9999","279369.2","12.75","-1","0.7900091","0.446466051","0.703327172","0.5492105","11","0.333333333","1.512820513","S1 P1 O13","de-protonated","0","-9999","C39 H59 O13 P1 S1","39","59","13","-9999","1","1","-9999","-9999","-9999"
"4826","797.334797","797.334753578","797.334702542","3831565.8","-9999","279369.2","12.75","-1","0.06400749","0.666171259","0.910244226","0.763800446","25","0.142857143","1.040816327","13C1 N1 S1 O7","de-protonated","1","4825","C48 H51 O7 N1 S1 13C1","48","51","7","1","-9999","1","1","-9999","-9999"
"4826","797.334797","797.334753578","797.334835484","3831565.8","-9999","279369.2","12.75","-1","-0.102725146","0.665391402","0.944926989","0.777205637","12","0.394736842","1.473684211","13C1 N1 P1 O15","de-protonated","1","4825","C37 H56 O15 N1 P1 13C1","37","56","15","1","1","-9999","1","-9999","-9999"
"4826","797.334797","797.334753578","797.33497183","3831565.8","-9999","279369.2","12.75","-1","-0.273726808","0.493248354","0.714192896","0.581626171","12","0.459459459","1.459459459","N2 O17","de-protonated","0","-9999","C37 H54 O17 N2","37","54","17","2","-9999","-9999","-9999","-9999","-9999"
"4826","797.334797","797.334753578","797.33432242","3831565.8","-9999","279369.2","12.75","-1","0.54074922","0.632217077","0.898533487","0.738743641","30","0.078431373","0.941176471","13C1 N3 P1 O4","de-protonated","1","4825","C50 H48 O4 N3 P1 13C1","50","48","4","3","1","-9999","1","-9999","-9999"
"4826","797.334797","797.334753578","797.334051094","3831565.8","-9999","279369.2","12.75","-1","0.881041104","0.434311302","0.886173368","0.615056128","16","0.219512195","1.341463415","13C1 N3 S2 O9","de-protonated","1","4825","C40 H55 O9 N3 S2 13C1","40","55","9","3","-9999","2","1","-9999","-9999"
"4826","797.334797","797.334753578","797.334184035","3831565.8","-9999","279369.2","12.75","-1","0.714308196","0.911574743","0.934423913","0.920714411","3","0.566666667","2","13C1 N3 S1 P1 O17","de-protonated","1","4825","C29 H60 O17 N3 P1 S1 13C1","29","60","17","3","1","1","1","-9999","-9999"
"4826","797.334797","797.334753578","797.335328145","3831565.8","-9999","279369.2","12.75","-1","-0.720609707","0.30336012","0.587975334","0.417206206","29","0.019607843","0.980392157","N4 S2 O1","de-protonated","0","-9999","C51 H50 O1 N4 S2","51","50","1","4","-9999","2","-9999","-9999","-9999"
"4826","797.334797","797.334753578","797.334458765","3831565.8","-9999","279369.2","12.75","-1","0.369747337","0.325166246","0.59379359","0.432617184","30","0.12","0.92","N4 O6","de-protonated","0","-9999","C50 H46 O6 N4","50","46","6","4","-9999","-9999","-9999","-9999","-9999"
"4826","797.334797","797.334753578","797.335461087","3831565.8","-9999","279369.2","12.75","-1","-0.887342081","0.433434099","0.698017357","0.539267402","16","0.225","1.375","N4 S1 P1 O9","de-protonated","0","-9999","C40 H55 O9 N4 P1 S1","40","55","9","4","1","1","-9999","-9999","-9999"
"4826","797.334797","797.334753578","797.334320381","3831565.8","-9999","279369.2","12.75","-1","0.543306254","0.473924378","0.761234226","0.588848317","3","0.655172414","2","N4 S1 O19","de-protonated","0","-9999","C29 H58 O19 N4 S1","29","58","19","4","-9999","1","-9999","-9999","-9999"
"4827","798.728731","798.728687039","798.727959481","2806942.5","-9999","254354.7","8.82","-1","0.910895328","0.430115865","0.644495114","0.515867565","5","0.019607843","1.901960784","N3 S1 O1","de-protonated","0","-9999","C51 H97 O1 N3 S1","51","97","1","3","-9999","1","-9999","-9999","-9999"
"4828","800.727139","800.727094266","800.726635871","2750575.8","-9999","296662.4","8.6","-1","0.572473624","0.471134039","0.658260696","0.545984702","0","0.104166667","2.083333333","N1 P1 O5","de-protonated","0","-9999","C48 H100 O5 N1 P1","48","100","5","1","1","-9999","-9999","-9999","-9999"
"4829","800.947273","800.947228181","800.947425138","2901321.5","-9999","206995.6","9.18","-1","-0.245904595","0.49454397","0.767553728","0.603747873","20","0.785714286","0.678571429","S2 P1 O22","de-protonated","0","-9999","C28 H19 O22 P1 S2","28","19","22","-9999","1","2","-9999","-9999","-9999"
"4829","800.947273","800.947228181","800.947893168","2901321.5","-9999","206995.6","9.18","-1","-0.830250391","0.441215169","0.767553728","0.571750593","26","0.821428571","0.392857143","N4 P1 O23","de-protonated","0","-9999","C28 H11 O23 N4 P1","28","11","23","4","1","-9999","-9999","-9999","-9999"
"4830","811.438961","811.438912125","811.439518434","2517738.3","-9999","230945.3","7.67","-1","-0.747201417","0.451828865","0.672627142","0.540148175","13","0.155555556","1.511111111","N2 S2 O7","de-protonated","0","-9999","C45 H68 O7 N2 S2","45","68","7","2","-9999","2","-9999","-9999","-9999"
"4830","811.438961","811.438912125","811.438649054","2517738.3","-9999","230945.3","7.67","-1","0.32420333","0.490554521","0.677556332","0.565355245","14","0.272727273","1.454545455","N2 O12","de-protonated","0","-9999","C44 H64 O12 N2","44","64","12","2","-9999","-9999","-9999","-9999","-9999"
"4830","811.438961","811.438912125","811.439651376","2517738.3","-9999","230945.3","7.67","-1","-0.911035696","0.430095906","0.73113591","0.550511908","0","0.441176471","2.147058824","N2 S1 P1 O15","de-protonated","0","-9999","C34 H73 O15 N2 P1 S1","34","73","15","2","1","1","-9999","-9999","-9999"
"4830","811.438961","811.438912125","811.43813599","2517738.3","-9999","230945.3","7.67","-1","0.956493573","0.423521522","0.618621811","0.501561638","32","0.01754386","0.98245614","N4 O1","de-protonated","0","-9999","C57 H56 O1 N4","57","56","1","4","-9999","-9999","-9999","-9999","-9999"
"4830","811.438961","811.438912125","811.439138311","2517738.3","-9999","230945.3","7.67","-1","-0.278747015","0.493000187","0.662980834","0.560992446","18","0.085106383","1.382978723","N4 S1 P1 O4","de-protonated","0","-9999","C47 H65 O4 N4 P1 S1","47","65","4","4","1","1","-9999","-9999","-9999"
"4831","814.648351","814.648300885","814.648385549","3814717","-9999","250484.8","12.46","-1","-0.103927751","0.332680699","0.59379359","0.437125855","7","0.1","1.8","N1 P1 O5","de-protonated","0","-9999","C50 H90 O5 N1 P1","50","90","5","1","1","-9999","-9999","-9999","-9999"
"4832","815.086132","815.086081715","815.08648555","11951770","-9999","212468.3","43.2","-1","-0.495450179","0.239109247","0.601200237","0.383945643","35","0.282608696","0.52173913","S1 O13","de-protonated","0","-9999","C46 H24 O13 S1","46","24","13","-9999","-9999","1","-9999","-9999","-9999"
"4832","815.086132","815.086081715","815.086618492","11951770","-9999","212468.3","43.2","-1","-0.658551451","0.231081031","0.670552094","0.406869457","22","0.6","0.828571429","P1 O21","de-protonated","0","-9999","C35 H29 O21 P1","35","29","21","-9999","1","-9999","-9999","-9999","-9999"
"4832","815.086132","815.086081715","815.086105427","11951770","-9999","212468.3","43.2","-1","-0.029091681","0.333282149","0.605653763","0.442230795","40","0.208333333","0.4375","N2 P1 O10","de-protonated","0","-9999","C48 H21 O10 N2 P1","48","21","10","2","1","-9999","-9999","-9999","-9999"
"4832","815.086132","815.086081715","815.085834101","11951770","-9999","212468.3","43.2","-1","0.303788785","0.245848489","0.631824613","0.400238939","26","0.394736842","0.736842105","N2 S2 O15","de-protonated","0","-9999","C38 H28 O15 N2 S2","38","28","15","2","-9999","2","-9999","-9999","-9999"
"4832","815.086132","815.086081715","815.085967043","11951770","-9999","212468.3","43.2","-1","0.140687252","0.199283009","0.701709555","0.400253627","13","0.851851852","1.222222222","N2 S1 P1 O23","de-protonated","0","-9999","C27 H33 O23 N2 P1 S1","27","33","23","2","1","1","-9999","-9999","-9999"
"4832","815.086132","815.086081715","815.085453979","11951770","-9999","212468.3","43.2","-1","0.770148028","0.224491675","0.637505033","0.389697018","31","0.3","0.625","N4 S1 P1 O12","de-protonated","0","-9999","C40 H25 O12 N4 P1 S1","40","25","12","4","1","1","-9999","-9999","-9999"
"4833","815.097382","815.097331711","815.096870786","33193634","-9999","213720.3","123.45","-1","0.565484671","0.242441087","0.557357676","0.368407723","34","0.170212766","0.617021277","S2 P1 O8","de-protonated","0","-9999","C47 H29 O8 P1 S2","47","29","8","-9999","1","2","-9999","-9999","-9999"
"4833","815.097382","815.097331711","815.097718939","33193634","-9999","213720.3","123.45","-1","-0.475069891","0.258406906","0.61037137","0.399192691","35","0.266666667","0.533333333","N2 S1 O12","de-protonated","0","-9999","C45 H24 O12 N2 S1","45","24","12","2","-9999","1","-9999","-9999","-9999"
"4833","815.097382","815.097331711","815.097851881","33193634","-9999","213720.3","123.45","-1","-0.638168918","0.380670687","0.843982424","0.565995381","22","0.588235294","0.852941176","N2 P1 O20","de-protonated","0","-9999","C34 H29 O20 N2 P1","34","29","20","2","1","-9999","-9999","-9999","-9999"
"4833","815.097382","815.097331711","815.097338817","33193634","-9999","213720.3","123.45","-1","-0.008717811","0.166664368","0.592270284","0.336906735","40","0.191489362","0.446808511","N4 P1 O9","de-protonated","0","-9999","C47 H21 O9 N4 P1","47","21","9","4","1","-9999","-9999","-9999","-9999"
"4833","815.097382","815.097331711","815.097067491","33193634","-9999","213720.3","123.45","-1","0.324158074","0.364940359","0.757738712","0.5220597","26","0.378378378","0.756756757","N4 S2 O14","de-protonated","0","-9999","C37 H28 O14 N4 S2","37","28","14","4","-9999","2","-9999","-9999","-9999"
"4833","815.097382","815.097331711","815.097200432","33193634","-9999","213720.3","123.45","-1","0.161058786","0.327261537","0.874999426","0.546356693","13","0.846153846","1.269230769","N4 S1 P1 O22","de-protonated","0","-9999","C26 H33 O22 N4 P1 S1","26","33","22","4","1","1","-9999","-9999","-9999"
"4834","816.086257","816.086206329","816.0869563","2656683.5","-9999","382770.3","8.08","-1","-0.918984998","0.42896212","0.755017935","0.559384446","17","0.666666667","1.033333333","N3 S2 O20","de-protonated","0","-9999","C30 H31 O20 N3 S2","30","31","20","3","-9999","2","-9999","-9999","-9999"
"4834","816.086257","816.086206329","816.08608692","2656683.5","-9999","382770.3","8.08","-1","0.146318142","0.49806145","0.761234226","0.603330561","18","0.862068966","0.931034483","N3 O25","de-protonated","0","-9999","C29 H27 O25 N3","29","27","25","3","-9999","-9999","-9999","-9999","-9999"
"4835","816.096432","816.096381325","816.096258522","7078323.5","-9999","251433.7","24.79","-1","0.150476326","0.248974966","0.557357676","0.37232805","34","0.170212766","0.617021277","S1 33S1 P1 O8","de-protonated","1","4833","C47 H29 O8 P1 S1 33S1","47","29","8","-9999","1","1","-9999","1","-9999"
"4835","816.096432","816.096381325","816.096990663","7078323.5","-9999","251433.7","24.79","-1","-0.746649982","0.30126427","0.599686074","0.420632991","39","0.204081633","0.469387755","N1 S1 O10","de-protonated","0","-9999","C49 H23 O10 N1 S1","49","23","10","1","-9999","1","-9999","-9999","-9999"
"4835","816.096432","816.096381325","816.097123605","7078323.5","-9999","251433.7","24.79","-1","-0.909549258","0.286871433","0.669687134","0.439997714","26","0.473684211","0.736842105","N1 P1 O18","de-protonated","0","-9999","C38 H28 O18 N1 P1","38","28","18","1","1","-9999","-9999","-9999","-9999"
"4835","816.096432","816.096381325","816.096852279","7078323.5","-9999","251433.7","24.79","-1","-0.577081473","0.313787624","0.718223892","0.475562131","12","0.821428571","1.25","N1 S2 O23","de-protonated","0","-9999","C28 H35 O23 N1 S2","28","35","23","1","-9999","2","-9999","-9999","-9999"
"4835","816.096432","816.096381325","816.096339215","7078323.5","-9999","251433.7","24.79","-1","0.051599149","0.249879254","0.613929491","0.395499348","30","0.292682927","0.658536585","N3 S2 O12","de-protonated","0","-9999","C41 H27 O12 N3 S2","41","27","12","3","-9999","2","-9999","-9999","-9999"
"4835","816.096432","816.096381325","816.096472157","7078323.5","-9999","251433.7","24.79","-1","-0.111300387","0.498877389","0.755017935","0.601333607","17","0.666666667","1.066666667","N3 S1 P1 O20","de-protonated","0","-9999","C30 H32 O20 N3 P1 S1","30","32","20","3","1","1","-9999","-9999","-9999"
"4835","816.096432","816.096381325","816.096455226","7078323.5","-9999","251433.7","24.79","-1","-0.090554643","0.367115226","0.757738712","0.52336462","26","0.378378378","0.756756757","N4 S1 33S1 O14","de-protonated","1","4833","C37 H28 O14 N4 S1 33S1","37","28","14","4","-9999","1","-9999","1","-9999"
"4836","816.10095","816.100899323","816.100361967","6926775","-9999","270914.2","24.22","-1","0.658443685","0.231086982","0.585452369","0.372833137","34","0.217391304","0.586956522","N1 S2 O10","de-protonated","0","-9999","C46 H27 O10 N1 S2","46","27","10","1","-9999","2","-9999","-9999","-9999"
"4836","816.10095","816.100899323","816.100494909","6926775","-9999","270914.2","24.22","-1","0.495544853","0.478210354","0.725399619","0.57708606","21","0.514285714","0.914285714","N1 S1 P1 O18","de-protonated","0","-9999","C35 H32 O18 N1 P1 S1","35","32","18","1","1","1","-9999","-9999","-9999"
"4836","816.10095","816.100899323","816.101206716","6926775","-9999","270914.2","24.22","-1","-0.376660575","0.389834326","0.843982424","0.571493565","22","0.588235294","0.852941176","13C1 N2 P1 O20","de-protonated","1","4833","C33 H29 O20 N2 P1 13C1","33","29","20","2","1","-9999","1","-9999","-9999"
"4836","816.10095","816.100899323","816.101343062","6926775","-9999","270914.2","24.22","-1","-0.543729984","0.473884771","0.736963647","0.579116321","22","0.666666667","0.818181818","N3 O22","de-protonated","0","-9999","C33 H27 O22 N3","33","27","22","3","-9999","-9999","-9999","-9999","-9999"
"4836","816.10095","816.100899323","816.100422326","6926775","-9999","270914.2","24.22","-1","0.584483535","0.359788001","0.757738712","0.518968286","26","0.378378378","0.756756757","13C1 N4 S2 O14","de-protonated","1","4833","C36 H28 O14 N4 S2 13C1","36","28","14","4","-9999","2","1","-9999","-9999"
"4836","816.10095","816.100899323","816.100555267","6926775","-9999","270914.2","24.22","-1","0.421584727","0.322754976","0.874999426","0.543652756","13","0.846153846","1.269230769","13C1 N4 S1 P1 O22","de-protonated","1","4833","C25 H33 O22 N4 P1 S1 13C1","25","33","22","4","1","1","1","-9999","-9999"
"4837","816.646414","816.646363112","816.646277549","4849501","-9999","208061.6","16.37","-1","0.10477398","0.332670038","0.59379359","0.437119459","6","0.06","1.84","N1 S1 P1 O3","de-protonated","0","-9999","C50 H92 O3 N1 P1 S1","50","92","3","1","1","1","-9999","-9999","-9999"
"4837","816.646414","816.646363112","816.647125702","4849501","-9999","208061.6","16.37","-1","-0.933805881","0.284553399","0.605653763","0.412993544","7","0.145833333","1.8125","N3 O7","de-protonated","0","-9999","C48 H87 O7 N3","48","87","7","3","-9999","-9999","-9999","-9999","-9999"
"4838","817.083204","817.083152943","817.08350817","5039276","-9999","230678.1","17.08","-1","-0.434749487","0.322095439","0.62401797","0.442864452","35","0.355555556","0.488888889","O16","de-protonated","0","-9999","C45 H22 O16","45","22","16","-9999","-9999","-9999","-9999","-9999","-9999"
"4838","817.083204","817.083152943","817.082856721","5039276","-9999","230678.1","17.08","-1","0.362536114","0.48821694","0.714192896","0.578607322","26","0.486486486","0.702702703","N2 S1 O18","de-protonated","0","-9999","C37 H26 O18 N2 S1","37","26","18","2","-9999","1","-9999","-9999","-9999"
"4838","817.083204","817.083152943","817.083859043","5039276","-9999","230678.1","17.08","-1","-0.864170242","0.43663779","0.773979033","0.571574287","12","0.777777778","1.296296296","N2 S2 P1 O21","de-protonated","0","-9999","C27 H35 O21 N2 P1 S2","27","35","21","2","1","2","-9999","-9999","-9999"
"4838","817.083204","817.083152943","817.083345979","5039276","-9999","230678.1","17.08","-1","-0.236249224","0.494961893","0.698017357","0.576184079","30","0.25","0.675","N4 S2 P1 O10","de-protonated","0","-9999","C40 H27 O10 N4 P1 S2","40","27","10","4","1","2","-9999","-9999","-9999"
"4838","817.083204","817.083152943","817.082476599","5039276","-9999","230678.1","17.08","-1","0.827755561","0.441546448","0.703327172","0.546258738","31","0.384615385","0.58974359","N4 P1 O15","de-protonated","0","-9999","C39 H23 O15 N4 P1","39","23","15","4","1","-9999","-9999","-9999","-9999"
"4839","817.094342","817.094290939","817.093893406","15287477","-9999","201108.9","55.8","-1","0.48652051","0.239489988","0.601200237","0.384174088","34","0.239130435","0.586956522","S1 P1 O11","de-protonated","0","-9999","C46 H27 O11 P1 S1","46","27","11","-9999","1","1","-9999","-9999","-9999"
"4839","817.094342","817.094290939","817.093755022","15287477","-9999","201108.9","55.8","-1","0.655882345","0.184982545","0.692381651","0.387942188","7","0.96","1.56","S2 P1 O24","de-protonated","0","-9999","C25 H39 O24 P1 S2","25","39","24","-9999","1","2","-9999","-9999","-9999"
"4839","817.094342","817.094290939","817.093514769","15287477","-9999","201108.9","55.8","-1","0.949915773","0.242563591","0.61037137","0.389686702","35","0.266666667","0.533333333","N2 34S1 O12","de-protonated","1","4833","C45 H24 O12 N2 34S1","45","24","12","2","-9999","-9999","-9999","-9999","1"
"4839","817.094342","817.094290939","817.094741559","15287477","-9999","201108.9","55.8","-1","-0.551490799","0.315436314","0.630296418","0.441380356","35","0.340909091","0.5","N2 O15","de-protonated","0","-9999","C44 H22 O15 N2","44","22","15","2","-9999","-9999","-9999","-9999","-9999"
"4839","817.094342","817.094290939","817.09409011","15287477","-9999","201108.9","55.8","-1","0.245783748","0.384119541","0.82434107","0.560208152","26","0.472222222","0.722222222","N4 S1 O17","de-protonated","0","-9999","C36 H26 O17 N4 S1","36","26","17","4","-9999","1","-9999","-9999","-9999"
"4839","817.094342","817.094290939","817.095092432","15287477","-9999","201108.9","55.8","-1","-0.9809056","0.35532137","0.865889087","0.559548457","12","0.769230769","1.346153846","N4 S2 P1 O20","de-protonated","0","-9999","C26 H35 O20 N4 P1 S2","26","35","20","4","1","2","-9999","-9999","-9999"
"4840","818.09417","818.094118552","818.094882663","4075432","-9999","274992.8","13.44","-1","-0.93401247","0.284533476","0.599686074","0.410594515","38","0.163265306","0.510204082","N1 S2 O8","de-protonated","0","-9999","C49 H25 O8 N1 S2","49","25","8","1","-9999","2","-9999","-9999","-9999"
"4840","818.09417","818.094118552","818.094013283","4075432","-9999","274992.8","13.44","-1","0.128675979","0.33233339","0.605653763","0.441661539","39","0.270833333","0.4375","N1 O13","de-protonated","0","-9999","C48 H21 O13 N1","48","21","13","1","-9999","-9999","-9999","-9999","-9999"
"4840","818.09417","818.094118552","818.093361835","4075432","-9999","274992.8","13.44","-1","0.924977225","0.428102953","0.698017357","0.536068715","30","0.375","0.625","N3 S1 O15","de-protonated","0","-9999","C40 H25 O15 N3 S1","40","25","15","3","-9999","1","-9999","-9999","-9999"
"4840","818.09417","818.094118552","818.094364156","4075432","-9999","274992.8","13.44","-1","-0.3002146","0.491889622","0.755017935","0.597140947","16","0.6","1.133333333","N3 S2 P1 O18","de-protonated","0","-9999","C30 H34 O18 N3 P1 S2","30","34","18","3","1","2","-9999","-9999","-9999"
"4840","818.09417","818.094118552","818.09349477599994","4075432","-9999","274992.8","13.44","-1","0.762475196","0.449942394","0.761234226","0.574459127","17","0.793103448","1.034482759","N3 P1 O23","de-protonated","0","-9999","C29 H30 O23 N3 P1","29","30","23","3","1","-9999","-9999","-9999","-9999"
"4841","818.098008","818.097956551","818.097384587","3268523","-9999","290369.1","10.39","-1","0.699139559","0.457563963","0.672627142","0.543589234","34","0.288888889","0.555555556","N1 S1 O13","de-protonated","0","-9999","C45 H25 O13 N1 S1","45","25","13","1","-9999","1","-9999","-9999","-9999"
"4841","818.098008","818.097956551","818.098386908","3268523","-9999","290369.1","10.39","-1","-0.526045965","0.475514239","0.725399619","0.575468391","20","0.457142857","0.971428571","N1 S2 P1 O16","de-protonated","0","-9999","C35 H34 O16 N1 P1 S2","35","34","16","1","1","2","-9999","-9999","-9999"
"4841","818.098008","818.097956551","818.097517528","3268523","-9999","290369.1","10.39","-1","0.536638365","0.474544014","0.73113591","0.577180772","21","0.617647059","0.882352941","N1 P1 O21","de-protonated","0","-9999","C34 H30 O21 N1 P1","34","30","21","1","1","-9999","-9999","-9999","-9999"
"4841","818.098008","818.097956551","818.097873844","3268523","-9999","290369.1","10.39","-1","0.101096576","0.49907361","0.658260696","0.562748444","38","0.104166667","0.541666667","N3 S2 P1 O5","de-protonated","0","-9999","C48 H26 O5 N3 P1 S2","48","26","5","3","1","2","-9999","-9999","-9999"
"4841","818.098008","818.097956551","818.097444946","3268523","-9999","290369.1","10.39","-1","0.625359946","0.37259964","0.82434107","0.553296212","26","0.472222222","0.722222222","13C1 N4 S1 O17","de-protonated","1","4839","C35 H26 O17 N4 S1 13C1","35","26","17","4","-9999","1","1","-9999","-9999"
"4841","818.098008","818.097956551","818.098447267","3268523","-9999","290369.1","10.39","-1","-0.599825397","0.374720731","0.865889087","0.571188074","12","0.769230769","1.346153846","13C1 N4 S2 P1 O20","de-protonated","1","4839","C25 H35 O20 N4 P1 S2 13C1","25","35","20","4","1","2","1","-9999","-9999"
"4842","818.507058","818.507006393","818.507141046","2552027.8","-9999","311220.2","7.68","-1","-0.164510463","0.497550683","0.622788794","0.547645928","23","0.035714286","1.25","N1 P1 O2","de-protonated","0","-9999","C56 H70 O2 N1 P1","56","70","2","1","1","-9999","-9999","-9999","-9999"
"4842","818.507058","818.507006393","818.50686972","2552027.8","-9999","311220.2","7.68","-1","0.166978648","0.497476824","0.667769153","0.565593755","9","0.152173913","1.673913043","N1 S2 O7","de-protonated","0","-9999","C46 H77 O7 N1 S2","46","77","7","1","-9999","2","-9999","-9999","-9999"
"4842","818.507058","818.507006393","818.506489597","2552027.8","-9999","311220.2","7.68","-1","0.63138863","0.465109699","0.658260696","0.542370098","14","0.083333333","1.541666667","N3 S1 P1 O4","de-protonated","0","-9999","C48 H74 O4 N3 P1 S1","48","74","4","3","1","1","-9999","-9999","-9999"
"4843","818.644085","818.64403334","818.644169549","2485569","-9999","258815","7.43","-1","-0.166383292","0.497494739","0.649019222","0.558104532","5","0.02","1.88","N1 S2 P1 O1","de-protonated","0","-9999","C50 H94 O1 N1 P1 S2","50","94","1","1","1","2","-9999","-9999","-9999"
"4843","818.644085","818.64403334","818.643300169","2485569","-9999","258815","7.43","-1","0.895592938","0.4322787","0.653607294","0.520810137","6","0.12244898","1.836734694","N1 P1 O6","de-protonated","0","-9999","C49 H90 O6 N1 P1","49","90","6","1","1","-9999","-9999","-9999","-9999"
"4844","819.434006","819.433954034","819.433641751","3339141","-9999","297449.4","10.65","-1","0.381096344","0.324663868","0.549245293","0.414496438","29","0.034482759","1.051724138","P1 O2","de-protonated","0","-9999","C58 H61 O2 P1","58","61","2","-9999","1","-9999","-9999","-9999","-9999"
"4844","819.434006","819.433954034","819.433370425","3339141","-9999","297449.4","10.65","-1","0.712210835","0.456034877","0.658260696","0.536925205","15","0.145833333","1.416666667","S2 O7","de-protonated","0","-9999","C48 H68 O7 S2","48","68","7","-9999","-9999","2","-9999","-9999","-9999"
"4844","819.434006","819.433954034","819.433503367","3339141","-9999","297449.4","10.65","-1","0.549974578","0.473297874","0.714192896","0.569655883","2","0.405405405","1.972972973","S1 P1 O15","de-protonated","0","-9999","C37 H73 O15 P1 S1","37","73","15","-9999","1","1","-9999","-9999","-9999"
"4844","819.434006","819.433954034","819.43435152","3339141","-9999","297449.4","10.65","-1","-0.485073117","0.479102212","0.725399619","0.577621175","3","0.542857143","1.942857143","N2 O19","de-protonated","0","-9999","C35 H68 O19 N2","35","68","19","2","-9999","-9999","-9999","-9999","-9999"
"4844","819.434006","819.433954034","819.434707836","3339141","-9999","297449.4","10.65","-1","-0.919903914","0.428830617","0.653607294","0.518741288","20","0.06122449","1.306122449","N4 S2 O3","de-protonated","0","-9999","C49 H64 O3 N4 S2","49","64","3","4","-9999","2","-9999","-9999","-9999"
"4844","819.434006","819.433954034","819.433838456","3339141","-9999","297449.4","10.65","-1","0.141046989","0.498198361","0.658260696","0.562223295","21","0.166666667","1.25","N4 O8","de-protonated","0","-9999","C48 H60 O8 N4","48","60","8","4","-9999","-9999","-9999","-9999","-9999"
"4845","819.444744","819.44469203","819.445255263","9689997","-9999","193284.3","34.65","-1","-0.687334257","0.611006946","0.849162807","0.706269291","24","0.072727273","1.163636364","S1 O4","de-protonated","0","-9999","C55 H64 O4 S1","55","64","4","-9999","-9999","1","-9999","-9999","-9999"
"4845","819.444744","819.44469203","819.445388205","9689997","-9999","193284.3","34.65","-1","-0.849567935","0.583798481","0.91403396","0.715892673","11","0.272727273","1.568181818","P1 O12","de-protonated","0","-9999","C44 H69 O12 P1","44","69","12","-9999","1","-9999","-9999","-9999","-9999"
"4845","819.444744","819.44469203","819.444875141","9689997","-9999","193284.3","34.65","-1","-0.22345649","0.660318605","0.838308254","0.731514465","29","0.01754386","1.070175439","N2 P1 O1","de-protonated","0","-9999","C57 H61 O1 N2 P1","57","61","1","2","1","-9999","-9999","-9999","-9999"
"4845","819.444744","819.44469203","819.444603814","9689997","-9999","193284.3","34.65","-1","0.107653261","0.499065253","0.86369053","0.644915364","15","0.127659574","1.446808511","N2 S2 O6","de-protonated","0","-9999","C47 H68 O6 N2 S2","47","68","6","2","-9999","2","-9999","-9999","-9999"
"4845","819.444744","819.44469203","819.444736756","9689997","-9999","193284.3","34.65","-1","-0.054580674","0.666215346","0.949628037","0.779580422","2","0.388888889","2.027777778","N2 S1 P1 O14","de-protonated","0","-9999","C36 H73 O14 N2 P1 S1","36","73","14","2","1","1","-9999","-9999","-9999"
"4845","819.444744","819.44469203","819.444223692","9689997","-9999","193284.3","34.65","-1","0.571531766","0.629150233","0.883423615","0.730859585","20","0.06122449","1.326530612","N4 S1 P1 O3","de-protonated","0","-9999","C49 H65 O3 N4 P1 S1","49","65","3","4","1","1","-9999","-9999","-9999"
"4846","820.448089","820.448036642","820.448610098","3838559.3","-9999","209039.7","12.54","-1","-0.698953888","0.61011402","0.849162807","0.705733535","24","0.072727273","1.163636364","13C1 S1 O4","de-protonated","1","4845","C54 H64 O4 S1 13C1","54","64","4","-9999","-9999","1","1","-9999","-9999"
"4846","820.448089","820.448036642","820.44874304","3838559.3","-9999","209039.7","12.54","-1","-0.860989162","0.582763728","0.91403396","0.715271821","11","0.272727273","1.568181818","13C1 P1 O12","de-protonated","1","4845","C43 H69 O12 P1 13C1","43","69","12","-9999","1","-9999","1","-9999","-9999"
"4846","820.448089","820.448036642","820.447379784","3838559.3","-9999","209039.7","12.54","-1","0.80061046","0.445102078","0.714192896","0.552738405","1","0.324324324","2.054054054","N1 S2 P1 O12","de-protonated","0","-9999","C37 H76 O12 N1 P1 S2","37","76","12","1","1","2","-9999","-9999","-9999"
"4846","820.448089","820.448036642","820.448229976","3838559.3","-9999","209039.7","12.54","-1","-0.235643419","0.659983425","0.838308254","0.731313356","29","0.01754386","1.070175439","13C1 N2 P1 O1","de-protonated","1","4845","C56 H61 O1 N2 P1 13C1","56","61","1","2","1","-9999","1","-9999","-9999"
"4846","820.448089","820.448036642","820.447958649","3838559.3","-9999","209039.7","12.54","-1","0.095061403","0.499180826","0.86369053","0.644984707","15","0.127659574","1.446808511","13C1 N2 S2 O6","de-protonated","1","4845","C46 H68 O6 N2 S2 13C1","46","68","6","2","-9999","2","1","-9999","-9999"
"4846","820.448089","820.448036642","820.448091591","3838559.3","-9999","209039.7","12.54","-1","-0.066974128","0.666124291","0.949628037","0.779525789","2","0.388888889","2.027777778","13C1 N2 S1 P1 O14","de-protonated","1","4845","C35 H73 O14 N2 P1 S1 13C1","35","73","14","2","1","1","1","-9999","-9999"
"4846","820.448089","820.448036642","820.448366321","3838559.3","-9999","209039.7","12.54","-1","-0.401827658","0.323709107","0.55996373","0.418210956","29","0.053571429","1.053571429","N3 O3","de-protonated","0","-9999","C56 H59 O3 N3","56","59","3","3","-9999","-9999","-9999","-9999","-9999"
"4846","820.448089","820.448036642","820.448227937","3838559.3","-9999","209039.7","12.54","-1","-0.233158424","0.495092211","0.725399619","0.587215174","2","0.457142857","2.028571429","N3 S1 O16","de-protonated","0","-9999","C35 H71 O16 N3 S1","35","71","16","3","-9999","1","-9999","-9999","-9999"
"4846","820.448089","820.448036642","820.447578527","3838559.3","-9999","209039.7","12.54","-1","0.558372608","0.62999892","0.883423615","0.731368798","20","0.06122449","1.326530612","13C1 N4 S1 P1 O3","de-protonated","1","4845","C48 H65 O3 N4 P1 S1 13C1","48","65","3","4","1","1","1","-9999","-9999"
"4847","845.292879","845.292817038","845.293226158","4841959.5","-9999","173600.9","16.28","-1","-0.483997772","0.479192812","0.73113591","0.579970051","8","0.705882353","1.588235294","O24","de-protonated","0","-9999","C34 H54 O24","34","54","24","-9999","-9999","-9999","-9999","-9999","-9999"
"4847","845.292879","845.292817038","845.293582473","4841959.5","-9999","173600.9","16.28","-1","-0.905526404","0.287251761","0.605653763","0.414612562","25","0.166666667","1.041666667","N2 S2 O8","de-protonated","0","-9999","C48 H50 O8 N2 S2","48","50","8","2","-9999","2","-9999","-9999","-9999"
"4847","845.292879","845.292817038","845.292713094","4841959.5","-9999","173600.9","16.28","-1","0.122968305","0.332420013","0.611697646","0.444131066","26","0.276595745","0.978723404","N2 O13","de-protonated","0","-9999","C47 H46 O13 N2","47","46","13","2","-9999","-9999","-9999","-9999","-9999"
"4847","845.292879","845.292817038","845.293202351","4841959.5","-9999","173600.9","16.28","-1","-0.455833712","0.320999893","0.59379359","0.430117372","30","0.1","0.94","N4 S1 P1 O5","de-protonated","0","-9999","C50 H47 O5 N4 P1 S1","50","47","5","4","1","1","-9999","-9999","-9999"
"4847","845.292879","845.292817038","845.292061645","4841959.5","-9999","173600.9","16.28","-1","0.893647209","0.432551853","0.703327172","0.54086198","17","0.384615385","1.282051282","N4 S1 O15","de-protonated","0","-9999","C39 H50 O15 N4 S1","39","50","15","4","-9999","1","-9999","-9999","-9999"
"4847","845.292879","845.292817038","845.293063966","4841959.5","-9999","173600.9","16.28","-1","-0.292122009","0.492317644","0.761234226","0.599884277","3","0.620689655","2.034482759","N4 S2 P1 O18","de-protonated","0","-9999","C29 H59 O18 N4 P1 S2","29","59","18","4","1","2","-9999","-9999","-9999"
"4847","845.292879","845.292817038","845.292194587","4841959.5","-9999","173600.9","16.28","-1","0.736373961","0.453147719","0.767553728","0.578910123","4","0.821428571","1.964285714","N4 P1 O23","de-protonated","0","-9999","C28 H55 O23 N4 P1","28","55","23","4","1","-9999","-9999","-9999","-9999"
"4848","848.610495","848.610431755","848.610465411","5377584.5","-9999","221092.1","18.3","-1","-0.039659343","0.333238216","0.62401797","0.449550118","3","0.288888889","1.933333333","N1 O13","de-protonated","0","-9999","C45 H87 O13 N1","45","87","13","1","-9999","-9999","-9999","-9999","-9999"
"4848","848.610495","848.610431755","848.609952346","5377584.5","-9999","221092.1","18.3","-1","0.564934355","0.314578451","0.549245293","0.408445188","21","0.034482759","1.362068966","N3 O2","de-protonated","0","-9999","C58 H79 O2 N3","58","79","2","3","-9999","-9999","-9999","-9999","-9999"
"4848","848.610495","848.610431755","848.610954668","5377584.5","-9999","221092.1","18.3","-1","-0.616198366","0.311141206","0.605653763","0.428946229","7","0.104166667","1.833333333","N3 S1 P1 O5","de-protonated","0","-9999","C48 H88 O5 N3 P1 S1","48","88","5","3","1","1","-9999","-9999","-9999"
"4849","850.60849700000006","850.608432983","850.60835741","6926460","-9999","191714.1","24.15","-1","0.088845289","0.665844431","0.913091075","0.764743089","2","0.244444444","1.977777778","N1 S1 O11","de-protonated","0","-9999","C45 H89 O11 N1 S1","45","89","11","1","-9999","1","-9999","-9999","-9999"
"4849","850.60849700000006","850.608432983","850.608846668","6926460","-9999","191714.1","24.15","-1","-0.486339645","0.478456147","0.863590453","0.63250987","6","0.0625","1.875","N3 S2 P1 O3","de-protonated","0","-9999","C48 H90 O3 N3 P1 S2","48","90","3","3","1","2","-9999","-9999","-9999"
"4849","850.60849700000006","850.608432983","850.607977288","6926460","-9999","191714.1","24.15","-1","0.535728652","0.633677046","0.900770751","0.740514528","7","0.170212766","1.829787234","N3 P1 O8","de-protonated","0","-9999","C47 H86 O8 N3 P1","47","86","8","3","1","-9999","-9999","-9999","-9999"
"4850","851.611841","851.611776595","851.611271764","2816398.3","-9999","251248.1","8.62","-1","0.592795096","0.312742706","0.55996373","0.411631116","15","0.071428571","1.517857143","P1 O4","de-protonated","0","-9999","C56 H85 O4 P1","56","85","4","-9999","1","-9999","-9999","-9999","-9999"
"4850","851.611841","851.611776595","851.611000438","2816398.3","-9999","251248.1","8.62","-1","0.911398685","0.430044284","0.667769153","0.525134232","1","0.195652174","2","S2 O9","de-protonated","0","-9999","C46 H92 O9 S2","46","92","9","-9999","-9999","2","-9999","-9999","-9999"
"4850","851.611841","851.611776595","851.611712245","2816398.3","-9999","251248.1","8.62","-1","0.075562131","0.665976354","0.913091075","0.764822242","2","0.244444444","1.977777778","13C1 N1 S1 O11","de-protonated","1","4849","C44 H89 O11 N1 S1 13C1","44","89","11","1","-9999","1","1","-9999","-9999"
"4850","851.611841","851.611776595","851.612201503","2816398.3","-9999","251248.1","8.62","-1","-0.498945122","0.477917026","0.863590453","0.632186397","6","0.0625","1.875","13C1 N3 S2 P1 O3","de-protonated","1","4849","C47 H90 O3 N3 P1 S2 13C1","47","90","3","3","1","2","1","-9999","-9999"
"4850","851.611841","851.611776595","851.611332123","2816398.3","-9999","251248.1","8.62","-1","0.521918978","0.63451673","0.900770751","0.741018338","7","0.170212766","1.829787234","13C1 N3 P1 O8","de-protonated","1","4849","C46 H86 O8 N3 P1 13C1","46","86","8","3","1","-9999","1","-9999","-9999"
"4850","851.611841","851.611776595","851.612337848","2816398.3","-9999","251248.1","8.62","-1","-0.65904796","0.462107206","0.662980834","0.542456657","6","0.106382979","1.872340426","N4 S2 O5","de-protonated","0","-9999","C47 H88 O5 N4 S2","47","88","5","4","-9999","2","-9999","-9999","-9999"
"4850","851.611841","851.611776595","851.611468468","2816398.3","-9999","251248.1","8.62","-1","0.361815813","0.488263162","0.667769153","0.560065558","7","0.217391304","1.826086957","N4 O10","de-protonated","0","-9999","C46 H84 O10 N4","46","84","10","4","-9999","-9999","-9999","-9999","-9999"
"4851","852.606584","852.60651921","852.606520736","5276304.5","-9999","228150.7","18.27","-1","-0.001789534","0.663580869","0.885569764","0.752376427","15","0.072727273","1.527272727","N1 P1 O4","de-protonated","0","-9999","C55 H84 O4 N1 P1","55","84","4","1","1","-9999","-9999","-9999","-9999"
"4851","852.606584","852.60651921","852.60624941","5276304.5","-9999","228150.7","18.27","-1","0.316441959","0.643222263","0.927732367","0.757026305","1","0.2","2.022222222","N1 S2 O9","de-protonated","0","-9999","C45 H91 O9 N1 S2","45","91","9","1","-9999","2","-9999","-9999","-9999"
"4851","852.606584","852.60651921","852.605869287","5276304.5","-9999","228150.7","18.27","-1","0.762278252","0.579047814","0.922647556","0.716487711","6","0.127659574","1.872340426","N3 S1 P1 O6","de-protonated","0","-9999","C47 H88 O6 N3 P1 S1","47","88","6","3","1","1","-9999","-9999","-9999"
"4852","853.610134","853.610068822","853.609875571","2484616","-9999","166646.6","7.51","-1","0.226392885","0.660495458","0.885569764","0.75052518","15","0.072727273","1.527272727","13C1 N1 P1 O4","de-protonated","1","4851","C54 H84 O4 N1 P1 13C1","54","84","4","1","1","-9999","1","-9999","-9999"
"4852","853.610134","853.610068822","853.609604245","2484616","-9999","166646.6","7.51","-1","0.544250393","0.631781451","0.927732367","0.750161818","1","0.2","2.022222222","13C1 N1 S2 O9","de-protonated","1","4851","C44 H91 O9 N1 S2 13C1","44","91","9","1","-9999","2","1","-9999","-9999"
"4852","853.610134","853.610068822","853.610881297","2484616","-9999","166646.6","7.51","-1","-0.951808728","0.424209103","0.627012296","0.50533038","14","0.018181818","1.563636364","N2 S2 O1","de-protonated","0","-9999","C55 H86 O1 N2 S2","55","86","1","2","-9999","2","-9999","-9999","-9999"
"4852","853.610134","853.610068822","853.610011917","2484616","-9999","166646.6","7.51","-1","0.066664615","0.499596968","0.631293472","0.55227557","15","0.111111111","1.518518519","N2 O6","de-protonated","0","-9999","C54 H82 O6 N2","54","82","6","2","-9999","-9999","-9999","-9999","-9999"
"4852","853.610134","853.610068822","853.609224123","2484616","-9999","166646.6","7.51","-1","0.98956274","0.558139746","0.922647556","0.70394287","6","0.127659574","1.872340426","13C1 N3 S1 P1 O6","de-protonated","1","4851","C46 H88 O6 N3 P1 S1 13C1","46","88","6","3","1","1","1","-9999","-9999"
"4852","853.610134","853.610068822","853.609360468","2484616","-9999","166646.6","7.51","-1","0.829834226","0.441270482","0.667769153","0.53186995","6","0.173913043","1.869565217","N4 S1 O8","de-protonated","0","-9999","C46 H86 O8 N4 S1","46","86","8","4","-9999","1","-9999","-9999","-9999"
"4853","854.29313","854.293064558","854.29356051","2502696.3","-9999","209593.2","7.58","-1","-0.580540539","0.470339575","0.725399619","0.572363593","10","0.657142857","1.514285714","N1 O23","de-protonated","0","-9999","C35 H53 O23 N1","35","53","23","1","-9999","-9999","-9999","-9999","-9999"
"4853","854.29313","854.293064558","854.293916826","2502696.3","-9999","209593.2","7.58","-1","-0.997628156","0.417389203","0.653607294","0.511876439","27","0.142857143","1","N3 S2 O7","de-protonated","0","-9999","C49 H49 O7 N3 S2","49","49","7","3","-9999","2","-9999","-9999","-9999"
"4853","854.29313","854.293064558","854.293047446","2502696.3","-9999","209593.2","7.58","-1","0.020030838","0.4999636","0.658260696","0.563282438","28","0.25","0.9375","N3 O12","de-protonated","0","-9999","C48 H45 O12 N3","48","45","12","3","-9999","-9999","-9999","-9999","-9999"
"4853","854.29313","854.293064558","854.292909062","2502696.3","-9999","209593.2","7.58","-1","0.18201794","0.497003271","0.773979033","0.607793576","1","0.925925926","2.111111111","N3 S1 O25","de-protonated","0","-9999","C27 H57 O25 N3 S1","27","57","25","3","-9999","1","-9999","-9999","-9999"
"4854","854.447187","854.447121499","854.44698586","6394955.5","-9999","196929.4","22.57","-1","0.158743996","0.248859498","0.596645109","0.387973743","9","0.204545455","1.681818182","N1 S2 P1 O9","de-protonated","0","-9999","C44 H74 O9 N1 P1 S2","44","74","9","1","1","2","-9999","-9999","-9999"
"4854","854.447187","854.447121499","854.447834014","6394955.5","-9999","196929.4","22.57","-1","-0.833889224","0.293820428","0.643094943","0.433530234","10","0.30952381","1.642857143","N3 S1 O13","de-protonated","0","-9999","C42 H69 O13 N3 S1","42","69","13","3","-9999","1","-9999","-9999","-9999"
"4855","854.60464","854.604574438","854.604412736","3231343.5","-9999","159549.3","10.39","-1","0.189212795","0.331174974","0.565425266","0.424875091","14","0.036363636","1.563636364","N1 S1 P1 O2","de-protonated","0","-9999","C55 H86 O2 N1 P1 S1","55","86","2","1","1","1","-9999","-9999","-9999"
"4855","854.60464","854.604574438","854.603761287","3231343.5","-9999","159549.3","10.39","-1","0.95149449","0.424255142","0.662980834","0.519745419","5","0.085106383","1.914893617","N3 S2 P1 O4","de-protonated","0","-9999","C47 H90 O4 N3 P1 S2","47","90","4","3","1","2","-9999","-9999","-9999"
"4855","854.60464","854.604574438","854.605260889","3231343.5","-9999","159549.3","10.39","-1","-0.803237602","0.296507939","0.576557625","0.408527814","15","0.113207547","1.528301887","N3 O6","de-protonated","0","-9999","C53 H81 O6 N3","53","81","6","3","-9999","-9999","-9999","-9999","-9999"
"4856","861.046727","861.046658948","861.047337136","2500872.5","-9999","291238.9","7.57","-1","-0.787631789","0.446769989","0.667769153","0.535169654","36","0.304347826","0.5","S1 P1 O14","de-protonated","0","-9999","C46 H23 O14 P1 S1","46","23","14","-9999","1","1","-9999","-9999","-9999"
"4856","861.046727","861.046658948","861.04619643","2500872.5","-9999","291238.9","7.57","-1","0.53715791","0.474495979","0.725399619","0.574857435","23","0.685714286","0.742857143","S1 O24","de-protonated","0","-9999","C35 H26 O24 S1","35","26","24","-9999","-9999","1","-9999","-9999","-9999"
"4856","861.046727","861.046658948","861.046685687","2500872.5","-9999","291238.9","7.57","-1","-0.031054733","0.499912513","0.70871839","0.583434864","27","0.421052632","0.710526316","N2 S2 P1 O16","de-protonated","0","-9999","C38 H27 O16 N2 P1 S2","38","27","16","2","1","2","-9999","-9999","-9999"
"4856","861.046727","861.046658948","861.045816307","2500872.5","-9999","291238.9","7.57","-1","0.978624226","0.420243252","0.714192896","0.53782311","28","0.567567568","0.621621622","N2 P1 O21","de-protonated","0","-9999","C37 H23 O21 N2 P1","37","23","21","2","1","-9999","-9999","-9999","-9999"
"4857","866.4124","866.412329873","866.412969333","2420025","-9999","150573.3","7.25","-1","-0.738054086","0.45294408","0.644495114","0.529564494","20","0.137254902","1.274509804","N1 S2 O7","de-protonated","0","-9999","C51 H65 O7 N1 S2","51","65","7","1","-9999","2","-9999","-9999","-9999"
"4857","866.4124","866.412329873","866.412099953","2420025","-9999","150573.3","7.25","-1","0.26537053","0.493651699","0.649019222","0.555798708","21","0.24","1.22","N1 O12","de-protonated","0","-9999","C50 H61 O12 N1","50","61","12","1","-9999","-9999","-9999","-9999","-9999"
"4857","866.4124","866.412329873","866.413102275","2420025","-9999","150573.3","7.25","-1","-0.891493168","0.432853757","0.698017357","0.538919197","7","0.375","1.75","N1 S1 P1 O15","de-protonated","0","-9999","C40 H70 O15 N1 P1 S1","40","70","15","1","1","1","-9999","-9999","-9999"
"4857","866.4124","866.412329873","866.411586889","2420025","-9999","150573.3","7.25","-1","0.857542189","0.291695225","0.523600568","0.384457362","39","0.015873016","0.841269841","N3 O1","de-protonated","0","-9999","C63 H53 O1 N3","63","53","1","3","-9999","-9999","-9999","-9999","-9999"
"4857","866.4124","866.412329873","866.41258921","2420025","-9999","150573.3","7.25","-1","-0.29932288","0.49193734","0.635633513","0.549415809","25","0.075471698","1.169811321","N3 S1 P1 O4","de-protonated","0","-9999","C53 H62 O4 N3 P1 S1","53","62","4","3","1","1","-9999","-9999","-9999"
"4858","878.641434","878.641359146","878.640798245","3363528.8","-9999","243414.1","10.89","-1","0.638372858","0.309574582","0.549245293","0.405442866","15","0.017241379","1.551724138","N1 S1 P1 O1","de-protonated","0","-9999","C58 H90 O1 N1 P1 S1","58","90","1","1","1","1","-9999","-9999","-9999"
"4858","878.641434","878.641359146","878.641646398","3363528.8","-9999","243414.1","10.89","-1","-0.3269282","0.32693108","0.55996373","0.42014414","16","0.089285714","1.517857143","N3 O5","de-protonated","0","-9999","C56 H85 O5 N3","56","85","5","3","-9999","-9999","-9999","-9999","-9999"
"4859","884.409795","884.409717916","884.409418582","2507782.5","-9999","224323.7","7.59","-1","0.338456421","0.326476361","0.549245293","0.415583934","28","0.017241379","1.103448276","N1 S2 P1 O1","de-protonated","0","-9999","C58 H64 O1 N1 P1 S2","58","64","1","1","1","2","-9999","-9999","-9999"
"4859","884.409795","884.409717916","884.410266735","2507782.5","-9999","224323.7","7.59","-1","-0.620548114","0.466256469","0.622788794","0.528869399","29","0.089285714","1.053571429","N3 S1 O5","de-protonated","0","-9999","C56 H59 O5 N3 S1","56","59","5","3","-9999","1","-9999","-9999","-9999"
"4859","884.409795","884.409717916","884.410399677","2507782.5","-9999","224323.7","7.59","-1","-0.770864808","0.448893373","0.672627142","0.53838688","16","0.288888889","1.422222222","N3 P1 O13","de-protonated","0","-9999","C45 H64 O13 N3 P1","45","64","13","3","1","-9999","-9999","-9999","-9999"
"4859","884.409795","884.409717916","884.41012835","2507782.5","-9999","224323.7","7.59","-1","-0.464077333","0.480837752","0.725399619","0.578662499","2","0.514285714","2.028571429","N3 S2 O18","de-protonated","0","-9999","C35 H71 O18 N3 S2","35","71","18","3","-9999","2","-9999","-9999","-9999"
"4859","884.409795","884.409717916","884.40925897","2507782.5","-9999","224323.7","7.59","-1","0.518928507","0.476156396","0.73113591","0.57814820200000006","3","0.676470588","1.970588235","N3 O23","de-protonated","0","-9999","C34 H67 O23 N3","34","67","23","3","-9999","-9999","-9999","-9999","-9999"
"4860","884.422567","884.422489911","884.422664637","4006916.5","-9999","175113.5","13.37","-1","-0.197559705","0.663661304","0.914909097","0.764160421","20","0.26","1.26","N1 O13","de-protonated","0","-9999","C50 H63 O13 N1","50","63","13","1","-9999","-9999","-9999","-9999","-9999"
"4860","884.422567","884.422489911","884.422151573","4006916.5","-9999","175113.5","13.37","-1","0.382552572","0.630846528","0.880377221","0.730658805","38","0.031746032","0.873015873","N3 O2","de-protonated","0","-9999","C63 H55 O2 N3","63","55","2","3","-9999","-9999","-9999","-9999","-9999"
"4860","884.422567","884.422489911","884.423153894","4006916.5","-9999","175113.5","13.37","-1","-0.750753333","0.622309506","0.907059827","0.736209634","24","0.094339623","1.20754717","N3 S1 P1 O5","de-protonated","0","-9999","C53 H64 O5 N3 P1 S1","53","64","5","3","1","1","-9999","-9999","-9999"
"4860","884.422567","884.422489911","884.422013188","4006916.5","-9999","175113.5","13.37","-1","0.539021409","0.914275819","0.934084257","0.92219919400000006","11","0.357142857","1.595238095","N3 S1 O15","de-protonated","0","-9999","C42 H67 O15 N3 S1","42","67","15","3","-9999","1","-9999","-9999","-9999"
"4861","885.426189","885.426111523","885.426448371","2437983.8","-9999","230475.2","7.33","-1","-0.380435685","0.324693508","0.528601492","0.406256701","32","0.016129032","1.016129032","S1 P1 O1","de-protonated","0","-9999","C62 H63 O1 P1 S1","62","63","1","-9999","1","1","-9999","-9999","-9999"
"4861","885.426189","885.426111523","885.425307665","2437983.8","-9999","230475.2","7.33","-1","0.907878062","0.430544362","0.644495114","0.516124663","19","0.215686275","1.294117647","S1 O11","de-protonated","0","-9999","C51 H66 O11 S1","51","66","11","-9999","-9999","1","-9999","-9999","-9999"
"4861","885.426189","885.426111523","885.426309986","2437983.8","-9999","230475.2","7.33","-1","-0.224144443","0.495462656","0.692787115","0.574392439","5","0.341463415","1.829268293","S2 P1 O14","de-protonated","0","-9999","C41 H75 O14 P1 S2","41","75","14","-9999","1","2","-9999","-9999","-9999"
"4861","885.426189","885.426111523","885.425440606","2437983.8","-9999","230475.2","7.33","-1","0.75773346","0.450531286","0.698017357","0.549525714","6","0.475","1.775","P1 O19","de-protonated","0","-9999","C40 H71 O19 P1","40","71","19","-9999","1","-9999","-9999","-9999","-9999"
"4861","885.426189","885.426111523","885.426019472","2437983.8","-9999","230475.2","7.33","-1","0.103962003","0.665360538","0.914909097","0.765179962","20","0.26","1.26","13C1 N1 O13","de-protonated","1","4860","C49 H63 O13 N1 13C1","49","63","13","1","-9999","-9999","1","-9999","-9999"
"4861","885.426189","885.426111523","885.425796922","2437983.8","-9999","230475.2","7.33","-1","0.355310251","0.488676659","0.631293472","0.545723384","23","0.055555556","1.240740741","N2 S2 P1 O3","de-protonated","0","-9999","C54 H67 O3 N2 P1 S2","54","67","3","2","1","2","-9999","-9999","-9999"
"4861","885.426189","885.426111523","885.425506408","2437983.8","-9999","230475.2","7.33","-1","0.683417078","0.612496328","0.880377221","0.719648685","38","0.031746032","0.873015873","13C1 N3 O2","de-protonated","1","4860","C62 H55 O2 N3 13C1","62","55","2","3","-9999","-9999","1","-9999","-9999"
"4861","885.426189","885.426111523","885.426508729","2437983.8","-9999","230475.2","7.33","-1","-0.448604919","0.642761849","0.907059827","0.74848104","24","0.094339623","1.20754717","13C1 N3 S1 P1 O5","de-protonated","1","4860","C52 H64 O5 N3 P1 S1 13C1","52","64","5","3","1","1","1","-9999","-9999"
"4861","885.426189","885.426111523","885.425368023","2437983.8","-9999","230475.2","7.33","-1","0.839708652","0.879904944","0.934084257","0.901576669","11","0.357142857","1.595238095","13C1 N3 S1 O15","de-protonated","1","4860","C41 H67 O15 N3 S1 13C1","41","67","15","3","-9999","1","1","-9999","-9999"
"4861","885.426189","885.426111523","885.426645075","2437983.8","-9999","230475.2","7.33","-1","-0.602593462","0.468118119","0.640033642","0.536884328","24","0.134615385","1.192307692","N4 S1 O7","de-protonated","0","-9999","C52 H62 O7 N4 S1","52","62","7","4","-9999","1","-9999","-9999","-9999"
"4861","885.426189","885.426111523","885.426778017","2437983.8","-9999","230475.2","7.33","-1","-0.752737611","0.451148588","0.692787115","0.547803999","11","0.365853659","1.634146341","N4 P1 O15","de-protonated","0","-9999","C41 H67 O15 N4 P1","41","67","15","4","1","-9999","-9999","-9999","-9999"
"4862","928.523139","928.523044862","928.52279111","2449525","-9999","206349.8","7.75","-1","0.273285494","0.32884664","0.513784664","0.40282185","31","0.030769231","1.107692308","N1 P1 O2","de-protonated","0","-9999","C65 H72 O2 N1 P1","65","72","2","1","1","-9999","-9999","-9999","-9999"
"4862","928.523139","928.523044862","928.522519784","2449525","-9999","206349.8","7.75","-1","0.565498368","0.471813091","0.627012296","0.533892773","17","0.127272727","1.436363636","N1 S2 O7","de-protonated","0","-9999","C55 H79 O7 N1 S2","55","79","7","1","-9999","2","-9999","-9999","-9999"
"4862","928.523139","928.523044862","928.522652726","2449525","-9999","206349.8","7.75","-1","0.42232275","0.484077755","0.677556332","0.561469186","4","0.340909091","1.909090909","N1 S1 P1 O15","de-protonated","0","-9999","C44 H84 O15 N1 P1 S1","44","84","15","1","1","1","-9999","-9999","-9999"
"4862","928.523139","928.523044862","928.522139662","2449525","-9999","206349.8","7.75","-1","0.974883044","0.420800909","0.618621811","0.499929269","22","0.070175439","1.333333333","N3 S1 P1 O4","de-protonated","0","-9999","C57 H76 O4 N3 P1 S1","57","76","4","3","1","1","-9999","-9999","-9999"
"4862","928.523139","928.523044862","928.523500879","2449525","-9999","206349.8","7.75","-1","-0.491120505","0.478589288","0.68763467","0.562207441","5","0.452380952","1.880952381","N3 O19","de-protonated","0","-9999","C42 H79 O19 N3","42","79","19","3","-9999","-9999","-9999","-9999","-9999"
"4863","930.520689","930.52059409","930.520544726","2719849.5","-9999","214439","8.84","-1","0.053050192","0.499744738","0.677556332","0.570869375","3","0.295454545","1.954545455","N1 S2 P1 O13","de-protonated","0","-9999","C44 H86 O13 N1 P1 S2","44","86","13","1","1","2","-9999","-9999","-9999"
"4863","930.520689","930.52059409","930.519675346","2719849.5","-9999","214439","8.84","-1","0.987345231","0.418937916","0.6825583","0.52438607","4","0.418604651","1.906976744","N1 P1 O18","de-protonated","0","-9999","C43 H82 O18 N1 P1","43","82","18","1","1","-9999","-9999","-9999","-9999"
"4863","930.520689","930.52059409","930.520031661","2719849.5","-9999","214439","8.84","-1","0.604423897","0.311953663","0.554570712","0.409000483","21","0.035087719","1.368421053","N3 S2 P1 O2","de-protonated","0","-9999","C57 H78 O2 N3 P1 S2","57","78","2","3","1","2","-9999","-9999","-9999"
"4863","930.520689","930.52059409","930.521392879","2719849.5","-9999","214439","8.84","-1","-0.858431501","0.4374217","0.68763467","0.537506888","4","0.404761905","1.928571429","N3 S1 O17","de-protonated","0","-9999","C42 H81 O17 N3 S1","42","81","17","3","-9999","1","-9999","-9999","-9999"
"4864","971.112511","971.112400398","971.113108022","6491998.5","-9999","160461.4","25.6","-1","-0.728673884","0.63495682","0.838954989","0.716556088","39","0.333333333","0.568627451","N2 P1 O17","de-protonated","0","-9999","C51 H29 O17 N2 P1","51","29","17","2","1","-9999","-9999","-9999","-9999"
"4864","971.112511","971.112400398","971.112836696","6491998.5","-9999","160461.4","25.6","-1","-0.449276936","0.739640003","0.752034572","0.74459783","25","0.536585366","0.87804878","N2 S2 O22","de-protonated","0","-9999","C41 H36 O22 N2 S2","41","36","22","2","-9999","2","-9999","-9999","-9999"
"4864","971.112511","971.112400398","971.112456574","6491998.5","-9999","160461.4","25.6","-1","-0.057847142","0.649561675","0.887634725","0.744790895","30","0.441860465","0.76744186","N4 S1 P1 O19","de-protonated","0","-9999","C43 H33 O19 N4 P1 S1","43","33","19","4","1","1","-9999","-9999","-9999"
"4865","971.126292","971.126181392","971.126375304","15853399","-9999","153447.5","65.59","-1","-0.199677594","0.370349379","0.80031092","0.542333996","29","0.434782609","0.804347826","S1 P1 O20","de-protonated","0","-9999","C46 H37 O20 P1 S1","46","37","20","-9999","1","1","-9999","-9999","-9999"
"4865","971.126292","971.126181392","971.125723856","15853399","-9999","153447.5","65.59","-1","0.471140339","0.160087263","0.600707064","0.336335184","20","0.578947368","1.078947368","N2 S2 P1 O22","de-protonated","0","-9999","C38 H41 O22 N2 P1 S2","38","41","22","2","1","2","-9999","-9999","-9999"
"4865","971.126292","971.126181392","971.125210791","15853399","-9999","153447.5","65.59","-1","0.999459948","0.166844895","0.543598269","0.317546245","38","0.215686275","0.647058824","N4 S2 P1 O11","de-protonated","0","-9999","C51 H33 O11 N4 P1 S2","51","33","11","4","1","2","-9999","-9999","-9999"
"4866","972.111135","972.111024012","972.11123904","2690395.5","-9999","250201.6","9.37","-1","-0.221197921","0.495580639","0.677556332","0.568370916","30","0.568181818","0.704545455","N1 O25","de-protonated","0","-9999","C44 H31 O25 N1","44","31","25","1","-9999","-9999","-9999","-9999","-9999"
"4866","972.111135","972.111024012","972.111728298","2690395.5","-9999","250201.6","9.37","-1","-0.724491141","0.454577296","0.662980834","0.537938711","34","0.361702128","0.680851064","N3 S1 P1 O17","de-protonated","0","-9999","C47 H32 O17 N3 P1 S1","47","32","17","3","1","1","-9999","-9999","-9999"
"4867","972.116443","972.116332009","972.11575105","2175320.8","-9999","241049.2","7.17","-1","0.597623907","0.468625018","0.640033642","0.537188468","38","0.288461538","0.615384615","N1 S1 P1 O15","de-protonated","0","-9999","C52 H32 O15 N1 P1 S1","52","32","15","1","1","1","-9999","-9999","-9999"
"4867","972.116443","972.116332009","972.116462857","2175320.8","-9999","241049.2","7.17","-1","-0.134601091","0.664478673","0.838954989","0.734269199","39","0.333333333","0.568627451","13C1 N2 P1 O17","de-protonated","1","4864","C50 H29 O17 N2 P1 13C1","50","29","17","2","1","-9999","1","-9999","-9999"
"4867","972.116443","972.116332009","972.116191531","2175320.8","-9999","241049.2","7.17","-1","0.144507647","0.747685216","0.752034572","0.749424959","25","0.536585366","0.87804878","13C1 N2 S2 O22","de-protonated","1","4864","C40 H36 O22 N2 S2 13C1","40","36","22","2","-9999","2","1","-9999","-9999"
"4867","972.116443","972.116332009","972.116599203","2175320.8","-9999","241049.2","7.17","-1","-0.274857519","0.493192842","0.649019222","0.555523394","39","0.38","0.54","N3 O19","de-protonated","0","-9999","C50 H27 O19 N3","50","27","19","3","-9999","-9999","-9999","-9999","-9999"
"4867","972.116443","972.116332009","972.115811409","2175320.8","-9999","241049.2","7.17","-1","0.535533665","0.632861347","0.887634725","0.73477069800000006","30","0.441860465","0.76744186","13C1 N4 S1 P1 O19","de-protonated","1","4864","C42 H33 O19 N4 P1 S1 13C1","42","33","19","4","1","1","1","-9999","-9999"
"4868","972.125183","972.125072006","972.12499558","4248916.5","-9999","180872.4","16.03","-1","0.078617611","0.499439572","0.68763467","0.574717611","24","0.476190476","0.952380952","N1 S2 P1 O20","de-protonated","0","-9999","C42 H40 O20 N1 P1 S2","42","40","20","1","1","2","-9999","-9999","-9999"
"4868","972.125183","972.125072006","972.1241262","4248916.5","-9999","180872.4","16.03","-1","0.972927211","0.421091886","0.692787115","0.529769977","25","0.609756098","0.87804878","N1 P1 O25","de-protonated","0","-9999","C41 H36 O25 N1 P1","41","36","25","1","1","-9999","-9999","-9999","-9999"
"4868","972.125183","972.125072006","972.125843733","4248916.5","-9999","180872.4","16.03","-1","-0.793855066","0.445972848","0.698017357","0.546790652","25","0.6","0.875","N3 S1 O24","de-protonated","0","-9999","C40 H35 O24 N3 S1","40","35","24","3","-9999","1","-9999","-9999","-9999"
"4869","972.130731","972.130620004","972.129730139","4306257.5","-9999","168060","16.27","-1","0.915376232","0.343582142","0.80031092","0.526273654","29","0.434782609","0.804347826","13C1 S1 P1 O20","de-protonated","1","4865","C45 H37 O20 P1 S1 13C1","45","37","20","-9999","1","1","1","-9999","-9999"
"4869","972.130731","972.130620004","972.129866485","4306257.5","-9999","168060","16.27","-1","0.775121571","0.298905114","0.62401797","0.428950257","29","0.488888889","0.777777778","N1 S1 O22","de-protonated","0","-9999","C45 H35 O22 N1 S1","45","35","22","1","-9999","1","-9999","-9999","-9999"
"4869","972.130731","972.130620004","972.130868807","4306257.5","-9999","168060","16.27","-1","-0.25593547","0.494092463","0.725399619","0.586615325","15","0.714285714","1.257142857","N1 S2 P1 O25","de-protonated","0","-9999","C35 H44 O25 N1 P1 S2","35","44","25","1","1","2","-9999","-9999","-9999"
"4869","972.130731","972.130620004","972.130355742","4306257.5","-9999","168060","16.27","-1","0.271837494","0.328893742","0.605653763","0.439597751","33","0.291666667","0.75","N3 S2 P1 O14","de-protonated","0","-9999","C48 H36 O14 N3 P1 S2","48","36","14","3","1","2","-9999","-9999","-9999"
"4870","973.108838","973.108726626","973.108008841","3766106.3","-9999","163517.1","13.97","-1","0.737620655","0.301997766","0.582230334","0.414090793","38","0.346153846","0.576923077","S1 O18","de-protonated","0","-9999","C52 H30 O18 S1","52","30","18","-9999","-9999","1","-9999","-9999","-9999"
"4870","973.108838","973.108726626","973.109011163","3766106.3","-9999","163517.1","13.97","-1","-0.292399957","0.492303131","0.68763467","0.570435747","24","0.5","0.928571429","S2 P1 O21","de-protonated","0","-9999","C42 H39 O21 P1 S2","42","39","21","-9999","1","2","-9999","-9999","-9999"
"4870","973.108838","973.108726626","973.108632526","3766106.3","-9999","163517.1","13.97","-1","0.096700454","0.748206877","0.752034572","0.749737955","25","0.536585366","0.87804878","N2 S1 34S1 O22","de-protonated","1","4864","C41 H36 O22 N2 S1 34S1","41","36","22","2","-9999","1","-9999","-9999","1"
"4870","973.108838","973.108726626","973.109479193","3766106.3","-9999","163517.1","13.97","-1","-0.77336384","0.448579157","0.68763467","0.544201362","30","0.523809524","0.738095238","N4 P1 O22","de-protonated","0","-9999","C42 H31 O22 N4 P1","42","31","22","4","1","-9999","-9999","-9999","-9999"
"4871","973.123359","973.12324762","973.123397924","8721235","-9999","188329.4","35.13","-1","-0.154455301","0.655793549","0.840728469","0.729767517","29","0.511111111","0.777777778","P1 O23","de-protonated","0","-9999","C45 H35 O23 P1","45","35","23","-9999","1","-9999","-9999","-9999","-9999"
"4871","973.123359","973.12324762","973.122613534","8721235","-9999","188329.4","35.13","-1","0.651599638","0.231463237","0.574517348","0.368684881","33","0.354166667","0.708333333","N2 S2 O17","de-protonated","0","-9999","C48 H34 O17 N2 S2","48","34","17","2","-9999","2","-9999","-9999","-9999"
"4871","973.123359","973.12324762","973.122746476","8721235","-9999","188329.4","35.13","-1","0.514986023","0.317672467","0.676548509","0.461222884","20","0.675675676","1.054054054","N2 S1 P1 O25","de-protonated","0","-9999","C37 H39 O25 N2 P1 S1","37","39","25","2","1","1","-9999","-9999","-9999"
"4872","974.122309","974.122197234","974.121885258","3197266.3","-9999","270939","11.54","-1","0.320263785","0.327187041","0.582230334","0.429204358","37","0.288461538","0.634615385","N1 S2 O15","de-protonated","0","-9999","C52 H33 O15 N1 S2","52","33","15","1","-9999","2","-9999","-9999","-9999"
"4872","974.122309","974.122197234","974.1220182","3197266.3","-9999","270939","11.54","-1","0.183790356","0.496944804","0.692787115","0.575281729","24","0.56097561","0.926829268","N1 S1 P1 O23","de-protonated","0","-9999","C41 H38 O23 N1 P1 S1","41","38","23","1","1","1","-9999","-9999","-9999"
"4872","974.122309","974.122197234","974.121366751","3197266.3","-9999","270939","11.54","-1","0.852545628","0.43822173","0.736963647","0.557718497","15","0.757575758","1.272727273","N3 S2 P1 O25","de-protonated","0","-9999","C33 H42 O25 N3 P1 S2","33","42","25","3","1","2","-9999","-9999","-9999"
"4873","974.127252","974.127140232","974.126752759","2412879.5","-9999","275338.5","8.19","-1","0.397764224","0.647800007","0.840728469","0.724971391","29","0.511111111","0.777777778","13C1 P1 O23","de-protonated","1","4871","C44 H35 O23 P1 13C1","44","35","23","-9999","1","-9999","1","-9999","-9999"
"4873","974.127252","974.127140232","974.127758485","2412879.5","-9999","275338.5","8.19","-1","-0.634673135","0.46475889","0.672627142","0.547906191","28","0.444444444","0.822222222","N1 S2 O20","de-protonated","0","-9999","C45 H37 O20 N1 S2","45","37","20","1","-9999","2","-9999","-9999","-9999"
"4873","974.127252","974.127140232","974.126889105","2412879.5","-9999","275338.5","8.19","-1","0.257797166","0.494006725","0.677556332","0.567426568","29","0.568181818","0.75","N1 O25","de-protonated","0","-9999","C44 H33 O25 N1","44","33","25","1","-9999","-9999","-9999","-9999","-9999"
"4873","974.127252","974.127140232","974.127378362","2412879.5","-9999","275338.5","8.19","-1","-0.244454887","0.494607764","0.662980834","0.561956992","33","0.361702128","0.723404255","N3 S1 P1 O17","de-protonated","0","-9999","C47 H34 O17 N3 P1 S1","47","34","17","3","1","1","-9999","-9999","-9999"
"4874","991.480012","991.479893524","991.479926695","2305822.5","-9999","213981.1","7.77","-1","-0.033456616","0.333265639","0.508967985","0.403546577","31","0.060606061","1.090909091","S2 O4","de-protonated","0","-9999","C66 H72 O4 S2","66","72","4","-9999","-9999","2","-9999","-9999","-9999"
"4874","991.480012","991.479893524","991.479057315","2305822.5","-9999","213981.1","7.77","-1","0.843394826","0.292971651","0.513784664","0.381296856","32","0.138461538","1.046153846","O9","de-protonated","0","-9999","C65 H68 O9","65","68","9","-9999","-9999","-9999","-9999","-9999","-9999"
"4874","991.480012","991.479893524","991.480059637","2305822.5","-9999","213981.1","7.77","-1","-0.16754073","0.497459851","0.627012296","0.549280829","18","0.218181818","1.4","S1 P1 O12","de-protonated","0","-9999","C55 H77 O12 P1 S1","55","77","12","-9999","1","1","-9999","-9999","-9999"
"4874","991.480012","991.479893524","991.478918931","2305822.5","-9999","213981.1","7.77","-1","0.982968693","0.419593924","0.677556332","0.522778887","5","0.5","1.818181818","S1 O22","de-protonated","0","-9999","C44 H80 O22 S1","44","80","22","-9999","-9999","1","-9999","-9999","-9999"
"4874","991.480012","991.479893524","991.479546573","2305822.5","-9999","213981.1","7.77","-1","0.349932541","0.326008708","0.499512996","0.395410423","36","0.014705882","1.014705882","N2 S1 P1 O1","de-protonated","0","-9999","C68 H69 O1 N2 P1 S1","68","69","1","2","1","1","-9999","-9999","-9999"
"4874","991.480012","991.479893524","991.479408188","2305822.5","-9999","213981.1","7.77","-1","0.48950627","0.478726771","0.662980834","0.552428396","9","0.29787234","1.723404255","N2 S2 P1 O14","de-protonated","0","-9999","C47 H81 O14 N2 P1 S2","47","81","14","2","1","2","-9999","-9999","-9999"
"4874","991.480012","991.479893524","991.480394726","2305822.5","-9999","213981.1","7.77","-1","-0.50550895","0.318230423","0.508967985","0.394525448","37","0.075757576","0.96969697","N4 O5","de-protonated","0","-9999","C66 H64 O5 N4","66","64","5","4","-9999","-9999","-9999","-9999","-9999"
"4874","991.480012","991.479893524","991.480256342","2305822.5","-9999","213981.1","7.77","-1","-0.365935459","0.48799762","0.672627142","0.561849429","10","0.4","1.688888889","N4 S1 O18","de-protonated","0","-9999","C45 H76 O18 N4 S1","45","76","18","4","-9999","1","-9999","-9999","-9999"
"4875","999.543696","999.543574406","999.542659895","2250618.8","-9999","244341.4","7.99","-1","0.914929989","0.429541331","0.627012296","0.508529717","14","0.218181818","1.545454545","S1 P1 O12","de-protonated","0","-9999","C55 H85 O12 P1 S1","55","85","12","-9999","1","1","-9999","-9999","-9999"
"4875","999.543696","999.543574406","999.544377428","2250618.8","-9999","244341.4","7.99","-1","-0.803387527","0.444742471","0.631293472","0.519362871","14","0.203703704","1.555555556","N2 S2 O11","de-protonated","0","-9999","C54 H84 O11 N2 S2","54","84","11","2","-9999","2","-9999","-9999","-9999"
"4875","999.543696","999.543574406","999.543508048","2250618.8","-9999","244341.4","7.99","-1","0.066388691","0.499600296","0.635633513","0.554013583","15","0.301886792","1.509433962","N2 O16","de-protonated","0","-9999","C53 H80 O16 N2","53","80","16","2","-9999","-9999","-9999","-9999","-9999"
"4875","999.543696","999.543574406","999.54451037","2250618.8","-9999","244341.4","7.99","-1","-0.936389731","0.426456011","0.6825583","0.528896927","1","0.441860465","2.069767442","N2 S1 P1 O19","de-protonated","0","-9999","C43 H89 O19 N2 P1 S1","43","89","19","2","1","1","-9999","-9999","-9999"
"4875","999.543696","999.543574406","999.542994984","2250618.8","-9999","244341.4","7.99","-1","0.579687555","0.313616028","0.508967985","0.391756811","33","0.075757576","1.090909091","N4 O5","de-protonated","0","-9999","C66 H72 O5 N4","66","72","5","4","-9999","-9999","-9999","-9999","-9999"
"4875","999.543696","999.543574406","999.543997305","2250618.8","-9999","244341.4","7.99","-1","-0.423091896","0.484020644","0.622788794","0.539527904","19","0.142857143","1.446428571","N4 S1 P1 O8","de-protonated","0","-9999","C56 H81 O8 N4 P1 S1","56","81","8","4","1","1","-9999","-9999","-9999"
"4875","999.543696","999.543574406","999.542856599","2250618.8","-9999","244341.4","7.99","-1","0.718135356","0.455334209","0.672627142","0.542251382","6","0.4","1.866666667","N4 S1 O18","de-protonated","0","-9999","C45 H84 O18 N4 S1","45","84","18","4","-9999","1","-9999","-9999","-9999"
"4876","1015.077353","1015.077225401","1015.077317111","2090351.4","-9999","156313.5","7.3","-1","-0.090347215","0.49926","0.649019222","0.559163689","35","0.36","0.66","S2 P1 O18","de-protonated","0","-9999","C50 H33 O18 P1 S2","50","33","18","-9999","1","2","-9999","-9999","-9999"
"4876","1015.077353","1015.077225401","1015.076447731","2090351.4","-9999","156313.5","7.3","-1","0.766120092","0.449487753","0.653607294","0.531135569","36","0.469387755","0.591836735","P1 O23","de-protonated","0","-9999","C49 H29 O23 P1","49","29","23","-9999","1","-9999","-9999","-9999","-9999"
"4876","1015.077353","1015.077225401","1015.078165264","2090351.4","-9999","156313.5","7.3","-1","-0.92590168","0.427970061","0.658260696","0.520086315","36","0.458333333","0.583333333","N2 S1 O22","de-protonated","0","-9999","C48 H28 O22 N2 S1","48","28","22","2","-9999","1","-9999","-9999","-9999"
"4876","1015.077353","1015.077225401","1015.077513815","2090351.4","-9999","156313.5","7.3","-1","-0.284129925","0.492729223","0.698017357","0.574844477","27","0.6","0.8","N4 S2 O24","de-protonated","0","-9999","C40 H32 O24 N4 S2","40","32","24","4","-9999","2","-9999","-9999","-9999"
"4877","1017.074737","1017.074608629","1017.074339731","2146190.8","-9999","153556.3","7.56","-1","0.264384391","0.493698495","0.653607294","0.557662015","35","0.428571429","0.632653061","S1 P1 O21","de-protonated","0","-9999","C49 H31 O21 P1 S1","49","31","21","-9999","1","1","-9999","-9999","-9999"
"4877","1017.074737","1017.074608629","1017.073688282","2146190.8","-9999","153556.3","7.56","-1","0.904897325","0.430966692","0.692787115","0.535694861","26","0.56097561","0.853658537","N2 S2 P1 O23","de-protonated","0","-9999","C41 H35 O23 N2 P1 S2","41","35","23","2","1","2","-9999","-9999","-9999"
"4877","1017.074737","1017.074608629","1017.075187884","2146190.8","-9999","153556.3","7.56","-1","-0.569529763","0.471421524","0.662980834","0.548045248","36","0.531914894","0.553191489","N2 O25","de-protonated","0","-9999","C47 H26 O25 N2","47","26","25","2","-9999","-9999","-9999","-9999","-9999"
"4878","1023.581578","1023.581447114","1023.581414386","3609823","-9999","155606.9","14.19","-1","0.031973776","0.656944252","0.874986761","0.744161255","24","0.123076923","1.292307692","S1 O8","de-protonated","0","-9999","C65 H84 O8 S1","65","84","8","-9999","-9999","1","-9999","-9999","-9999"
"4878","1023.581578","1023.581447114","1023.582416708","3609823","-9999","155606.9","14.19","-1","-0.947255269","0.283250152","0.565425266","0.396120198","10","0.2","1.690909091","S2 P1 O11","de-protonated","0","-9999","C55 H93 O11 P1 S2","55","93","11","-9999","1","2","-9999","-9999","-9999"
"4878","1023.581578","1023.581447114","1023.581547328","3609823","-9999","155606.9","14.19","-1","-0.097905211","0.649380079","0.904422866","0.751397194","11","0.296296296","1.648148148","P1 O16","de-protonated","0","-9999","C54 H89 O16 P1","54","89","16","-9999","1","-9999","-9999","-9999","-9999"
"4878","1023.581578","1023.581447114","1023.581034263","3609823","-9999","155606.9","14.19","-1","0.403339129","0.656910592","0.86958948","0.741982147","29","0.074626866","1.208955224","N2 P1 O5","de-protonated","0","-9999","C67 H81 O5 N2 P1","67","81","5","2","1","-9999","-9999","-9999","-9999"
"4878","1023.581578","1023.581447114","1023.580762937","3609823","-9999","155606.9","14.19","-1","0.668414714","0.637436953","0.896461623","0.741046821","15","0.175438596","1.543859649","N2 S2 O10","de-protonated","0","-9999","C57 H88 O10 N2 S2","57","88","10","2","-9999","2","-9999","-9999","-9999"
"4878","1023.581578","1023.581447114","1023.580895879","3609823","-9999","155606.9","14.19","-1","0.538535561","0.973398085","0.949072829","0.963667982","2","0.391304348","2.02173913","N2 S1 P1 O18","de-protonated","0","-9999","C46 H93 O18 N2 P1 S1","46","93","18","2","1","1","-9999","-9999","-9999"
"4878","1023.581578","1023.581447114","1023.581744032","3609823","-9999","155606.9","14.19","-1","-0.290077914","0.947020108","0.939285651","0.943926325","3","0.5","2","N4 O22","de-protonated","0","-9999","C44 H88 O22 N4","44","88","22","4","-9999","-9999","-9999","-9999","-9999"
"4879","1024.584488","1024.584356726","1024.584769221","2242280.3","-9999","213776.5","8.01","-1","-0.402597259","0.647345491","0.874986761","0.738401999","24","0.123076923","1.292307692","13C1 S1 O8","de-protonated","1","4878","C64 H84 O8 S1 13C1","64","84","8","-9999","-9999","1","1","-9999","-9999"
"4879","1024.584488","1024.584356726","1024.584902163","2242280.3","-9999","213776.5","8.01","-1","-0.532349001","0.633251994","0.904422866","0.741720343","11","0.296296296","1.648148148","13C1 P1 O16","de-protonated","1","4878","C53 H89 O16 P1 13C1","53","89","16","-9999","1","-9999","1","-9999","-9999"
"4879","1024.584488","1024.584356726","1024.583677291","2242280.3","-9999","213776.5","8.01","-1","0.663132808","0.307769712","0.499512996","0.384467026","28","0.044117647","1.235294118","N1 S1 P1 O3","de-protonated","0","-9999","C68 H84 O3 N1 P1 S1","68","84","3","1","1","1","-9999","-9999","-9999"
"4879","1024.584488","1024.584356726","1024.583538907","2242280.3","-9999","213776.5","8.01","-1","0.798196974","0.445413828","0.662980834","0.53244063","1","0.340425532","2.042553191","N1 S2 P1 O16","de-protonated","0","-9999","C47 H96 O16 N1 P1 S2","47","96","16","1","1","2","-9999","-9999","-9999"
"4879","1024.584488","1024.584356726","1024.585038508","2242280.3","-9999","213776.5","8.01","-1","-0.665422921","0.461399775","0.635633513","0.53109327","11","0.339622642","1.641509434","N1 O18","de-protonated","0","-9999","C53 H87 O18 N1","53","87","18","1","-9999","-9999","-9999","-9999","-9999"
"4879","1024.584488","1024.584356726","1024.584389099","2242280.3","-9999","213776.5","8.01","-1","-0.031595737","0.666545919","0.86958948","0.747763343","29","0.074626866","1.208955224","13C1 N2 P1 O5","de-protonated","1","4878","C66 H81 O5 N2 P1 13C1","66","81","5","2","1","-9999","1","-9999","-9999"
"4879","1024.584488","1024.584356726","1024.584117772","2242280.3","-9999","213776.5","8.01","-1","0.233220149","0.6601195","0.896461623","0.754656349","15","0.175438596","1.543859649","13C1 N2 S2 O10","de-protonated","1","4878","C56 H88 O10 N2 S2 13C1","56","88","10","2","-9999","2","1","-9999","-9999"
"4879","1024.584488","1024.584356726","1024.584250714","2242280.3","-9999","213776.5","8.01","-1","0.103468241","0.998059354","0.949072829","0.978464744","2","0.391304348","2.02173913","13C1 N2 S1 P1 O18","de-protonated","1","4878","C45 H93 O18 N2 P1 S1 13C1","45","93","18","2","1","1","1","-9999","-9999"
"4879","1024.584488","1024.584356726","1024.584525444","2242280.3","-9999","213776.5","8.01","-1","-0.164669791","0.331697299","0.508967985","0.402605573","29","0.106060606","1.196969697","N3 O7","de-protonated","0","-9999","C66 H79 O7 N3","66","79","7","3","-9999","-9999","-9999","-9999","-9999"
"4879","1024.584488","1024.584356726","1024.58438706","2242280.3","-9999","213776.5","8.01","-1","-0.029605848","0.499920486","0.672627142","0.569003148","2","0.444444444","2.022222222","N3 S1 O20","de-protonated","0","-9999","C45 H91 O20 N3 S1","45","91","20","3","-9999","1","-9999","-9999","-9999"
"4879","1024.584488","1024.584356726","1024.585098867","2242280.3","-9999","213776.5","8.01","-1","-0.72433343","0.909192286","0.939285651","0.921229632","3","0.5","2","13C1 N4 O22","de-protonated","1","4878","C43 H88 O22 N4 13C1","43","88","22","4","-9999","-9999","1","-9999","-9999"
"4880","1077.607598","1077.607446228","1077.607235211","2867035.3","-9999","211551.2","11.44","-1","0.195819683","0.331022145","0.481293734","0.391130781","30","0.083333333","1.194444444","S1 O6","de-protonated","0","-9999","C72 H86 O6 S1","72","86","6","-9999","-9999","1","-9999","-9999","-9999"
"4880","1077.607598","1077.607446228","1077.608237533","2867035.3","-9999","211551.2","11.44","-1","-0.734315927","0.629450368","0.883068519","0.730897628","16","0.14516129","1.532258065","S2 P1 O9","de-protonated","0","-9999","C62 H95 O9 P1 S2","62","95","9","-9999","1","2","-9999","-9999","-9999"
"4880","1077.607598","1077.607446228","1077.607368153","2867035.3","-9999","211551.2","11.44","-1","0.072452157","0.333015991","0.533665548","0.413275813","17","0.229508197","1.491803279","P1 O14","de-protonated","0","-9999","C61 H91 O14 P1","61","91","14","-9999","1","-9999","-9999","-9999","-9999"
"4880","1077.607598","1077.607446228","1077.607096827","2867035.3","-9999","211551.2","11.44","-1","0.32423797","0.490552521","0.644495114","0.552129558","3","0.37254902","1.921568627","S2 O19","de-protonated","0","-9999","C51 H98 O19 S2","51","98","19","-9999","-9999","2","-9999","-9999","-9999"
"4880","1077.607598","1077.607446228","1077.606855089","2867035.3","-9999","211551.2","11.44","-1","0.548566692","0.315620477","0.472516812","0.378379011","35","0.040540541","1.121621622","N2 P1 O3","de-protonated","0","-9999","C74 H83 O3 N2 P1","74","83","3","2","1","-9999","-9999","-9999","-9999"
"4880","1077.607598","1077.607446228","1077.606583763","2867035.3","-9999","211551.2","11.44","-1","0.800352745","0.29675693400000003","0.51866191","0.385518925","21","0.125","1.40625","N2 S2 O8","de-protonated","0","-9999","C64 H90 O8 N2 S2","64","90","8","2","-9999","2","-9999","-9999","-9999"
"4880","1077.607598","1077.607446228","1077.606716704","2867035.3","-9999","211551.2","11.44","-1","0.676985069","0.460102169","0.635633513","0.530314707","8","0.301886792","1.79245283","N2 S1 P1 O16","de-protonated","0","-9999","C53 H95 O16 N2 P1 S1","53","95","16","2","1","1","-9999","-9999","-9999"
"4880","1077.607598","1077.607446228","1077.608434237","2867035.3","-9999","211551.2","11.44","-1","-0.916853795","0.927543865","0.948628733","0.935977813","8","0.288461538","1.807692308","N4 S2 O15","de-protonated","0","-9999","C52 H94 O15 N4 S2","52","94","15","4","-9999","2","-9999","-9999","-9999"
"4880","1077.607598","1077.607446228","1077.607564857","2867035.3","-9999","211551.2","11.44","-1","-0.110086005","0.92426017","0.944167261","0.932223006","9","0.392156863","1.764705882","N4 O20","de-protonated","0","-9999","C51 H90 O20 N4","51","90","20","4","-9999","-9999","-9999","-9999","-9999"
"4881","1077.626183","1077.626031221","1077.625862656","4451156","-9999","154177.6","18.92","-1","0.156422483","0.648981977","0.802455026","0.710371197","29","0.04109589","1.232876712","S2 O3","de-protonated","0","-9999","C73 H90 O3 S2","73","90","3","-9999","-9999","2","-9999","-9999","-9999"
"4881","1077.626183","1077.626031221","1077.624993276","4451156","-9999","154177.6","18.92","-1","0.96317809","0.281691038","0.481293734","0.361532116","30","0.111111111","1.194444444","O8","de-protonated","0","-9999","C72 H86 O8","72","86","8","-9999","-9999","-9999","-9999","-9999","-9999"
"4881","1077.626183","1077.626031221","1077.625995598","4451156","-9999","154177.6","18.92","-1","0.033057093","0.657021074","0.854178327","0.735883975","16","0.177419355","1.532258065","S1 P1 O11","de-protonated","0","-9999","C62 H95 O11 P1 S1","62","95","11","-9999","1","1","-9999","-9999","-9999"
"4881","1077.626183","1077.626031221","1077.625344149","4451156","-9999","154177.6","18.92","-1","0.637579532","0.309631447","0.570956251","0.414161369","7","0.240740741","1.833333333","N2 S2 P1 O13","de-protonated","0","-9999","C54 H99 O13 N2 P1 S2","54","99","13","2","1","2","-9999","-9999","-9999"
"4881","1077.626183","1077.626031221","1077.626843751","4451156","-9999","154177.6","18.92","-1","-0.753999394","0.625129525","0.864370443","0.720825892","17","0.25","1.5","N2 O15","de-protonated","0","-9999","C60 H90 O15 N2","60","90","15","2","-9999","-9999","-9999","-9999","-9999"
"4881","1077.626183","1077.626031221","1077.626330687","4451156","-9999","154177.6","18.92","-1","-0.277893857","0.66153653","0.802455026","0.717903928","35","0.054794521","1.123287671","N4 O4","de-protonated","0","-9999","C73 H82 O4 N4","73","82","4","4","-9999","-9999","-9999","-9999","-9999"
"4881","1077.626183","1077.626031221","1077.626192302","4451156","-9999","154177.6","18.92","-1","-0.149477906","0.662442511","0.907807169","0.760588374","8","0.326923077","1.807692308","N4 S1 O17","de-protonated","0","-9999","C52 H94 O17 N4 S1","52","94","17","4","-9999","1","-9999","-9999","-9999"
"4882","1078.61209","1078.61193784","1078.611592368","2003388.6","-9999","149631.9","7.36","-1","0.320292974","0.654371863","0.883068519","0.745850525","16","0.14516129","1.532258065","13C1 S2 P1 O9","de-protonated","1","4880","C61 H95 O9 P1 S2 13C1","61","95","9","-9999","1","2","1","-9999","-9999"
"4882","1078.61209","1078.61193784","1078.61286942","2003388.6","-9999","149631.9","7.36","-1","-0.863683312","0.291136302","0.481293734","0.367199275","29","0.013888889","1.25","N1 S2 P1 O1","de-protonated","0","-9999","C72 H90 O1 N1 P1 S2","72","90","1","1","1","2","-9999","-9999","-9999"
"4882","1078.61209","1078.61193784","1078.61200004","2003388.6","-9999","149631.9","7.36","-1","-0.057666766","0.333132261","0.485764205","0.394185039","30","0.084507042","1.211267606","N1 P1 O6","de-protonated","0","-9999","C71 H86 O6 N1 P1","71","86","6","1","1","-9999","-9999","-9999","-9999"
"4882","1078.61209","1078.61193784","1078.611728714","2003388.6","-9999","149631.9","7.36","-1","0.193884499","0.496601168","0.602496955","0.538959483","16","0.180327869","1.524590164","N1 S2 O11","de-protonated","0","-9999","C61 H93 O11 N1 S2","61","93","11","1","-9999","2","-9999","-9999","-9999"
"4882","1078.61209","1078.61193784","1078.610859334","2003388.6","-9999","149631.9","7.36","-1","0.99990275","0.417045239","0.606448844","0.492806681","17","0.266666667","1.483333333","N1 O16","de-protonated","0","-9999","C60 H89 O16 N1","60","89","16","1","-9999","-9999","-9999","-9999","-9999"
"4882","1078.61209","1078.61193784","1078.611861655","2003388.6","-9999","149631.9","7.36","-1","0.070631862","0.499547594","0.649019222","0.559336245","3","0.38","1.96","N1 S1 P1 O19","de-protonated","0","-9999","C50 H98 O19 N1 P1 S1","50","98","19","1","1","1","-9999","-9999","-9999"
"4882","1078.61209","1078.61193784","1078.611348591","2003388.6","-9999","149631.9","7.36","-1","0.546302999","0.47364367","0.594745702","0.522084483","21","0.126984127","1.428571429","N3 S1 P1 O8","de-protonated","0","-9999","C63 H90 O8 N3 P1 S1","63","90","8","3","1","1","-9999","-9999","-9999"
"4882","1078.61209","1078.61193784","1078.612709808","2003388.6","-9999","149631.9","7.36","-1","-0.715705275","0.455622176","0.658260696","0.536677584","4","0.479166667","1.9375","N3 O23","de-protonated","0","-9999","C48 H93 O23 N3","48","93","23","3","-9999","-9999","-9999","-9999","-9999"
"4882","1078.61209","1078.61193784","1078.611789072","2003388.6","-9999","149631.9","7.36","-1","0.137924716","0.996554211","0.948628733","0.97738402","8","0.288461538","1.807692308","13C1 N4 S2 O15","de-protonated","1","4880","C51 H94 O15 N4 S2 13C1","51","94","15","4","-9999","2","1","-9999","-9999"
"4882","1078.61209","1078.61193784","1078.610919693","2003388.6","-9999","149631.9","7.36","-1","0.943942877","0.850716887","0.944167261","0.888097037","9","0.392156863","1.764705882","13C1 N4 O20","de-protonated","1","4880","C50 H90 O20 N4 13C1","50","90","20","4","-9999","-9999","1","-9999","-9999"
"4883","1078.629935","1078.629782833","1078.629217491","2148789.3","-9999","156992","8.05","-1","0.524129883","0.634250518","0.802455026","0.701532321","29","0.04109589","1.232876712","13C1 S2 O3","de-protonated","1","4881","C72 H90 O3 S2 13C1","72","90","3","-9999","-9999","2","1","-9999","-9999"
"4883","1078.629935","1078.629782833","1078.629350433","2148789.3","-9999","156992","8.05","-1","0.400879204","0.647507655","0.854178327","0.730175924","16","0.177419355","1.532258065","13C1 S1 P1 O11","de-protonated","1","4881","C61 H95 O11 P1 S1 13C1","61","95","11","-9999","1","1","1","-9999","-9999"
"4883","1078.629935","1078.629782833","1078.630627484","2148789.3","-9999","156992","8.05","-1","-0.783077684","0.298233495","0.481293734","0.371457591","29","0.041666667","1.25","N1 S1 P1 O3","de-protonated","0","-9999","C72 H90 O3 N1 P1 S1","72","90","3","1","1","1","-9999","-9999","-9999"
"4883","1078.629935","1078.629782833","1078.629486778","2148789.3","-9999","156992","8.05","-1","0.2744728","0.493211754","0.602496955","0.536925835","16","0.213114754","1.524590164","N1 S1 O13","de-protonated","0","-9999","C61 H93 O13 N1 S1","61","93","13","1","-9999","1","-9999","-9999","-9999"
"4883","1078.629935","1078.629782833","1078.6304891","2148789.3","-9999","156992","8.05","-1","-0.654781365","0.462577466","0.644495114","0.535344525","2","0.31372549","2","N1 S2 P1 O16","de-protonated","0","-9999","C51 H102 O16 N1 P1 S2","51","102","16","1","1","2","-9999","-9999","-9999"
"4883","1078.629935","1078.629782833","1078.62961972","2148789.3","-9999","156992","8.05","-1","0.151222183","0.497929601","0.649019222","0.558365449","3","0.42","1.96","N1 P1 O21","de-protonated","0","-9999","C50 H98 O21 N1 P1","50","98","21","1","1","-9999","-9999","-9999","-9999"
"4883","1078.629935","1078.629782833","1078.630198586","2148789.3","-9999","156992","8.05","-1","-0.385445443","0.648935072","0.864370443","0.73510922","17","0.25","1.5","13C1 N2 O15","de-protonated","1","4881","C59 H90 O15 N2 13C1","59","90","15","2","-9999","-9999","1","-9999","-9999"
"4883","1078.629935","1078.629782833","1078.628973714","2148789.3","-9999","156992","8.05","-1","0.750136261","0.300979156","0.472516812","0.369594219","34","0.027027027","1.148648649","N3 S1 O2","de-protonated","0","-9999","C74 H85 O2 N3 S1","74","85","2","3","-9999","1","-9999","-9999","-9999"
"4883","1078.629935","1078.629782833","1078.629976036","2148789.3","-9999","156992","8.05","-1","-0.179118788","0.331398465","0.51866191","0.406303843","20","0.078125","1.46875","N3 S2 P1 O5","de-protonated","0","-9999","C64 H94 O5 N3 P1 S2","64","94","5","3","1","2","-9999","-9999","-9999"
"4883","1078.629935","1078.629782833","1078.629106656","2148789.3","-9999","156992","8.05","-1","0.626885527","0.310392087","0.523600568","0.395675479","21","0.158730159","1.428571429","N3 P1 O10","de-protonated","0","-9999","C63 H90 O10 N3 P1","63","90","10","3","1","-9999","-9999","-9999","-9999"
"4883","1078.629935","1078.629782833","1078.62883533","2148789.3","-9999","156992","8.05","-1","0.878432974","0.434673085","0.635633513","0.515057256","7","0.283018868","1.830188679","N3 S2 O15","de-protonated","0","-9999","C53 H97 O15 N3 S2","53","97","15","3","-9999","2","-9999","-9999","-9999"
"4883","1078.629935","1078.629782833","1078.629685522","2148789.3","-9999","156992","8.05","-1","0.090217391","0.665682831","0.802455026","0.720391709","35","0.054794521","1.123287671","13C1 N4 O4","de-protonated","1","4881","C72 H82 O4 N4 13C1","72","82","4","4","-9999","-9999","1","-9999","-9999"
"4883","1078.629935","1078.629782833","1078.629547137","2148789.3","-9999","156992","8.05","-1","0.218513934","0.6609157","0.907807169","0.759672287","8","0.326923077","1.807692308","13C1 N4 S1 O17","de-protonated","1","4881","C51 H94 O17 N4 S1 13C1","51","94","17","4","-9999","1","1","-9999","-9999"
"4884","1094.491293","1094.491134701","1094.491613578","3174037.3","-9999","154368","12.92","-1","-0.437534045","0.321953515","0.513784664","0.398685975","28","0.153846154","1.184615385","N1 S2 O10","de-protonated","0","-9999","C65 H77 O10 N1 S2","65","77","10","1","-9999","2","-9999","-9999","-9999"
"4884","1094.491293","1094.491134701","1094.490744198","3174037.3","-9999","154368","12.92","-1","0.356789246","0.325722188","0.51866191","0.402898077","29","0.234375","1.140625","N1 O15","de-protonated","0","-9999","C64 H73 O15 N1","64","73","15","1","-9999","-9999","-9999","-9999","-9999"
"4884","1094.491293","1094.491134701","1094.49174652","3174037.3","-9999","154368","12.92","-1","-0.558998343","0.3149595","0.570956251","0.417358201","15","0.333333333","1.518518519","N1 S1 P1 O18","de-protonated","0","-9999","C54 H82 O18 N1 P1 S1","54","82","18","1","1","1","-9999","-9999","-9999"
"4884","1094.491293","1094.491134701","1094.491233456","3174037.3","-9999","154368","12.92","-1","-0.090228975","0.332841289","0.504211037","0.401389189","33","0.104477612","1.104477612","N3 S1 P1 O7","de-protonated","0","-9999","C67 H74 O7 N3 P1 S1","67","74","7","3","1","1","-9999","-9999","-9999"
"4884","1094.491293","1094.491134701","1094.49009275","3174037.3","-9999","154368","12.92","-1","0.95199693","0.282787683","0.55996373","0.393658102","20","0.303571429","1.375","N3 S1 O17","de-protonated","0","-9999","C56 H77 O17 N3 S1","56","77","17","3","-9999","1","-9999","-9999","-9999"
"4884","1094.491293","1094.491134701","1094.491095071","3174037.3","-9999","154368","12.92","-1","0.03620825","0.499881071","0.667769153","0.567036304","6","0.434782609","1.869565217","N3 S2 P1 O20","de-protonated","0","-9999","C46 H86 O20 N3 P1 S2","46","86","20","3","1","2","-9999","-9999","-9999"
"4884","1094.491293","1094.491134701","1094.490225691","3174037.3","-9999","154368","12.92","-1","0.830532294","0.441177689","0.672627142","0.53375747","7","0.555555556","1.822222222","N3 P1 O25","de-protonated","0","-9999","C45 H82 O25 N3 P1","45","82","25","3","1","-9999","-9999","-9999","-9999"
"4885","1094.508904","1094.508745694","1094.509371643","6621839.5","-9999","147448.4","29.21","-1","-0.571899069","0.623908783","0.817845237","0.701483365","28","0.184615385","1.184615385","N1 S1 O12","de-protonated","0","-9999","C65 H77 O12 N1 S1","65","77","12","1","-9999","1","-9999","-9999","-9999"
"4885","1094.508904","1094.508745694","1094.509504585","6621839.5","-9999","147448.4","29.21","-1","-0.69336138","0.605917349","0.875016824","0.713557139","15","0.37037037","1.518518519","N1 P1 O20","de-protonated","0","-9999","C54 H82 O20 N1 P1","54","82","20","1","1","-9999","-9999","-9999","-9999"
"4885","1094.508904","1094.508745694","1094.509233259","6621839.5","-9999","147448.4","29.21","-1","-0.445464","0.479671132","0.880583771","0.640036187","1","0.568181818","2.022727273","N1 S2 O25","de-protonated","0","-9999","C44 H89 O25 N1 S2","44","89","25","1","-9999","2","-9999","-9999","-9999"
"4885","1094.508904","1094.508745694","1094.508991521","6621839.5","-9999","147448.4","29.21","-1","-0.224599681","0.658633411","0.80827161","0.718488691","33","0.134328358","1.104477612","N3 P1 O9","de-protonated","0","-9999","C67 H74 O9 N3 P1","67","74","9","3","1","-9999","-9999","-9999","-9999"
"4885","1094.508904","1094.508745694","1094.508720194","6621839.5","-9999","147448.4","29.21","-1","0.023297932","0.49989979","0.832412","0.632904674","19","0.245614035","1.421052632","N3 S2 O14","de-protonated","0","-9999","C57 H81 O14 N3 S2","57","81","14","3","-9999","2","-9999","-9999","-9999"
"4885","1094.508904","1094.508745694","1094.507850815","6621839.5","-9999","147448.4","29.21","-1","0.817609174","0.596021245","0.864024303","0.703222468","20","0.339285714","1.375","N3 O19","de-protonated","0","-9999","C56 H77 O19 N3","56","77","19","3","-9999","-9999","-9999","-9999","-9999"
"4885","1094.508904","1094.508745694","1094.508853136","6621839.5","-9999","147448.4","29.21","-1","-0.098164524","0.664497388","0.921879288","0.767450148","6","0.47826087","1.869565217","N3 S1 P1 O22","de-protonated","0","-9999","C46 H86 O22 N3 P1 S1","46","86","22","3","1","1","-9999","-9999","-9999"
"4886","1095.512189","1095.512030306","1095.512014671","2893125.8","-9999","160953.5","11.59","-1","0.014272534","0.333321013","0.508967985","0.403579802","27","0.151515152","1.212121212","S2 O10","de-protonated","0","-9999","C66 H80 O10 S2","66","80","10","-9999","-9999","2","-9999","-9999","-9999"
"4886","1095.512189","1095.512030306","1095.511145291","2893125.8","-9999","160953.5","11.59","-1","0.80785632","0.296107866","0.513784664","0.383178585","28","0.230769231","1.169230769","O15","de-protonated","0","-9999","C65 H76 O15","65","76","15","-9999","-9999","-9999","-9999","-9999","-9999"
"4886","1095.512189","1095.512030306","1095.512147612","2893125.8","-9999","160953.5","11.59","-1","-0.107078682","0.332640567","0.565425266","0.425754446","14","0.327272727","1.545454545","S1 P1 O18","de-protonated","0","-9999","C55 H85 O18 P1 S1","55","85","18","-9999","1","1","-9999","-9999","-9999"
"4886","1095.512189","1095.512030306","1095.512726478","2893125.8","-9999","160953.5","11.59","-1","-0.635475792","0.619563899","0.817845237","0.698876434","28","0.184615385","1.184615385","13C1 N1 S1 O12","de-protonated","1","4885","C64 H77 O12 N1 S1 13C1","64","77","12","1","-9999","1","1","-9999","-9999"
"4886","1095.512189","1095.512030306","1095.51285942","2893125.8","-9999","160953.5","11.59","-1","-0.75682685","0.600858066","0.875016824","0.710521569","15","0.37037037","1.518518519","13C1 N1 P1 O20","de-protonated","1","4885","C53 H82 O20 N1 P1 13C1","53","82","20","1","1","-9999","1","-9999","-9999"
"4886","1095.512189","1095.512030306","1095.512588094","2893125.8","-9999","160953.5","11.59","-1","-0.509156529","0.477025178","0.880583771","0.638448615","1","0.568181818","2.022727273","13C1 N1 S2 O25","de-protonated","1","4885","C43 H89 O25 N1 S2 13C1","43","89","25","1","-9999","2","1","-9999","-9999"
"4886","1095.512189","1095.512030306","1095.511634548","2893125.8","-9999","160953.5","11.59","-1","0.361254267","0.325532757","0.499512996","0.395124853","32","0.102941176","1.132352941","N2 S1 P1 O7","de-protonated","0","-9999","C68 H77 O7 N2 P1 S1","68","77","7","2","1","1","-9999","-9999","-9999"
"4886","1095.512189","1095.512030306","1095.511496164","2893125.8","-9999","160953.5","11.59","-1","0.487573782","0.478890816","0.662980834","0.552526823","5","0.425531915","1.893617021","N2 S2 P1 O20","de-protonated","0","-9999","C47 H89 O20 N2 P1 S2","47","89","20","2","1","2","-9999","-9999","-9999"
"4886","1095.512189","1095.512030306","1095.512995765","2893125.8","-9999","160953.5","11.59","-1","-0.881284997","0.434277431","0.635633513","0.514819864","15","0.41509434","1.509433962","N2 O22","de-protonated","0","-9999","C53 H80 O22 N2","53","80","22","2","-9999","-9999","-9999","-9999","-9999"
"4886","1095.512189","1095.512030306","1095.512346356","2893125.8","-9999","160953.5","11.59","-1","-0.28849451","0.656674435","0.80827161","0.717313305","33","0.134328358","1.104477612","13C1 N3 P1 O9","de-protonated","1","4885","C66 H74 O9 N3 P1 13C1","66","74","9","3","1","-9999","1","-9999","-9999"
"4886","1095.512189","1095.512030306","1095.512075029","2893125.8","-9999","160953.5","11.59","-1","-0.040823957","0.499848822","0.832412","0.632874093","19","0.245614035","1.421052632","13C1 N3 S2 O14","de-protonated","1","4885","C56 H81 O14 N3 S2 13C1","56","81","14","3","-9999","2","1","-9999","-9999"
"4886","1095.512189","1095.512030306","1095.51120565","2893125.8","-9999","160953.5","11.59","-1","0.752759742","0.601527814","0.864024303","0.706526409","20","0.339285714","1.375","13C1 N3 O19","de-protonated","1","4885","C55 H77 O19 N3 13C1","55","77","19","3","-9999","-9999","1","-9999","-9999"
"4886","1095.512189","1095.512030306","1095.512207971","2893125.8","-9999","160953.5","11.59","-1","-0.16217516","0.663492751","0.921879288","0.766847366","6","0.47826087","1.869565217","13C1 N3 S1 P1 O22","de-protonated","1","4885","C45 H86 O22 N3 P1 S1 13C1","45","86","22","3","1","1","1","-9999","-9999"
"4886","1095.512189","1095.512030306","1095.510983099","2893125.8","-9999","160953.5","11.59","-1","0.955907288","0.282405129","0.538793609","0.384960521","23","0.15","1.35","N4 S2 P1 O9","de-protonated","0","-9999","C60 H81 O9 N4 P1 S2","60","81","9","4","1","2","-9999","-9999","-9999"
"4886","1095.512189","1095.512030306","1095.512482701","2893125.8","-9999","160953.5","11.59","-1","-0.412952773","0.323177125","0.508967985","0.397493469","33","0.166666667","1.090909091","N4 O11","de-protonated","0","-9999","C66 H72 O11 N4","66","72","11","4","-9999","-9999","-9999","-9999","-9999"
"4886","1095.512189","1095.512030306","1095.512344317","2893125.8","-9999","160953.5","11.59","-1","-0.286633454","0.492601487","0.672627142","0.564611749","6","0.533333333","1.866666667","N4 S1 O24","de-protonated","0","-9999","C45 H84 O24 N4 S1","45","84","24","4","-9999","1","-9999","-9999","-9999"
"4887","1116.492201","1116.492034196","1116.491219655","3276627","-9999","158984","13.43","-1","0.729553943","0.302647002","0.485764205","0.375893883","35","0.098591549","1.056338028","N1 S2 O7","de-protonated","0","-9999","C71 H75 O7 N1 S2","71","75","7","1","-9999","2","-9999","-9999","-9999"
"4887","1116.492201","1116.492034196","1116.491352597","3276627","-9999","158984","13.43","-1","0.610482867","0.311537277","0.538793609","0.40243981","22","0.25","1.333333333","N1 S1 P1 O15","de-protonated","0","-9999","C60 H80 O15 N1 P1 S1","60","80","15","1","1","1","-9999","-9999","-9999"
"4887","1116.492201","1116.492034196","1116.49307013","3276627","-9999","158984","13.43","-1","-0.92784651","0.285126794","0.543986559","0.3886707","22","0.237288136","1.338983051","N3 S2 O14","de-protonated","0","-9999","C59 H79 O14 N3 S2","59","79","14","3","-9999","2","-9999","-9999","-9999"
"4887","1116.492201","1116.492034196","1116.49220075","3276627","-9999","158984","13.43","-1","-0.149176437","0.331990084","0.549245293","0.418892168","23","0.327586207","1.293103448","N3 O19","de-protonated","0","-9999","C58 H75 O19 N3","58","75","19","3","-9999","-9999","-9999","-9999","-9999"
"4888","1160.271533","1160.271349271","1160.271110988","1936118.4","-9999","175732.6","7.14","-1","0.205368217","0.496188205","0.627012296","0.548517841","29","0.454545455","1","N1 S1 O25","de-protonated","0","-9999","C55 H55 O25 N1 S1","55","55","25","1","-9999","1","-9999","-9999","-9999"
"4888","1160.271533","1160.271349271","1160.271600246","1936118.4","-9999","175732.6","7.14","-1","-0.216306717","0.495773103","0.614510218","0.543267949","33","0.293103448","0.965517241","N3 S2 P1 O17","de-protonated","0","-9999","C58 H56 O17 N3 P1 S2","58","56","17","3","1","2","-9999","-9999","-9999"
"4888","1160.271533","1160.271349271","1160.270730866","1936118.4","-9999","175732.6","7.14","-1","0.53298365","0.474880733","0.618621811","0.532377164","34","0.385964912","0.912280702","N3 P1 O22","de-protonated","0","-9999","C57 H52 O22 N3 P1","57","52","22","3","1","-9999","-9999","-9999","-9999"
"0","160.349736","160.349938828","-9999","1161392.5","-9999","1332989.9","19.71","-1","-9999","-9999","-9999","-9999","-9999","-9999","-9999","unassigned","N/A","-9999","-9999","N/A","-9999","-9999","-9999","-9999","-9999","-9999","-9999","-9999","-9999"
"1","166.555374","166.555574429","-9999","484352.5","-9999","1332012.2","7.06","-1","-9999","-9999","-9999","-9999","-9999","-9999","-9999","unassigned","N/A","-9999","-9999","N/A","-9999","-9999","-9999","-9999","-9999","-9999","-9999","-9999","-9999"
"2","168.036557","168.036756856","-9999","635678.4","-9999","1471263.9","9.89","-1","-9999","-9999","-9999","-9999","-9999","-9999","-9999","unassigned","N/A","-9999","-9999","N/A","-9999","-9999","-9999","-9999","-9999","-9999","-9999","-9999","-9999"
"3","171.438959","171.439157541","-9999","492333.3","-9999","914195.8","7.21","-1","-9999","-9999","-9999","-9999","-9999","-9999","-9999","unassigned","N/A","-9999","-9999","N/A","-9999","-9999","-9999","-9999","-9999","-9999","-9999","-9999","-9999"
"4","176.015545","176.015741771","-9999","580958.1","-9999","1322190.2","8.87","-1","-9999","-9999","-9999","-9999","-9999","-9999","-9999","unassigned","N/A","-9999","-9999","N/A","-9999","-9999","-9999","-9999","-9999","-9999","-9999","-9999","-9999"
"5","182.82608","182.826274139","-9999","818058.9","-9999","1258562.8","13.3","-1","-9999","-9999","-9999","-9999","-9999","-9999","-9999","unassigned","N/A","-9999","-9999","N/A","-9999","-9999","-9999","-9999","-9999","-9999","-9999","-9999","-9999"
"6","185.005497","185.005690296","-9999","1274331.9","-9999","1189866.6","21.83","-1","-9999","-9999","-9999","-9999","-9999","-9999","-9999","unassigned","N/A","-9999","-9999","N/A","-9999","-9999","-9999","-9999","-9999","-9999","-9999","-9999","-9999"
"7","185.3213","185.321493174","-9999","555668.6","-9999","935684.5","8.39","-1","-9999","-9999","-9999","-9999","-9999","-9999","-9999","unassigned","N/A","-9999","-9999","N/A","-9999","-9999","-9999","-9999","-9999","-9999","-9999","-9999","-9999"
"8","195.073816","195.074005404","-9999","999074.7","-9999","1057558.7","16.51","-1","-9999","-9999","-9999","-9999","-9999","-9999","-9999","unassigned","N/A","-9999","-9999","N/A","-9999","-9999","-9999","-9999","-9999","-9999","-9999","-9999","-9999"
"9","206.177363","206.177548111","-9999","532140.3","-9999","1189870.4","7.75","-1","-9999","-9999","-9999","-9999","-9999","-9999","-9999","unassigned","N/A","-9999","-9999","N/A","-9999","-9999","-9999","-9999","-9999","-9999","-9999","-9999","-9999"
"10","206.56968","206.56986496","-9999","874139.3","-9999","1025648.9","14","-1","-9999","-9999","-9999","-9999","-9999","-9999","-9999","unassigned","N/A","-9999","-9999","N/A","-9999","-9999","-9999","-9999","-9999","-9999","-9999","-9999","-9999"
"11","219.062369","219.06254913","-9999","605108.6","-9999","894633.6","8.93","-1","-9999","-9999","-9999","-9999","-9999","-9999","-9999","unassigned","N/A","-9999","-9999","N/A","-9999","-9999","-9999","-9999","-9999","-9999","-9999","-9999","-9999"
"12","221.156298","221.156477321","-9999","606678.5","-9999","874075.3","8.95","-1","-9999","-9999","-9999","-9999","-9999","-9999","-9999","unassigned","N/A","-9999","-9999","N/A","-9999","-9999","-9999","-9999","-9999","-9999","-9999","-9999","-9999"
"13","232.821225","232.821399811","-9999","1036759.1","-9999","922262","16.47","-1","-9999","-9999","-9999","-9999","-9999","-9999","-9999","unassigned","N/A","-9999","-9999","N/A","-9999","-9999","-9999","-9999","-9999","-9999","-9999","-9999","-9999"
"14","236.106527","236.106700541","-9999","554936.1","-9999","955849.3","7.85","-1","-9999","-9999","-9999","-9999","-9999","-9999","-9999","unassigned","N/A","-9999","-9999","N/A","-9999","-9999","-9999","-9999","-9999","-9999","-9999","-9999","-9999"
"15","236.106772","236.106945541","-9999","519416.1","-9999","1217066.7","7.22","-1","-9999","-9999","-9999","-9999","-9999","-9999","-9999","unassigned","N/A","-9999","-9999","N/A","-9999","-9999","-9999","-9999","-9999","-9999","-9999","-9999","-9999"
"17","239.130694","239.130866372","-9999","833340.3","-9999","530748.6","12.75","-1","-9999","-9999","-9999","-9999","-9999","-9999","-9999","unassigned","N/A","-9999","-9999","N/A","-9999","-9999","-9999","-9999","-9999","-9999","-9999","-9999","-9999"
"18","241.121173","241.121344602","-9999","743411.3","-9999","589272.4","11.11","-1","-9999","-9999","-9999","-9999","-9999","-9999","-9999","unassigned","N/A","-9999","-9999","N/A","-9999","-9999","-9999","-9999","-9999","-9999","-9999","-9999","-9999"
"19","242.178028","242.178199194","-9999","661471.7","-9999","791895.8","9.66","-1","-9999","-9999","-9999","-9999","-9999","-9999","-9999","unassigned","N/A","-9999","-9999","N/A","-9999","-9999","-9999","-9999","-9999","-9999","-9999","-9999","-9999"
"20","243.064104","243.064274851","-9999","778191.5","-9999","796244.6","11.68","-1","-9999","-9999","-9999","-9999","-9999","-9999","-9999","unassigned","N/A","-9999","-9999","N/A","-9999","-9999","-9999","-9999","-9999","-9999","-9999","-9999","-9999"
"21","248.813797","248.813965629","-9999","912127.1","-9999","789325.4","13.97","-1","-9999","-9999","-9999","-9999","-9999","-9999","-9999","unassigned","N/A","-9999","-9999","N/A","-9999","-9999","-9999","-9999","-9999","-9999","-9999","-9999","-9999"
"22","253.145825","253.145991954","-9999","1179723.8","-9999","785021.5","18.58","-1","-9999","-9999","-9999","-9999","-9999","-9999","-9999","unassigned","N/A","-9999","-9999","N/A","-9999","-9999","-9999","-9999","-9999","-9999","-9999","-9999","-9999"
"23","253.146072","253.146238954","-9999","860107.8","-9999","1701410.1","13","-1","-9999","-9999","-9999","-9999","-9999","-9999","-9999","unassigned","N/A","-9999","-9999","N/A","-9999","-9999","-9999","-9999","-9999","-9999","-9999","-9999","-9999"
"24","253.146566","253.146732954","-9999","5026252","-9999","663906.7","85.75","-1","-9999","-9999","-9999","-9999","-9999","-9999","-9999","unassigned","N/A","-9999","-9999","N/A","-9999","-9999","-9999","-9999","-9999","-9999","-9999","-9999","-9999"
"25","254.149952","254.150118566","-9999","796829.7","-9999","750451","11.85","-1","-9999","-9999","-9999","-9999","-9999","-9999","-9999","unassigned","N/A","-9999","-9999","N/A","-9999","-9999","-9999","-9999","-9999","-9999","-9999","-9999","-9999"
"28","257.080021","257.080186433","-9999","1630970.4","-9999","732776.2","26.35","-1","-9999","-9999","-9999","-9999","-9999","-9999","-9999","unassigned","N/A","-9999","-9999","N/A","-9999","-9999","-9999","-9999","-9999","-9999","-9999","-9999","-9999"
"29","258.984396","258.984560697","-9999","749242.9","-9999","669005.2","10.95","-1","-9999","-9999","-9999","-9999","-9999","-9999","-9999","unassigned","N/A","-9999","-9999","N/A","-9999","-9999","-9999","-9999","-9999","-9999","-9999","-9999","-9999"
"30","259.131408","259.13157264","-9999","550542.3","-9999","677343.1","7.51","-1","-9999","-9999","-9999","-9999","-9999","-9999","-9999","unassigned","N/A","-9999","-9999","N/A","-9999","-9999","-9999","-9999","-9999","-9999","-9999","-9999","-9999"
"31","259.132103","259.13226764","-9999","1247630.4","-9999","639286.1","19.57","-1","-9999","-9999","-9999","-9999","-9999","-9999","-9999","unassigned","N/A","-9999","-9999","N/A","-9999","-9999","-9999","-9999","-9999","-9999","-9999","-9999","-9999"
"32","260.982362","260.982525924","-9999","803837.6","-9999","802709","11.82","-1","-9999","-9999","-9999","-9999","-9999","-9999","-9999","unassigned","N/A","-9999","-9999","N/A","-9999","-9999","-9999","-9999","-9999","-9999","-9999","-9999","-9999"
"35","265.149526","265.149688313","-9999","725241.2","-9999","742652.8","10.41","-1","-9999","-9999","-9999","-9999","-9999","-9999","-9999","unassigned","N/A","-9999","-9999","N/A","-9999","-9999","-9999","-9999","-9999","-9999","-9999","-9999","-9999"
"36","265.150134","265.150296313","-9999","3130873.3","-9999","564916","51.57","-1","-9999","-9999","-9999","-9999","-9999","-9999","-9999","unassigned","N/A","-9999","-9999","N/A","-9999","-9999","-9999","-9999","-9999","-9999","-9999","-9999","-9999"
"37","266.806144","266.806305673","-9999","1375672","-9999","667038.8","21.53","-1","-9999","-9999","-9999","-9999","-9999","-9999","-9999","unassigned","N/A","-9999","-9999","N/A","-9999","-9999","-9999","-9999","-9999","-9999","-9999","-9999","-9999"
"39","268.803216","268.803376901","-9999","1893526.6","-9999","679585.5","30.39","-1","-9999","-9999","-9999","-9999","-9999","-9999","-9999","unassigned","N/A","-9999","-9999","N/A","-9999","-9999","-9999","-9999","-9999","-9999","-9999","-9999","-9999"
"41","269.083353","269.083513793","-9999","747125.2","-9999","681545.2","10.71","-1","-9999","-9999","-9999","-9999","-9999","-9999","-9999","unassigned","N/A","-9999","-9999","N/A","-9999","-9999","-9999","-9999","-9999","-9999","-9999","-9999","-9999"
"42","269.133499","269.133659773","-9999","1864250.6","-9999","618018.7","29.72","-1","-9999","-9999","-9999","-9999","-9999","-9999","-9999","unassigned","N/A","-9999","-9999","N/A","-9999","-9999","-9999","-9999","-9999","-9999","-9999","-9999","-9999"
"43","269.140901","269.14106177","-9999","579259.4","-9999","1025126.1","7.85","-1","-9999","-9999","-9999","-9999","-9999","-9999","-9999","unassigned","N/A","-9999","-9999","N/A","-9999","-9999","-9999","-9999","-9999","-9999","-9999","-9999","-9999"
"44","269.141737","269.14189777","-9999","2539963.5","-9999","647499.5","41.22","-1","-9999","-9999","-9999","-9999","-9999","-9999","-9999","unassigned","N/A","-9999","-9999","N/A","-9999","-9999","-9999","-9999","-9999","-9999","-9999","-9999","-9999"
"45","270.800311","270.800471129","-9999","1308269.5","-9999","688227.3","20.26","-1","-9999","-9999","-9999","-9999","-9999","-9999","-9999","unassigned","N/A","-9999","-9999","N/A","-9999","-9999","-9999","-9999","-9999","-9999","-9999","-9999","-9999"
"46","272.79742","272.797579357","-9999","545853.6","-9999","700665.7","7.28","-1","-9999","-9999","-9999","-9999","-9999","-9999","-9999","unassigned","N/A","-9999","-9999","N/A","-9999","-9999","-9999","-9999","-9999","-9999","-9999","-9999","-9999"
"47","273.136719","273.136878226","-9999","546080.3","-9999","776821.1","7.24","-1","-9999","-9999","-9999","-9999","-9999","-9999","-9999","unassigned","N/A","-9999","-9999","N/A","-9999","-9999","-9999","-9999","-9999","-9999","-9999","-9999","-9999"
"48","275.022156","275.022314497","-9999","547870","-9999","781198.4","7.27","-1","-9999","-9999","-9999","-9999","-9999","-9999","-9999","unassigned","N/A","-9999","-9999","N/A","-9999","-9999","-9999","-9999","-9999","-9999","-9999","-9999","-9999"
"49","275.106107","275.106265464","-9999","806438.3","-9999","903325.1","11.64","-1","-9999","-9999","-9999","-9999","-9999","-9999","-9999","unassigned","N/A","-9999","-9999","N/A","-9999","-9999","-9999","-9999","-9999","-9999","-9999","-9999","-9999"
"50","277.037812","277.037969718","-9999","625635.3","-9999","812869.2","8.58","-1","-9999","-9999","-9999","-9999","-9999","-9999","-9999","unassigned","N/A","-9999","-9999","N/A","-9999","-9999","-9999","-9999","-9999","-9999","-9999","-9999","-9999"
"51","277.098501","277.098658694","-9999","973545.2","-9999","685914.3","14.46","-1","-9999","-9999","-9999","-9999","-9999","-9999","-9999","unassigned","N/A","-9999","-9999","N/A","-9999","-9999","-9999","-9999","-9999","-9999","-9999","-9999","-9999"
"52","277.110523","277.110680689","-9999","591594.4","-9999","973313.2","8","-1","-9999","-9999","-9999","-9999","-9999","-9999","-9999","unassigned","N/A","-9999","-9999","N/A","-9999","-9999","-9999","-9999","-9999","-9999","-9999","-9999","-9999"
"53","279.001071","279.001227959","-9999","841950.8","-9999","672457.8","12.16","-1","-9999","-9999","-9999","-9999","-9999","-9999","-9999","unassigned","N/A","-9999","-9999","N/A","-9999","-9999","-9999","-9999","-9999","-9999","-9999","-9999","-9999"
"54","279.04068","279.040836943","-9999","602082.5","-9999","647851.6","8.13","-1","-9999","-9999","-9999","-9999","-9999","-9999","-9999","unassigned","N/A","-9999","-9999","N/A","-9999","-9999","-9999","-9999","-9999","-9999","-9999","-9999","-9999"
"55","279.041349","279.041505943","-9999","545186.6","-9999","732130.6","7.17","-1","-9999","-9999","-9999","-9999","-9999","-9999","-9999","unassigned","N/A","-9999","-9999","N/A","-9999","-9999","-9999","-9999","-9999","-9999","-9999","-9999","-9999"
"56","279.165915","279.166071895","-9999","678222.3","-9999","579322.6","9.41","-1","-9999","-9999","-9999","-9999","-9999","-9999","-9999","unassigned","N/A","-9999","-9999","N/A","-9999","-9999","-9999","-9999","-9999","-9999","-9999","-9999","-9999"
"57","280.99896","280.999116186","-9999","845017.3","-9999","551082.3","12.21","-1","-9999","-9999","-9999","-9999","-9999","-9999","-9999","unassigned","N/A","-9999","-9999","N/A","-9999","-9999","-9999","-9999","-9999","-9999","-9999","-9999","-9999"
"58","280.999289","280.999445186","-9999","609753.4","-9999","770481.9","8.25","-1","-9999","-9999","-9999","-9999","-9999","-9999","-9999","unassigned","N/A","-9999","-9999","N/A","-9999","-9999","-9999","-9999","-9999","-9999","-9999","-9999","-9999"
"59","281.032808","281.032964173","-9999","703132.4","-9999","711805","9.82","-1","-9999","-9999","-9999","-9999","-9999","-9999","-9999","unassigned","N/A","-9999","-9999","N/A","-9999","-9999","-9999","-9999","-9999","-9999","-9999","-9999","-9999"
"60","281.141933","281.142089131","-9999","555686.5","-9999","777793.7","7.34","-1","-9999","-9999","-9999","-9999","-9999","-9999","-9999","unassigned","N/A","-9999","-9999","N/A","-9999","-9999","-9999","-9999","-9999","-9999","-9999","-9999","-9999"
"61","283.121237","283.121392366","-9999","677659.6","-9999","626542","9.34","-1","-9999","-9999","-9999","-9999","-9999","-9999","-9999","unassigned","N/A","-9999","-9999","N/A","-9999","-9999","-9999","-9999","-9999","-9999","-9999","-9999","-9999"
"62","285.064085","285.064239615","-9999","628746.6","-9999","693055.8","8.51","-1","-9999","-9999","-9999","-9999","-9999","-9999","-9999","unassigned","N/A","-9999","-9999","N/A","-9999","-9999","-9999","-9999","-9999","-9999","-9999","-9999","-9999"
"64","285.128681","285.12883559","-9999","7012816.5","-9999","569708.2","115.2","-1","-9999","-9999","-9999","-9999","-9999","-9999","-9999","unassigned","N/A","-9999","-9999","N/A","-9999","-9999","-9999","-9999","-9999","-9999","-9999","-9999","-9999"
"65","285.129401","285.129555589","-9999","566736.4","-9999","685007","7.48","-1","-9999","-9999","-9999","-9999","-9999","-9999","-9999","unassigned","N/A","-9999","-9999","N/A","-9999","-9999","-9999","-9999","-9999","-9999","-9999","-9999","-9999"
"67","286.132011","286.132165202","-9999","1008809.9","-9999","450119.3","14.86","-1","-9999","-9999","-9999","-9999","-9999","-9999","-9999","unassigned","N/A","-9999","-9999","N/A","-9999","-9999","-9999","-9999","-9999","-9999","-9999","-9999","-9999"
"68","286.179795","286.179949183","-9999","1512622.1","-9999","638191.4","23.28","-1","-9999","-9999","-9999","-9999","-9999","-9999","-9999","unassigned","N/A","-9999","-9999","N/A","-9999","-9999","-9999","-9999","-9999","-9999","-9999","-9999","-9999"
"71","289.12383","289.123983045","-9999","1185970.3","-9999","560718.5","17.71","-1","-9999","-9999","-9999","-9999","-9999","-9999","-9999","unassigned","N/A","-9999","-9999","N/A","-9999","-9999","-9999","-9999","-9999","-9999","-9999","-9999","-9999"
"76","291.121001","291.121153273","-9999","570785.4","-9999","691541.6","7.44","-1","-9999","-9999","-9999","-9999","-9999","-9999","-9999","unassigned","N/A","-9999","-9999","N/A","-9999","-9999","-9999","-9999","-9999","-9999","-9999","-9999","-9999"
"84","294.182791","294.18294209","-9999","546397.8","-9999","410301.8","7.03","-1","-9999","-9999","-9999","-9999","-9999","-9999","-9999","unassigned","N/A","-9999","-9999","N/A","-9999","-9999","-9999","-9999","-9999","-9999","-9999","-9999","-9999"
"87","295.088219","295.088369739","-9999","763709.4","-9999","791791.9","10.62","-1","-9999","-9999","-9999","-9999","-9999","-9999","-9999","unassigned","N/A","-9999","-9999","N/A","-9999","-9999","-9999","-9999","-9999","-9999","-9999","-9999","-9999"
"88","295.109337","295.109487731","-9999","712895.3","-9999","665289.6","9.78","-1","-9999","-9999","-9999","-9999","-9999","-9999","-9999","unassigned","N/A","-9999","-9999","N/A","-9999","-9999","-9999","-9999","-9999","-9999","-9999","-9999","-9999"
"91","296.994217","296.994367003","-9999","563301.9","-9999","791560.1","7.26","-1","-9999","-9999","-9999","-9999","-9999","-9999","-9999","unassigned","N/A","-9999","-9999","N/A","-9999","-9999","-9999","-9999","-9999","-9999","-9999","-9999","-9999"
"96","297.155744","297.15589394","-9999","20061684","-9999","522102.2","326.81","-1","-9999","-9999","-9999","-9999","-9999","-9999","-9999","unassigned","N/A","-9999","-9999","N/A","-9999","-9999","-9999","-9999","-9999","-9999","-9999","-9999","-9999"
"97","298.143169","298.143318558","-9999","745548.1","-9999","893863.6","10.25","-1","-9999","-9999","-9999","-9999","-9999","-9999","-9999","unassigned","N/A","-9999","-9999","N/A","-9999","-9999","-9999","-9999","-9999","-9999","-9999","-9999","-9999"
"98","298.143635","298.143784558","-9999","1558860.1","-9999","730655.9","23.57","-1","-9999","-9999","-9999","-9999","-9999","-9999","-9999","unassigned","N/A","-9999","-9999","N/A","-9999","-9999","-9999","-9999","-9999","-9999","-9999","-9999","-9999"
"103","299.151603","299.151752169","-9999","1052582.4","-9999","541628.7","15.28","-1","-9999","-9999","-9999","-9999","-9999","-9999","-9999","unassigned","N/A","-9999","-9999","N/A","-9999","-9999","-9999","-9999","-9999","-9999","-9999","-9999","-9999"
"104","300.812329","300.812477527","-9999","1091004.5","-9999","674423.8","15.9","-1","-9999","-9999","-9999","-9999","-9999","-9999","-9999","unassigned","N/A","-9999","-9999","N/A","-9999","-9999","-9999","-9999","-9999","-9999","-9999","-9999","-9999"
"107","301.123618","301.123766406","-9999","732376.9","-9999","636724.1","9.96","-1","-9999","-9999","-9999","-9999","-9999","-9999","-9999","unassigned","N/A","-9999","-9999","N/A","-9999","-9999","-9999","-9999","-9999","-9999","-9999","-9999","-9999"
"108","301.123944","301.124092406","-9999","729624.9","-9999","664593.9","9.91","-1","-9999","-9999","-9999","-9999","-9999","-9999","-9999","unassigned","N/A","-9999","-9999","N/A","-9999","-9999","-9999","-9999","-9999","-9999","-9999","-9999","-9999"
"110","301.154591","301.154739394","-9999","843867.7","-9999","701362.4","11.77","-1","-9999","-9999","-9999","-9999","-9999","-9999","-9999","unassigned","N/A","-9999","-9999","N/A","-9999","-9999","-9999","-9999","-9999","-9999","-9999","-9999","-9999"
"112","302.068983","302.069131041","-9999","1747631.4","-9999","577547.2","26.48","-1","-9999","-9999","-9999","-9999","-9999","-9999","-9999","unassigned","N/A","-9999","-9999","N/A","-9999","-9999","-9999","-9999","-9999","-9999","-9999","-9999","-9999"
"125","309.03081","309.030955349","-9999","2020680.9","-9999","565430.7","30.69","-1","-9999","-9999","-9999","-9999","-9999","-9999","-9999","unassigned","N/A","-9999","-9999","N/A","-9999","-9999","-9999","-9999","-9999","-9999","-9999","-9999","-9999"
"131","309.172616","309.172761295","-9999","916567","-9999","830117.4","12.85","-1","-9999","-9999","-9999","-9999","-9999","-9999","-9999","unassigned","N/A","-9999","-9999","N/A","-9999","-9999","-9999","-9999","-9999","-9999","-9999","-9999","-9999"
"136","310.756429","310.756573682","-9999","695671.4","-9999","750995.3","9.28","-1","-9999","-9999","-9999","-9999","-9999","-9999","-9999","unassigned","N/A","-9999","-9999","N/A","-9999","-9999","-9999","-9999","-9999","-9999","-9999","-9999","-9999"
"137","311.010068","311.010212584","-9999","684561.4","-9999","786081.3","9.1","-1","-9999","-9999","-9999","-9999","-9999","-9999","-9999","unassigned","N/A","-9999","-9999","N/A","-9999","-9999","-9999","-9999","-9999","-9999","-9999","-9999","-9999"
"140","311.082789","311.082933556","-9999","891928.9","-9999","531072","12.45","-1","-9999","-9999","-9999","-9999","-9999","-9999","-9999","unassigned","N/A","-9999","-9999","N/A","-9999","-9999","-9999","-9999","-9999","-9999","-9999","-9999","-9999"
"144","311.171636","311.171780522","-9999","64232228","-9999","524531.8","1036.12","-1","-9999","-9999","-9999","-9999","-9999","-9999","-9999","unassigned","N/A","-9999","-9999","N/A","-9999","-9999","-9999","-9999","-9999","-9999","-9999","-9999","-9999"
"146","312.171109","312.171253135","-9999","1131529.9","-9999","587769.4","16.2","-1","-9999","-9999","-9999","-9999","-9999","-9999","-9999","unassigned","N/A","-9999","-9999","N/A","-9999","-9999","-9999","-9999","-9999","-9999","-9999","-9999","-9999"
"148","312.175924","312.176068134","-9999","815754.4","-9999","718313.7","11.13","-1","-9999","-9999","-9999","-9999","-9999","-9999","-9999","unassigned","N/A","-9999","-9999","N/A","-9999","-9999","-9999","-9999","-9999","-9999","-9999","-9999","-9999"
"149","312.176402","312.176546133","-9999","581514.4","-9999","902124.2","7.38","-1","-9999","-9999","-9999","-9999","-9999","-9999","-9999","unassigned","N/A","-9999","-9999","N/A","-9999","-9999","-9999","-9999","-9999","-9999","-9999","-9999","-9999"
"150","312.753387","312.75353091","-9999","665415.2","-9999","393936.8","8.72","-1","-9999","-9999","-9999","-9999","-9999","-9999","-9999","unassigned","N/A","-9999","-9999","N/A","-9999","-9999","-9999","-9999","-9999","-9999","-9999","-9999","-9999"
"151","312.754389","312.75453291","-9999","713927.3","-9999","474536","9.5","-1","-9999","-9999","-9999","-9999","-9999","-9999","-9999","unassigned","N/A","-9999","-9999","N/A","-9999","-9999","-9999","-9999","-9999","-9999","-9999","-9999","-9999"
"157","313.167471","313.16761475","-9999","2962163","-9999","467364.3","45.57","-1","-9999","-9999","-9999","-9999","-9999","-9999","-9999","unassigned","N/A","-9999","-9999","N/A","-9999","-9999","-9999","-9999","-9999","-9999","-9999","-9999","-9999"
"162","314.751442","314.751585138","-9999","625246.1","-9999","505024.5","8.07","-1","-9999","-9999","-9999","-9999","-9999","-9999","-9999","unassigned","N/A","-9999","-9999","N/A","-9999","-9999","-9999","-9999","-9999","-9999","-9999","-9999","-9999"
"164","315.03156","315.03170303","-9999","1987772.8","-9999","550620.7","29.93","-1","-9999","-9999","-9999","-9999","-9999","-9999","-9999","unassigned","N/A","-9999","-9999","N/A","-9999","-9999","-9999","-9999","-9999","-9999","-9999","-9999","-9999"
"171","315.1481","315.148242985","-9999","712393.6","-9999","396011.5","9.47","-1","-9999","-9999","-9999","-9999","-9999","-9999","-9999","unassigned","N/A","-9999","-9999","N/A","-9999","-9999","-9999","-9999","-9999","-9999","-9999","-9999","-9999"
"172","316.126324","316.126466606","-9999","640758.3","-9999","516515.6","8.32","-1","-9999","-9999","-9999","-9999","-9999","-9999","-9999","unassigned","N/A","-9999","-9999","N/A","-9999","-9999","-9999","-9999","-9999","-9999","-9999","-9999","-9999"
"173","316.154478","316.154620596","-9999","2087993.4","-9999","545022.4","31.54","-1","-9999","-9999","-9999","-9999","-9999","-9999","-9999","unassigned","N/A","-9999","-9999","N/A","-9999","-9999","-9999","-9999","-9999","-9999","-9999","-9999","-9999"
"174","316.190868","316.191010581","-9999","830141.5","-9999","576982.5","11.36","-1","-9999","-9999","-9999","-9999","-9999","-9999","-9999","unassigned","N/A","-9999","-9999","N/A","-9999","-9999","-9999","-9999","-9999","-9999","-9999","-9999","-9999"
"175","316.748499","316.748641366","-9999","622332.4","-9999","542578.7","8.02","-1","-9999","-9999","-9999","-9999","-9999","-9999","-9999","unassigned","N/A","-9999","-9999","N/A","-9999","-9999","-9999","-9999","-9999","-9999","-9999","-9999","-9999"
"176","316.99964","316.999782269","-9999","981656.9","-9999","666766.5","13.79","-1","-9999","-9999","-9999","-9999","-9999","-9999","-9999","unassigned","N/A","-9999","-9999","N/A","-9999","-9999","-9999","-9999","-9999","-9999","-9999","-9999","-9999"
"184","318.170195","318.170336816","-9999","1428127.6","-9999","519129.2","20.79","-1","-9999","-9999","-9999","-9999","-9999","-9999","-9999","unassigned","N/A","-9999","-9999","N/A","-9999","-9999","-9999","-9999","-9999","-9999","-9999","-9999","-9999"
"188","319.134865","319.135006443","-9999","573392.9","-9999","614958.7","7.18","-1","-9999","-9999","-9999","-9999","-9999","-9999","-9999","unassigned","N/A","-9999","-9999","N/A","-9999","-9999","-9999","-9999","-9999","-9999","-9999","-9999","-9999"
"193","321.114033","321.114173678","-9999","838911.9","-9999","711166","11.4","-1","-9999","-9999","-9999","-9999","-9999","-9999","-9999","unassigned","N/A","-9999","-9999","N/A","-9999","-9999","-9999","-9999","-9999","-9999","-9999","-9999","-9999"
"194","321.114586","321.114726678","-9999","579071.9","-9999","780075.6","7.27","-1","-9999","-9999","-9999","-9999","-9999","-9999","-9999","unassigned","N/A","-9999","-9999","N/A","-9999","-9999","-9999","-9999","-9999","-9999","-9999","-9999","-9999"
"197","322.117602","322.11774229","-9999","564604.7","-9999","735820.3","7.03","-1","-9999","-9999","-9999","-9999","-9999","-9999","-9999","unassigned","N/A","-9999","-9999","N/A","-9999","-9999","-9999","-9999","-9999","-9999","-9999","-9999","-9999"
"198","322.157134","322.157274275","-9999","1973249.6","-9999","498370.8","29.47","-1","-9999","-9999","-9999","-9999","-9999","-9999","-9999","unassigned","N/A","-9999","-9999","N/A","-9999","-9999","-9999","-9999","-9999","-9999","-9999","-9999","-9999"
"199","322.742858","322.742998049","-9999","602699.7","-9999","730010.6","7.64","-1","-9999","-9999","-9999","-9999","-9999","-9999","-9999","unassigned","N/A","-9999","-9999","N/A","-9999","-9999","-9999","-9999","-9999","-9999","-9999","-9999","-9999"
"200","322.991658","322.991797952","-9999","1048939.4","-9999","636080.1","14.54","-1","-9999","-9999","-9999","-9999","-9999","-9999","-9999","unassigned","N/A","-9999","-9999","N/A","-9999","-9999","-9999","-9999","-9999","-9999","-9999","-9999","-9999"
"203","323.046744","323.046883931","-9999","1982066.5","-9999","594110","29.19","-1","-9999","-9999","-9999","-9999","-9999","-9999","-9999","unassigned","N/A","-9999","-9999","N/A","-9999","-9999","-9999","-9999","-9999","-9999","-9999","-9999","-9999"
"209","324.15426","324.154399503","-9999","739457.8","-9999","663760","9.68","-1","-9999","-9999","-9999","-9999","-9999","-9999","-9999","unassigned","N/A","-9999","-9999","N/A","-9999","-9999","-9999","-9999","-9999","-9999","-9999","-9999","-9999"
"210","324.76563","324.765769267","-9999","657682.3","-9999","503139.4","8.39","-1","-9999","-9999","-9999","-9999","-9999","-9999","-9999","unassigned","N/A","-9999","-9999","N/A","-9999","-9999","-9999","-9999","-9999","-9999","-9999","-9999","-9999"
"211","324.857259","324.857398231","-9999","571998.4","-9999","515843.8","7.05","-1","-9999","-9999","-9999","-9999","-9999","-9999","-9999","unassigned","N/A","-9999","-9999","N/A","-9999","-9999","-9999","-9999","-9999","-9999","-9999","-9999","-9999"
"212","324.989626","324.98976518","-9999","824304.1","-9999","618425.3","11.01","-1","-9999","-9999","-9999","-9999","-9999","-9999","-9999","unassigned","N/A","-9999","-9999","N/A","-9999","-9999","-9999","-9999","-9999","-9999","-9999","-9999","-9999"
"213","325.023413","325.023552167","-9999","616436.6","-9999","650715.5","7.74","-1","-9999","-9999","-9999","-9999","-9999","-9999","-9999","unassigned","N/A","-9999","-9999","N/A","-9999","-9999","-9999","-9999","-9999","-9999","-9999","-9999","-9999"
"216","325.095077","325.095216139","-9999","602878.1","-9999","848781.2","7.53","-1","-9999","-9999","-9999","-9999","-9999","-9999","-9999","unassigned","N/A","-9999","-9999","N/A","-9999","-9999","-9999","-9999","-9999","-9999","-9999","-9999","-9999"
"223","325.181313","325.181452106","-9999","758985.6","-9999","1324507.9","9.98","-1","-9999","-9999","-9999","-9999","-9999","-9999","-9999","unassigned","N/A","-9999","-9999","N/A","-9999","-9999","-9999","-9999","-9999","-9999","-9999","-9999","-9999"
"224","325.181575","325.181714106","-9999","753737.7","-9999","939677.1","9.9","-1","-9999","-9999","-9999","-9999","-9999","-9999","-9999","unassigned","N/A","-9999","-9999","N/A","-9999","-9999","-9999","-9999","-9999","-9999","-9999","-9999","-9999"
"225","325.183065","325.183204105","-9999","2803337.8","-9999","326880.3","42.08","-1","-9999","-9999","-9999","-9999","-9999","-9999","-9999","unassigned","N/A","-9999","-9999","N/A","-9999","-9999","-9999","-9999","-9999","-9999","-9999","-9999","-9999"
"226","325.187541","325.187680103","-9999","81805704","-9999","522112","1282.53","-1","-9999","-9999","-9999","-9999","-9999","-9999","-9999","unassigned","N/A","-9999","-9999","N/A","-9999","-9999","-9999","-9999","-9999","-9999","-9999","-9999","-9999"
"227","326.057563","326.057701767","-9999","646399.8","-9999","644444.8","8.21","-1","-9999","-9999","-9999","-9999","-9999","-9999","-9999","unassigned","N/A","-9999","-9999","N/A","-9999","-9999","-9999","-9999","-9999","-9999","-9999","-9999","-9999"
"230","326.191963","326.192101715","-9999","885394.1","-9999","499958.8","11.96","-1","-9999","-9999","-9999","-9999","-9999","-9999","-9999","unassigned","N/A","-9999","-9999","N/A","-9999","-9999","-9999","-9999","-9999","-9999","-9999","-9999","-9999"
"231","326.211748","326.211886708","-9999","1706772.9","-9999","543126.5","24.86","-1","-9999","-9999","-9999","-9999","-9999","-9999","-9999","unassigned","N/A","-9999","-9999","N/A","-9999","-9999","-9999","-9999","-9999","-9999","-9999","-9999","-9999"
"232","326.762878","326.763016494","-9999","1194720.5","-9999","455114","16.82","-1","-9999","-9999","-9999","-9999","-9999","-9999","-9999","unassigned","N/A","-9999","-9999","N/A","-9999","-9999","-9999","-9999","-9999","-9999","-9999","-9999","-9999"
"233","327.039","327.039138388","-9999","814086.8","-9999","608176.6","10.84","-1","-9999","-9999","-9999","-9999","-9999","-9999","-9999","unassigned","N/A","-9999","-9999","N/A","-9999","-9999","-9999","-9999","-9999","-9999","-9999","-9999","-9999"
"234","327.04161","327.041748387","-9999","715975.1","-9999","557642.1","9.3","-1","-9999","-9999","-9999","-9999","-9999","-9999","-9999","unassigned","N/A","-9999","-9999","N/A","-9999","-9999","-9999","-9999","-9999","-9999","-9999","-9999","-9999"
"237","327.110616","327.11075436","-9999","572176.8","-9999","938041.9","7.04","-1","-9999","-9999","-9999","-9999","-9999","-9999","-9999","unassigned","N/A","-9999","-9999","N/A","-9999","-9999","-9999","-9999","-9999","-9999","-9999","-9999","-9999"
"242","327.183363","327.183501332","-9999","3622042.8","-9999","518612","54.93","-1","-9999","-9999","-9999","-9999","-9999","-9999","-9999","unassigned","N/A","-9999","-9999","N/A","-9999","-9999","-9999","-9999","-9999","-9999","-9999","-9999","-9999"
"243","327.194311","327.194449328","-9999","1378460.4","-9999","539298.5","19.7","-1","-9999","-9999","-9999","-9999","-9999","-9999","-9999","unassigned","N/A","-9999","-9999","N/A","-9999","-9999","-9999","-9999","-9999","-9999","-9999","-9999","-9999"
"245","328.12012","328.12025797","-9999","583710.7","-9999","649471.1","7.22","-1","-9999","-9999","-9999","-9999","-9999","-9999","-9999","unassigned","N/A","-9999","-9999","N/A","-9999","-9999","-9999","-9999","-9999","-9999","-9999","-9999","-9999"
"246","328.153589","328.153726957","-9999","1015715.4","-9999","479236.1","14.01","-1","-9999","-9999","-9999","-9999","-9999","-9999","-9999","unassigned","N/A","-9999","-9999","N/A","-9999","-9999","-9999","-9999","-9999","-9999","-9999","-9999","-9999"
"248","328.759903","328.760040722","-9999","1028218.3","-9999","576209.3","14.2","-1","-9999","-9999","-9999","-9999","-9999","-9999","-9999","unassigned","N/A","-9999","-9999","N/A","-9999","-9999","-9999","-9999","-9999","-9999","-9999","-9999","-9999"
"249","328.871864","328.872001679","-9999","601034.4","-9999","527799.1","7.49","-1","-9999","-9999","-9999","-9999","-9999","-9999","-9999","unassigned","N/A","-9999","-9999","N/A","-9999","-9999","-9999","-9999","-9999","-9999","-9999","-9999","-9999"
"251","329.054677","329.054814609","-9999","945828.8","-9999","534233.8","12.67","-1","-9999","-9999","-9999","-9999","-9999","-9999","-9999","unassigned","N/A","-9999","-9999","N/A","-9999","-9999","-9999","-9999","-9999","-9999","-9999","-9999","-9999"
"256","329.151216","329.151353571","-9999","803250.9","-9999","590239.7","10.47","-1","-9999","-9999","-9999","-9999","-9999","-9999","-9999","unassigned","N/A","-9999","-9999","N/A","-9999","-9999","-9999","-9999","-9999","-9999","-9999","-9999","-9999"
"257","329.155851","329.155988569","-9999","17126324","-9999","520137.7","261.97","-1","-9999","-9999","-9999","-9999","-9999","-9999","-9999","unassigned","N/A","-9999","-9999","N/A","-9999","-9999","-9999","-9999","-9999","-9999","-9999","-9999","-9999"
"258","329.163873","329.164010566","-9999","634420.7","-9999","590171.6","7.87","-1","-9999","-9999","-9999","-9999","-9999","-9999","-9999","unassigned","N/A","-9999","-9999","N/A","-9999","-9999","-9999","-9999","-9999","-9999","-9999","-9999","-9999"
"259","330.157962","330.158099182","-9999","578886.6","-9999","947696.8","7.01","-1","-9999","-9999","-9999","-9999","-9999","-9999","-9999","unassigned","N/A","-9999","-9999","N/A","-9999","-9999","-9999","-9999","-9999","-9999","-9999","-9999","-9999"
"260","330.159204","330.159341182","-9999","3454534.8","-9999","531097.5","51.32","-1","-9999","-9999","-9999","-9999","-9999","-9999","-9999","unassigned","N/A","-9999","-9999","N/A","-9999","-9999","-9999","-9999","-9999","-9999","-9999","-9999","-9999"
"261","330.17042","330.170557177","-9999","2256968.5","-9999","577342.7","32.86","-1","-9999","-9999","-9999","-9999","-9999","-9999","-9999","unassigned","N/A","-9999","-9999","N/A","-9999","-9999","-9999","-9999","-9999","-9999","-9999","-9999","-9999"
"262","330.206777","330.206914163","-9999","1647181.9","-9999","575240.1","23.47","-1","-9999","-9999","-9999","-9999","-9999","-9999","-9999","unassigned","N/A","-9999","-9999","N/A","-9999","-9999","-9999","-9999","-9999","-9999","-9999","-9999","-9999"
"263","331.033181","331.033317844","-9999","635273.5","-9999","598081.4","7.88","-1","-9999","-9999","-9999","-9999","-9999","-9999","-9999","unassigned","N/A","-9999","-9999","N/A","-9999","-9999","-9999","-9999","-9999","-9999","-9999","-9999","-9999"
"265","331.070451","331.070587829","-9999","663375.1","-9999","653608.7","8.31","-1","-9999","-9999","-9999","-9999","-9999","-9999","-9999","unassigned","N/A","-9999","-9999","N/A","-9999","-9999","-9999","-9999","-9999","-9999","-9999","-9999","-9999"
"268","331.143214","331.143350801","-9999","663898.1","-9999","658253.9","8.32","-1","-9999","-9999","-9999","-9999","-9999","-9999","-9999","unassigned","N/A","-9999","-9999","N/A","-9999","-9999","-9999","-9999","-9999","-9999","-9999","-9999","-9999"
"269","331.152947","331.153083797","-9999","5513435.5","-9999","489697","83.04","-1","-9999","-9999","-9999","-9999","-9999","-9999","-9999","unassigned","N/A","-9999","-9999","N/A","-9999","-9999","-9999","-9999","-9999","-9999","-9999","-9999","-9999"
"272","332.149743","332.149879412","-9999","1101811.9","-9999","583415.8","15.06","-1","-9999","-9999","-9999","-9999","-9999","-9999","-9999","unassigned","N/A","-9999","-9999","N/A","-9999","-9999","-9999","-9999","-9999","-9999","-9999","-9999","-9999"
"274","332.775944","332.77608017","-9999","1137109","-9999","508445.4","15.6","-1","-9999","-9999","-9999","-9999","-9999","-9999","-9999","unassigned","N/A","-9999","-9999","N/A","-9999","-9999","-9999","-9999","-9999","-9999","-9999","-9999","-9999"
"279","333.114443","333.114579039","-9999","2150666","-9999","526447.3","31.22","-1","-9999","-9999","-9999","-9999","-9999","-9999","-9999","unassigned","N/A","-9999","-9999","N/A","-9999","-9999","-9999","-9999","-9999","-9999","-9999","-9999","-9999"
"281","333.158759","333.158895022","-9999","811793","-9999","562227.1","10.59","-1","-9999","-9999","-9999","-9999","-9999","-9999","-9999","unassigned","N/A","-9999","-9999","N/A","-9999","-9999","-9999","-9999","-9999","-9999","-9999","-9999","-9999"
"282","334.772933","334.773068398","-9999","904786.8","-9999","412040.5","12.02","-1","-9999","-9999","-9999","-9999","-9999","-9999","-9999","unassigned","N/A","-9999","-9999","N/A","-9999","-9999","-9999","-9999","-9999","-9999","-9999","-9999","-9999"
"283","334.773973","334.774108398","-9999","2274835","-9999","511074.9","33.13","-1","-9999","-9999","-9999","-9999","-9999","-9999","-9999","unassigned","N/A","-9999","-9999","N/A","-9999","-9999","-9999","-9999","-9999","-9999","-9999","-9999","-9999"
"287","335.111491","335.111626267","-9999","579721.8","-9999","575395.5","7.01","-1","-9999","-9999","-9999","-9999","-9999","-9999","-9999","unassigned","N/A","-9999","-9999","N/A","-9999","-9999","-9999","-9999","-9999","-9999","-9999","-9999","-9999"
"291","336.771095","336.771229625","-9999","1465308.4","-9999","415633.3","20.26","-1","-9999","-9999","-9999","-9999","-9999","-9999","-9999","unassigned","N/A","-9999","-9999","N/A","-9999","-9999","-9999","-9999","-9999","-9999","-9999","-9999","-9999"
"292","336.77201","336.772144625","-9999","940124.6","-9999","495805.2","12.32","-1","-9999","-9999","-9999","-9999","-9999","-9999","-9999","unassigned","N/A","-9999","-9999","N/A","-9999","-9999","-9999","-9999","-9999","-9999","-9999","-9999","-9999"
"297","337.131791","337.131925486","-9999","933017.2","-9999","717532.5","12.21","-1","-9999","-9999","-9999","-9999","-9999","-9999","-9999","unassigned","N/A","-9999","-9999","N/A","-9999","-9999","-9999","-9999","-9999","-9999","-9999","-9999","-9999"
"304","338.136142","338.136276098","-9999","697028.4","-9999","568032.1","8.64","-1","-9999","-9999","-9999","-9999","-9999","-9999","-9999","unassigned","N/A","-9999","-9999","N/A","-9999","-9999","-9999","-9999","-9999","-9999","-9999","-9999","-9999"
"305","338.2503","338.250434054","-9999","846936.1","-9999","559052.3","10.91","-1","-9999","-9999","-9999","-9999","-9999","-9999","-9999","unassigned","N/A","-9999","-9999","N/A","-9999","-9999","-9999","-9999","-9999","-9999","-9999","-9999","-9999"
"306","338.769213","338.769346853","-9999","763761.9","-9999","359388","9.65","-1","-9999","-9999","-9999","-9999","-9999","-9999","-9999","unassigned","N/A","-9999","-9999","N/A","-9999","-9999","-9999","-9999","-9999","-9999","-9999","-9999","-9999"
"307","338.890843","338.890976806","-9999","2410439","-9999","558015.2","34.54","-1","-9999","-9999","-9999","-9999","-9999","-9999","-9999","unassigned","N/A","-9999","-9999","N/A","-9999","-9999","-9999","-9999","-9999","-9999","-9999","-9999","-9999"
"315","339.148516","339.148649706","-9999","1992436","-9999","538551.3","28.22","-1","-9999","-9999","-9999","-9999","-9999","-9999","-9999","unassigned","N/A","-9999","-9999","N/A","-9999","-9999","-9999","-9999","-9999","-9999","-9999","-9999","-9999"
"316","339.184903","339.185036692","-9999","622970.4","-9999","681523.2","7.52","-1","-9999","-9999","-9999","-9999","-9999","-9999","-9999","unassigned","N/A","-9999","-9999","N/A","-9999","-9999","-9999","-9999","-9999","-9999","-9999","-9999","-9999"
"323","340.208318","340.208451297","-9999","614959","-9999","722385.4","7.4","-1","-9999","-9999","-9999","-9999","-9999","-9999","-9999","unassigned","N/A","-9999","-9999","N/A","-9999","-9999","-9999","-9999","-9999","-9999","-9999","-9999","-9999"
"325","340.888839","340.888972034","-9999","4158248.8","-9999","503062.4","60.95","-1","-9999","-9999","-9999","-9999","-9999","-9999","-9999","unassigned","N/A","-9999","-9999","N/A","-9999","-9999","-9999","-9999","-9999","-9999","-9999","-9999","-9999"
"330","341.070303","341.070435963","-9999","847177.6","-9999","543265.2","10.9","-1","-9999","-9999","-9999","-9999","-9999","-9999","-9999","unassigned","N/A","-9999","-9999","N/A","-9999","-9999","-9999","-9999","-9999","-9999","-9999","-9999","-9999"
"331","341.090236","341.090368956","-9999","801869.2","-9999","757163.3","10.22","-1","-9999","-9999","-9999","-9999","-9999","-9999","-9999","unassigned","N/A","-9999","-9999","N/A","-9999","-9999","-9999","-9999","-9999","-9999","-9999","-9999","-9999"
"339","341.19488","341.195012915","-9999","688864.1","-9999","600472.9","8.51","-1","-9999","-9999","-9999","-9999","-9999","-9999","-9999","unassigned","N/A","-9999","-9999","N/A","-9999","-9999","-9999","-9999","-9999","-9999","-9999","-9999","-9999"
"340","341.199333","341.199465914","-9999","2825057","-9999","524372.6","40.8","-1","-9999","-9999","-9999","-9999","-9999","-9999","-9999","unassigned","N/A","-9999","-9999","N/A","-9999","-9999","-9999","-9999","-9999","-9999","-9999","-9999","-9999"
"345","342.76465","342.764782308","-9999","3413119.5","-9999","528329.8","48.71","-1","-9999","-9999","-9999","-9999","-9999","-9999","-9999","unassigned","N/A","-9999","-9999","N/A","-9999","-9999","-9999","-9999","-9999","-9999","-9999","-9999","-9999"
"346","342.886845","342.886977261","-9999","2322838.3","-9999","512417.7","32.56","-1","-9999","-9999","-9999","-9999","-9999","-9999","-9999","unassigned","N/A","-9999","-9999","N/A","-9999","-9999","-9999","-9999","-9999","-9999","-9999","-9999","-9999"
"347","343.049527","343.049659198","-9999","696084.6","-9999","374508.1","8.45","-1","-9999","-9999","-9999","-9999","-9999","-9999","-9999","unassigned","N/A","-9999","-9999","N/A","-9999","-9999","-9999","-9999","-9999","-9999","-9999","-9999","-9999"
"349","343.085958","343.086090184","-9999","1322683.4","-9999","577531.3","17.73","-1","-9999","-9999","-9999","-9999","-9999","-9999","-9999","unassigned","N/A","-9999","-9999","N/A","-9999","-9999","-9999","-9999","-9999","-9999","-9999","-9999","-9999"
"352","343.122366","343.12249817","-9999","1489346.1","-9999","590312.2","20.2","-1","-9999","-9999","-9999","-9999","-9999","-9999","-9999","unassigned","N/A","-9999","-9999","N/A","-9999","-9999","-9999","-9999","-9999","-9999","-9999","-9999","-9999"
"354","343.143448","343.143580162","-9999","1363526","-9999","444122.2","18.34","-1","-9999","-9999","-9999","-9999","-9999","-9999","-9999","unassigned","N/A","-9999","-9999","N/A","-9999","-9999","-9999","-9999","-9999","-9999","-9999","-9999","-9999"
"356","343.202228","343.202360139","-9999","759121","-9999","640620.9","9.38","-1","-9999","-9999","-9999","-9999","-9999","-9999","-9999","unassigned","N/A","-9999","-9999","N/A","-9999","-9999","-9999","-9999","-9999","-9999","-9999","-9999","-9999"
"357","343.216302","343.216434134","-9999","619731.6","-9999","636849.8","7.31","-1","-9999","-9999","-9999","-9999","-9999","-9999","-9999","unassigned","N/A","-9999","-9999","N/A","-9999","-9999","-9999","-9999","-9999","-9999","-9999","-9999","-9999"
"360","344.761442","344.761573536","-9999","1829367.6","-9999","624112.1","25.24","-1","-9999","-9999","-9999","-9999","-9999","-9999","-9999","unassigned","N/A","-9999","-9999","N/A","-9999","-9999","-9999","-9999","-9999","-9999","-9999","-9999","-9999"
"361","344.762646","344.762777536","-9999","10184184","-9999","506205.3","149.05","-1","-9999","-9999","-9999","-9999","-9999","-9999","-9999","unassigned","N/A","-9999","-9999","N/A","-9999","-9999","-9999","-9999","-9999","-9999","-9999","-9999","-9999"
"364","345.065295","345.065426419","-9999","1340721.9","-9999","550976.5","17.99","-1","-9999","-9999","-9999","-9999","-9999","-9999","-9999","unassigned","N/A","-9999","-9999","N/A","-9999","-9999","-9999","-9999","-9999","-9999","-9999","-9999","-9999"
"366","345.101623","345.101754405","-9999","1754424.9","-9999","527438.7","24.13","-1","-9999","-9999","-9999","-9999","-9999","-9999","-9999","unassigned","N/A","-9999","-9999","N/A","-9999","-9999","-9999","-9999","-9999","-9999","-9999","-9999","-9999"
"368","345.138007","345.138138391","-9999","1828671.9","-9999","556198.5","25.23","-1","-9999","-9999","-9999","-9999","-9999","-9999","-9999","unassigned","N/A","-9999","-9999","N/A","-9999","-9999","-9999","-9999","-9999","-9999","-9999","-9999","-9999"
"370","345.15916","345.159291383","-9999","663875.9","-9999","736686.7","7.96","-1","-9999","-9999","-9999","-9999","-9999","-9999","-9999","unassigned","N/A","-9999","-9999","N/A","-9999","-9999","-9999","-9999","-9999","-9999","-9999","-9999","-9999"
"371","345.174417","345.174548377","-9999","1023558.8","-9999","623534.1","13.29","-1","-9999","-9999","-9999","-9999","-9999","-9999","-9999","unassigned","N/A","-9999","-9999","N/A","-9999","-9999","-9999","-9999","-9999","-9999","-9999","-9999","-9999"
"372","345.180295","345.180426375","-9999","876871.9","-9999","764429.3","11.12","-1","-9999","-9999","-9999","-9999","-9999","-9999","-9999","unassigned","N/A","-9999","-9999","N/A","-9999","-9999","-9999","-9999","-9999","-9999","-9999","-9999","-9999"
"374","345.765944","345.766075148","-9999","1013689.1","-9999","532861.5","13.15","-1","-9999","-9999","-9999","-9999","-9999","-9999","-9999","unassigned","N/A","-9999","-9999","N/A","-9999","-9999","-9999","-9999","-9999","-9999","-9999","-9999","-9999"
"376","346.019322","346.01945305","-9999","2733802.5","-9999","562342.2","38.64","-1","-9999","-9999","-9999","-9999","-9999","-9999","-9999","unassigned","N/A","-9999","-9999","N/A","-9999","-9999","-9999","-9999","-9999","-9999","-9999","-9999","-9999"
"381","346.759476","346.759606764","-9999","1973115.4","-9999","713306.4","27.36","-1","-9999","-9999","-9999","-9999","-9999","-9999","-9999","unassigned","N/A","-9999","-9999","N/A","-9999","-9999","-9999","-9999","-9999","-9999","-9999","-9999","-9999"
"382","346.760654","346.760784764","-9999","10254204","-9999","518218.3","150.09","-1","-9999","-9999","-9999","-9999","-9999","-9999","-9999","unassigned","N/A","-9999","-9999","N/A","-9999","-9999","-9999","-9999","-9999","-9999","-9999","-9999","-9999"
"384","347.080914","347.08104464","-9999","2672058.8","-9999","508352.1","37.72","-1","-9999","-9999","-9999","-9999","-9999","-9999","-9999","unassigned","N/A","-9999","-9999","N/A","-9999","-9999","-9999","-9999","-9999","-9999","-9999","-9999","-9999"
"386","347.116015","347.116145626","-9999","687297.8","-9999","767961.5","8.3","-1","-9999","-9999","-9999","-9999","-9999","-9999","-9999","unassigned","N/A","-9999","-9999","N/A","-9999","-9999","-9999","-9999","-9999","-9999","-9999","-9999","-9999"
"387","347.117349","347.117479626","-9999","3206082","-9999","533776.1","45.63","-1","-9999","-9999","-9999","-9999","-9999","-9999","-9999","unassigned","N/A","-9999","-9999","N/A","-9999","-9999","-9999","-9999","-9999","-9999","-9999","-9999","-9999"
"389","347.153725","347.153855612","-9999","1851593.1","-9999","522613.4","25.56","-1","-9999","-9999","-9999","-9999","-9999","-9999","-9999","unassigned","N/A","-9999","-9999","N/A","-9999","-9999","-9999","-9999","-9999","-9999","-9999","-9999","-9999"
"390","347.190044","347.190174598","-9999","612816.4","-9999","646204.2","7.2","-1","-9999","-9999","-9999","-9999","-9999","-9999","-9999","unassigned","N/A","-9999","-9999","N/A","-9999","-9999","-9999","-9999","-9999","-9999","-9999","-9999","-9999"
"391","347.764055","347.764185376","-9999","645186.6","-9999","438191.7","7.68","-1","-9999","-9999","-9999","-9999","-9999","-9999","-9999","unassigned","N/A","-9999","-9999","N/A","-9999","-9999","-9999","-9999","-9999","-9999","-9999","-9999","-9999"
"393","348.017316","348.017446278","-9999","2331765.3","-9999","500839.7","32.67","-1","-9999","-9999","-9999","-9999","-9999","-9999","-9999","unassigned","N/A","-9999","-9999","N/A","-9999","-9999","-9999","-9999","-9999","-9999","-9999","-9999","-9999"
"396","348.758647","348.758776991","-9999","3319050.8","-9999","478764.4","46.36","-1","-9999","-9999","-9999","-9999","-9999","-9999","-9999","unassigned","N/A","-9999","-9999","N/A","-9999","-9999","-9999","-9999","-9999","-9999","-9999","-9999","-9999"
"399","349.096635","349.096764861","-9999","4334927.5","-9999","496110.9","61.12","-1","-9999","-9999","-9999","-9999","-9999","-9999","-9999","unassigned","N/A","-9999","-9999","N/A","-9999","-9999","-9999","-9999","-9999","-9999","-9999","-9999","-9999"
"402","349.133033","349.133162846","-9999","3859286.8","-9999","518983.6","54.21","-1","-9999","-9999","-9999","-9999","-9999","-9999","-9999","unassigned","N/A","-9999","-9999","N/A","-9999","-9999","-9999","-9999","-9999","-9999","-9999","-9999","-9999"
"403","349.16941","349.169539832","-9999","1842526.1","-9999","587348","24.92","-1","-9999","-9999","-9999","-9999","-9999","-9999","-9999","unassigned","N/A","-9999","-9999","N/A","-9999","-9999","-9999","-9999","-9999","-9999","-9999","-9999","-9999"
"410","351.106787","351.106916083","-9999","3093230.3","-9999","509993.8","43.08","-1","-9999","-9999","-9999","-9999","-9999","-9999","-9999","unassigned","N/A","-9999","-9999","N/A","-9999","-9999","-9999","-9999","-9999","-9999","-9999","-9999","-9999"
"412","351.112325","351.112454081","-9999","5198575.5","-9999","505601.1","73.66","-1","-9999","-9999","-9999","-9999","-9999","-9999","-9999","unassigned","N/A","-9999","-9999","N/A","-9999","-9999","-9999","-9999","-9999","-9999","-9999","-9999","-9999"
"413","351.125367","351.125496076","-9999","628850.1","-9999","530351.3","7.28","-1","-9999","-9999","-9999","-9999","-9999","-9999","-9999","unassigned","N/A","-9999","-9999","N/A","-9999","-9999","-9999","-9999","-9999","-9999","-9999","-9999","-9999"
"415","351.148721","351.148850067","-9999","3583223","-9999","480054.1","50.19","-1","-9999","-9999","-9999","-9999","-9999","-9999","-9999","unassigned","N/A","-9999","-9999","N/A","-9999","-9999","-9999","-9999","-9999","-9999","-9999","-9999","-9999"
"416","351.185086","351.185215053","-9999","1225854.5","-9999","472020","15.95","-1","-9999","-9999","-9999","-9999","-9999","-9999","-9999","unassigned","N/A","-9999","-9999","N/A","-9999","-9999","-9999","-9999","-9999","-9999","-9999","-9999","-9999"
"418","352.107503","352.107631697","-9999","630848.9","-9999","533921.3","7.31","-1","-9999","-9999","-9999","-9999","-9999","-9999","-9999","unassigned","N/A","-9999","-9999","N/A","-9999","-9999","-9999","-9999","-9999","-9999","-9999","-9999","-9999"
"423","353.128025","353.128153302","-9999","5545115","-9999","523610.8","78.69","-1","-9999","-9999","-9999","-9999","-9999","-9999","-9999","unassigned","N/A","-9999","-9999","N/A","-9999","-9999","-9999","-9999","-9999","-9999","-9999","-9999","-9999"
"425","353.141067","353.141195297","-9999","1162909.6","-9999","518845.6","15.03","-1","-9999","-9999","-9999","-9999","-9999","-9999","-9999","unassigned","N/A","-9999","-9999","N/A","-9999","-9999","-9999","-9999","-9999","-9999","-9999","-9999","-9999"
"427","353.164401","353.164529288","-9999","2048674.6","-9999","543973.6","27.9","-1","-9999","-9999","-9999","-9999","-9999","-9999","-9999","unassigned","N/A","-9999","-9999","N/A","-9999","-9999","-9999","-9999","-9999","-9999","-9999","-9999","-9999"
"428","353.200754","353.200882274","-9999","712938.4","-9999","479130.6","8.49","-1","-9999","-9999","-9999","-9999","-9999","-9999","-9999","unassigned","N/A","-9999","-9999","N/A","-9999","-9999","-9999","-9999","-9999","-9999","-9999","-9999","-9999"
"436","355.04979","355.049917559","-9999","686524.9","-9999","674330.3","8.1","-1","-9999","-9999","-9999","-9999","-9999","-9999","-9999","unassigned","N/A","-9999","-9999","N/A","-9999","-9999","-9999","-9999","-9999","-9999","-9999","-9999","-9999"
"439","355.086216","355.086343545","-9999","880964.9","-9999","680480.1","10.93","-1","-9999","-9999","-9999","-9999","-9999","-9999","-9999","unassigned","N/A","-9999","-9999","N/A","-9999","-9999","-9999","-9999","-9999","-9999","-9999","-9999","-9999"
"444","355.143737","355.143864523","-9999","2773585.5","-9999","480403.7","38.42","-1","-9999","-9999","-9999","-9999","-9999","-9999","-9999","unassigned","N/A","-9999","-9999","N/A","-9999","-9999","-9999","-9999","-9999","-9999","-9999","-9999","-9999"
"446","355.180116","355.180243509","-9999","1067353.6","-9999","520294.6","13.64","-1","-9999","-9999","-9999","-9999","-9999","-9999","-9999","unassigned","N/A","-9999","-9999","N/A","-9999","-9999","-9999","-9999","-9999","-9999","-9999","-9999","-9999"
"454","357.065444","357.06557078","-9999","1060350.4","-9999","479902.3","13.25","-1","-9999","-9999","-9999","-9999","-9999","-9999","-9999","unassigned","N/A","-9999","-9999","N/A","-9999","-9999","-9999","-9999","-9999","-9999","-9999","-9999","-9999"
"456","357.101844","357.101970766","-9999","1437190.6","-9999","431389","18.62","-1","-9999","-9999","-9999","-9999","-9999","-9999","-9999","unassigned","N/A","-9999","-9999","N/A","-9999","-9999","-9999","-9999","-9999","-9999","-9999","-9999","-9999"
"459","357.136085","357.136211753","-9999","643790.4","-9999","326363.4","7.33","-1","-9999","-9999","-9999","-9999","-9999","-9999","-9999","unassigned","N/A","-9999","-9999","N/A","-9999","-9999","-9999","-9999","-9999","-9999","-9999","-9999","-9999"
"460","357.138371","357.138497752","-9999","1143566.9","-9999","571295.1","14.44","-1","-9999","-9999","-9999","-9999","-9999","-9999","-9999","unassigned","N/A","-9999","-9999","N/A","-9999","-9999","-9999","-9999","-9999","-9999","-9999","-9999","-9999"
"464","357.159374","357.159500744","-9999","1308947.6","-9999","532441","16.79","-1","-9999","-9999","-9999","-9999","-9999","-9999","-9999","unassigned","N/A","-9999","-9999","N/A","-9999","-9999","-9999","-9999","-9999","-9999","-9999","-9999","-9999"
"470","359.081175","359.081301001","-9999","2009547.1","-9999","537926.3","26.76","-1","-9999","-9999","-9999","-9999","-9999","-9999","-9999","unassigned","N/A","-9999","-9999","N/A","-9999","-9999","-9999","-9999","-9999","-9999","-9999","-9999","-9999"
"471","359.094267","359.094392996","-9999","867150.2","-9999","594124.3","10.5","-1","-9999","-9999","-9999","-9999","-9999","-9999","-9999","unassigned","N/A","-9999","-9999","N/A","-9999","-9999","-9999","-9999","-9999","-9999","-9999","-9999","-9999"
"473","359.117593","359.117718987","-9999","2660307.5","-9999","514327.3","36.02","-1","-9999","-9999","-9999","-9999","-9999","-9999","-9999","unassigned","N/A","-9999","-9999","N/A","-9999","-9999","-9999","-9999","-9999","-9999","-9999","-9999","-9999"
"475","359.153944","359.154069973","-9999","1479388","-9999","530876.8","19.21","-1","-9999","-9999","-9999","-9999","-9999","-9999","-9999","unassigned","N/A","-9999","-9999","N/A","-9999","-9999","-9999","-9999","-9999","-9999","-9999","-9999","-9999"
"482","361.073605","361.07373023","-9999","948509.6","-9999","489114.6","11.65","-1","-9999","-9999","-9999","-9999","-9999","-9999","-9999","unassigned","N/A","-9999","-9999","N/A","-9999","-9999","-9999","-9999","-9999","-9999","-9999","-9999","-9999"
"484","361.096887","361.097012221","-9999","3928483","-9999","493466.1","54.06","-1","-9999","-9999","-9999","-9999","-9999","-9999","-9999","unassigned","N/A","-9999","-9999","N/A","-9999","-9999","-9999","-9999","-9999","-9999","-9999","-9999","-9999"
"485","361.109957","361.110082216","-9999","692646.2","-9999","676753.9","8.01","-1","-9999","-9999","-9999","-9999","-9999","-9999","-9999","unassigned","N/A","-9999","-9999","N/A","-9999","-9999","-9999","-9999","-9999","-9999","-9999","-9999","-9999"
"486","361.133281","361.133406207","-9999","3676075.8","-9999","489146.6","50.47","-1","-9999","-9999","-9999","-9999","-9999","-9999","-9999","unassigned","N/A","-9999","-9999","N/A","-9999","-9999","-9999","-9999","-9999","-9999","-9999","-9999","-9999"
"487","361.169678","361.169803193","-9999","1956276.4","-9999","498522.4","25.99","-1","-9999","-9999","-9999","-9999","-9999","-9999","-9999","unassigned","N/A","-9999","-9999","N/A","-9999","-9999","-9999","-9999","-9999","-9999","-9999","-9999","-9999"
"488","361.190825","361.190950185","-9999","625465.3","-9999","571797.2","7.05","-1","-9999","-9999","-9999","-9999","-9999","-9999","-9999","unassigned","N/A","-9999","-9999","N/A","-9999","-9999","-9999","-9999","-9999","-9999","-9999","-9999","-9999"
"490","362.12872","362.128844823","-9999","667032.9","-9999","523975.5","7.64","-1","-9999","-9999","-9999","-9999","-9999","-9999","-9999","unassigned","N/A","-9999","-9999","N/A","-9999","-9999","-9999","-9999","-9999","-9999","-9999","-9999","-9999"
"494","362.192741","362.192865798","-9999","1229480.3","-9999","526854.7","15.64","-1","-9999","-9999","-9999","-9999","-9999","-9999","-9999","unassigned","N/A","-9999","-9999","N/A","-9999","-9999","-9999","-9999","-9999","-9999","-9999","-9999","-9999"
"495","362.973724","362.973848496","-9999","4608356.5","-9999","478218.6","62.41","-1","-9999","-9999","-9999","-9999","-9999","-9999","-9999","unassigned","N/A","-9999","-9999","N/A","-9999","-9999","-9999","-9999","-9999","-9999","-9999","-9999","-9999"
"500","363.112581","363.112705442","-9999","5626246","-9999","488513.7","76.6","-1","-9999","-9999","-9999","-9999","-9999","-9999","-9999","unassigned","N/A","-9999","-9999","N/A","-9999","-9999","-9999","-9999","-9999","-9999","-9999","-9999","-9999"
"501","363.148964","363.149088428","-9999","4337039","-9999","488668.7","58.63","-1","-9999","-9999","-9999","-9999","-9999","-9999","-9999","unassigned","N/A","-9999","-9999","N/A","-9999","-9999","-9999","-9999","-9999","-9999","-9999","-9999","-9999"
"502","363.185363","363.185487414","-9999","1705879.6","-9999","550678.4","21.96","-1","-9999","-9999","-9999","-9999","-9999","-9999","-9999","unassigned","N/A","-9999","-9999","N/A","-9999","-9999","-9999","-9999","-9999","-9999","-9999","-9999","-9999"
"503","363.973381","363.973505109","-9999","762583.6","-9999","497644.8","8.81","-1","-9999","-9999","-9999","-9999","-9999","-9999","-9999","unassigned","N/A","-9999","-9999","N/A","-9999","-9999","-9999","-9999","-9999","-9999","-9999","-9999","-9999"
"508","364.230151","364.23027501","-9999","636694.5","-9999","630081.8","7.05","-1","-9999","-9999","-9999","-9999","-9999","-9999","-9999","unassigned","N/A","-9999","-9999","N/A","-9999","-9999","-9999","-9999","-9999","-9999","-9999","-9999","-9999"
"513","365.091908","365.092031677","-9999","5255019","-9999","431017.8","71.42","-1","-9999","-9999","-9999","-9999","-9999","-9999","-9999","unassigned","N/A","-9999","-9999","N/A","-9999","-9999","-9999","-9999","-9999","-9999","-9999","-9999","-9999"
"515","365.104877","365.105000672","-9999","794606.1","-9999","408135.5","9.25","-1","-9999","-9999","-9999","-9999","-9999","-9999","-9999","unassigned","N/A","-9999","-9999","N/A","-9999","-9999","-9999","-9999","-9999","-9999","-9999","-9999","-9999"
"518","365.128297","365.128420663","-9999","7032692","-9999","488583.6","96.2","-1","-9999","-9999","-9999","-9999","-9999","-9999","-9999","unassigned","N/A","-9999","-9999","N/A","-9999","-9999","-9999","-9999","-9999","-9999","-9999","-9999","-9999"
"522","365.164662","365.164785649","-9999","3403645","-9999","463285.3","45.62","-1","-9999","-9999","-9999","-9999","-9999","-9999","-9999","unassigned","N/A","-9999","-9999","N/A","-9999","-9999","-9999","-9999","-9999","-9999","-9999","-9999","-9999"
"523","365.201065","365.201188635","-9999","1180806","-9999","594498.1","14.63","-1","-9999","-9999","-9999","-9999","-9999","-9999","-9999","unassigned","N/A","-9999","-9999","N/A","-9999","-9999","-9999","-9999","-9999","-9999","-9999","-9999","-9999"
"526","366.107476","366.107599284","-9999","1998951.8","-9999","560188.5","26.03","-1","-9999","-9999","-9999","-9999","-9999","-9999","-9999","unassigned","N/A","-9999","-9999","N/A","-9999","-9999","-9999","-9999","-9999","-9999","-9999","-9999","-9999"
"529","366.184245","366.184368255","-9999","1138811","-9999","617731.7","14.04","-1","-9999","-9999","-9999","-9999","-9999","-9999","-9999","unassigned","N/A","-9999","-9999","N/A","-9999","-9999","-9999","-9999","-9999","-9999","-9999","-9999","-9999"
"533","367.10758","367.107702898","-9999","7946595.5","-9999","496844","108.93","-1","-9999","-9999","-9999","-9999","-9999","-9999","-9999","unassigned","N/A","-9999","-9999","N/A","-9999","-9999","-9999","-9999","-9999","-9999","-9999","-9999","-9999"
"536","367.143962","367.144084884","-9999","6120812.5","-9999","470397.8","83.48","-1","-9999","-9999","-9999","-9999","-9999","-9999","-9999","unassigned","N/A","-9999","-9999","N/A","-9999","-9999","-9999","-9999","-9999","-9999","-9999","-9999","-9999"
"537","367.180406","367.18052887","-9999","1882230","-9999","494016","24.4","-1","-9999","-9999","-9999","-9999","-9999","-9999","-9999","unassigned","N/A","-9999","-9999","N/A","-9999","-9999","-9999","-9999","-9999","-9999","-9999","-9999","-9999"
"538","367.235413","367.235535848","-9999","949123.9","-9999","555887.3","11.4","-1","-9999","-9999","-9999","-9999","-9999","-9999","-9999","unassigned","N/A","-9999","-9999","N/A","-9999","-9999","-9999","-9999","-9999","-9999","-9999","-9999","-9999"
"541","368.102898","368.103020513","-9999","736352.7","-9999","501885.9","8.43","-1","-9999","-9999","-9999","-9999","-9999","-9999","-9999","unassigned","N/A","-9999","-9999","N/A","-9999","-9999","-9999","-9999","-9999","-9999","-9999","-9999","-9999"
"548","369.086877","369.086999133","-9999","5333853.5","-9999","490338.8","72.5","-1","-9999","-9999","-9999","-9999","-9999","-9999","-9999","unassigned","N/A","-9999","-9999","N/A","-9999","-9999","-9999","-9999","-9999","-9999","-9999","-9999","-9999"
"551","369.12329","369.123412119","-9999","7044967","-9999","503411.7","96.35","-1","-9999","-9999","-9999","-9999","-9999","-9999","-9999","unassigned","N/A","-9999","-9999","N/A","-9999","-9999","-9999","-9999","-9999","-9999","-9999","-9999","-9999"
"554","369.159657","369.159779104","-9999","2844016.3","-9999","520948.5","37.8","-1","-9999","-9999","-9999","-9999","-9999","-9999","-9999","unassigned","N/A","-9999","-9999","N/A","-9999","-9999","-9999","-9999","-9999","-9999","-9999","-9999","-9999"
"557","369.196085","369.19620709","-9999","1083257.8","-9999","505828.4","13.26","-1","-9999","-9999","-9999","-9999","-9999","-9999","-9999","unassigned","N/A","-9999","-9999","N/A","-9999","-9999","-9999","-9999","-9999","-9999","-9999","-9999","-9999"
"558","370.082149","370.082270748","-9999","640991.9","-9999","513325.6","7.09","-1","-9999","-9999","-9999","-9999","-9999","-9999","-9999","unassigned","N/A","-9999","-9999","N/A","-9999","-9999","-9999","-9999","-9999","-9999","-9999","-9999","-9999"
"561","370.131643","370.131764729","-9999","880748.9","-9999","570069.9","10.43","-1","-9999","-9999","-9999","-9999","-9999","-9999","-9999","unassigned","N/A","-9999","-9999","N/A","-9999","-9999","-9999","-9999","-9999","-9999","-9999","-9999","-9999"
"563","370.164757","370.164878716","-9999","1062773.5","-9999","582047.8","12.97","-1","-9999","-9999","-9999","-9999","-9999","-9999","-9999","unassigned","N/A","-9999","-9999","N/A","-9999","-9999","-9999","-9999","-9999","-9999","-9999","-9999","-9999"
"565","370.166937","370.167058715","-9999","794486.1","-9999","641832.8","9.23","-1","-9999","-9999","-9999","-9999","-9999","-9999","-9999","unassigned","N/A","-9999","-9999","N/A","-9999","-9999","-9999","-9999","-9999","-9999","-9999","-9999","-9999"
"567","371.045054","371.045175376","-9999","1128796.4","-9999","602186","13.59","-1","-9999","-9999","-9999","-9999","-9999","-9999","-9999","unassigned","N/A","-9999","-9999","N/A","-9999","-9999","-9999","-9999","-9999","-9999","-9999","-9999","-9999"
"571","371.102579","371.102700353","-9999","4245867.5","-9999","509018.2","56.12","-1","-9999","-9999","-9999","-9999","-9999","-9999","-9999","unassigned","N/A","-9999","-9999","N/A","-9999","-9999","-9999","-9999","-9999","-9999","-9999","-9999","-9999"
"578","371.154115","371.154236333","-9999","843321.1","-9999","388676.7","9.7","-1","-9999","-9999","-9999","-9999","-9999","-9999","-9999","unassigned","N/A","-9999","-9999","N/A","-9999","-9999","-9999","-9999","-9999","-9999","-9999","-9999","-9999"
"583","372.308131","372.308251887","-9999","2081963.3","-9999","403685.5","26.59","-1","-9999","-9999","-9999","-9999","-9999","-9999","-9999","unassigned","N/A","-9999","-9999","N/A","-9999","-9999","-9999","-9999","-9999","-9999","-9999","-9999","-9999"
"584","372.852604","372.852724677","-9999","1153340.9","-9999","480022","13.92","-1","-9999","-9999","-9999","-9999","-9999","-9999","-9999","unassigned","N/A","-9999","-9999","N/A","-9999","-9999","-9999","-9999","-9999","-9999","-9999","-9999","-9999"
"585","372.89459","372.894710661","-9999","775880.1","-9999","505423","8.77","-1","-9999","-9999","-9999","-9999","-9999","-9999","-9999","unassigned","N/A","-9999","-9999","N/A","-9999","-9999","-9999","-9999","-9999","-9999","-9999","-9999","-9999"
"586","373.024246","373.02436661","-9999","949610.9","-9999","565585","11.14","-1","-9999","-9999","-9999","-9999","-9999","-9999","-9999","unassigned","N/A","-9999","-9999","N/A","-9999","-9999","-9999","-9999","-9999","-9999","-9999","-9999","-9999"
"599","373.177162","373.177282551","-9999","2335124","-9999","467497.7","30.05","-1","-9999","-9999","-9999","-9999","-9999","-9999","-9999","unassigned","N/A","-9999","-9999","N/A","-9999","-9999","-9999","-9999","-9999","-9999","-9999","-9999","-9999"
"606","374.161187","374.161307171","-9999","5015710","-9999","497370.3","66.62","-1","-9999","-9999","-9999","-9999","-9999","-9999","-9999","unassigned","N/A","-9999","-9999","N/A","-9999","-9999","-9999","-9999","-9999","-9999","-9999","-9999","-9999"
"607","374.176443","374.176563165","-9999","1423010.3","-9999","546542.6","17.6","-1","-9999","-9999","-9999","-9999","-9999","-9999","-9999","unassigned","N/A","-9999","-9999","N/A","-9999","-9999","-9999","-9999","-9999","-9999","-9999","-9999","-9999"
"608","374.305248","374.305368115","-9999","910277.2","-9999","599296.5","10.6","-1","-9999","-9999","-9999","-9999","-9999","-9999","-9999","unassigned","N/A","-9999","-9999","N/A","-9999","-9999","-9999","-9999","-9999","-9999","-9999","-9999","-9999"
"609","374.773891","374.774010934","-9999","768068.9","-9999","546186.9","8.66","-1","-9999","-9999","-9999","-9999","-9999","-9999","-9999","unassigned","N/A","-9999","-9999","N/A","-9999","-9999","-9999","-9999","-9999","-9999","-9999","-9999","-9999"
"610","374.849381","374.849500905","-9999","686169.6","-9999","759787.5","7.54","-1","-9999","-9999","-9999","-9999","-9999","-9999","-9999","unassigned","N/A","-9999","-9999","N/A","-9999","-9999","-9999","-9999","-9999","-9999","-9999","-9999","-9999"
"611","374.8506","374.850719904","-9999","2587994","-9999","479842.9","33.49","-1","-9999","-9999","-9999","-9999","-9999","-9999","-9999","unassigned","N/A","-9999","-9999","N/A","-9999","-9999","-9999","-9999","-9999","-9999","-9999","-9999","-9999"
"625","375.164555","375.164674783","-9999","693743.9","-9999","430935.9","7.64","-1","-9999","-9999","-9999","-9999","-9999","-9999","-9999","unassigned","N/A","-9999","-9999","N/A","-9999","-9999","-9999","-9999","-9999","-9999","-9999","-9999","-9999"
"626","375.170222","375.170341781","-9999","811697.4","-9999","635776.6","9.25","-1","-9999","-9999","-9999","-9999","-9999","-9999","-9999","unassigned","N/A","-9999","-9999","N/A","-9999","-9999","-9999","-9999","-9999","-9999","-9999","-9999","-9999"
"629","376.106047","376.106166419","-9999","1092019.3","-9999","528638.9","13.07","-1","-9999","-9999","-9999","-9999","-9999","-9999","-9999","unassigned","N/A","-9999","-9999","N/A","-9999","-9999","-9999","-9999","-9999","-9999","-9999","-9999","-9999"
"631","376.108375","376.108494418","-9999","927667.8","-9999","645433.2","10.83","-1","-9999","-9999","-9999","-9999","-9999","-9999","-9999","unassigned","N/A","-9999","-9999","N/A","-9999","-9999","-9999","-9999","-9999","-9999","-9999","-9999","-9999"
"634","376.155762","376.1558814","-9999","895936.9","-9999","406918.8","10.4","-1","-9999","-9999","-9999","-9999","-9999","-9999","-9999","unassigned","N/A","-9999","-9999","N/A","-9999","-9999","-9999","-9999","-9999","-9999","-9999","-9999","-9999"
"635","376.168728","376.168847395","-9999","901700.5","-9999","405053.2","10.48","-1","-9999","-9999","-9999","-9999","-9999","-9999","-9999","unassigned","N/A","-9999","-9999","N/A","-9999","-9999","-9999","-9999","-9999","-9999","-9999","-9999","-9999"
"636","376.192241","376.192360386","-9999","1013963.1","-9999","558629.7","12.01","-1","-9999","-9999","-9999","-9999","-9999","-9999","-9999","unassigned","N/A","-9999","-9999","N/A","-9999","-9999","-9999","-9999","-9999","-9999","-9999","-9999","-9999"
"637","376.205119","376.205238381","-9999","652750.6","-9999","522195.3","7.08","-1","-9999","-9999","-9999","-9999","-9999","-9999","-9999","unassigned","N/A","-9999","-9999","N/A","-9999","-9999","-9999","-9999","-9999","-9999","-9999","-9999","-9999"
"638","376.72641","376.726529179","-9999","3442527.3","-9999","505642.3","45.14","-1","-9999","-9999","-9999","-9999","-9999","-9999","-9999","unassigned","N/A","-9999","-9999","N/A","-9999","-9999","-9999","-9999","-9999","-9999","-9999","-9999","-9999"
"639","376.847574","376.847693132","-9999","948609","-9999","482904.2","11.11","-1","-9999","-9999","-9999","-9999","-9999","-9999","-9999","unassigned","N/A","-9999","-9999","N/A","-9999","-9999","-9999","-9999","-9999","-9999","-9999","-9999","-9999"
"640","376.848599","376.848718132","-9999","1422209.3","-9999","509878.3","17.58","-1","-9999","-9999","-9999","-9999","-9999","-9999","-9999","unassigned","N/A","-9999","-9999","N/A","-9999","-9999","-9999","-9999","-9999","-9999","-9999","-9999","-9999"
"646","377.08996","377.090079039","-9999","7843780.5","-9999","444017.5","105.19","-1","-9999","-9999","-9999","-9999","-9999","-9999","-9999","unassigned","N/A","-9999","-9999","N/A","-9999","-9999","-9999","-9999","-9999","-9999","-9999","-9999","-9999"
"648","377.103388","377.103507034","-9999","688584.4","-9999","526827.4","7.57","-1","-9999","-9999","-9999","-9999","-9999","-9999","-9999","unassigned","N/A","-9999","-9999","N/A","-9999","-9999","-9999","-9999","-9999","-9999","-9999","-9999","-9999"
"655","378.087403","378.087521653","-9999","831452.3","-9999","560329.3","9.51","-1","-9999","-9999","-9999","-9999","-9999","-9999","-9999","unassigned","N/A","-9999","-9999","N/A","-9999","-9999","-9999","-9999","-9999","-9999","-9999","-9999","-9999"
"658","378.100465","378.100583648","-9999","779232","-9999","617193.8","8.8","-1","-9999","-9999","-9999","-9999","-9999","-9999","-9999","unassigned","N/A","-9999","-9999","N/A","-9999","-9999","-9999","-9999","-9999","-9999","-9999","-9999","-9999"
"660","378.135037","378.135155635","-9999","1493737.8","-9999","485189.4","18.55","-1","-9999","-9999","-9999","-9999","-9999","-9999","-9999","unassigned","N/A","-9999","-9999","N/A","-9999","-9999","-9999","-9999","-9999","-9999","-9999","-9999","-9999"
"661","378.148011","378.14812963","-9999","1003629.4","-9999","429913.8","11.86","-1","-9999","-9999","-9999","-9999","-9999","-9999","-9999","unassigned","N/A","-9999","-9999","N/A","-9999","-9999","-9999","-9999","-9999","-9999","-9999","-9999","-9999"
"663","378.171399","378.171517621","-9999","939252","-9999","507036.6","10.98","-1","-9999","-9999","-9999","-9999","-9999","-9999","-9999","unassigned","N/A","-9999","-9999","N/A","-9999","-9999","-9999","-9999","-9999","-9999","-9999","-9999","-9999"
"664","378.722943","378.723061407","-9999","1603343.9","-9999","380642","19.61","-1","-9999","-9999","-9999","-9999","-9999","-9999","-9999","unassigned","N/A","-9999","-9999","N/A","-9999","-9999","-9999","-9999","-9999","-9999","-9999","-9999","-9999"
"665","378.724389","378.724507407","-9999","9209232","-9999","462502.5","121.15","-1","-9999","-9999","-9999","-9999","-9999","-9999","-9999","unassigned","N/A","-9999","-9999","N/A","-9999","-9999","-9999","-9999","-9999","-9999","-9999","-9999","-9999"
"666","378.726112","378.726230406","-9999","669840.8","-9999","752815.6","7.15","-1","-9999","-9999","-9999","-9999","-9999","-9999","-9999","unassigned","N/A","-9999","-9999","N/A","-9999","-9999","-9999","-9999","-9999","-9999","-9999","-9999","-9999"
"669","379.062896","379.063014276","-9999","2063344.4","-9999","470141.4","25.75","-1","-9999","-9999","-9999","-9999","-9999","-9999","-9999","unassigned","N/A","-9999","-9999","N/A","-9999","-9999","-9999","-9999","-9999","-9999","-9999","-9999","-9999"
"677","379.119023","379.119141254","-9999","939776.4","-9999","584275.3","10.75","-1","-9999","-9999","-9999","-9999","-9999","-9999","-9999","unassigned","N/A","-9999","-9999","N/A","-9999","-9999","-9999","-9999","-9999","-9999","-9999","-9999","-9999"
"682","379.166808","379.166926236","-9999","673293.9","-9999","594776.5","7.19","-1","-9999","-9999","-9999","-9999","-9999","-9999","-9999","unassigned","N/A","-9999","-9999","N/A","-9999","-9999","-9999","-9999","-9999","-9999","-9999","-9999","-9999"
"685","379.727772","379.727890019","-9999","713773.9","-9999","537764.7","7.73","-1","-9999","-9999","-9999","-9999","-9999","-9999","-9999","unassigned","N/A","-9999","-9999","N/A","-9999","-9999","-9999","-9999","-9999","-9999","-9999","-9999","-9999"
"688","380.103158","380.103275874","-9999","896281.4","-9999","560687.1","10.16","-1","-9999","-9999","-9999","-9999","-9999","-9999","-9999","unassigned","N/A","-9999","-9999","N/A","-9999","-9999","-9999","-9999","-9999","-9999","-9999","-9999","-9999"
"690","380.139512","380.13962986","-9999","707619.9","-9999","700933.2","7.65","-1","-9999","-9999","-9999","-9999","-9999","-9999","-9999","unassigned","N/A","-9999","-9999","N/A","-9999","-9999","-9999","-9999","-9999","-9999","-9999","-9999","-9999"
"692","380.150712","380.150829855","-9999","919079.1","-9999","583431.2","10.47","-1","-9999","-9999","-9999","-9999","-9999","-9999","-9999","unassigned","N/A","-9999","-9999","N/A","-9999","-9999","-9999","-9999","-9999","-9999","-9999","-9999","-9999"
"693","380.160575","380.160692852","-9999","681897.9","-9999","576820.3","7.3","-1","-9999","-9999","-9999","-9999","-9999","-9999","-9999","unassigned","N/A","-9999","-9999","N/A","-9999","-9999","-9999","-9999","-9999","-9999","-9999","-9999","-9999"
"694","380.216184","380.21630183","-9999","949049.9","-9999","517342.2","10.87","-1","-9999","-9999","-9999","-9999","-9999","-9999","-9999","unassigned","N/A","-9999","-9999","N/A","-9999","-9999","-9999","-9999","-9999","-9999","-9999","-9999","-9999"
"695","380.721298","380.721415635","-9999","3836875.3","-9999","491952.5","49.42","-1","-9999","-9999","-9999","-9999","-9999","-9999","-9999","unassigned","N/A","-9999","-9999","N/A","-9999","-9999","-9999","-9999","-9999","-9999","-9999","-9999","-9999"
"696","380.722426","380.722543634","-9999","9682892","-9999","478915.6","127.46","-1","-9999","-9999","-9999","-9999","-9999","-9999","-9999","unassigned","N/A","-9999","-9999","N/A","-9999","-9999","-9999","-9999","-9999","-9999","-9999","-9999","-9999"
"697","380.723633","380.723750634","-9999","701899.9","-9999","687339.7","7.57","-1","-9999","-9999","-9999","-9999","-9999","-9999","-9999","unassigned","N/A","-9999","-9999","N/A","-9999","-9999","-9999","-9999","-9999","-9999","-9999","-9999","-9999"
"698","380.740056","380.740173628","-9999","664528.6","-9999","650708","7.07","-1","-9999","-9999","-9999","-9999","-9999","-9999","-9999","unassigned","N/A","-9999","-9999","N/A","-9999","-9999","-9999","-9999","-9999","-9999","-9999","-9999","-9999"
"716","381.251203","381.25132043","-9999","819556.4","-9999","405679.9","9.14","-1","-9999","-9999","-9999","-9999","-9999","-9999","-9999","unassigned","N/A","-9999","-9999","N/A","-9999","-9999","-9999","-9999","-9999","-9999","-9999","-9999","-9999"
"717","381.725702","381.725819247","-9999","772718.3","-9999","548010.7","8.51","-1","-9999","-9999","-9999","-9999","-9999","-9999","-9999","unassigned","N/A","-9999","-9999","N/A","-9999","-9999","-9999","-9999","-9999","-9999","-9999","-9999","-9999"
"720","382.11885","382.118967095","-9999","1142624.9","-9999","535254.5","13.44","-1","-9999","-9999","-9999","-9999","-9999","-9999","-9999","unassigned","N/A","-9999","-9999","N/A","-9999","-9999","-9999","-9999","-9999","-9999","-9999","-9999","-9999"
"724","382.717886","382.718002863","-9999","803344.2","-9999","693418.6","8.91","-1","-9999","-9999","-9999","-9999","-9999","-9999","-9999","unassigned","N/A","-9999","-9999","N/A","-9999","-9999","-9999","-9999","-9999","-9999","-9999","-9999","-9999"
"725","382.719386","382.719502862","-9999","3230224.8","-9999","489830.4","41.31","-1","-9999","-9999","-9999","-9999","-9999","-9999","-9999","unassigned","N/A","-9999","-9999","N/A","-9999","-9999","-9999","-9999","-9999","-9999","-9999","-9999","-9999"
"726","382.720483","382.720599862","-9999","2679313","-9999","516854.5","33.96","-1","-9999","-9999","-9999","-9999","-9999","-9999","-9999","unassigned","N/A","-9999","-9999","N/A","-9999","-9999","-9999","-9999","-9999","-9999","-9999","-9999","-9999"
"727","382.725582","382.72569886","-9999","1031442.4","-9999","489247.3","11.96","-1","-9999","-9999","-9999","-9999","-9999","-9999","-9999","unassigned","N/A","-9999","-9999","N/A","-9999","-9999","-9999","-9999","-9999","-9999","-9999","-9999","-9999"
"738","383.140405","383.1405217","-9999","666252.4","-9999","535522.5","7.08","-1","-9999","-9999","-9999","-9999","-9999","-9999","-9999","unassigned","N/A","-9999","-9999","N/A","-9999","-9999","-9999","-9999","-9999","-9999","-9999","-9999","-9999"
"744","383.234469","383.234585663","-9999","6959784","-9999","452386.9","91.1","-1","-9999","-9999","-9999","-9999","-9999","-9999","-9999","unassigned","N/A","-9999","-9999","N/A","-9999","-9999","-9999","-9999","-9999","-9999","-9999","-9999","-9999"
"746","384.098187","384.098303329","-9999","706471.8","-9999","591420","7.61","-1","-9999","-9999","-9999","-9999","-9999","-9999","-9999","unassigned","N/A","-9999","-9999","N/A","-9999","-9999","-9999","-9999","-9999","-9999","-9999","-9999","-9999"
"748","384.134576","384.134692315","-9999","787378.6","-9999","520183.7","8.69","-1","-9999","-9999","-9999","-9999","-9999","-9999","-9999","unassigned","N/A","-9999","-9999","N/A","-9999","-9999","-9999","-9999","-9999","-9999","-9999","-9999","-9999"
"751","384.15697","384.157086307","-9999","2410937.3","-9999","490524.9","30.37","-1","-9999","-9999","-9999","-9999","-9999","-9999","-9999","unassigned","N/A","-9999","-9999","N/A","-9999","-9999","-9999","-9999","-9999","-9999","-9999","-9999","-9999"
"754","384.237862","384.237978275","-9999","1358545.3","-9999","547801.7","16.32","-1","-9999","-9999","-9999","-9999","-9999","-9999","-9999","unassigned","N/A","-9999","-9999","N/A","-9999","-9999","-9999","-9999","-9999","-9999","-9999","-9999","-9999"
"755","384.717544","384.71766009","-9999","914656.1","-9999","448026.7","10.39","-1","-9999","-9999","-9999","-9999","-9999","-9999","-9999","unassigned","N/A","-9999","-9999","N/A","-9999","-9999","-9999","-9999","-9999","-9999","-9999","-9999","-9999"
"756","384.722661","384.722777088","-9999","1525089.6","-9999","495218.4","18.54","-1","-9999","-9999","-9999","-9999","-9999","-9999","-9999","unassigned","N/A","-9999","-9999","N/A","-9999","-9999","-9999","-9999","-9999","-9999","-9999","-9999","-9999"
"772","385.177362","385.177477912","-9999","1693161.6","-9999","467515.9","20.78","-1","-9999","-9999","-9999","-9999","-9999","-9999","-9999","unassigned","N/A","-9999","-9999","N/A","-9999","-9999","-9999","-9999","-9999","-9999","-9999","-9999","-9999"
"774","385.213785","385.213900898","-9999","1061876.6","-9999","540018.5","12.35","-1","-9999","-9999","-9999","-9999","-9999","-9999","-9999","unassigned","N/A","-9999","-9999","N/A","-9999","-9999","-9999","-9999","-9999","-9999","-9999","-9999","-9999"
"778","386.150249","386.150364536","-9999","731918.4","-9999","570544.6","7.95","-1","-9999","-9999","-9999","-9999","-9999","-9999","-9999","unassigned","N/A","-9999","-9999","N/A","-9999","-9999","-9999","-9999","-9999","-9999","-9999","-9999","-9999"
"779","386.719814","386.719929316","-9999","1762490.9","-9999","451488.6","21.17","-1","-9999","-9999","-9999","-9999","-9999","-9999","-9999","unassigned","N/A","-9999","-9999","N/A","-9999","-9999","-9999","-9999","-9999","-9999","-9999","-9999","-9999"
"793","387.193102","387.193217133","-9999","1561162.8","-9999","466327.7","18.54","-1","-9999","-9999","-9999","-9999","-9999","-9999","-9999","unassigned","N/A","-9999","-9999","N/A","-9999","-9999","-9999","-9999","-9999","-9999","-9999","-9999","-9999"
"795","387.229428","387.229543119","-9999","837845.8","-9999","460971.4","9.13","-1","-9999","-9999","-9999","-9999","-9999","-9999","-9999","unassigned","N/A","-9999","-9999","N/A","-9999","-9999","-9999","-9999","-9999","-9999","-9999","-9999","-9999"
"798","388.192367","388.192481747","-9999","1519996.5","-9999","445823.4","18","-1","-9999","-9999","-9999","-9999","-9999","-9999","-9999","unassigned","N/A","-9999","-9999","N/A","-9999","-9999","-9999","-9999","-9999","-9999","-9999","-9999","-9999"
"799","388.716881","388.716995544","-9999","894621.9","-9999","475698.3","9.86","-1","-9999","-9999","-9999","-9999","-9999","-9999","-9999","unassigned","N/A","-9999","-9999","N/A","-9999","-9999","-9999","-9999","-9999","-9999","-9999","-9999","-9999"
"819","390.087769","390.087883014","-9999","979399.1","-9999","611604","10.96","-1","-9999","-9999","-9999","-9999","-9999","-9999","-9999","unassigned","N/A","-9999","-9999","N/A","-9999","-9999","-9999","-9999","-9999","-9999","-9999","-9999","-9999"
"822","390.138683","390.138796994","-9999","781526.9","-9999","607014.3","8.38","-1","-9999","-9999","-9999","-9999","-9999","-9999","-9999","unassigned","N/A","-9999","-9999","N/A","-9999","-9999","-9999","-9999","-9999","-9999","-9999","-9999","-9999"
"823","390.171711","390.171824981","-9999","910689.3","-9999","428189.6","10.06","-1","-9999","-9999","-9999","-9999","-9999","-9999","-9999","unassigned","N/A","-9999","-9999","N/A","-9999","-9999","-9999","-9999","-9999","-9999","-9999","-9999","-9999"
"840","392.067029","392.067142249","-9999","743733.1","-9999","547132","7.88","-1","-9999","-9999","-9999","-9999","-9999","-9999","-9999","unassigned","N/A","-9999","-9999","N/A","-9999","-9999","-9999","-9999","-9999","-9999","-9999","-9999","-9999"
"843","392.10343","392.103543235","-9999","936256.6","-9999","571052","10.39","-1","-9999","-9999","-9999","-9999","-9999","-9999","-9999","unassigned","N/A","-9999","-9999","N/A","-9999","-9999","-9999","-9999","-9999","-9999","-9999","-9999","-9999"
"845","392.13985","392.139963221","-9999","804684.1","-9999","576416.4","8.67","-1","-9999","-9999","-9999","-9999","-9999","-9999","-9999","unassigned","N/A","-9999","-9999","N/A","-9999","-9999","-9999","-9999","-9999","-9999","-9999","-9999","-9999"
"847","392.150972","392.151085216","-9999","744399.6","-9999","460388.1","7.89","-1","-9999","-9999","-9999","-9999","-9999","-9999","-9999","unassigned","N/A","-9999","-9999","N/A","-9999","-9999","-9999","-9999","-9999","-9999","-9999","-9999","-9999"
"849","392.187389","392.187502202","-9999","793179.2","-9999","626218.9","8.52","-1","-9999","-9999","-9999","-9999","-9999","-9999","-9999","unassigned","N/A","-9999","-9999","N/A","-9999","-9999","-9999","-9999","-9999","-9999","-9999","-9999","-9999"
"865","393.195634","393.195746812","-9999","679068","-9999","396021.4","7.03","-1","-9999","-9999","-9999","-9999","-9999","-9999","-9999","unassigned","N/A","-9999","-9999","N/A","-9999","-9999","-9999","-9999","-9999","-9999","-9999","-9999","-9999"
"871","394.082653","394.08276547","-9999","832440.3","-9999","582474.1","9.03","-1","-9999","-9999","-9999","-9999","-9999","-9999","-9999","unassigned","N/A","-9999","-9999","N/A","-9999","-9999","-9999","-9999","-9999","-9999","-9999","-9999","-9999"
"872","394.085333","394.085445469","-9999","1021369.1","-9999","522535.1","11.49","-1","-9999","-9999","-9999","-9999","-9999","-9999","-9999","unassigned","N/A","-9999","-9999","N/A","-9999","-9999","-9999","-9999","-9999","-9999","-9999","-9999","-9999"
"875","394.119049","394.119161455","-9999","927683.9","-9999","597073.7","10.27","-1","-9999","-9999","-9999","-9999","-9999","-9999","-9999","unassigned","N/A","-9999","-9999","N/A","-9999","-9999","-9999","-9999","-9999","-9999","-9999","-9999","-9999"
"877","394.155498","394.155610441","-9999","677455.7","-9999","400255.4","7.01","-1","-9999","-9999","-9999","-9999","-9999","-9999","-9999","unassigned","N/A","-9999","-9999","N/A","-9999","-9999","-9999","-9999","-9999","-9999","-9999","-9999","-9999"
"895","395.198368","395.198480038","-9999","9257248","-9999","447659.8","114.2","-1","-9999","-9999","-9999","-9999","-9999","-9999","-9999","unassigned","N/A","-9999","-9999","N/A","-9999","-9999","-9999","-9999","-9999","-9999","-9999","-9999","-9999"
"896","395.209539","395.209651034","-9999","760356.1","-9999","353716.7","7.78","-1","-9999","-9999","-9999","-9999","-9999","-9999","-9999","unassigned","N/A","-9999","-9999","N/A","-9999","-9999","-9999","-9999","-9999","-9999","-9999","-9999","-9999"
"901","396.092849","396.092960692","-9999","961347.4","-9999","522755.9","10.29","-1","-9999","-9999","-9999","-9999","-9999","-9999","-9999","unassigned","N/A","-9999","-9999","N/A","-9999","-9999","-9999","-9999","-9999","-9999","-9999","-9999","-9999"
"902","396.098381","396.09849269","-9999","987973.3","-9999","548974.6","10.62","-1","-9999","-9999","-9999","-9999","-9999","-9999","-9999","unassigned","N/A","-9999","-9999","N/A","-9999","-9999","-9999","-9999","-9999","-9999","-9999","-9999","-9999"
"908","396.201734","396.20184565","-9999","2054247","-9999","470918.8","23.98","-1","-9999","-9999","-9999","-9999","-9999","-9999","-9999","unassigned","N/A","-9999","-9999","N/A","-9999","-9999","-9999","-9999","-9999","-9999","-9999","-9999","-9999"
"909","396.222837","396.222948642","-9999","2726510","-9999","430876.2","32.4","-1","-9999","-9999","-9999","-9999","-9999","-9999","-9999","unassigned","N/A","-9999","-9999","N/A","-9999","-9999","-9999","-9999","-9999","-9999","-9999","-9999","-9999"
"924","397.214058","397.214169259","-9999","1204914.9","-9999","492385","13.34","-1","-9999","-9999","-9999","-9999","-9999","-9999","-9999","unassigned","N/A","-9999","-9999","N/A","-9999","-9999","-9999","-9999","-9999","-9999","-9999","-9999","-9999"
"944","399.16049400000003","399.160604507","-9999","1205047.9","-9999","496002.4","13.33","-1","-9999","-9999","-9999","-9999","-9999","-9999","-9999","unassigned","N/A","-9999","-9999","N/A","-9999","-9999","-9999","-9999","-9999","-9999","-9999","-9999","-9999"
"948","399.193372","399.193482494","-9999","1560130.9","-9999","491320.5","17.78","-1","-9999","-9999","-9999","-9999","-9999","-9999","-9999","unassigned","N/A","-9999","-9999","N/A","-9999","-9999","-9999","-9999","-9999","-9999","-9999","-9999","-9999"
"959","400.225007","400.225117095","-9999","1470620.5","-9999","389918.6","16.65","-1","-9999","-9999","-9999","-9999","-9999","-9999","-9999","unassigned","N/A","-9999","-9999","N/A","-9999","-9999","-9999","-9999","-9999","-9999","-9999","-9999","-9999"
"980","402.805792","402.805901097","-9999","997128.1","-9999","443598.8","10.71","-1","-9999","-9999","-9999","-9999","-9999","-9999","-9999","unassigned","N/A","-9999","-9999","N/A","-9999","-9999","-9999","-9999","-9999","-9999","-9999","-9999","-9999"
"1007","404.187566","404.187674563","-9999","1257443.5","-9999","489107.9","13.43","-1","-9999","-9999","-9999","-9999","-9999","-9999","-9999","unassigned","N/A","-9999","-9999","N/A","-9999","-9999","-9999","-9999","-9999","-9999","-9999","-9999","-9999"
"1008","404.767508","404.76761633900003","-9999","895148.4","-9999","540105.5","9.06","-1","-9999","-9999","-9999","-9999","-9999","-9999","-9999","unassigned","N/A","-9999","-9999","N/A","-9999","-9999","-9999","-9999","-9999","-9999","-9999","-9999","-9999"
"1009","404.803724","404.803832325","-9999","1003704.9","-9999","470570.4","10.37","-1","-9999","-9999","-9999","-9999","-9999","-9999","-9999","unassigned","N/A","-9999","-9999","N/A","-9999","-9999","-9999","-9999","-9999","-9999","-9999","-9999","-9999"
"1035","406.166941","406.167048798","-9999","1906068.4","-9999","410727.2","21.23","-1","-9999","-9999","-9999","-9999","-9999","-9999","-9999","unassigned","N/A","-9999","-9999","N/A","-9999","-9999","-9999","-9999","-9999","-9999","-9999","-9999","-9999"
"1048","407.162323","407.162430413","-9999","741362.4","-9999","452335","7.2","-1","-9999","-9999","-9999","-9999","-9999","-9999","-9999","unassigned","N/A","-9999","-9999","N/A","-9999","-9999","-9999","-9999","-9999","-9999","-9999","-9999","-9999"
"1059","408.137719","408.137826036","-9999","838475.6","-9999","509716.7","8.37","-1","-9999","-9999","-9999","-9999","-9999","-9999","-9999","unassigned","N/A","-9999","-9999","N/A","-9999","-9999","-9999","-9999","-9999","-9999","-9999","-9999","-9999"
"1062","408.182779","408.182886019","-9999","789595.6","-9999","553696.3","7.78","-1","-9999","-9999","-9999","-9999","-9999","-9999","-9999","unassigned","N/A","-9999","-9999","N/A","-9999","-9999","-9999","-9999","-9999","-9999","-9999","-9999","-9999"
"1064","409.014701","409.014807697","-9999","911748","-9999","669494","9.24","-1","-9999","-9999","-9999","-9999","-9999","-9999","-9999","unassigned","N/A","-9999","-9999","N/A","-9999","-9999","-9999","-9999","-9999","-9999","-9999","-9999","-9999"
"1085","409.250658","409.250764606","-9999","1134040.4","-9999","392054.4","11.92","-1","-9999","-9999","-9999","-9999","-9999","-9999","-9999","unassigned","N/A","-9999","-9999","N/A","-9999","-9999","-9999","-9999","-9999","-9999","-9999","-9999","-9999"
"1118","411.230025","411.230130841","-9999","965665.3","-9999","441860.8","9.88","-1","-9999","-9999","-9999","-9999","-9999","-9999","-9999","unassigned","N/A","-9999","-9999","N/A","-9999","-9999","-9999","-9999","-9999","-9999","-9999","-9999","-9999"
"1124","412.132818","412.132923492","-9999","1065193.5","-9999","456583.5","11.08","-1","-9999","-9999","-9999","-9999","-9999","-9999","-9999","unassigned","N/A","-9999","-9999","N/A","-9999","-9999","-9999","-9999","-9999","-9999","-9999","-9999","-9999"
"1150","413.209313","413.209418075","-9999","969331.5","-9999","470376.5","9.92","-1","-9999","-9999","-9999","-9999","-9999","-9999","-9999","unassigned","N/A","-9999","-9999","N/A","-9999","-9999","-9999","-9999","-9999","-9999","-9999","-9999","-9999"
"1187","416.136306","416.136409944","-9999","13606321","-9999","414205.9","155.85","-1","-9999","-9999","-9999","-9999","-9999","-9999","-9999","unassigned","N/A","-9999","-9999","N/A","-9999","-9999","-9999","-9999","-9999","-9999","-9999","-9999","-9999"
"1191","416.802975","416.803078686","-9999","831787","-9999","459884.4","7.93","-1","-9999","-9999","-9999","-9999","-9999","-9999","-9999","unassigned","N/A","-9999","-9999","N/A","-9999","-9999","-9999","-9999","-9999","-9999","-9999","-9999","-9999"
"1192","416.88538","416.885483654","-9999","1552842","-9999","477358.9","16.28","-1","-9999","-9999","-9999","-9999","-9999","-9999","-9999","unassigned","N/A","-9999","-9999","N/A","-9999","-9999","-9999","-9999","-9999","-9999","-9999","-9999","-9999"
"1222","418.783396","418.783498921","-9999","788888.3","-9999","567100.5","7.42","-1","-9999","-9999","-9999","-9999","-9999","-9999","-9999","unassigned","N/A","-9999","-9999","N/A","-9999","-9999","-9999","-9999","-9999","-9999","-9999","-9999","-9999"
"1223","418.801049","418.801151914","-9999","3815839","-9999","436460.7","42.47","-1","-9999","-9999","-9999","-9999","-9999","-9999","-9999","unassigned","N/A","-9999","-9999","N/A","-9999","-9999","-9999","-9999","-9999","-9999","-9999","-9999","-9999"
"1224","418.88338","418.883482882","-9999","809406.4","-9999","523817.3","7.66","-1","-9999","-9999","-9999","-9999","-9999","-9999","-9999","unassigned","N/A","-9999","-9999","N/A","-9999","-9999","-9999","-9999","-9999","-9999","-9999","-9999","-9999"
"1255","420.673155","420.67325719","-9999","809580.1","-9999","389610.9","7.65","-1","-9999","-9999","-9999","-9999","-9999","-9999","-9999","unassigned","N/A","-9999","-9999","N/A","-9999","-9999","-9999","-9999","-9999","-9999","-9999","-9999","-9999"
"1256","420.675089","420.675191189","-9999","1130604.9","-9999","643223.6","11.37","-1","-9999","-9999","-9999","-9999","-9999","-9999","-9999","unassigned","N/A","-9999","-9999","N/A","-9999","-9999","-9999","-9999","-9999","-9999","-9999","-9999","-9999"
"1257","420.676887","420.676989189","-9999","5026925.5","-9999","417938.9","56.49","-1","-9999","-9999","-9999","-9999","-9999","-9999","-9999","unassigned","N/A","-9999","-9999","N/A","-9999","-9999","-9999","-9999","-9999","-9999","-9999","-9999","-9999"
"1258","420.799077","420.799179141","-9999","3456156.5","-9999","457787.5","38.3","-1","-9999","-9999","-9999","-9999","-9999","-9999","-9999","unassigned","N/A","-9999","-9999","N/A","-9999","-9999","-9999","-9999","-9999","-9999","-9999","-9999","-9999"
"1287","422.117292","422.117393632","-9999","1320859","-9999","448443.9","13.57","-1","-9999","-9999","-9999","-9999","-9999","-9999","-9999","unassigned","N/A","-9999","-9999","N/A","-9999","-9999","-9999","-9999","-9999","-9999","-9999","-9999","-9999"
"1293","422.667798","422.667899419","-9999","1101553.4","-9999","287235","11.03","-1","-9999","-9999","-9999","-9999","-9999","-9999","-9999","unassigned","N/A","-9999","-9999","N/A","-9999","-9999","-9999","-9999","-9999","-9999","-9999","-9999","-9999"
"1294","422.671031","422.671132418","-9999","2277234.8","-9999","442580.3","24.64","-1","-9999","-9999","-9999","-9999","-9999","-9999","-9999","unassigned","N/A","-9999","-9999","N/A","-9999","-9999","-9999","-9999","-9999","-9999","-9999","-9999","-9999"
"1295","422.674883","422.674984416","-9999","20649844","-9999","420131.9","237.38","-1","-9999","-9999","-9999","-9999","-9999","-9999","-9999","unassigned","N/A","-9999","-9999","N/A","-9999","-9999","-9999","-9999","-9999","-9999","-9999","-9999","-9999"
"1296","422.676412","422.676513416","-9999","1315188.8","-9999","393403.3","13.5","-1","-9999","-9999","-9999","-9999","-9999","-9999","-9999","unassigned","N/A","-9999","-9999","N/A","-9999","-9999","-9999","-9999","-9999","-9999","-9999","-9999","-9999"
"1297","422.797151","422.797252369","-9999","985507.9","-9999","418902.5","9.68","-1","-9999","-9999","-9999","-9999","-9999","-9999","-9999","unassigned","N/A","-9999","-9999","N/A","-9999","-9999","-9999","-9999","-9999","-9999","-9999","-9999","-9999"
"1298","422.941866","422.941967313","-9999","4512732.5","-9999","428727.7","50.52","-1","-9999","-9999","-9999","-9999","-9999","-9999","-9999","unassigned","N/A","-9999","-9999","N/A","-9999","-9999","-9999","-9999","-9999","-9999","-9999","-9999","-9999"
"1317","423.678252","423.678353028","-9999","1302780.8","-9999","428025.2","12.83","-1","-9999","-9999","-9999","-9999","-9999","-9999","-9999","unassigned","N/A","-9999","-9999","N/A","-9999","-9999","-9999","-9999","-9999","-9999","-9999","-9999","-9999"
"1318","423.94145","423.941550927","-9999","1331812.3","-9999","498670.1","13.15","-1","-9999","-9999","-9999","-9999","-9999","-9999","-9999","unassigned","N/A","-9999","-9999","N/A","-9999","-9999","-9999","-9999","-9999","-9999","-9999","-9999","-9999"
"1327","424.669053","424.669153645","-9999","3721859","-9999","448316.5","39.74","-1","-9999","-9999","-9999","-9999","-9999","-9999","-9999","unassigned","N/A","-9999","-9999","N/A","-9999","-9999","-9999","-9999","-9999","-9999","-9999","-9999","-9999"
"1328","424.67288","424.672980644","-9999","32246404","-9999","416500.1","357.16","-1","-9999","-9999","-9999","-9999","-9999","-9999","-9999","unassigned","N/A","-9999","-9999","N/A","-9999","-9999","-9999","-9999","-9999","-9999","-9999","-9999","-9999"
"1329","424.674997","424.675097643","-9999","1364613.4","-9999","432255","13.51","-1","-9999","-9999","-9999","-9999","-9999","-9999","-9999","unassigned","N/A","-9999","-9999","N/A","-9999","-9999","-9999","-9999","-9999","-9999","-9999","-9999","-9999"
"1354","425.311614","425.311714397","-9999","1427841.3","-9999","516723.5","14.21","-1","-9999","-9999","-9999","-9999","-9999","-9999","-9999","unassigned","N/A","-9999","-9999","N/A","-9999","-9999","-9999","-9999","-9999","-9999","-9999","-9999","-9999"
"1355","425.676182","425.676282256","-9999","2058770","-9999","390595.5","21.23","-1","-9999","-9999","-9999","-9999","-9999","-9999","-9999","unassigned","N/A","-9999","-9999","N/A","-9999","-9999","-9999","-9999","-9999","-9999","-9999","-9999","-9999"
"1364","426.663546","426.663645874","-9999","957979.6","-9999","201650.2","8.98","-1","-9999","-9999","-9999","-9999","-9999","-9999","-9999","unassigned","N/A","-9999","-9999","N/A","-9999","-9999","-9999","-9999","-9999","-9999","-9999","-9999","-9999"
"1365","426.667043","426.667142873","-9999","2499997","-9999","525060.6","26.14","-1","-9999","-9999","-9999","-9999","-9999","-9999","-9999","unassigned","N/A","-9999","-9999","N/A","-9999","-9999","-9999","-9999","-9999","-9999","-9999","-9999","-9999"
"1366","426.670893","426.670992871","-9999","20782494","-9999","415176.5","229.58","-1","-9999","-9999","-9999","-9999","-9999","-9999","-9999","unassigned","N/A","-9999","-9999","N/A","-9999","-9999","-9999","-9999","-9999","-9999","-9999","-9999","-9999"
"1367","426.688578","426.688677865","-9999","1106085.6","-9999","436471.5","10.63","-1","-9999","-9999","-9999","-9999","-9999","-9999","-9999","unassigned","N/A","-9999","-9999","N/A","-9999","-9999","-9999","-9999","-9999","-9999","-9999","-9999","-9999"
"1398","427.674279","427.674378483","-9999","1486896.9","-9999","401455.5","14.86","-1","-9999","-9999","-9999","-9999","-9999","-9999","-9999","unassigned","N/A","-9999","-9999","N/A","-9999","-9999","-9999","-9999","-9999","-9999","-9999","-9999","-9999"
"1408","428.668904","428.669003099","-9999","5099714","-9999","408240.3","55.06","-1","-9999","-9999","-9999","-9999","-9999","-9999","-9999","unassigned","N/A","-9999","-9999","N/A","-9999","-9999","-9999","-9999","-9999","-9999","-9999","-9999","-9999"
"1441","430.152352","430.152450525","-9999","1521949.3","-9999","545871.7","15.24","-1","-9999","-9999","-9999","-9999","-9999","-9999","-9999","unassigned","N/A","-9999","-9999","N/A","-9999","-9999","-9999","-9999","-9999","-9999","-9999","-9999","-9999"
"1501","434.078703","434.078800008","-9999","951923.1","-9999","386842","8.53","-1","-9999","-9999","-9999","-9999","-9999","-9999","-9999","unassigned","N/A","-9999","-9999","N/A","-9999","-9999","-9999","-9999","-9999","-9999","-9999","-9999","-9999"
"1505","434.15136","434.15145698","-9999","831377.4","-9999","579064.9","7.24","-1","-9999","-9999","-9999","-9999","-9999","-9999","-9999","unassigned","N/A","-9999","-9999","N/A","-9999","-9999","-9999","-9999","-9999","-9999","-9999","-9999","-9999"
"1507","434.81165","434.811746724","-9999","1631398","-9999","469318.7","15.79","-1","-9999","-9999","-9999","-9999","-9999","-9999","-9999","unassigned","N/A","-9999","-9999","N/A","-9999","-9999","-9999","-9999","-9999","-9999","-9999","-9999","-9999"
"1524","435.208167","435.208263571","-9999","2031180.6","-9999","369960.6","20.06","-1","-9999","-9999","-9999","-9999","-9999","-9999","-9999","unassigned","N/A","-9999","-9999","N/A","-9999","-9999","-9999","-9999","-9999","-9999","-9999","-9999","-9999"
"1532","436.280135","436.280231157","-9999","1193744.9","-9999","442313.1","11.1","-1","-9999","-9999","-9999","-9999","-9999","-9999","-9999","unassigned","N/A","-9999","-9999","N/A","-9999","-9999","-9999","-9999","-9999","-9999","-9999","-9999","-9999"
"1533","436.809596","436.809691952","-9999","1075697.4","-9999","555043.2","9.84","-1","-9999","-9999","-9999","-9999","-9999","-9999","-9999","unassigned","N/A","-9999","-9999","N/A","-9999","-9999","-9999","-9999","-9999","-9999","-9999","-9999","-9999"
"1534","436.994216","436.994311881","-9999","1296447.8","-9999","495612.6","12.2","-1","-9999","-9999","-9999","-9999","-9999","-9999","-9999","unassigned","N/A","-9999","-9999","N/A","-9999","-9999","-9999","-9999","-9999","-9999","-9999","-9999","-9999"
"1544","437.106802","437.106897837","-9999","1605231.6","-9999","447862.6","15.5","-1","-9999","-9999","-9999","-9999","-9999","-9999","-9999","unassigned","N/A","-9999","-9999","N/A","-9999","-9999","-9999","-9999","-9999","-9999","-9999","-9999","-9999"
"1546","437.114673","437.114768834","-9999","15191667","-9999","400295.4","160.73","-1","-9999","-9999","-9999","-9999","-9999","-9999","-9999","unassigned","N/A","-9999","-9999","N/A","-9999","-9999","-9999","-9999","-9999","-9999","-9999","-9999","-9999"
"1549","437.15107","437.15116582","-9999","12906114","-9999","408468.4","136.3","-1","-9999","-9999","-9999","-9999","-9999","-9999","-9999","unassigned","N/A","-9999","-9999","N/A","-9999","-9999","-9999","-9999","-9999","-9999","-9999","-9999","-9999"
"1550","437.187503","437.187598806","-9999","4866706","-9999","403677.2","50.36","-1","-9999","-9999","-9999","-9999","-9999","-9999","-9999","unassigned","N/A","-9999","-9999","N/A","-9999","-9999","-9999","-9999","-9999","-9999","-9999","-9999","-9999"
"1552","437.223893","437.223988792","-9999","892577.4","-9999","543769.2","7.88","-1","-9999","-9999","-9999","-9999","-9999","-9999","-9999","unassigned","N/A","-9999","-9999","N/A","-9999","-9999","-9999","-9999","-9999","-9999","-9999","-9999","-9999"
"1553","437.245097","437.245192784","-9999","1098922.4","-9999","507131.7","10.09","-1","-9999","-9999","-9999","-9999","-9999","-9999","-9999","unassigned","N/A","-9999","-9999","N/A","-9999","-9999","-9999","-9999","-9999","-9999","-9999","-9999","-9999"
"1558","438.10999","438.110085449","-9999","1199387.5","-9999","373031.2","11.16","-1","-9999","-9999","-9999","-9999","-9999","-9999","-9999","unassigned","N/A","-9999","-9999","N/A","-9999","-9999","-9999","-9999","-9999","-9999","-9999","-9999","-9999"
"1565","438.906582","438.906677141","-9999","897136.9","-9999","393742.6","7.92","-1","-9999","-9999","-9999","-9999","-9999","-9999","-9999","unassigned","N/A","-9999","-9999","N/A","-9999","-9999","-9999","-9999","-9999","-9999","-9999","-9999","-9999"
"1569","439.04966","439.049755086","-9999","1132206.4","-9999","364468.4","10.43","-1","-9999","-9999","-9999","-9999","-9999","-9999","-9999","unassigned","N/A","-9999","-9999","N/A","-9999","-9999","-9999","-9999","-9999","-9999","-9999","-9999","-9999"
"1579","439.130372","439.130467055","-9999","15466961","-9999","395374.3","163.67","-1","-9999","-9999","-9999","-9999","-9999","-9999","-9999","unassigned","N/A","-9999","-9999","N/A","-9999","-9999","-9999","-9999","-9999","-9999","-9999","-9999","-9999"
"1585","439.203151","439.203246027","-9999","2005488.5","-9999","407816.1","19.77","-1","-9999","-9999","-9999","-9999","-9999","-9999","-9999","unassigned","N/A","-9999","-9999","N/A","-9999","-9999","-9999","-9999","-9999","-9999","-9999","-9999","-9999"
"1598","440.952878","440.95297235","-9999","829925.3","-9999","516493.3","7.19","-1","-9999","-9999","-9999","-9999","-9999","-9999","-9999","unassigned","N/A","-9999","-9999","N/A","-9999","-9999","-9999","-9999","-9999","-9999","-9999","-9999","-9999"
"1603","441.052135","441.052229312","-9999","1920784.5","-9999","421305.2","18.85","-1","-9999","-9999","-9999","-9999","-9999","-9999","-9999","unassigned","N/A","-9999","-9999","N/A","-9999","-9999","-9999","-9999","-9999","-9999","-9999","-9999","-9999"
"1605","441.065361","441.065455307","-9999","1037846.3","-9999","429795.5","9.42","-1","-9999","-9999","-9999","-9999","-9999","-9999","-9999","unassigned","N/A","-9999","-9999","N/A","-9999","-9999","-9999","-9999","-9999","-9999","-9999","-9999","-9999"
"1611","441.101739","441.101833293","-9999","2620710","-9999","302222","26.34","-1","-9999","-9999","-9999","-9999","-9999","-9999","-9999","unassigned","N/A","-9999","-9999","N/A","-9999","-9999","-9999","-9999","-9999","-9999","-9999","-9999","-9999"
"1616","441.138095","441.138189279","-9999","3063093.8","-9999","390349.3","31.06","-1","-9999","-9999","-9999","-9999","-9999","-9999","-9999","unassigned","N/A","-9999","-9999","N/A","-9999","-9999","-9999","-9999","-9999","-9999","-9999","-9999","-9999"
"1634","442.177622","442.177715877","-9999","1032443.6","-9999","430299.7","9.35","-1","-9999","-9999","-9999","-9999","-9999","-9999","-9999","unassigned","N/A","-9999","-9999","N/A","-9999","-9999","-9999","-9999","-9999","-9999","-9999","-9999","-9999"
"1640","442.682672","442.682765681","-9999","1820632.9","-9999","469154","17.78","-1","-9999","-9999","-9999","-9999","-9999","-9999","-9999","unassigned","N/A","-9999","-9999","N/A","-9999","-9999","-9999","-9999","-9999","-9999","-9999","-9999","-9999"
"1652","443.081081","443.081174527","-9999","1863816","-9999","439768","18.24","-1","-9999","-9999","-9999","-9999","-9999","-9999","-9999","unassigned","N/A","-9999","-9999","N/A","-9999","-9999","-9999","-9999","-9999","-9999","-9999","-9999","-9999"
"1660","443.117368","443.117461513","-9999","4387992","-9999","393729.3","45.22","-1","-9999","-9999","-9999","-9999","-9999","-9999","-9999","unassigned","N/A","-9999","-9999","N/A","-9999","-9999","-9999","-9999","-9999","-9999","-9999","-9999","-9999"
"1668","443.153801","443.153894499","-9999","3028136","-9999","408571.2","30.68","-1","-9999","-9999","-9999","-9999","-9999","-9999","-9999","unassigned","N/A","-9999","-9999","N/A","-9999","-9999","-9999","-9999","-9999","-9999","-9999","-9999","-9999"
"1690","444.679775","444.679867909","-9999","1772874.4","-9999","465472.7","17.26","-1","-9999","-9999","-9999","-9999","-9999","-9999","-9999","unassigned","N/A","-9999","-9999","N/A","-9999","-9999","-9999","-9999","-9999","-9999","-9999","-9999","-9999"
"1701","445.096637","445.096729748","-9999","2588675.8","-9999","420736.4","24.94","-1","-9999","-9999","-9999","-9999","-9999","-9999","-9999","unassigned","N/A","-9999","-9999","N/A","-9999","-9999","-9999","-9999","-9999","-9999","-9999","-9999","-9999"
"1709","445.133051","445.133143734","-9999","4283412","-9999","408826.1","42.34","-1","-9999","-9999","-9999","-9999","-9999","-9999","-9999","unassigned","N/A","-9999","-9999","N/A","-9999","-9999","-9999","-9999","-9999","-9999","-9999","-9999","-9999"
"1712","445.169471","445.16956372","-9999","1850916","-9999","436991.5","17.37","-1","-9999","-9999","-9999","-9999","-9999","-9999","-9999","unassigned","N/A","-9999","-9999","N/A","-9999","-9999","-9999","-9999","-9999","-9999","-9999","-9999","-9999"
"1714","445.188552","445.188644713","-9999","984620.5","-9999","446154.9","8.48","-1","-9999","-9999","-9999","-9999","-9999","-9999","-9999","unassigned","N/A","-9999","-9999","N/A","-9999","-9999","-9999","-9999","-9999","-9999","-9999","-9999","-9999"
"1727","446.676756","446.676848137","-9999","1360069.6","-9999","363483.4","12.32","-1","-9999","-9999","-9999","-9999","-9999","-9999","-9999","unassigned","N/A","-9999","-9999","N/A","-9999","-9999","-9999","-9999","-9999","-9999","-9999","-9999","-9999"
"1740","447.112347","447.112438969","-9999","2627977.5","-9999","400077.8","25.34","-1","-9999","-9999","-9999","-9999","-9999","-9999","-9999","unassigned","N/A","-9999","-9999","N/A","-9999","-9999","-9999","-9999","-9999","-9999","-9999","-9999","-9999"
"1747","447.148715","447.148806955","-9999","2625945.8","-9999","401407.5","25.31","-1","-9999","-9999","-9999","-9999","-9999","-9999","-9999","unassigned","N/A","-9999","-9999","N/A","-9999","-9999","-9999","-9999","-9999","-9999","-9999","-9999","-9999"
"1754","447.229591","447.229682924","-9999","894398.1","-9999","373047.4","7.54","-1","-9999","-9999","-9999","-9999","-9999","-9999","-9999","unassigned","N/A","-9999","-9999","N/A","-9999","-9999","-9999","-9999","-9999","-9999","-9999","-9999","-9999"
"1776","449.164481","449.164572176","-9999","1504553.6","-9999","437720","13.8","-1","-9999","-9999","-9999","-9999","-9999","-9999","-9999","unassigned","N/A","-9999","-9999","N/A","-9999","-9999","-9999","-9999","-9999","-9999","-9999","-9999","-9999"
"1777","449.179858","449.17994917","-9999","1462320.6","-9999","454172.4","13.36","-1","-9999","-9999","-9999","-9999","-9999","-9999","-9999","unassigned","N/A","-9999","-9999","N/A","-9999","-9999","-9999","-9999","-9999","-9999","-9999","-9999","-9999"
"1782","449.24534","449.245431144","-9999","1501006.5","-9999","441725","13.76","-1","-9999","-9999","-9999","-9999","-9999","-9999","-9999","unassigned","N/A","-9999","-9999","N/A","-9999","-9999","-9999","-9999","-9999","-9999","-9999","-9999","-9999"
"1812","451.260973","451.261063365","-9999","1051112.8","-9999","490021.5","9.13","-1","-9999","-9999","-9999","-9999","-9999","-9999","-9999","unassigned","N/A","-9999","-9999","N/A","-9999","-9999","-9999","-9999","-9999","-9999","-9999","-9999","-9999"
"1835","453.138448","453.138537639","-9999","2634317","-9999","458000.1","25.37","-1","-9999","-9999","-9999","-9999","-9999","-9999","-9999","unassigned","N/A","-9999","-9999","N/A","-9999","-9999","-9999","-9999","-9999","-9999","-9999","-9999","-9999"
"1840","453.174746","453.174835625","-9999","1479261.8","-9999","524526.4","13.52","-1","-9999","-9999","-9999","-9999","-9999","-9999","-9999","unassigned","N/A","-9999","-9999","N/A","-9999","-9999","-9999","-9999","-9999","-9999","-9999","-9999","-9999"
"1847","453.240211","453.2403006","-9999","1288060.3","-9999","470968.6","11.55","-1","-9999","-9999","-9999","-9999","-9999","-9999","-9999","unassigned","N/A","-9999","-9999","N/A","-9999","-9999","-9999","-9999","-9999","-9999","-9999","-9999","-9999"
"1858","454.273285","454.273374201","-9999","885341.9","-9999","489506.7","7.42","-1","-9999","-9999","-9999","-9999","-9999","-9999","-9999","unassigned","N/A","-9999","-9999","N/A","-9999","-9999","-9999","-9999","-9999","-9999","-9999","-9999","-9999"
"1868","455.081019","455.081107888","-9999","2060248.4","-9999","305192","19.47","-1","-9999","-9999","-9999","-9999","-9999","-9999","-9999","unassigned","N/A","-9999","-9999","N/A","-9999","-9999","-9999","-9999","-9999","-9999","-9999","-9999","-9999"
"1879","455.154071","455.15415986","-9999","2889210.8","-9999","391820.9","27.98","-1","-9999","-9999","-9999","-9999","-9999","-9999","-9999","unassigned","N/A","-9999","-9999","N/A","-9999","-9999","-9999","-9999","-9999","-9999","-9999","-9999","-9999"
"1883","455.175137","455.175225852","-9999","1010436.5","-9999","490407","8.69","-1","-9999","-9999","-9999","-9999","-9999","-9999","-9999","unassigned","N/A","-9999","-9999","N/A","-9999","-9999","-9999","-9999","-9999","-9999","-9999","-9999","-9999"
"1916","457.133402","457.133490095","-9999","3786145.3","-9999","384094.4","35.55","-1","-9999","-9999","-9999","-9999","-9999","-9999","-9999","unassigned","N/A","-9999","-9999","N/A","-9999","-9999","-9999","-9999","-9999","-9999","-9999","-9999","-9999"
"1921","457.169814","457.169902081","-9999","2245042.5","-9999","431358.3","20.42","-1","-9999","-9999","-9999","-9999","-9999","-9999","-9999","unassigned","N/A","-9999","-9999","N/A","-9999","-9999","-9999","-9999","-9999","-9999","-9999","-9999","-9999"
"1923","457.190926","457.191014073","-9999","1325500.5","-9999","467556.8","11.4","-1","-9999","-9999","-9999","-9999","-9999","-9999","-9999","unassigned","N/A","-9999","-9999","N/A","-9999","-9999","-9999","-9999","-9999","-9999","-9999","-9999","-9999"
"1945","459.112682","459.11276933","-9999","3000145.5","-9999","367522.9","27.83","-1","-9999","-9999","-9999","-9999","-9999","-9999","-9999","unassigned","N/A","-9999","-9999","N/A","-9999","-9999","-9999","-9999","-9999","-9999","-9999","-9999","-9999"
"1956","459.185369","459.185456302","-9999","1258100.4","-9999","373382.8","10.73","-1","-9999","-9999","-9999","-9999","-9999","-9999","-9999","unassigned","N/A","-9999","-9999","N/A","-9999","-9999","-9999","-9999","-9999","-9999","-9999","-9999","-9999"
"1957","459.206343","459.206430294","-9999","1019774.4","-9999","567542.8","8.39","-1","-9999","-9999","-9999","-9999","-9999","-9999","-9999","unassigned","N/A","-9999","-9999","N/A","-9999","-9999","-9999","-9999","-9999","-9999","-9999","-9999","-9999"
"1965","460.809208","460.809294674","-9999","1294978.6","-9999","519900.2","11.08","-1","-9999","-9999","-9999","-9999","-9999","-9999","-9999","unassigned","N/A","-9999","-9999","N/A","-9999","-9999","-9999","-9999","-9999","-9999","-9999","-9999","-9999"
"1966","460.91281","460.912896634","-9999","910516.7","-9999","442896.1","7.31","-1","-9999","-9999","-9999","-9999","-9999","-9999","-9999","unassigned","N/A","-9999","-9999","N/A","-9999","-9999","-9999","-9999","-9999","-9999","-9999","-9999","-9999"
"1968","461.034045","461.034131587","-9999","1777903.4","-9999","396658","15.82","-1","-9999","-9999","-9999","-9999","-9999","-9999","-9999","unassigned","N/A","-9999","-9999","N/A","-9999","-9999","-9999","-9999","-9999","-9999","-9999","-9999","-9999"
"1990","461.164673","461.164759537","-9999","1579310.8","-9999","406607","13.87","-1","-9999","-9999","-9999","-9999","-9999","-9999","-9999","unassigned","N/A","-9999","-9999","N/A","-9999","-9999","-9999","-9999","-9999","-9999","-9999","-9999","-9999"
"1996","461.638736","461.638822353","-9999","1316884.8","-9999","478146.1","11.29","-1","-9999","-9999","-9999","-9999","-9999","-9999","-9999","unassigned","N/A","-9999","-9999","N/A","-9999","-9999","-9999","-9999","-9999","-9999","-9999","-9999","-9999"
"2004","462.807249","462.807334902","-9999","3520590","-9999","390162.7","32.92","-1","-9999","-9999","-9999","-9999","-9999","-9999","-9999","unassigned","N/A","-9999","-9999","N/A","-9999","-9999","-9999","-9999","-9999","-9999","-9999","-9999","-9999"
"2005","462.824814","462.824899895","-9999","885846.7","-9999","518563.9","7.06","-1","-9999","-9999","-9999","-9999","-9999","-9999","-9999","unassigned","N/A","-9999","-9999","N/A","-9999","-9999","-9999","-9999","-9999","-9999","-9999","-9999","-9999"
"2009","463.04971","463.049795808","-9999","2319044.8","-9999","306360.6","21.12","-1","-9999","-9999","-9999","-9999","-9999","-9999","-9999","unassigned","N/A","-9999","-9999","N/A","-9999","-9999","-9999","-9999","-9999","-9999","-9999","-9999","-9999"
"2040","464.805291","464.805376129","-9999","3653667.5","-9999","426408","34.21","-1","-9999","-9999","-9999","-9999","-9999","-9999","-9999","unassigned","N/A","-9999","-9999","N/A","-9999","-9999","-9999","-9999","-9999","-9999","-9999","-9999","-9999"
"2041","464.822885","464.822970122","-9999","2067500.3","-9999","357103.1","18.64","-1","-9999","-9999","-9999","-9999","-9999","-9999","-9999","unassigned","N/A","-9999","-9999","N/A","-9999","-9999","-9999","-9999","-9999","-9999","-9999","-9999","-9999"
"2073","466.242624","466.242708573","-9999","1097707.9","-9999","488297.5","9.12","-1","-9999","-9999","-9999","-9999","-9999","-9999","-9999","unassigned","N/A","-9999","-9999","N/A","-9999","-9999","-9999","-9999","-9999","-9999","-9999","-9999","-9999"
"2074","466.803348","466.803432357","-9999","978563.1","-9999","331735.5","7.95","-1","-9999","-9999","-9999","-9999","-9999","-9999","-9999","unassigned","N/A","-9999","-9999","N/A","-9999","-9999","-9999","-9999","-9999","-9999","-9999","-9999","-9999"
"2075","466.820991","466.82107535","-9999","2292747.8","-9999","435622.1","20.85","-1","-9999","-9999","-9999","-9999","-9999","-9999","-9999","unassigned","N/A","-9999","-9999","N/A","-9999","-9999","-9999","-9999","-9999","-9999","-9999","-9999","-9999"
"2107","467.632439","467.632523036","-9999","1064865.4","-9999","448694.2","8.79","-1","-9999","-9999","-9999","-9999","-9999","-9999","-9999","unassigned","N/A","-9999","-9999","N/A","-9999","-9999","-9999","-9999","-9999","-9999","-9999","-9999","-9999"
"2116","468.77342","468.773503595","-9999","1107678.4","-9999","396051.6","8.77","-1","-9999","-9999","-9999","-9999","-9999","-9999","-9999","unassigned","N/A","-9999","-9999","N/A","-9999","-9999","-9999","-9999","-9999","-9999","-9999","-9999","-9999"
"2148","469.284634","469.284717397","-9999","998112.1","-9999","420689.4","7.75","-1","-9999","-9999","-9999","-9999","-9999","-9999","-9999","unassigned","N/A","-9999","-9999","N/A","-9999","-9999","-9999","-9999","-9999","-9999","-9999","-9999","-9999"
"2149","469.630423","469.630506264","-9999","2701711","-9999","442123.7","23.68","-1","-9999","-9999","-9999","-9999","-9999","-9999","-9999","unassigned","N/A","-9999","-9999","N/A","-9999","-9999","-9999","-9999","-9999","-9999","-9999","-9999","-9999"
"2150","469.984441","469.984524127","-9999","5360194","-9999","380524.8","48.55","-1","-9999","-9999","-9999","-9999","-9999","-9999","-9999","unassigned","N/A","-9999","-9999","N/A","-9999","-9999","-9999","-9999","-9999","-9999","-9999","-9999","-9999"
"2162","470.771662","470.771744823","-9999","1215953.8","-9999","480655.1","9.78","-1","-9999","-9999","-9999","-9999","-9999","-9999","-9999","unassigned","N/A","-9999","-9999","N/A","-9999","-9999","-9999","-9999","-9999","-9999","-9999","-9999","-9999"
"2198","471.62728","471.627362492","-9999","1869190","-9999","551060.7","15.88","-1","-9999","-9999","-9999","-9999","-9999","-9999","-9999","unassigned","N/A","-9999","-9999","N/A","-9999","-9999","-9999","-9999","-9999","-9999","-9999","-9999","-9999"
"2199","471.628585","471.628667491","-9999","2537862.8","-9999","462082.1","22.14","-1","-9999","-9999","-9999","-9999","-9999","-9999","-9999","unassigned","N/A","-9999","-9999","N/A","-9999","-9999","-9999","-9999","-9999","-9999","-9999","-9999","-9999"
"2207","472.828496","472.828578027","-9999","1322477.5","-9999","423935.1","10.76","-1","-9999","-9999","-9999","-9999","-9999","-9999","-9999","unassigned","N/A","-9999","-9999","N/A","-9999","-9999","-9999","-9999","-9999","-9999","-9999","-9999","-9999"
"2242","473.625508","473.625589719","-9999","1545096","-9999","467422.4","12.84","-1","-9999","-9999","-9999","-9999","-9999","-9999","-9999","unassigned","N/A","-9999","-9999","N/A","-9999","-9999","-9999","-9999","-9999","-9999","-9999","-9999","-9999"
"2253","474.826377","474.826458255","-9999","1464309.5","-9999","472726.3","12.08","-1","-9999","-9999","-9999","-9999","-9999","-9999","-9999","unassigned","N/A","-9999","-9999","N/A","-9999","-9999","-9999","-9999","-9999","-9999","-9999","-9999","-9999"
"2295","476.805712","476.80579249","-9999","966910.3","-9999","432972","7.42","-1","-9999","-9999","-9999","-9999","-9999","-9999","-9999","unassigned","N/A","-9999","-9999","N/A","-9999","-9999","-9999","-9999","-9999","-9999","-9999","-9999","-9999"
"2325","478.821358","478.821437711","-9999","1178148.5","-9999","473917.8","9.38","-1","-9999","-9999","-9999","-9999","-9999","-9999","-9999","unassigned","N/A","-9999","-9999","N/A","-9999","-9999","-9999","-9999","-9999","-9999","-9999","-9999","-9999"
"2390","482.910069","482.91014713","-9999","1025969","-9999","375503.9","7.56","-1","-9999","-9999","-9999","-9999","-9999","-9999","-9999","unassigned","N/A","-9999","-9999","N/A","-9999","-9999","-9999","-9999","-9999","-9999","-9999","-9999","-9999"
"2513","488.823576","488.823651844","-9999","1781599.5","-9999","413612","14.27","-1","-9999","-9999","-9999","-9999","-9999","-9999","-9999","unassigned","N/A","-9999","-9999","N/A","-9999","-9999","-9999","-9999","-9999","-9999","-9999","-9999","-9999"
"2514","488.841326","488.841401837","-9999","1069417.4","-9999","488561.9","7.92","-1","-9999","-9999","-9999","-9999","-9999","-9999","-9999","unassigned","N/A","-9999","-9999","N/A","-9999","-9999","-9999","-9999","-9999","-9999","-9999","-9999","-9999"
"2545","489.276606","489.276681669","-9999","1097692.4","-9999","334493.5","8.17","-1","-9999","-9999","-9999","-9999","-9999","-9999","-9999","unassigned","N/A","-9999","-9999","N/A","-9999","-9999","-9999","-9999","-9999","-9999","-9999","-9999","-9999"
"2554","490.821539","490.821614072","-9999","1472958.6","-9999","416651","11.51","-1","-9999","-9999","-9999","-9999","-9999","-9999","-9999","unassigned","N/A","-9999","-9999","N/A","-9999","-9999","-9999","-9999","-9999","-9999","-9999","-9999","-9999"
"2555","490.839315","490.839390065","-9999","3949000.8","-9999","350362.7","33.58","-1","-9999","-9999","-9999","-9999","-9999","-9999","-9999","unassigned","N/A","-9999","-9999","N/A","-9999","-9999","-9999","-9999","-9999","-9999","-9999","-9999","-9999"
"2586","492.835226","492.835300293","-9999","974386.2","-9999","542911","7.06","-1","-9999","-9999","-9999","-9999","-9999","-9999","-9999","unassigned","N/A","-9999","-9999","N/A","-9999","-9999","-9999","-9999","-9999","-9999","-9999","-9999","-9999"
"2587","492.837336","492.837410292","-9999","3803699.5","-9999","366663.2","32.27","-1","-9999","-9999","-9999","-9999","-9999","-9999","-9999","unassigned","N/A","-9999","-9999","N/A","-9999","-9999","-9999","-9999","-9999","-9999","-9999","-9999","-9999"
"2613","494.835346","494.83541952","-9999","1254057.6","-9999","442335.8","9.08","-1","-9999","-9999","-9999","-9999","-9999","-9999","-9999","unassigned","N/A","-9999","-9999","N/A","-9999","-9999","-9999","-9999","-9999","-9999","-9999","-9999","-9999"
"2648","496.769234","496.769306772","-9999","2565894.5","-9999","419646.4","20.21","-1","-9999","-9999","-9999","-9999","-9999","-9999","-9999","unassigned","N/A","-9999","-9999","N/A","-9999","-9999","-9999","-9999","-9999","-9999","-9999","-9999","-9999"
"2686","498.767312","498.767384","-9999","2078611.9","-9999","429589.5","16.06","-1","-9999","-9999","-9999","-9999","-9999","-9999","-9999","unassigned","N/A","-9999","-9999","N/A","-9999","-9999","-9999","-9999","-9999","-9999","-9999","-9999","-9999"
"2726","500.642911","500.642982275","-9999","1288676.9","-9999","386269.8","9.35","-1","-9999","-9999","-9999","-9999","-9999","-9999","-9999","unassigned","N/A","-9999","-9999","N/A","-9999","-9999","-9999","-9999","-9999","-9999","-9999","-9999","-9999"
"2751","501.385533","501.385603988","-9999","1572765.1","-9999","356136.2","11.76","-1","-9999","-9999","-9999","-9999","-9999","-9999","-9999","unassigned","N/A","-9999","-9999","N/A","-9999","-9999","-9999","-9999","-9999","-9999","-9999","-9999","-9999"
"2754","501.594293","501.594363907","-9999","1621529.4","-9999","397233","12.17","-1","-9999","-9999","-9999","-9999","-9999","-9999","-9999","unassigned","N/A","-9999","-9999","N/A","-9999","-9999","-9999","-9999","-9999","-9999","-9999","-9999","-9999"
"2760","502.640014","502.640084503","-9999","1349769","-9999","331906.4","9.86","-1","-9999","-9999","-9999","-9999","-9999","-9999","-9999","unassigned","N/A","-9999","-9999","N/A","-9999","-9999","-9999","-9999","-9999","-9999","-9999","-9999","-9999"
"2788","503.587326","503.587396137","-9999","1179328.9","-9999","350493.1","8.41","-1","-9999","-9999","-9999","-9999","-9999","-9999","-9999","unassigned","N/A","-9999","-9999","N/A","-9999","-9999","-9999","-9999","-9999","-9999","-9999","-9999","-9999"
"2789","503.591063","503.591133135","-9999","1231043.1","-9999","641451.2","8.85","-1","-9999","-9999","-9999","-9999","-9999","-9999","-9999","unassigned","N/A","-9999","-9999","N/A","-9999","-9999","-9999","-9999","-9999","-9999","-9999","-9999","-9999"
"2790","503.592459","503.592529135","-9999","4213444","-9999","406266.9","34.16","-1","-9999","-9999","-9999","-9999","-9999","-9999","-9999","unassigned","N/A","-9999","-9999","N/A","-9999","-9999","-9999","-9999","-9999","-9999","-9999","-9999","-9999"
"2797","504.601194","504.601263745","-9999","2141987.8","-9999","374023.3","16.57","-1","-9999","-9999","-9999","-9999","-9999","-9999","-9999","unassigned","N/A","-9999","-9999","N/A","-9999","-9999","-9999","-9999","-9999","-9999","-9999","-9999","-9999"
"2798","504.636991","504.637060731","-9999","1397561.3","-9999","387151","10.25","-1","-9999","-9999","-9999","-9999","-9999","-9999","-9999","unassigned","N/A","-9999","-9999","N/A","-9999","-9999","-9999","-9999","-9999","-9999","-9999","-9999","-9999"
"2821","505.585311","505.585380364","-9999","1097079.6","-9999","304839.8","7.7","-1","-9999","-9999","-9999","-9999","-9999","-9999","-9999","unassigned","N/A","-9999","-9999","N/A","-9999","-9999","-9999","-9999","-9999","-9999","-9999","-9999","-9999"
"2822","505.587095","505.587164363","-9999","1059960.8","-9999","504289.4","7.38","-1","-9999","-9999","-9999","-9999","-9999","-9999","-9999","unassigned","N/A","-9999","-9999","N/A","-9999","-9999","-9999","-9999","-9999","-9999","-9999","-9999","-9999"
"2823","505.588162","505.588231363","-9999","1634169.4","-9999","664134.4","12.26","-1","-9999","-9999","-9999","-9999","-9999","-9999","-9999","unassigned","N/A","-9999","-9999","N/A","-9999","-9999","-9999","-9999","-9999","-9999","-9999","-9999","-9999"
"2824","505.589304","505.589373363","-9999","3250042","-9999","516546.8","25.97","-1","-9999","-9999","-9999","-9999","-9999","-9999","-9999","unassigned","N/A","-9999","-9999","N/A","-9999","-9999","-9999","-9999","-9999","-9999","-9999","-9999","-9999"
"2825","505.590585","505.590654362","-9999","4149114.8","-9999","435241","33.61","-1","-9999","-9999","-9999","-9999","-9999","-9999","-9999","unassigned","N/A","-9999","-9999","N/A","-9999","-9999","-9999","-9999","-9999","-9999","-9999","-9999","-9999"
"2834","506.599288","506.599356972","-9999","2294240.8","-9999","404429.1","17.86","-1","-9999","-9999","-9999","-9999","-9999","-9999","-9999","unassigned","N/A","-9999","-9999","N/A","-9999","-9999","-9999","-9999","-9999","-9999","-9999","-9999","-9999"
"2852","507.586084","507.586152591","-9999","1892412.4","-9999","428250.7","14.44","-1","-9999","-9999","-9999","-9999","-9999","-9999","-9999","unassigned","N/A","-9999","-9999","N/A","-9999","-9999","-9999","-9999","-9999","-9999","-9999","-9999","-9999"
"2853","507.587432","507.58750059","-9999","3511357.3","-9999","436275.3","28.18","-1","-9999","-9999","-9999","-9999","-9999","-9999","-9999","unassigned","N/A","-9999","-9999","N/A","-9999","-9999","-9999","-9999","-9999","-9999","-9999","-9999","-9999"
"2854","507.588715","507.58878359","-9999","1731134.1","-9999","587482.1","13.07","-1","-9999","-9999","-9999","-9999","-9999","-9999","-9999","unassigned","N/A","-9999","-9999","N/A","-9999","-9999","-9999","-9999","-9999","-9999","-9999","-9999","-9999"
"2860","508.597267","508.5973352","-9999","1651370.1","-9999","401913.2","12.39","-1","-9999","-9999","-9999","-9999","-9999","-9999","-9999","unassigned","N/A","-9999","-9999","N/A","-9999","-9999","-9999","-9999","-9999","-9999","-9999","-9999","-9999"
"2880","509.585683","509.585750818","-9999","1165837","-9999","299336.8","7.86","-1","-9999","-9999","-9999","-9999","-9999","-9999","-9999","unassigned","N/A","-9999","-9999","N/A","-9999","-9999","-9999","-9999","-9999","-9999","-9999","-9999","-9999"
"2888","510.829705","510.829772337","-9999","1110546.3","-9999","408075.6","7.41","-1","-9999","-9999","-9999","-9999","-9999","-9999","-9999","unassigned","N/A","-9999","-9999","N/A","-9999","-9999","-9999","-9999","-9999","-9999","-9999","-9999","-9999"
"2921","512.724234","512.724300604","-9999","3433653.5","-9999","366866.4","26.18","-1","-9999","-9999","-9999","-9999","-9999","-9999","-9999","unassigned","N/A","-9999","-9999","N/A","-9999","-9999","-9999","-9999","-9999","-9999","-9999","-9999","-9999"
"2922","512.827721","512.827787564","-9999","1261302.6","-9999","398370.6","8.62","-1","-9999","-9999","-9999","-9999","-9999","-9999","-9999","unassigned","N/A","-9999","-9999","N/A","-9999","-9999","-9999","-9999","-9999","-9999","-9999","-9999","-9999"
"2952","513.581114","513.581180273","-9999","1699026.1","-9999","406720.1","12.15","-1","-9999","-9999","-9999","-9999","-9999","-9999","-9999","unassigned","N/A","-9999","-9999","N/A","-9999","-9999","-9999","-9999","-9999","-9999","-9999","-9999","-9999"
"2959","514.722273","514.722338832","-9999","5195174","-9999","364468.9","40.4","-1","-9999","-9999","-9999","-9999","-9999","-9999","-9999","unassigned","N/A","-9999","-9999","N/A","-9999","-9999","-9999","-9999","-9999","-9999","-9999","-9999","-9999"
"2989","515.579262","515.579327501","-9999","2351560.3","-9999","348906","17.42","-1","-9999","-9999","-9999","-9999","-9999","-9999","-9999","unassigned","N/A","-9999","-9999","N/A","-9999","-9999","-9999","-9999","-9999","-9999","-9999","-9999","-9999"
"2996","516.720326","516.720391059","-9999","3176099.3","-9999","360032.8","24.07","-1","-9999","-9999","-9999","-9999","-9999","-9999","-9999","unassigned","N/A","-9999","-9999","N/A","-9999","-9999","-9999","-9999","-9999","-9999","-9999","-9999","-9999"
"2997","516.819134","516.819199021","-9999","1336034.9","-9999","397175.4","9.2","-1","-9999","-9999","-9999","-9999","-9999","-9999","-9999","unassigned","N/A","-9999","-9999","N/A","-9999","-9999","-9999","-9999","-9999","-9999","-9999","-9999","-9999"
"3025","517.575864","517.575928729","-9999","1181898.3","-9999","637593.4","7.95","-1","-9999","-9999","-9999","-9999","-9999","-9999","-9999","unassigned","N/A","-9999","-9999","N/A","-9999","-9999","-9999","-9999","-9999","-9999","-9999","-9999","-9999"
"3026","517.577276","517.577340728","-9999","2024651.1","-9999","489018.1","14.76","-1","-9999","-9999","-9999","-9999","-9999","-9999","-9999","unassigned","N/A","-9999","-9999","N/A","-9999","-9999","-9999","-9999","-9999","-9999","-9999","-9999","-9999"
"3033","518.817382","518.817446249","-9999","1169646.1","-9999","405780.2","7.85","-1","-9999","-9999","-9999","-9999","-9999","-9999","-9999","unassigned","N/A","-9999","-9999","N/A","-9999","-9999","-9999","-9999","-9999","-9999","-9999","-9999","-9999"
"3034","518.834849","518.834913242","-9999","1088761.5","-9999","409810.4","7.19","-1","-9999","-9999","-9999","-9999","-9999","-9999","-9999","unassigned","N/A","-9999","-9999","N/A","-9999","-9999","-9999","-9999","-9999","-9999","-9999","-9999","-9999"
"3068","520.833206","520.833269469","-9999","1215762.3","-9999","417438","8.21","-1","-9999","-9999","-9999","-9999","-9999","-9999","-9999","unassigned","N/A","-9999","-9999","N/A","-9999","-9999","-9999","-9999","-9999","-9999","-9999","-9999","-9999"
"3095","522.708959","522.709021744","-9999","2054631","-9999","378065.2","14.98","-1","-9999","-9999","-9999","-9999","-9999","-9999","-9999","unassigned","N/A","-9999","-9999","N/A","-9999","-9999","-9999","-9999","-9999","-9999","-9999","-9999","-9999"
"3096","522.785805","522.785867715","-9999","1515034","-9999","380568.8","10.62","-1","-9999","-9999","-9999","-9999","-9999","-9999","-9999","unassigned","N/A","-9999","-9999","N/A","-9999","-9999","-9999","-9999","-9999","-9999","-9999","-9999","-9999"
"3097","522.803152","522.803214708","-9999","1409573.5","-9999","401296.4","9.77","-1","-9999","-9999","-9999","-9999","-9999","-9999","-9999","unassigned","N/A","-9999","-9999","N/A","-9999","-9999","-9999","-9999","-9999","-9999","-9999","-9999","-9999"
"3127","524.706883","524.706944972","-9999","3062553.5","-9999","384752.3","21.97","-1","-9999","-9999","-9999","-9999","-9999","-9999","-9999","unassigned","N/A","-9999","-9999","N/A","-9999","-9999","-9999","-9999","-9999","-9999","-9999","-9999","-9999"
"3128","524.783651","524.783712942","-9999","1520972.9","-9999","331831.6","10.13","-1","-9999","-9999","-9999","-9999","-9999","-9999","-9999","unassigned","N/A","-9999","-9999","N/A","-9999","-9999","-9999","-9999","-9999","-9999","-9999","-9999","-9999"
"3129","524.795748","524.795809938","-9999","1172309.1","-9999","319218.7","7.45","-1","-9999","-9999","-9999","-9999","-9999","-9999","-9999","unassigned","N/A","-9999","-9999","N/A","-9999","-9999","-9999","-9999","-9999","-9999","-9999","-9999","-9999"
"3130","524.801353","524.801414935","-9999","4184920.8","-9999","323234.8","30.59","-1","-9999","-9999","-9999","-9999","-9999","-9999","-9999","unassigned","N/A","-9999","-9999","N/A","-9999","-9999","-9999","-9999","-9999","-9999","-9999","-9999","-9999"
"3170","526.705117","526.705178199","-9999","2056793.8","-9999","373560.3","14.23","-1","-9999","-9999","-9999","-9999","-9999","-9999","-9999","unassigned","N/A","-9999","-9999","N/A","-9999","-9999","-9999","-9999","-9999","-9999","-9999","-9999","-9999"
"3171","526.740264","526.740325186","-9999","1667697.6","-9999","406312.9","11.25","-1","-9999","-9999","-9999","-9999","-9999","-9999","-9999","unassigned","N/A","-9999","-9999","N/A","-9999","-9999","-9999","-9999","-9999","-9999","-9999","-9999","-9999"
"3172","526.799387","526.799448163","-9999","4175001.5","-9999","353103.8","30.51","-1","-9999","-9999","-9999","-9999","-9999","-9999","-9999","unassigned","N/A","-9999","-9999","N/A","-9999","-9999","-9999","-9999","-9999","-9999","-9999","-9999","-9999"
"3208","528.683142","528.683202435","-9999","1153178.1","-9999","388795.7","7.28","-1","-9999","-9999","-9999","-9999","-9999","-9999","-9999","unassigned","N/A","-9999","-9999","N/A","-9999","-9999","-9999","-9999","-9999","-9999","-9999","-9999","-9999"
"3209","528.738332","528.738392413","-9999","2116543.8","-9999","354459.9","14.68","-1","-9999","-9999","-9999","-9999","-9999","-9999","-9999","unassigned","N/A","-9999","-9999","N/A","-9999","-9999","-9999","-9999","-9999","-9999","-9999","-9999","-9999"
"3210","528.796237","528.796297391","-9999","1180647.3","-9999","329436.1","7.49","-1","-9999","-9999","-9999","-9999","-9999","-9999","-9999","unassigned","N/A","-9999","-9999","N/A","-9999","-9999","-9999","-9999","-9999","-9999","-9999","-9999","-9999"
"3211","528.79752800000006","528.797588391","-9999","1378280.1","-9999","359601.5","9.01","-1","-9999","-9999","-9999","-9999","-9999","-9999","-9999","unassigned","N/A","-9999","-9999","N/A","-9999","-9999","-9999","-9999","-9999","-9999","-9999","-9999","-9999"
"3212","528.947735","528.947795333","-9999","4318799","-9999","314972.4","31.6","-1","-9999","-9999","-9999","-9999","-9999","-9999","-9999","unassigned","N/A","-9999","-9999","N/A","-9999","-9999","-9999","-9999","-9999","-9999","-9999","-9999","-9999"
"3213","528.9507","528.950760331","-9999","2568785","-9999","343904.7","18.16","-1","-9999","-9999","-9999","-9999","-9999","-9999","-9999","unassigned","N/A","-9999","-9999","N/A","-9999","-9999","-9999","-9999","-9999","-9999","-9999","-9999","-9999"
"3241","529.947231","529.947290946","-9999","1269500.1","-9999","374310.2","8.17","-1","-9999","-9999","-9999","-9999","-9999","-9999","-9999","unassigned","N/A","-9999","-9999","N/A","-9999","-9999","-9999","-9999","-9999","-9999","-9999","-9999","-9999"
"3242","529.95284","529.952899944","-9999","5330176","-9999","331001.4","39.36","-1","-9999","-9999","-9999","-9999","-9999","-9999","-9999","unassigned","N/A","-9999","-9999","N/A","-9999","-9999","-9999","-9999","-9999","-9999","-9999","-9999","-9999"
"3248","530.68126","530.681319662","-9999","1673461.8","-9999","357920.4","11.27","-1","-9999","-9999","-9999","-9999","-9999","-9999","-9999","unassigned","N/A","-9999","-9999","N/A","-9999","-9999","-9999","-9999","-9999","-9999","-9999","-9999","-9999"
"3249","530.69886","530.698919656","-9999","2719490","-9999","337300.1","19.3","-1","-9999","-9999","-9999","-9999","-9999","-9999","-9999","unassigned","N/A","-9999","-9999","N/A","-9999","-9999","-9999","-9999","-9999","-9999","-9999","-9999","-9999"
"3250","530.736457","530.736516641","-9999","1220379.8","-9999","332703.2","7.79","-1","-9999","-9999","-9999","-9999","-9999","-9999","-9999","unassigned","N/A","-9999","-9999","N/A","-9999","-9999","-9999","-9999","-9999","-9999","-9999","-9999","-9999"
"3251","530.798953","530.799012617","-9999","1176391","-9999","390036.4","7.45","-1","-9999","-9999","-9999","-9999","-9999","-9999","-9999","unassigned","N/A","-9999","-9999","N/A","-9999","-9999","-9999","-9999","-9999","-9999","-9999","-9999","-9999"
"3280","532.696943","532.697001883","-9999","4135019.5","-9999","357163.6","30.17","-1","-9999","-9999","-9999","-9999","-9999","-9999","-9999","unassigned","N/A","-9999","-9999","N/A","-9999","-9999","-9999","-9999","-9999","-9999","-9999","-9999","-9999"
"3311","534.694978","534.695036111","-9999","3073507.5","-9999","357412.5","22","-1","-9999","-9999","-9999","-9999","-9999","-9999","-9999","unassigned","N/A","-9999","-9999","N/A","-9999","-9999","-9999","-9999","-9999","-9999","-9999","-9999","-9999"
"3312","534.830305","534.830363058","-9999","1216834.6","-9999","350009","7.74","-1","-9999","-9999","-9999","-9999","-9999","-9999","-9999","unassigned","N/A","-9999","-9999","N/A","-9999","-9999","-9999","-9999","-9999","-9999","-9999","-9999","-9999"
"3336","536.828303","536.828360286","-9999","1185737.8","-9999","401725","7.49","-1","-9999","-9999","-9999","-9999","-9999","-9999","-9999","unassigned","N/A","-9999","-9999","N/A","-9999","-9999","-9999","-9999","-9999","-9999","-9999","-9999","-9999"
"3361","538.721879","538.721935554","-9999","1644820.1","-9999","442822.8","11.01","-1","-9999","-9999","-9999","-9999","-9999","-9999","-9999","unassigned","N/A","-9999","-9999","N/A","-9999","-9999","-9999","-9999","-9999","-9999","-9999","-9999","-9999"
"3386","540.174253","540.174308993","-9999","1335083.5","-9999","394280.3","8.18","-1","-9999","-9999","-9999","-9999","-9999","-9999","-9999","unassigned","N/A","-9999","-9999","N/A","-9999","-9999","-9999","-9999","-9999","-9999","-9999","-9999","-9999"
"3389","540.702207","540.702262788","-9999","1698986.1","-9999","341347.4","10.84","-1","-9999","-9999","-9999","-9999","-9999","-9999","-9999","unassigned","N/A","-9999","-9999","N/A","-9999","-9999","-9999","-9999","-9999","-9999","-9999","-9999","-9999"
"3390","540.71434","540.714395784","-9999","1559731","-9999","351742.3","9.82","-1","-9999","-9999","-9999","-9999","-9999","-9999","-9999","unassigned","N/A","-9999","-9999","N/A","-9999","-9999","-9999","-9999","-9999","-9999","-9999","-9999","-9999"
"3391","540.7175","540.717555782","-9999","1279157.3","-9999","564023.5","7.77","-1","-9999","-9999","-9999","-9999","-9999","-9999","-9999","unassigned","N/A","-9999","-9999","N/A","-9999","-9999","-9999","-9999","-9999","-9999","-9999","-9999","-9999"
"3392","540.719963","540.720018782","-9999","5487287","-9999","346308.6","38.47","-1","-9999","-9999","-9999","-9999","-9999","-9999","-9999","unassigned","N/A","-9999","-9999","N/A","-9999","-9999","-9999","-9999","-9999","-9999","-9999","-9999","-9999"
"3393","540.756403","540.756458767","-9999","2603217.5","-9999","308294.5","17.43","-1","-9999","-9999","-9999","-9999","-9999","-9999","-9999","unassigned","N/A","-9999","-9999","N/A","-9999","-9999","-9999","-9999","-9999","-9999","-9999","-9999","-9999"
"3424","542.700298","542.700353016","-9999","1195611","-9999","382469","7.15","-1","-9999","-9999","-9999","-9999","-9999","-9999","-9999","unassigned","N/A","-9999","-9999","N/A","-9999","-9999","-9999","-9999","-9999","-9999","-9999","-9999","-9999"
"3425","542.712168","542.712223011","-9999","2748515.8","-9999","358135.4","18.48","-1","-9999","-9999","-9999","-9999","-9999","-9999","-9999","unassigned","N/A","-9999","-9999","N/A","-9999","-9999","-9999","-9999","-9999","-9999","-9999","-9999","-9999"
"3426","542.718064","542.718119009","-9999","8337512","-9999","332312.8","59.25","-1","-9999","-9999","-9999","-9999","-9999","-9999","-9999","unassigned","N/A","-9999","-9999","N/A","-9999","-9999","-9999","-9999","-9999","-9999","-9999","-9999","-9999"
"3427","542.754349","542.754403995","-9999","3787906.5","-9999","318324.9","26.06","-1","-9999","-9999","-9999","-9999","-9999","-9999","-9999","unassigned","N/A","-9999","-9999","N/A","-9999","-9999","-9999","-9999","-9999","-9999","-9999","-9999","-9999"
"3458","543.721178","543.721232621","-9999","1578824.9","-9999","363719.6","9.94","-1","-9999","-9999","-9999","-9999","-9999","-9999","-9999","unassigned","N/A","-9999","-9999","N/A","-9999","-9999","-9999","-9999","-9999","-9999","-9999","-9999","-9999"
"3463","544.710233","544.710287239","-9999","1559074.6","-9999","331703.1","9.79","-1","-9999","-9999","-9999","-9999","-9999","-9999","-9999","unassigned","N/A","-9999","-9999","N/A","-9999","-9999","-9999","-9999","-9999","-9999","-9999","-9999","-9999"
"3464","544.716029","544.716083237","-9999","5378599","-9999","327576.2","37.66","-1","-9999","-9999","-9999","-9999","-9999","-9999","-9999","unassigned","N/A","-9999","-9999","N/A","-9999","-9999","-9999","-9999","-9999","-9999","-9999","-9999","-9999"
"3465","544.733878","544.73393223","-9999","1275956.1","-9999","432084.3","7.73","-1","-9999","-9999","-9999","-9999","-9999","-9999","-9999","unassigned","N/A","-9999","-9999","N/A","-9999","-9999","-9999","-9999","-9999","-9999","-9999","-9999","-9999"
"3466","544.752382","544.752436223","-9999","2658369.8","-9999","318268.7","17.81","-1","-9999","-9999","-9999","-9999","-9999","-9999","-9999","unassigned","N/A","-9999","-9999","N/A","-9999","-9999","-9999","-9999","-9999","-9999","-9999","-9999","-9999"
"3490","545.545205","545.545258916","-9999","1675405.1","-9999","351623.9","10.64","-1","-9999","-9999","-9999","-9999","-9999","-9999","-9999","unassigned","N/A","-9999","-9999","N/A","-9999","-9999","-9999","-9999","-9999","-9999","-9999","-9999","-9999"
"3493","546.713956","546.714009464","-9999","1245939.1","-9999","345921.9","7.5","-1","-9999","-9999","-9999","-9999","-9999","-9999","-9999","unassigned","N/A","-9999","-9999","N/A","-9999","-9999","-9999","-9999","-9999","-9999","-9999","-9999","-9999"
"3494","546.732005","546.732058457","-9999","1206784.8","-9999","247724.9","7.21","-1","-9999","-9999","-9999","-9999","-9999","-9999","-9999","unassigned","N/A","-9999","-9999","N/A","-9999","-9999","-9999","-9999","-9999","-9999","-9999","-9999","-9999"
"3495","546.737269","546.737322455","-9999","4383748.5","-9999","344729.8","30.39","-1","-9999","-9999","-9999","-9999","-9999","-9999","-9999","unassigned","N/A","-9999","-9999","N/A","-9999","-9999","-9999","-9999","-9999","-9999","-9999","-9999","-9999"
"3496","546.743164","546.74321745300006","-9999","12772361","-9999","328761.3","91.58","-1","-9999","-9999","-9999","-9999","-9999","-9999","-9999","unassigned","N/A","-9999","-9999","N/A","-9999","-9999","-9999","-9999","-9999","-9999","-9999","-9999","-9999"
"3520","547.53746","547.537513146","-9999","1771610.9","-9999","314315.3","11.33","-1","-9999","-9999","-9999","-9999","-9999","-9999","-9999","unassigned","N/A","-9999","-9999","N/A","-9999","-9999","-9999","-9999","-9999","-9999","-9999","-9999","-9999"
"3521","547.540218","547.540271145","-9999","1524317","-9999","530539.9","9.52","-1","-9999","-9999","-9999","-9999","-9999","-9999","-9999","unassigned","N/A","-9999","-9999","N/A","-9999","-9999","-9999","-9999","-9999","-9999","-9999","-9999","-9999"
"3522","547.543127","547.543180144","-9999","6895199","-9999","334348.4","48.7","-1","-9999","-9999","-9999","-9999","-9999","-9999","-9999","unassigned","N/A","-9999","-9999","N/A","-9999","-9999","-9999","-9999","-9999","-9999","-9999","-9999","-9999"
"3523","547.746778","547.746831065","-9999","1711351.8","-9999","406371.4","10.89","-1","-9999","-9999","-9999","-9999","-9999","-9999","-9999","unassigned","N/A","-9999","-9999","N/A","-9999","-9999","-9999","-9999","-9999","-9999","-9999","-9999","-9999"
"3545","549.535398","549.535450374","-9999","2927674","-9999","310280.5","19.75","-1","-9999","-9999","-9999","-9999","-9999","-9999","-9999","unassigned","N/A","-9999","-9999","N/A","-9999","-9999","-9999","-9999","-9999","-9999","-9999","-9999","-9999"
"3546","549.538558","549.538610372","-9999","2665532.5","-9999","595869.7","17.84","-1","-9999","-9999","-9999","-9999","-9999","-9999","-9999","unassigned","N/A","-9999","-9999","N/A","-9999","-9999","-9999","-9999","-9999","-9999","-9999","-9999","-9999"
"3547","549.541213","549.541265371","-9999","9878591","-9999","309796.1","70.46","-1","-9999","-9999","-9999","-9999","-9999","-9999","-9999","unassigned","N/A","-9999","-9999","N/A","-9999","-9999","-9999","-9999","-9999","-9999","-9999","-9999","-9999"
"3576","551.535405","551.5354566","-9999","1599015.8","-9999","619055.7","10.05","-1","-9999","-9999","-9999","-9999","-9999","-9999","-9999","unassigned","N/A","-9999","-9999","N/A","-9999","-9999","-9999","-9999","-9999","-9999","-9999","-9999","-9999"
"3577","551.53673","551.5367816","-9999","1913384.9","-9999","385681.2","12.34","-1","-9999","-9999","-9999","-9999","-9999","-9999","-9999","unassigned","N/A","-9999","-9999","N/A","-9999","-9999","-9999","-9999","-9999","-9999","-9999","-9999","-9999"
"3578","551.538196","551.538247599","-9999","5917226","-9999","322448.7","41.55","-1","-9999","-9999","-9999","-9999","-9999","-9999","-9999","unassigned","N/A","-9999","-9999","N/A","-9999","-9999","-9999","-9999","-9999","-9999","-9999","-9999","-9999"
"3579","551.539388","551.539439599","-9999","5798443","-9999","350497.8","40.68","-1","-9999","-9999","-9999","-9999","-9999","-9999","-9999","unassigned","N/A","-9999","-9999","N/A","-9999","-9999","-9999","-9999","-9999","-9999","-9999","-9999","-9999"
"3607","553.534675","553.534725828","-9999","1376290","-9999","402549.9","8.41","-1","-9999","-9999","-9999","-9999","-9999","-9999","-9999","unassigned","N/A","-9999","-9999","N/A","-9999","-9999","-9999","-9999","-9999","-9999","-9999","-9999","-9999"
"3608","553.536215","553.536265827","-9999","3652643","-9999","348220","25.02","-1","-9999","-9999","-9999","-9999","-9999","-9999","-9999","unassigned","N/A","-9999","-9999","N/A","-9999","-9999","-9999","-9999","-9999","-9999","-9999","-9999","-9999"
"3609","553.537518","553.537568826","-9999","2002468.1","-9999","389654.2","12.98","-1","-9999","-9999","-9999","-9999","-9999","-9999","-9999","unassigned","N/A","-9999","-9999","N/A","-9999","-9999","-9999","-9999","-9999","-9999","-9999","-9999","-9999"
"3646","556.734203","556.734252591","-9999","1208780.8","-9999","385901.3","7.17","-1","-9999","-9999","-9999","-9999","-9999","-9999","-9999","unassigned","N/A","-9999","-9999","N/A","-9999","-9999","-9999","-9999","-9999","-9999","-9999","-9999","-9999"
"3647","556.770411","556.770460577","-9999","1499112.9","-9999","322003.1","9.29","-1","-9999","-9999","-9999","-9999","-9999","-9999","-9999","unassigned","N/A","-9999","-9999","N/A","-9999","-9999","-9999","-9999","-9999","-9999","-9999","-9999","-9999"
"3669","557.734501","557.734550204","-9999","2347736.8","-9999","294902.4","14.68","-1","-9999","-9999","-9999","-9999","-9999","-9999","-9999","unassigned","N/A","-9999","-9999","N/A","-9999","-9999","-9999","-9999","-9999","-9999","-9999","-9999","-9999"
"3672","558.2361","558.23614901","-9999","1274465.3","-9999","304401.2","7.25","-1","-9999","-9999","-9999","-9999","-9999","-9999","-9999","unassigned","N/A","-9999","-9999","N/A","-9999","-9999","-9999","-9999","-9999","-9999","-9999","-9999","-9999"
"3675","558.603288","558.603336868","-9999","1293697","-9999","398099.8","7.38","-1","-9999","-9999","-9999","-9999","-9999","-9999","-9999","unassigned","N/A","-9999","-9999","N/A","-9999","-9999","-9999","-9999","-9999","-9999","-9999","-9999","-9999"
"3702","560.600462","560.600510096","-9999","1708964.9","-9999","359564.6","10.25","-1","-9999","-9999","-9999","-9999","-9999","-9999","-9999","unassigned","N/A","-9999","-9999","N/A","-9999","-9999","-9999","-9999","-9999","-9999","-9999","-9999","-9999"
"3723","562.597497","562.597544324","-9999","1515988.5","-9999","405175.8","8.9","-1","-9999","-9999","-9999","-9999","-9999","-9999","-9999","unassigned","N/A","-9999","-9999","N/A","-9999","-9999","-9999","-9999","-9999","-9999","-9999","-9999","-9999"
"3724","562.700496","562.700543284","-9999","2145830.5","-9999","343649.7","13.26","-1","-9999","-9999","-9999","-9999","-9999","-9999","-9999","unassigned","N/A","-9999","-9999","N/A","-9999","-9999","-9999","-9999","-9999","-9999","-9999","-9999","-9999"
"3772","566.736483","566.736528724","-9999","2040523","-9999","359549.5","12.51","-1","-9999","-9999","-9999","-9999","-9999","-9999","-9999","unassigned","N/A","-9999","-9999","N/A","-9999","-9999","-9999","-9999","-9999","-9999","-9999","-9999","-9999"
"3773","566.754093","566.754138717","-9999","1926361.3","-9999","413498.9","11.72","-1","-9999","-9999","-9999","-9999","-9999","-9999","-9999","unassigned","N/A","-9999","-9999","N/A","-9999","-9999","-9999","-9999","-9999","-9999","-9999","-9999","-9999"
"3790","568.73457","568.734614951","-9999","3482398.3","-9999","325772.9","22.48","-1","-9999","-9999","-9999","-9999","-9999","-9999","-9999","unassigned","N/A","-9999","-9999","N/A","-9999","-9999","-9999","-9999","-9999","-9999","-9999","-9999","-9999"
"3791","568.745953","568.745997947","-9999","3702567.5","-9999","336351.1","24","-1","-9999","-9999","-9999","-9999","-9999","-9999","-9999","unassigned","N/A","-9999","-9999","N/A","-9999","-9999","-9999","-9999","-9999","-9999","-9999","-9999","-9999"
"3792","568.749149","568.749193946","-9999","1532202","-9999","408125.6","8.98","-1","-9999","-9999","-9999","-9999","-9999","-9999","-9999","unassigned","N/A","-9999","-9999","N/A","-9999","-9999","-9999","-9999","-9999","-9999","-9999","-9999","-9999"
"3793","568.752187","568.752231945","-9999","9006892","-9999","324382.9","60.72","-1","-9999","-9999","-9999","-9999","-9999","-9999","-9999","unassigned","N/A","-9999","-9999","N/A","-9999","-9999","-9999","-9999","-9999","-9999","-9999","-9999","-9999"
"3794","568.788581","568.788625931","-9999","1258826.3","-9999","384748.7","7.09","-1","-9999","-9999","-9999","-9999","-9999","-9999","-9999","unassigned","N/A","-9999","-9999","N/A","-9999","-9999","-9999","-9999","-9999","-9999","-9999","-9999","-9999"
"3819","569.755441","569.755485557","-9999","1593949.8","-9999","381028.3","9.4","-1","-9999","-9999","-9999","-9999","-9999","-9999","-9999","unassigned","N/A","-9999","-9999","N/A","-9999","-9999","-9999","-9999","-9999","-9999","-9999","-9999","-9999"
"3823","570.73259","570.732634179","-9999","2203004","-9999","316597.7","13.61","-1","-9999","-9999","-9999","-9999","-9999","-9999","-9999","unassigned","N/A","-9999","-9999","N/A","-9999","-9999","-9999","-9999","-9999","-9999","-9999","-9999","-9999"
"3824","570.736708","570.736752177","-9999","1315711.6","-9999","282190.9","7.47","-1","-9999","-9999","-9999","-9999","-9999","-9999","-9999","unassigned","N/A","-9999","-9999","N/A","-9999","-9999","-9999","-9999","-9999","-9999","-9999","-9999","-9999"
"3825","570.743946","570.743990175","-9999","5144965.5","-9999","283657.8","33.98","-1","-9999","-9999","-9999","-9999","-9999","-9999","-9999","unassigned","N/A","-9999","-9999","N/A","-9999","-9999","-9999","-9999","-9999","-9999","-9999","-9999","-9999"
"3826","570.747506","570.747550173","-9999","2684296.5","-9999","423293.8","16.94","-1","-9999","-9999","-9999","-9999","-9999","-9999","-9999","unassigned","N/A","-9999","-9999","N/A","-9999","-9999","-9999","-9999","-9999","-9999","-9999","-9999","-9999"
"3827","570.750204","570.750248172","-9999","12488075","-9999","319694.8","84.81","-1","-9999","-9999","-9999","-9999","-9999","-9999","-9999","unassigned","N/A","-9999","-9999","N/A","-9999","-9999","-9999","-9999","-9999","-9999","-9999","-9999","-9999"
"3828","570.78638","570.786424158","-9999","1920424.3","-9999","356377.7","11.65","-1","-9999","-9999","-9999","-9999","-9999","-9999","-9999","unassigned","N/A","-9999","-9999","N/A","-9999","-9999","-9999","-9999","-9999","-9999","-9999","-9999","-9999"
"3849","571.7537","571.753743784","-9999","2144961.3","-9999","285016.1","13.2","-1","-9999","-9999","-9999","-9999","-9999","-9999","-9999","unassigned","N/A","-9999","-9999","N/A","-9999","-9999","-9999","-9999","-9999","-9999","-9999","-9999","-9999"
"3853","572.200622","572.200665612","-9999","1922608.6","-9999","284793.1","11.66","-1","-9999","-9999","-9999","-9999","-9999","-9999","-9999","unassigned","N/A","-9999","-9999","N/A","-9999","-9999","-9999","-9999","-9999","-9999","-9999","-9999","-9999"
"3855","572.741931","572.741974402","-9999","3153902","-9999","299611","20.18","-1","-9999","-9999","-9999","-9999","-9999","-9999","-9999","unassigned","N/A","-9999","-9999","N/A","-9999","-9999","-9999","-9999","-9999","-9999","-9999","-9999","-9999"
"3856","572.745209","572.745252401","-9999","1875952.8","-9999","432370.6","11.33","-1","-9999","-9999","-9999","-9999","-9999","-9999","-9999","unassigned","N/A","-9999","-9999","N/A","-9999","-9999","-9999","-9999","-9999","-9999","-9999","-9999","-9999"
"3857","572.748218","572.7482614","-9999","8190963.5","-9999","305022.5","55.05","-1","-9999","-9999","-9999","-9999","-9999","-9999","-9999","unassigned","N/A","-9999","-9999","N/A","-9999","-9999","-9999","-9999","-9999","-9999","-9999","-9999","-9999"
"3876","573.751726","573.751769012","-9999","1447727.3","-9999","365392.7","8.36","-1","-9999","-9999","-9999","-9999","-9999","-9999","-9999","unassigned","N/A","-9999","-9999","N/A","-9999","-9999","-9999","-9999","-9999","-9999","-9999","-9999","-9999"
"3878","574.682085","574.682127652","-9999","2373169","-9999","350648.7","14.77","-1","-9999","-9999","-9999","-9999","-9999","-9999","-9999","unassigned","N/A","-9999","-9999","N/A","-9999","-9999","-9999","-9999","-9999","-9999","-9999","-9999","-9999"
"3879","574.718439","574.718481638","-9999","1436751.3","-9999","291110.5","8.28","-1","-9999","-9999","-9999","-9999","-9999","-9999","-9999","unassigned","N/A","-9999","-9999","N/A","-9999","-9999","-9999","-9999","-9999","-9999","-9999","-9999","-9999"
"3880","574.746396","574.746438627","-9999","1883238.4","-9999","308236","11.37","-1","-9999","-9999","-9999","-9999","-9999","-9999","-9999","unassigned","N/A","-9999","-9999","N/A","-9999","-9999","-9999","-9999","-9999","-9999","-9999","-9999","-9999"
"3914","576.673755","576.673796882","-9999","1437352.8","-9999","403570.2","7.85","-1","-9999","-9999","-9999","-9999","-9999","-9999","-9999","unassigned","N/A","-9999","-9999","N/A","-9999","-9999","-9999","-9999","-9999","-9999","-9999","-9999","-9999"
"3915","576.680054","576.68009588","-9999","3819693.8","-9999","324094.3","23.49","-1","-9999","-9999","-9999","-9999","-9999","-9999","-9999","unassigned","N/A","-9999","-9999","N/A","-9999","-9999","-9999","-9999","-9999","-9999","-9999","-9999","-9999"
"3916","576.716597","576.716638866","-9999","1567436.4","-9999","327046.2","8.7","-1","-9999","-9999","-9999","-9999","-9999","-9999","-9999","unassigned","N/A","-9999","-9999","N/A","-9999","-9999","-9999","-9999","-9999","-9999","-9999","-9999","-9999"
"3935","578.67795","578.677991107","-9999","1905716.6","-9999","230689.2","10.91","-1","-9999","-9999","-9999","-9999","-9999","-9999","-9999","unassigned","N/A","-9999","-9999","N/A","-9999","-9999","-9999","-9999","-9999","-9999","-9999","-9999","-9999"
"4016","586.179622","586.179660207","-9999","3680266.3","-9999","300321.5","22.52","-1","-9999","-9999","-9999","-9999","-9999","-9999","-9999","unassigned","N/A","-9999","-9999","N/A","-9999","-9999","-9999","-9999","-9999","-9999","-9999","-9999","-9999"
"4043","588.738477","588.738514218","-9999","1816736.3","-9999","379904","10.27","-1","-9999","-9999","-9999","-9999","-9999","-9999","-9999","unassigned","N/A","-9999","-9999","N/A","-9999","-9999","-9999","-9999","-9999","-9999","-9999","-9999","-9999"
"4045","588.921988","588.922025147","-9999","5845310.5","-9999","300577.3","36.72","-1","-9999","-9999","-9999","-9999","-9999","-9999","-9999","unassigned","N/A","-9999","-9999","N/A","-9999","-9999","-9999","-9999","-9999","-9999","-9999","-9999","-9999"
"4065","590.736624","590.736660446","-9999","2247518.3","-9999","288081.6","13.09","-1","-9999","-9999","-9999","-9999","-9999","-9999","-9999","unassigned","N/A","-9999","-9999","N/A","-9999","-9999","-9999","-9999","-9999","-9999","-9999","-9999","-9999"
"4066","590.739637","590.739673445","-9999","1389408.9","-9999","359013.6","7.46","-1","-9999","-9999","-9999","-9999","-9999","-9999","-9999","unassigned","N/A","-9999","-9999","N/A","-9999","-9999","-9999","-9999","-9999","-9999","-9999","-9999","-9999"
"4067","590.918803","590.918839375","-9999","1357052","-9999","322935.7","7.24","-1","-9999","-9999","-9999","-9999","-9999","-9999","-9999","unassigned","N/A","-9999","-9999","N/A","-9999","-9999","-9999","-9999","-9999","-9999","-9999","-9999","-9999"
"4086","591.494117","591.494153153","-9999","1962478.8","-9999","347271.7","11.21","-1","-9999","-9999","-9999","-9999","-9999","-9999","-9999","unassigned","N/A","-9999","-9999","N/A","-9999","-9999","-9999","-9999","-9999","-9999","-9999","-9999","-9999"
"4092","592.635061","592.635096712","-9999","1447885.6","-9999","322542.5","7.83","-1","-9999","-9999","-9999","-9999","-9999","-9999","-9999","unassigned","N/A","-9999","-9999","N/A","-9999","-9999","-9999","-9999","-9999","-9999","-9999","-9999","-9999"
"4108","593.492043","593.492078381","-9999","3992760","-9999","327902.5","24.53","-1","-9999","-9999","-9999","-9999","-9999","-9999","-9999","unassigned","N/A","-9999","-9999","N/A","-9999","-9999","-9999","-9999","-9999","-9999","-9999","-9999","-9999"
"4130","595.483431","595.483465611","-9999","1625475.3","-9999","356811.8","8.44","-1","-9999","-9999","-9999","-9999","-9999","-9999","-9999","unassigned","N/A","-9999","-9999","N/A","-9999","-9999","-9999","-9999","-9999","-9999","-9999","-9999","-9999"
"4131","595.49009","595.490124608","-9999","3737481.3","-9999","301339.9","21.49","-1","-9999","-9999","-9999","-9999","-9999","-9999","-9999","unassigned","N/A","-9999","-9999","N/A","-9999","-9999","-9999","-9999","-9999","-9999","-9999","-9999","-9999"
"4197","602.714242","602.714273815","-9999","3325038.5","-9999","300361.5","18.9","-1","-9999","-9999","-9999","-9999","-9999","-9999","-9999","unassigned","N/A","-9999","-9999","N/A","-9999","-9999","-9999","-9999","-9999","-9999","-9999","-9999","-9999"
"4198","602.750554","602.750585801","-9999","1575566.8","-9999","300143.6","8.1","-1","-9999","-9999","-9999","-9999","-9999","-9999","-9999","unassigned","N/A","-9999","-9999","N/A","-9999","-9999","-9999","-9999","-9999","-9999","-9999","-9999","-9999"
"4217","604.65329","604.653321066","-9999","2238253","-9999","330885.4","12.18","-1","-9999","-9999","-9999","-9999","-9999","-9999","-9999","unassigned","N/A","-9999","-9999","N/A","-9999","-9999","-9999","-9999","-9999","-9999","-9999","-9999","-9999"
"4218","604.705656","604.705687046","-9999","1878875.8","-9999","357928.8","9.96","-1","-9999","-9999","-9999","-9999","-9999","-9999","-9999","unassigned","N/A","-9999","-9999","N/A","-9999","-9999","-9999","-9999","-9999","-9999","-9999","-9999","-9999"
"4219","604.712382","604.712413043","-9999","4882274","-9999","290034.3","28.5","-1","-9999","-9999","-9999","-9999","-9999","-9999","-9999","unassigned","N/A","-9999","-9999","N/A","-9999","-9999","-9999","-9999","-9999","-9999","-9999","-9999","-9999"
"4220","604.748622","604.748653029","-9999","1541506.1","-9999","320817.1","7.88","-1","-9999","-9999","-9999","-9999","-9999","-9999","-9999","unassigned","N/A","-9999","-9999","N/A","-9999","-9999","-9999","-9999","-9999","-9999","-9999","-9999","-9999"
"4234","606.644265","606.644295296","-9999","1883168.6","-9999","328783.9","9.97","-1","-9999","-9999","-9999","-9999","-9999","-9999","-9999","unassigned","N/A","-9999","-9999","N/A","-9999","-9999","-9999","-9999","-9999","-9999","-9999","-9999","-9999"
"4235","606.651249","606.651279293","-9999","4865575","-9999","297413.4","28.39","-1","-9999","-9999","-9999","-9999","-9999","-9999","-9999","unassigned","N/A","-9999","-9999","N/A","-9999","-9999","-9999","-9999","-9999","-9999","-9999","-9999","-9999"
"4236","606.703293","606.703323273","-9999","1445461.5","-9999","398121.9","7.27","-1","-9999","-9999","-9999","-9999","-9999","-9999","-9999","unassigned","N/A","-9999","-9999","N/A","-9999","-9999","-9999","-9999","-9999","-9999","-9999","-9999","-9999"
"4237","606.71048","606.71051027","-9999","3105371.8","-9999","254470.8","17.52","-1","-9999","-9999","-9999","-9999","-9999","-9999","-9999","unassigned","N/A","-9999","-9999","N/A","-9999","-9999","-9999","-9999","-9999","-9999","-9999","-9999","-9999"
"4238","606.746888","606.746918256","-9999","1656956.5","-9999","366153.8","8.58","-1","-9999","-9999","-9999","-9999","-9999","-9999","-9999","unassigned","N/A","-9999","-9999","N/A","-9999","-9999","-9999","-9999","-9999","-9999","-9999","-9999","-9999"
"4254","608.611661","608.611690536","-9999","1592581.4","-9999","333213.6","8.17","-1","-9999","-9999","-9999","-9999","-9999","-9999","-9999","unassigned","N/A","-9999","-9999","N/A","-9999","-9999","-9999","-9999","-9999","-9999","-9999","-9999","-9999"
"4255","608.642491","608.642520524","-9999","1498400.9","-9999","368590.8","7.59","-1","-9999","-9999","-9999","-9999","-9999","-9999","-9999","unassigned","N/A","-9999","-9999","N/A","-9999","-9999","-9999","-9999","-9999","-9999","-9999","-9999","-9999"
"4256","608.649389","608.649418521","-9999","4378919","-9999","314358.7","25.37","-1","-9999","-9999","-9999","-9999","-9999","-9999","-9999","unassigned","N/A","-9999","-9999","N/A","-9999","-9999","-9999","-9999","-9999","-9999","-9999","-9999","-9999"
"4271","610.609999","610.610027763","-9999","2970636.8","-9999","284365","16.67","-1","-9999","-9999","-9999","-9999","-9999","-9999","-9999","unassigned","N/A","-9999","-9999","N/A","-9999","-9999","-9999","-9999","-9999","-9999","-9999","-9999","-9999"
"4272","610.647221","610.647249749","-9999","2192430.3","-9999","306146","11.86","-1","-9999","-9999","-9999","-9999","-9999","-9999","-9999","unassigned","N/A","-9999","-9999","N/A","-9999","-9999","-9999","-9999","-9999","-9999","-9999","-9999","-9999"
"4285","612.608121","612.608148991","-9999","3238683.5","-9999","317981.6","18.31","-1","-9999","-9999","-9999","-9999","-9999","-9999","-9999","unassigned","N/A","-9999","-9999","N/A","-9999","-9999","-9999","-9999","-9999","-9999","-9999","-9999","-9999"
"4299","614.605866","614.605893218","-9999","1544754.1","-9999","316917.2","7.84","-1","-9999","-9999","-9999","-9999","-9999","-9999","-9999","unassigned","N/A","-9999","-9999","N/A","-9999","-9999","-9999","-9999","-9999","-9999","-9999","-9999","-9999"
"4323","618.633048","618.633073661","-9999","3780760.8","-9999","316420.7","20.31","-1","-9999","-9999","-9999","-9999","-9999","-9999","-9999","unassigned","N/A","-9999","-9999","N/A","-9999","-9999","-9999","-9999","-9999","-9999","-9999","-9999","-9999"
"4324","618.669449","618.669474647","-9999","1670842.3","-9999","323315.4","8.07","-1","-9999","-9999","-9999","-9999","-9999","-9999","-9999","unassigned","N/A","-9999","-9999","N/A","-9999","-9999","-9999","-9999","-9999","-9999","-9999","-9999","-9999"
"4333","620.6238","620.623824892","-9999","1937862.4","-9999","244976","9.61","-1","-9999","-9999","-9999","-9999","-9999","-9999","-9999","unassigned","N/A","-9999","-9999","N/A","-9999","-9999","-9999","-9999","-9999","-9999","-9999","-9999","-9999"
"4334","620.628156","620.62818089","-9999","1620938.5","-9999","476382.2","7.77","-1","-9999","-9999","-9999","-9999","-9999","-9999","-9999","unassigned","N/A","-9999","-9999","N/A","-9999","-9999","-9999","-9999","-9999","-9999","-9999","-9999","-9999"
"4335","620.631103","620.631127889","-9999","6301645.5","-9999","319961.7","34.91","-1","-9999","-9999","-9999","-9999","-9999","-9999","-9999","unassigned","N/A","-9999","-9999","N/A","-9999","-9999","-9999","-9999","-9999","-9999","-9999","-9999","-9999"
"4336","620.667464","620.667488875","-9999","3635183","-9999","271984.1","19.45","-1","-9999","-9999","-9999","-9999","-9999","-9999","-9999","unassigned","N/A","-9999","-9999","N/A","-9999","-9999","-9999","-9999","-9999","-9999","-9999","-9999","-9999"
"4345","622.621821","622.621845119","-9999","2249478.3","-9999","271699.7","11.41","-1","-9999","-9999","-9999","-9999","-9999","-9999","-9999","unassigned","N/A","-9999","-9999","N/A","-9999","-9999","-9999","-9999","-9999","-9999","-9999","-9999","-9999"
"4347","622.62901","622.629034117","-9999","6391564.5","-9999","284396.1","35.42","-1","-9999","-9999","-9999","-9999","-9999","-9999","-9999","unassigned","N/A","-9999","-9999","N/A","-9999","-9999","-9999","-9999","-9999","-9999","-9999","-9999","-9999"
"4348","622.658275","622.658299105","-9999","1607208.1","-9999","284099.7","7.68","-1","-9999","-9999","-9999","-9999","-9999","-9999","-9999","unassigned","N/A","-9999","-9999","N/A","-9999","-9999","-9999","-9999","-9999","-9999","-9999","-9999","-9999"
"4349","622.665509","622.665533102","-9999","3245870.8","-9999","293829.8","17.18","-1","-9999","-9999","-9999","-9999","-9999","-9999","-9999","unassigned","N/A","-9999","-9999","N/A","-9999","-9999","-9999","-9999","-9999","-9999","-9999","-9999","-9999"
"4359","624.627175","624.627198344","-9999","3243608.8","-9999","278674.7","17.16","-1","-9999","-9999","-9999","-9999","-9999","-9999","-9999","unassigned","N/A","-9999","-9999","N/A","-9999","-9999","-9999","-9999","-9999","-9999","-9999","-9999","-9999"
"4381","628.314593","628.314614919","-9999","1652209.4","-9999","378321.9","7.91","-1","-9999","-9999","-9999","-9999","-9999","-9999","-9999","unassigned","N/A","-9999","-9999","N/A","-9999","-9999","-9999","-9999","-9999","-9999","-9999","-9999","-9999"
"4417","634.683261","634.683280457","-9999","2017760.3","-9999","327871.7","10","-1","-9999","-9999","-9999","-9999","-9999","-9999","-9999","unassigned","N/A","-9999","-9999","N/A","-9999","-9999","-9999","-9999","-9999","-9999","-9999","-9999","-9999"
"4429","636.681639","636.681657684","-9999","1712515.9","-9999","278298.8","8.21","-1","-9999","-9999","-9999","-9999","-9999","-9999","-9999","unassigned","N/A","-9999","-9999","N/A","-9999","-9999","-9999","-9999","-9999","-9999","-9999","-9999","-9999"
"4444","640.335695","640.335712271","-9999","2127272.3","-9999","257057.8","9.95","-1","-9999","-9999","-9999","-9999","-9999","-9999","-9999","unassigned","N/A","-9999","-9999","N/A","-9999","-9999","-9999","-9999","-9999","-9999","-9999","-9999","-9999"
"4473","646.647708","646.647722831","-9999","2141865","-9999","224769.6","9.99","-1","-9999","-9999","-9999","-9999","-9999","-9999","-9999","unassigned","N/A","-9999","-9999","N/A","-9999","-9999","-9999","-9999","-9999","-9999","-9999","-9999","-9999"
"4474","646.657904","646.657918827","-9999","2081459.4","-9999","310534.1","9.66","-1","-9999","-9999","-9999","-9999","-9999","-9999","-9999","unassigned","N/A","-9999","-9999","N/A","-9999","-9999","-9999","-9999","-9999","-9999","-9999","-9999","-9999"
"4475","646.6654","646.665414824","-9999","4358843","-9999","222665.8","22.06","-1","-9999","-9999","-9999","-9999","-9999","-9999","-9999","unassigned","N/A","-9999","-9999","N/A","-9999","-9999","-9999","-9999","-9999","-9999","-9999","-9999","-9999"
"4481","648.645702","648.645716059","-9999","2476732.8","-9999","313366.9","11.8","-1","-9999","-9999","-9999","-9999","-9999","-9999","-9999","unassigned","N/A","-9999","-9999","N/A","-9999","-9999","-9999","-9999","-9999","-9999","-9999","-9999","-9999"
"4482","648.655631","648.655645055","-9999","3114695.3","-9999","279811.1","15.27","-1","-9999","-9999","-9999","-9999","-9999","-9999","-9999","unassigned","N/A","-9999","-9999","N/A","-9999","-9999","-9999","-9999","-9999","-9999","-9999","-9999","-9999"
"4483","648.659499","648.659513054","-9999","2093771.4","-9999","466657.3","9.72","-1","-9999","-9999","-9999","-9999","-9999","-9999","-9999","unassigned","N/A","-9999","-9999","N/A","-9999","-9999","-9999","-9999","-9999","-9999","-9999","-9999","-9999"
"4484","648.663362","648.663376052","-9999","9564879","-9999","281489.8","50.37","-1","-9999","-9999","-9999","-9999","-9999","-9999","-9999","unassigned","N/A","-9999","-9999","N/A","-9999","-9999","-9999","-9999","-9999","-9999","-9999","-9999","-9999"
"4485","648.699493","648.699507038","-9999","1625845","-9999","296749.4","7.17","-1","-9999","-9999","-9999","-9999","-9999","-9999","-9999","unassigned","N/A","-9999","-9999","N/A","-9999","-9999","-9999","-9999","-9999","-9999","-9999","-9999","-9999"
"4495","650.392883","650.392896383","-9999","5976543","-9999","304406.1","30.84","-1","-9999","-9999","-9999","-9999","-9999","-9999","-9999","unassigned","N/A","-9999","-9999","N/A","-9999","-9999","-9999","-9999","-9999","-9999","-9999","-9999","-9999"
"4497","650.643257","650.643270287","-9999","1709285.8","-9999","217793.2","7.61","-1","-9999","-9999","-9999","-9999","-9999","-9999","-9999","unassigned","N/A","-9999","-9999","N/A","-9999","-9999","-9999","-9999","-9999","-9999","-9999","-9999","-9999"
"4498","650.653457","650.653470283","-9999","2923248.3","-9999","298548.9","14.22","-1","-9999","-9999","-9999","-9999","-9999","-9999","-9999","unassigned","N/A","-9999","-9999","N/A","-9999","-9999","-9999","-9999","-9999","-9999","-9999","-9999","-9999"
"4499","650.658497","650.658510281","-9999","2082549.9","-9999","500817.9","9.65","-1","-9999","-9999","-9999","-9999","-9999","-9999","-9999","unassigned","N/A","-9999","-9999","N/A","-9999","-9999","-9999","-9999","-9999","-9999","-9999","-9999","-9999"
"4500","650.661194","650.66120728","-9999","9321209","-9999","261576.2","49.04","-1","-9999","-9999","-9999","-9999","-9999","-9999","-9999","unassigned","N/A","-9999","-9999","N/A","-9999","-9999","-9999","-9999","-9999","-9999","-9999","-9999","-9999"
"4501","650.697726","650.697739266","-9999","2032926.9","-9999","268781.4","9.38","-1","-9999","-9999","-9999","-9999","-9999","-9999","-9999","unassigned","N/A","-9999","-9999","N/A","-9999","-9999","-9999","-9999","-9999","-9999","-9999","-9999","-9999"
"4511","651.664526","651.664538892","-9999","1997594","-9999","327474.6","9.18","-1","-9999","-9999","-9999","-9999","-9999","-9999","-9999","unassigned","N/A","-9999","-9999","N/A","-9999","-9999","-9999","-9999","-9999","-9999","-9999","-9999","-9999"
"4513","652.659515","652.659527507","-9999","5006136.5","-9999","281354.6","25.54","-1","-9999","-9999","-9999","-9999","-9999","-9999","-9999","unassigned","N/A","-9999","-9999","N/A","-9999","-9999","-9999","-9999","-9999","-9999","-9999","-9999","-9999"
"4545","658.666661","658.666671185","-9999","1823889.5","-9999","350597.2","8.19","-1","-9999","-9999","-9999","-9999","-9999","-9999","-9999","unassigned","N/A","-9999","-9999","N/A","-9999","-9999","-9999","-9999","-9999","-9999","-9999","-9999","-9999"
"4556","660.80023","660.80023936","-9999","1892807.6","-9999","312222.6","8.55","-1","-9999","-9999","-9999","-9999","-9999","-9999","-9999","unassigned","N/A","-9999","-9999","N/A","-9999","-9999","-9999","-9999","-9999","-9999","-9999","-9999","-9999"
"4579","666.351408","666.351415214","-9999","3248202.8","-9999","241346","14.66","-1","-9999","-9999","-9999","-9999","-9999","-9999","-9999","unassigned","N/A","-9999","-9999","N/A","-9999","-9999","-9999","-9999","-9999","-9999","-9999","-9999","-9999"
"4602","672.341208","672.341212899","-9999","5560750.5","-9999","281473.7","26.23","-1","-9999","-9999","-9999","-9999","-9999","-9999","-9999","unassigned","N/A","-9999","-9999","N/A","-9999","-9999","-9999","-9999","-9999","-9999","-9999","-9999","-9999"
"4652","684.564657","684.564657173","-9999","1966808.3","-9999","271714.9","8.12","-1","-9999","-9999","-9999","-9999","-9999","-9999","-9999","unassigned","N/A","-9999","-9999","N/A","-9999","-9999","-9999","-9999","-9999","-9999","-9999","-9999","-9999"
"4659","685.833484","685.833483683","-9999","4655930.5","-9999","259389","21.6","-1","-9999","-9999","-9999","-9999","-9999","-9999","-9999","unassigned","N/A","-9999","-9999","N/A","-9999","-9999","-9999","-9999","-9999","-9999","-9999","-9999","-9999"
"4672","690.784726","690.784723769","-9999","2064518.4","-9999","305144.3","7.88","-1","-9999","-9999","-9999","-9999","-9999","-9999","-9999","unassigned","N/A","-9999","-9999","N/A","-9999","-9999","-9999","-9999","-9999","-9999","-9999","-9999","-9999"
"4680","692.783045","692.783041996","-9999","3552996.8","-9999","267553.5","14.74","-1","-9999","-9999","-9999","-9999","-9999","-9999","-9999","unassigned","N/A","-9999","-9999","N/A","-9999","-9999","-9999","-9999","-9999","-9999","-9999","-9999","-9999"
"4684","694.78102","694.781016224","-9999","3277145.3","-9999","264054.8","13.46","-1","-9999","-9999","-9999","-9999","-9999","-9999","-9999","unassigned","N/A","-9999","-9999","N/A","-9999","-9999","-9999","-9999","-9999","-9999","-9999","-9999","-9999"
"4685","694.925486","694.925482168","-9999","2375195.8","-9999","320466","9.29","-1","-9999","-9999","-9999","-9999","-9999","-9999","-9999","unassigned","N/A","-9999","-9999","N/A","-9999","-9999","-9999","-9999","-9999","-9999","-9999","-9999","-9999"
"4687","694.934297","694.934293164","-9999","7127591","-9999","254677.6","31.23","-1","-9999","-9999","-9999","-9999","-9999","-9999","-9999","unassigned","N/A","-9999","-9999","N/A","-9999","-9999","-9999","-9999","-9999","-9999","-9999","-9999","-9999"
"4782","742.664413","742.664390713","-9999","2810068","-9999","266613.9","10.19","-1","-9999","-9999","-9999","-9999","-9999","-9999","-9999","unassigned","N/A","-9999","-9999","N/A","-9999","-9999","-9999","-9999","-9999","-9999","-9999","-9999","-9999"
"4793","754.903804","754.903776981","-9999","2868104.8","-9999","259995.8","9.69","-1","-9999","-9999","-9999","-9999","-9999","-9999","-9999","unassigned","N/A","-9999","-9999","N/A","-9999","-9999","-9999","-9999","-9999","-9999","-9999","-9999","-9999"
"4801","768.912928","768.912895565","-9999","2873517.8","-9999","294713.2","9.63","-1","-9999","-9999","-9999","-9999","-9999","-9999","-9999","unassigned","N/A","-9999","-9999","N/A","-9999","-9999","-9999","-9999","-9999","-9999","-9999","-9999","-9999"
"4803","770.68655","770.68651688","-9999","4173211.5","-9999","223426.9","14.83","-1","-9999","-9999","-9999","-9999","-9999","-9999","-9999","unassigned","N/A","-9999","-9999","N/A","-9999","-9999","-9999","-9999","-9999","-9999","-9999","-9999","-9999"
"4809","773.697879","773.697844715","-9999","3060879.8","-9999","302283.5","10.36","-1","-9999","-9999","-9999","-9999","-9999","-9999","-9999","unassigned","N/A","-9999","-9999","N/A","-9999","-9999","-9999","-9999","-9999","-9999","-9999","-9999","-9999"
